0.416900083670905,120.973979390998,-186.302333331012,227.69540871524,-86.6173541220331,59.2384998963929,25.3325549095994,-24.8135334990307,-7.91142814557398,-51.0412616132164,52.7126638459793,-60.819088165733,53.8471762963385,-1.70779635404966,32.4898456684588
-1575.30943847813,99.1674507382056,-20.2872136399375,-78.2780212146927,-120.735040268291,10.0203450372976,57.7128873180161,-46.8976215743524,46.1209011334975,-34.262069115115,62.2742332424975,-31.361345879932,-25.1727219466861,-99.7423003266873,94.7614966612826
0.562375162002812,10.124942590392,-84.400668195398,70.375993801467,-33.7737091374025,-18.793313603797,40.2543302738457,-53.4671191093984,-59.8994774507578,108.936714497095,19.4388287224467,-10.3128361355026,-9.83432334972038,27.6272987177375,74.2940228179252
-947.367305416206,-172.708117068348,-37.7046653820151,-62.7604789002159,30.6855467087872,21.7461201307078,24.8201873115298,5.12715765465741,-112.427228266523,-107.235558282952,-29.0046494650896,25.3862438075851,-1.23796637873404,79.4582307957766,118.215377182347
-1639.78347229098,56.2246843263133,18.042150753435,90.9140072758017,17.6776687417906,-4.09295635744226,-10.1301520996334,63.971883375262,-41.2133005428057,31.3026145058676,6.34786125119847,-1.99382120758768,40.5048477601442,49.9064182504857,64.4923186036403
-1137.87416679632,124.198041358924,-214.59285140229,-98.8854754655729,-75.8996612875363,24.2752254405832,-28.5258088211673,41.4876869446312,-13.9848678578234,205.772314565847,14.5592195921022,-80.5553817020581,-6.67715048728807,-5.8622101722843,-198.449926812687
-1024.06612763902,-36.477470106136,-103.73408490376,-34.6979126234015,43.3924876770407,-12.781584173,-15.958615350132,5.01538672577777,56.4021385194377,56.2011874394017,-13.9630485384133,-64.4647633249197,19.8385755210911,63.5252511878312,-5.11382353233981
-1197.71211147833,92.6544893112552,27.3147368291302,71.0748847336142,-0.508983252942001,69.5688050191795,-174.58227929123,-65.7191607142053,57.5961447584746,-140.196379252915,-38.8505948597704,-30.2898535358128,-22.7185076443996,-9.60119448471724,20.3625882814212
2444.54221501573,-42.7161108952253,149.903783165827,-164.858870819243,103.031006262398,30.9071191357248,6.36381297583042,66.4095150688319,-20.6645925288576,-9.75425955899349,15.6991639313735,93.0194514257534,-7.10483898015584,-40.8539796449686,-1.36060218083263
-1410.48851092118,-236.049559356292,224.845733026216,62.486188772631,19.7478412040987,-12.1996267516464,98.6347827861904,59.3054214847501,27.0288383193006,108.484459364194,1.67933267446657,-29.8459771054401,-26.9148216251043,25.6956443816967,31.6906874225111
-228.477834660871,-4.43784844785582,-130.117663901119,133.104893536258,8.48462871691813,-19.9625059255706,-6.39979675266509,-3.84189850080663,-70.8821088447726,68.4154466449849,3.12748844684288,-16.0255156736438,-35.5662441691898,-3.47121016749224,144.64986817805
-1291.32874160756,-6.07206324899043,-219.085761782788,-107.532667920148,-17.3461142107095,-20.9759872664893,-99.6585011492044,-64.6750123796211,63.2733712433023,1.53403945967008,52.8820025363915,39.4901548049724,-30.4626918684178,17.6079854303586,76.3904444443764
1357.95247693393,41.2467285210661,-61.1529891734701,61.3906039033027,-53.0975362815102,19.9209608893204,64.0861750568592,15.7462370976011,-41.6086964088744,60.9807149902689,36.7334973244764,-31.8472729050677,-32.0035284731459,-50.1262484918579,-133.841504239042
-1077.82257305795,-86.800805814726,-231.209962753794,-12.0780383042519,131.400920537608,20.7103136783411,38.1992211476705,61.5957432533354,-11.4171610992108,-50.3378057600309,-4.87059658741478,39.2466603290827,7.4122420151008,6.17738434945591,36.5199095137778
-1831.55533756524,-32.2285951391811,24.8550842802867,-127.645277632251,-76.6102650731689,3.25265804045155,69.7178674884051,121.747916412962,-10.1162562328232,12.6623736048295,44.0174546004552,21.7750509011976,-28.2584422651403,-25.2789285353002,-120.82726718688
-210.211149607628,-62.1795354806295,-51.0338625381538,-177.911287157649,-30.432323267155,-14.5515270993733,-147.118144437797,67.9862934121002,-6.68790911627111,51.9300288614978,39.7220775311899,-119.266493616892,-20.0398918335986,12.2593799300461,10.2176178471476
-111.554101604091,-43.3973650823806,-13.7224308905175,-145.296376610517,51.6620677512703,-55.9850584993772,61.0568145557712,-19.6724146286312,58.9808328769368,-56.7310251717547,-37.8604268992053,-18.8162320545134,0.784784652357187,-56.7522861212422,-85.7109637714703
7.43368140837571,39.6776130418792,26.6653915204736,69.3600130291477,-12.338246545168,54.1572876732253,47.6762218748678,41.8528333480691,-91.8699979818647,-67.5645246708911,3.15287203020969,-99.2017187309639,-37.5479837486502,-2.1569499053258,-7.78072119447466
102.428566657909,189.319584041036,-23.1974856898445,-70.8910091130621,5.68685087438672,-1.78776529327439,83.4452627557354,68.3895792287369,62.5453909579195,-30.546468299217,-22.9731552752265,-46.258373352658,27.4478299804967,93.3185381127552,179.534909608331
-24.2299468897493,-69.1608843884577,65.523291210641,13.144649922645,-54.8641222331102,10.0411617486196,-69.22597874075,67.0741102657621,11.5215581517203,32.8053822114338,-49.5896750481172,70.2700730044451,36.2535429293204,72.7973920366149,0.878326522256347
-266.762649429321,8.80777007340216,-37.0006747081004,13.4961443472907,99.3988047570012,-38.7147768128434,-56.9174651050512,9.82068764056695,-18.5870904843866,48.668412052164,-84.1882860510543,-48.3749455436859,-67.9074979624853,71.1559266727595,43.3697518622991
21.4996502647442,-24.113676742252,30.7236434601817,-22.170526348345,-35.9621462910381,-4.05498744770482,-16.7976529095859,-27.9449112045598,-22.9416539888405,-78.3349071820509,-32.0792470570859,4.288982627006,-0.876147019552018,32.3854601194671,70.824776792574
9.01826847892251,-185.47004520231,-35.181687908986,-61.6089483658717,-23.1608621971826,4.78250353517485,-142.334437479599,-20.2593150793435,9.96310752226297,-44.1061998038168,-10.8789110157731,-34.8674810616101,23.3252516219681,23.8432951975235,23.4445612801903
91.6665413866338,135.200879888891,-234.142273265055,-33.8300749411451,-110.167905835222,15.0346970255777,-24.8505401662272,-42.6252500811085,32.7852533419601,55.7225828257991,24.0284937338375,-7.44856658749696,41.9524520581933,126.430179434069,25.6114816622513
96.8227691511727,-34.2202711898251,-75.1496556002522,137.100093806652,-86.5069350629071,-109.018431226104,-48.8467388038448,35.8165297590568,21.267324492208,23.374381616716,-27.4349998555912,-164.391712728339,-54.3851199069423,-11.406213095334,68.7148552956889
22.1953227221644,-104.889996587018,25.4053543876352,27.5050616765289,-33.2062599271076,-38.7952581776251,37.7071772590446,-21.1438599419026,142.941505306118,17.1789871647846,4.85817757009661,-68.6807186852125,-47.5060481111781,57.5111873555136,-14.8542043448211
-40.6312987273497,74.5033078572239,-1.33102489239529,-4.79767983674157,30.5592209268343,-32.3480766764707,24.0374463440664,-140.718044194843,-12.1595313239324,18.8936277294315,4.46050437953885,2.17965693609815,-47.9508922044925,31.3607831641813,-92.7825108066554
176.551157121775,-46.8499587825484,-27.1021980468862,17.8685640560402,37.4025611330691,40.9650931722644,-37.8756794956262,-30.7157448299939,36.7520186767117,35.022336582673,-32.1101569894019,88.5602294062613,-6.89256822160003,-76.793814348316,20.5933828593654
0.109496914568583,-36.2587297508991,-21.0725089060011,-124.6756669984,58.5884585961992,-22.6049879167574,-39.7076588713323,-20.1191534063038,-48.5557910059653,157.651469368502,-44.8668705263737,-95.5778520840155,-49.4846568129047,28.6899498119867,18.8359391369646
-58.0834658698878,185.750400279761,122.767697111305,107.581095533551,-1.35204562903373,13.3179115609475,54.810410262422,16.2896097378026,-38.8019856119775,-61.6740975375951,6.75043063088996,45.5765260659396,2.01910806236265,73.9811373460643,60.4681681608903
-272.51411588028,103.684687848461,17.4884609275807,89.888006710572,48.1306245862047,29.1375767371796,129.610360730344,-91.5415098909638,-47.1795733571272,-37.1005936758549,-52.8802639110691,97.8766954390098,123.110605025617,-17.7254748401073,-176.357046149883
84.3874309511296,146.354022229351,-92.3298956344901,-50.0354388644597,10.0221755374704,-37.845659008098,-23.2399437826503,-4.82320707397444,32.2605096806248,117.484601156582,9.00413649344946,-25.7660862480761,16.3455701036171,-26.7653893569167,-7.95109036433746
-125.53164804337,3.22778909051674,108.513473242795,-43.58200741255,-376.569838003487,-5.99825180786224,-50.4968932136399,-37.934753508021,32.201538140348,71.6781672619124,50.2445502734487,54.8528389007967,29.375998749148,21.6669751484797,17.3890152145799
-21.5984053087794,-141.83117696205,24.0642602086683,-110.565280881341,321.788888994359,-66.0604148717286,82.0118532879138,3.33230242421252,-19.9950073201562,51.9700059831251,-60.2501227228155,63.2725845254277,-0.304644982688931,-33.3426806582157,104.092362222808
105.647659234114,0.0686391121108872,-194.91876458452,118.480507359809,-918.362305574233,-4.72969977783962,-34.8954111736838,-13.5725921219452,50.9923664615265,22.2351458867047,50.6668829668112,-29.5128682983184,-28.5714093643419,2.61434623281028,157.160819000325
-176.121796625166,-104.338411421451,103.750841063861,-58.5105124755545,409.61377348676,1.57960474713387,-51.628087732821,73.2272062222709,-71.301086280637,69.1220714819725,59.8811952579621,-104.323632613448,1.78121749691912,-47.6876059638147,-32.0941723577059
-39.701233025965,-107.830506886664,-50.4787304923729,-119.910500856873,-832.689211353548,19.6336977393487,77.9285427122679,-84.7417785954735,-1.11585685098626,23.8562695772246,-68.6712514038179,-61.9456709450423,-6.55925759286151,31.5894721420975,43.5414836530829
202.691238261023,-139.313066158336,-20.5347367216922,-65.3371147098301,-599.625733189939,-14.4673808668225,-39.4339169674082,16.9437096997199,62.9297195702296,-88.0034303315214,27.1077680585216,34.0967148361196,54.7381733281398,66.92326482863,-64.6322277599144
-165.768255571601,77.1605876426216,166.040978535489,-84.3868042299525,444.807004035767,6.58985948823308,-7.16175891415985,26.7080242463238,-75.659427022619,24.0869121688833,-56.0178267186899,15.3348391027188,33.9426598322002,24.6166703180037,50.1486931378609
149.955814290099,57.5000970452562,26.4890650960152,56.3287806528687,-254.980132149523,24.6992068751743,-22.0025775331471,-5.15420854529805,91.0189536672802,163.639150788042,-41.5724427924466,-14.5016694351421,-13.556244236935,-62.8302374300593,-17.7414080779329
-52.286764509203,-47.2470653742742,87.3773864123963,-65.2408291744234,306.084607113499,20.1371343093263,-106.184210517235,-502.971454519402,98.1450744109588,-44.3290642367565,18.2700148702657,6.91396674100541,30.4955498951585,-68.0958755914568,-119.581530690736
135.486586457502,128.263963178465,56.7319065970072,-48.97429477463,517.144007430077,75.0764723064438,-35.6755439651496,787.974482708058,176.63353662633,73.0950183643741,58.3117699347372,-84.6150141739515,-0.259141892441235,-21.2869034100735,58.6603779149626
-58.1700430767479,60.5787750525708,28.3513184899137,-7.7288432006816,544.3567633298,-17.2367021371704,52.0606120182471,-210.870006742247,-3.4567545275556,1.67801367545247,-27.7908369493479,87.8204059594009,12.8338525599982,-4.26218408390732,17.8812456177053
208.399859262736,36.9619260676291,-25.3451317424511,12.4524043339459,811.531794090297,-32.5035516533599,15.7066164850596,-775.370550258009,73.150472768394,-84.3241201658507,-35.7830947528194,29.2049266458323,-16.3181923513529,22.0628418336186,-35.3344165906565
-61.7163394013111,-74.1205631326498,153.328388601911,-27.7928229769159,18.9970897210962,-32.4545100471502,6.60601841387894,980.044980607559,17.8068915726972,31.3606632520657,-14.7178642313886,75.48798803857,30.2751679315328,-50.0370845389897,-70.5241597858805
151.943459583646,47.477324969755,7.80280294231818,6.06707696547718,22.2088925861355,13.5380626963495,-41.1368353156944,451.681263697292,93.3808283385975,10.59966164155,-38.5427829929557,-60.9553563185575,-35.6826306470495,5.00300364762137,-135.829967979345
105.907014613341,122.735960958639,-13.6556669968423,152.767605645924,27.7319016525901,62.9487419670507,-71.9501328005017,-367.862540264948,66.5559689770707,59.1400550508559,-12.1068559501791,36.186757565653,35.5669989595551,-48.2031150401219,-33.1498653568147
91.5975429226639,156.719555314918,-48.3693011969616,2.48273847607127,32.0148746108306,-42.6442021993396,43.1510787605092,34.7486487060701,-42.4650657837367,-87.3566276727975,45.2534893298856,-61.8372686610761,-13.2753177338043,40.4199274247625,79.9685960033112
116.021042022045,107.719233874034,51.5588773231904,89.8567853241696,-37.2208334617419,-14.549054650946,52.4134742571138,-503.245259409287,-30.4044102926332,-85.1553682644418,-2.89245108264081,-162.071628728448,-48.5678133452336,16.5563735335756,14.1663819153198
-8.41956268249494,162.766240478473,180.52345872724,136.792983824291,-46.0941718364581,-71.0635353611765,-34.3293550688054,24.3716303694824,76.7836558526271,-4.20298728987766,40.9725165267231,-49.066189237287,37.0867585229284,29.3940150494685,-38.1352506954356
116.597593986088,53.5217977349683,10.4094349509061,-80.6666976161579,-68.5026876832831,14.8775897657523,19.4854563112944,-16.8907065260738,-1004.6538002235,-58.1186200250113,-46.297563739585,7.57164482801898,9.32031635070999,22.7961976830616,85.1766960294894
-42.0475485834326,124.799804255646,-5.38847891611895,19.9746859275698,-27.2497747063857,-24.9264976263807,-13.5710315981908,63.7461922356055,-568.676257799991,26.4016775571525,-28.1857409633703,-40.8239494261264,-10.6328913326521,18.9666183026348,-84.1562558656579
-15.8427687056189,25.0247271348428,-49.636301855586,-39.5667218317558,51.2306695371371,3.74481263393987,128.321263552803,-35.9794095203893,-663.76790244682,-5.25572430478758,-1.56112909184087,88.6550332204039,-40.6706346744574,47.4386536616802,-40.7114028122177
116.241038430165,100.037981742245,-116.26807840129,10.4471599293447,88.3412465413783,-36.5429717053301,-122.712600453741,85.8432906790711,-692.974458897718,44.6054291189023,-23.6832268096729,-42.1302508117994,-26.6093294722863,-43.3818892721986,-17.6867633209512
-180.360240390929,-52.5965264994826,57.0750615902656,-59.4017922983231,5.45015292080983,4.9235061775642,41.0681357895751,34.0121558229834,776.129329505183,80.3514456510666,28.7780400712643,78.6620361433903,-23.005001203446,48.8689475930381,3.75810183479
-18.6611438948312,-59.1243656237912,33.5229448058978,-212.229663464993,-40.7982154459498,-54.3443611561158,65.4535093888893,-43.909010932311,250.400691399876,-70.9609391545784,-43.0257460238393,57.161600547128,-36.0740908252109,-35.4061288877481,6.79387688183375
45.0363206561651,81.1197147236828,-147.923000647849,-44.8313181209639,49.3228823616497,17.760676051698,66.0493671496436,10.4575852639639,1072.40346448535,9.78672991735721,-66.7965734990509,5.53537964590538,-27.3011371736736,62.7660860986733,-20.5112454356606
58.6388977421247,-41.9234844005636,-164.255124045164,-17.7382833723842,3.59120489450692,-9.14038536086534,25.9615749160346,-3.60676968895578,-13.8011357983206,24.7080829947676,5.00658585312766,50.9084801213257,-0.764161032913925,-23.2170653086614,-28.7259029749875
-1.91592209289378,214.356771037123,-56.4577435458327,-185.123337155441,-19.6017376177566,-41.5433257042759,-50.6244215711681,-19.1945671859237,27.7924793946294,-1378.94638332671,21.0624683874998,59.8977752200825,7.47404137768813,54.7998915431805,10.6832574126572
-291.108652201315,-18.7172942276905,67.6743682214474,-46.0580788081465,144.117775280358,-44.6891385033418,-78.1344572004578,12.7199938029972,54.8072051161583,-98.6617329440671,-56.5950626039407,-12.3339086649256,17.1403403467454,28.0794420907934,-2.5720220727339
-237.686994272666,-177.010172724253,8.78702279833519,24.9720263066437,3.22700883478244,39.8260997482271,-55.4845494170419,-5.58008325439836,49.9994509151029,-633.066393172014,-22.9278740873597,32.5434590317989,-11.7833630664365,7.32128457032884,53.7845498038724
-135.481448203284,37.7814299947266,90.4228927624382,46.7585286739055,4.49091678085954,-19.3504562181628,58.6346695730496,2.1202576491668,-32.4328988877749,520.920700511708,24.078176725383,69.7409283256001,2.62619828639289,56.8410882513735,-26.3293379636446
39.982375923818,-28.047404657572,37.0087771868283,-87.5683750451259,-87.5564643380456,-7.68913859484167,84.4999644783861,92.5211745453337,-61.8543715129464,-1188.75245630504,-11.9723694724789,-60.6255361926058,-15.3098549495955,-24.7464140107081,-24.6382037445664
-45.825894973205,-0.855267746122811,-231.33425349444,-107.893193439458,-51.5531215491701,17.2202066907828,-33.5500419129263,-10.3806399730328,-5.60845858332957,-389.977544752285,60.186322065248,25.716439259324,45.8902507978302,-4.63264093232042,87.2198731226951
84.9381976214487,63.1920738332728,43.9173232663018,61.650387807846,-20.9465905289145,-87.9604718579586,35.1545370671991,82.3336972862785,-20.1795758022107,35.7281359767651,31.1491299076818,44.3414714088894,-57.5649985039135,50.1721425449575,-47.7393347962469
73.781313429343,-87.3356548125486,-168.07976664272,56.1995843544038,82.5870127138045,-6.66425271654649,14.9840977336322,6.62767219152652,-28.4015427002355,-137.660702611679,38.8377346755575,-2.44195384679345,28.5762797671229,-41.8798825856828,90.8465776996741
-84.4775686220697,-9.06811895579827,-99.9059795807823,-69.0322600347809,69.2009507922586,27.4646461119242,30.4614706101733,-9.7795276655706,-44.6588233082598,-86.735210889041,-6.19915955236746,-16.119613276543,-23.5327438917808,10.6063556300516,69.9861758065458
191.478757206727,27.9309327522181,-124.101013090965,-92.7101654317136,-11.8276778512666,14.4217707503905,-36.3089388482727,88.7730536674257,12.5938082760199,3.58024049009674,-162.843673021332,101.78798499549,61.6065966283606,-84.1505818772788,-9.24315383111963
-209.348247551814,145.348103114498,279.860892814082,118.0696665384,49.6109508256276,-23.5395956642331,0.76699103336634,6.99722100627845,6.88993036956804,-0.554666684253868,-3.00652947034932,25.440252651567,46.3147268422057,41.8364599556918,-125.104894868752
-72.1405258120563,99.4715492682074,119.784410546221,-116.490771501245,-12.3214388979832,66.7657768109755,121.27920530804,31.7169413210366,37.8629831238342,-38.5698054521099,-10.7457517478403,11.0768844019308,21.995643673256,-45.517954674575,56.5340487543211
100.48950967961,98.2983539350122,-50.6579328469037,-120.716172775828,-2.20335383731808,25.594548775929,-34.2025600133675,65.3714427093618,-19.061548178164,105.506820906056,-4.73252024676562,-127.789890475454,-21.8933444275389,31.1191315852718,-111.480605928902
-41.2728959055091,-115.086238410849,26.9995772604857,18.7909658450442,154.459115475851,16.3558415136259,-40.422726907718,-22.6813961687499,32.8720445559867,14.6270323305098,29.1186210543799,-114.83252244434,47.8890783736144,30.5265872673322,-12.0234957651473
-28.7590930313091,-64.5632836398293,-74.3581555021582,132.827514710453,78.4803505876902,14.9548165668042,27.5671308343829,16.0630832743316,0.436542192504184,-39.9339328540486,37.646209649047,-14.1957783355118,3.65684817287338,-0.935273431751625,-23.3831061613846
189.012745146755,145.536839619192,-61.4949765825551,-94.3747505229719,-83.3124110771696,28.547646017717,48.3749015340012,47.4227346895183,-28.3337767393227,59.6766904848734,0.136749277259497,64.9185101477618,-27.6554081716061,-42.8856040401557,-4.64382179272802
-16.3916319407339,6.96754880931215,-1509.32159051255,133.179744008433,30.9058202528623,-411.796568060908,105.059149858285,43.5403259235221,37.7786686400706,-55.816637704229,21.3603803764711,-23.3763829811039,-3.08441955311633,47.0687999953785,-34.7108360381362
-132.674599186218,114.299102834527,1896.41666922848,-76.9554350539824,-61.5763889046838,469.353873553257,-51.5327477495909,-56.1979077120498,59.1478063423437,56.9529757503859,-35.4648306368763,-154.971794032376,22.7460203925794,20.0675300481042,-26.3330011659719
-128.82490530241,-109.682054702474,-902.571091933474,202.154694427874,-55.3009084621661,-265.274902455704,-58.9766648715647,51.2945946039712,-2.21549634658898,-107.234347242972,-72.0578679008476,-29.5761626484307,62.8190687051316,15.0142320302437,21.5819521281055
-48.7262094403139,114.956640333752,863.897461571616,113.241072209496,33.5913124158024,342.505008165219,-23.9626648746575,-40.231887478947,47.4042929736311,13.7268528384456,11.3388168447186,-63.2148619120232,-29.6584343165435,37.4313749333081,42.6837256266366
-2.09817671746295,-58.3961555106292,810.721004115922,130.380037465057,58.1347647515377,317.009395618158,154.542299630432,65.3095930826523,-54.3445454671999,-105.65614206198,-32.2701159399203,54.090414141695,49.1974500794497,37.9874321147056,-36.9448750870623
41.9323592366932,-83.1374462463109,1796.9101096809,137.055184871719,78.8602052647931,567.727993225087,-88.9955515965662,-13.9437741944818,-19.7479402799081,-14.2181783434264,54.9328477099582,-36.9464470923816,-7.62274292221261,38.1368289205413,-81.986835835225
-95.9807333450817,-19.5160892459963,-1692.76388921095,169.758781388758,48.4191638118206,-495.868005784921,24.6056916623518,-18.2612859323077,-74.580211527087,12.8922375466079,0.754214741157892,-89.8397900433183,-10.1266131029794,66.2754773161473,32.2742253947575
173.174353187196,332.809549835987,769.903413949106,18.0151104082677,-37.3909198640669,195.820533422393,57.1645445335956,-79.9523359362794,17.6276505105445,-30.7608854523444,29.5575953396693,57.4932582906055,-15.5912851647119,7.42040710172889,29.2516343441867
-42.8468300481957,-236.342110706214,598.300410225864,19.2614104477918,63.0485211861369,289.844206448621,38.4696232536398,106.011816543121,-11.7895758712507,92.1500356057614,38.5899194568815,-107.358534235212,-23.0237456160514,-46.6869992844332,-40.4082162146282
-38.0851939721487,131.924173340561,815.072141300235,34.2027807790859,-47.0685459771647,211.851809980452,91.9858522000505,43.487038947553,54.0326606529765,28.5714775771776,-63.806282662739,44.4296540127158,41.4900199285884,40.9790960733642,13.8077159602614
-60.4309168928489,90.3102334942095,584.806662580174,-24.3285029686122,69.6845099235113,220.389987241788,5.92720647579301,-41.1403833486347,55.6589876028711,13.1147772964181,19.918393104227,-45.0485239338378,-60.0016181561861,45.8185770533547,76.4160905527701
50.0061423884386,-55.4707934807,1067.02949909518,227.936684719855,-14.3818137509392,239.465135263115,67.0872042178917,8.19586866920207,-56.8691944474472,-15.1765385718371,-6.83656097601839,55.1436573508719,9.53016117025098,49.9563482303758,-18.426145514326
-51.2224711005372,-217.123637302727,663.777225007249,161.417170624632,-89.8956417234004,208.554159911251,-11.8150469659099,-11.9829367211124,-2.72623501301739,-141.247231307816,11.2691122604726,35.490729603382,-0.977641138714216,84.4773610294169,3.39465012754481
22.9992154663096,214.264216501671,-662.85865330966,-71.2577032572389,22.8045299842503,-205.502266427331,164.729356971817,-23.6888760902624,-6.68431360560586,50.2698569461372,-60.0041694507237,-23.7563752459217,-3.51136229331333,-19.0912630090093,69.4538174427942
110.150736087933,185.985449270269,-895.747119671623,0.807132923013162,-51.767245918471,-377.998146333548,37.6407268326011,-11.7662960177655,7.26734847699139,-22.8623650516699,-53.8083974816155,-8.83951915991923,72.8376281099951,36.6190423755649,-49.5344980369585
68.0217214324004,174.167168421256,1308.09084947293,-218.100850541473,-45.4251786076422,415.461713895682,9.1395961535225,-42.2145918997349,-80.7506962509127,-28.0897071236364,-38.6714264799923,6.6008088069442,-29.3619861922947,35.086346209262,56.6391139296677
71.9383977351909,-44.0123358907777,-1583.94855536288,56.6871685640534,-3.21020882272348,-578.989714816353,-16.2858851750401,-18.8820138442665,-30.7471318221723,131.551946119505,0.5314876123504,-24.4690917907213,-17.5696030793803,56.2007046370892,-43.0537734149765
17.2426903363936,-60.3368145128748,66.3862620171896,53.156087561954,40.8317916817245,-24.7591345909209,100.080178439929,-16.3159936000109,44.0045410282336,32.1600933502988,-15.8201319050884,24.7483821191338,-9.05542828772131,-80.4300469047167,65.8735015845461
-2.86925891388439,126.589351975256,-5.91907079865519,64.1708278028888,53.3197508789072,41.8266023359243,-88.7648979712007,-52.4105270605711,-14.4316764849791,-24.2373597116884,-24.4516450850537,40.982263264887,-6.40745117132043,-3.29024839986629,121.37960688293
191.715710080374,18.2520481628646,36.699789034179,-77.1776478143384,10.5570237953721,33.6809097465898,127.601635103398,44.3771657464106,-5.38208116354113,59.1619198447364,45.3385734758826,-57.2682318315522,44.5694768179461,-31.9458217445022,119.740532448912
-139.606731335565,-246.587295183313,-122.263638082846,-82.2497331915319,43.1447141617355,-24.1431192336025,-2.65710970712796,-44.3797591897397,0.178461447542202,-40.1296675549543,-2.37320032375975,-8.72287543051257,-50.7736472701648,-25.1954155979361,49.2217900895262
0.598843922235316,-78.6258265952775,-142.494937310159,-32.9139960569924,86.4288756311517,-13.343127501639,-19.9045667183138,19.5830251806225,28.3703822554057,-53.2254197572318,49.9987098959296,49.8825805638849,-48.3338958640876,85.3722316157493,-42.0776576825
97.9574733221493,-58.639690278917,-157.069324956671,81.6062937669516,37.6050396279966,28.0830240053526,37.4558402466583,51.2123188269635,20.4991369086131,115.932683011061,-33.4715395951103,-5.5950457982028,-15.3639442865362,-6.68384462912449,49.7386060648982
19.5163780858467,182.364582964978,-78.0210086948035,-84.2788637637262,-43.9098342575636,3.34260245343467,34.6655830780068,55.1744089088002,-83.0674198597308,-7.11693669783327,33.6331963974592,-67.1906783572067,-25.1775078135699,56.3981291610693,-98.7620926886889
43.5525336698337,116.830253751475,-2.96446927534121,-121.247085278986,62.1742858032619,78.8792566292044,-48.8289939197664,-40.5558428875993,-7.89293693517731,31.4277218734461,41.9920768655884,-4.80757473844166,7.77632446550348,-34.739032847392,-28.9303204873733
115.794909152304,34.0174869985098,118.358466525991,-65.0127668945609,-47.8605796223118,1.00212448417554,17.4217973285736,-37.0534409676578,40.4547828590239,41.6061223558225,-27.8498513650287,-1145.29286912066,61.5535522527785,50.9558163213372,-39.2751729154842
-15.010631989345,48.12042211628,116.417125441975,-118.130827943909,75.1058223679016,31.4597837541973,-34.4643338013604,-3.66542253382048,-12.8718469290322,-21.4204111390761,40.7683136746346,-531.62834266603,31.6816611367198,4.46131092849182,48.372768806902
-188.546895238757,-99.7134964698765,49.2774591379098,-80.8921243650365,-49.3303221412935,36.0529307772772,-180.571330402076,96.2785409326121,93.1219225420929,179.592398047765,-30.6153944999967,725.511771061174,7.56817608137741,-68.2558033299083,52.8129948042889
-64.4323794426488,96.3683848231215,-13.5595251368899,-48.9017780352862,-16.038593136567,-52.5329852159251,-21.7373979533018,131.577313256888,60.1829324872482,73.0747308299899,47.5805400809356,490.614992923987,-19.8264693673251,-35.0390559448875,-123.512647507687
-43.2317918128582,-72.2008408623598,-43.2360323781971,-103.846385914782,87.8770345678442,78.2050350738026,-16.3329492977982,8.2078495622579,-10.5048637830907,1.70295907372609,-10.6163143992909,311.928596348873,-3.63312118749231,30.5264652303708,-59.5726234188994
62.013538745036,-12.6443369723001,-33.0928265815624,76.8225821539064,62.2324387492543,37.2196641629736,-81.4957611285217,-27.9212859732492,-18.9425744825193,-78.665879431337,-4.63761627151719,1333.55424932201,32.1934075704532,300.043051145074,-69.3133632260575
-102.351794261649,36.3793055894104,45.8333340770201,45.1256231012755,-38.4168342942841,-10.7781922365376,133.125963302058,29.2542320024609,-0.639114833603902,18.5559427485,9.60926533597178,838.540446683981,-9.70669583909473,544.393374797298,95.83120100337
-25.7114227754084,77.7516197663755,-229.076076265336,8.03146211984371,-16.0303057399508,14.3408847989773,-75.7963361774543,59.2391421207054,88.3111541179518,57.3994704935545,-65.9386988481685,-685.128542094499,-15.7093635571996,546.009654372992,42.0965315939231
23.401532123894,-198.950526928417,76.2538295104544,-69.3221619557277,-47.4898839840399,-24.0480106330205,-8.85400044465637,-46.7115948146988,-35.4408610278202,-31.3666184199363,-20.1536937688999,93.2693371233552,-2.58086341570089,-612.365775085986,-68.8108289741841
177.857032486301,-26.0239292462698,-13.9022816084594,-68.1007106467832,-39.7696467609517,-1.16642699683102,169.101829109142,26.4319686213986,-3.91659858002715,12.0938260096569,-34.1004374871056,3.67092282568857,-21.7011648762849,374.123702495481,-23.3893863143507
28.7038009161399,40.7360606514548,-129.413950196625,158.463605835835,-15.643379872617,9.35089434021511,119.779340391784,-7.72154570867729,53.3786921118294,-113.39426555247,-3.56316382437688,114.066391602559,9.42333198542295,-85.8489095535072,83.4174722025688
124.269345241433,2.46258016733212,-65.9516054240073,-41.8804433462459,-94.2775949225594,25.0167711067047,-37.9588042391903,-111.575763098971,56.6543714791951,22.211566878061,38.3744861599234,-84.4469314496117,-27.3622281808691,-437.646122634133,-21.2209816059848
-36.7874588645852,32.957706467498,21.6932858510823,-3.89865080515253,-21.8259163671794,-12.5937378030248,-33.7295066412513,-4.17680077806205,20.0596215004731,-16.4727064128556,40.2141527816351,8.35776128192229,-29.5796362149342,457.994384317638,-73.1375696203788
-111.778371509416,108.616592511019,-127.322768187462,51.7890489902642,116.942699052535,14.55307184168,79.3623940099396,11.510769793546,151.284354356003,-36.5644091969375,1.41978586849648,-21.5773919065233,4.27879013650161,-315.484638708885,-88.7303363894456
95.604445979259,112.430037019618,-80.9417807647412,-41.4501163041373,-13.811778540029,-39.9015728255108,89.0155908947386,51.4054083695934,26.8245303252437,-58.9388886364878,-13.1919410675182,-22.7713282213332,4.62026462956784,-261.176160618609,-29.7703253261436
-250.419662452026,151.46800710618,149.723905042206,134.098988794034,96.0437780393509,10.2491740174602,-38.929698638786,-79.3056395485479,-72.5242261020995,-39.7188597168615,-16.2480750776061,110.585183368981,-20.3740789890863,284.936515522052,-32.7669700600518
85.8023096133756,159.832825906407,-3.35552729155144,-12.7310566437433,51.4868980684457,2.74214984074056,-88.0660737703336,37.345322321763,-68.9300222189372,56.0025851667015,-52.6496080398998,-45.8380048257347,-7.27411930167675,337.971117510663,-72.746757921211
173.129723079967,-201.748136718373,-2.03010127483644,-79.1688381874711,-4.61025923068048,56.8447729203599,98.4002924061757,-11.8231382031275,6.42723913600192,-21.4156673422673,-7.68725763952319,-31.0876224966416,-11.0111375299396,-484.433262534558,-3.50440442233738
-138.770358966887,-55.2232624521239,117.269287022489,197.997922651634,-14.5466135040635,-35.4102483077355,9.95548396312452,-36.5712192908541,-134.95324041399,-13.3121442955517,-30.0365123922165,28.8095711288215,32.1438830972432,139.539133785079,-81.7866462425802
89.4694122771651,-42.7779057463726,-78.8202666968397,-200.140124957327,-61.5215881559955,-20.0278914709237,140.803287736997,-0.409745737839287,106.711432938501,56.5294911120267,1.6601326231864,-34.4270708966092,0.764610496929791,734.059246876077,-12.3954998758299
82.489837405671,-238.058235597718,127.78404598369,52.316415382899,-193.198678685645,10.1517401523131,111.866861690135,-69.407343472968,40.8805954920592,-23.7224406412447,46.5067082088957,-90.4549010764225,-16.8298674254424,86.5295838221974,-84.6026630935785
-101.330489024419,-157.554353606049,32.4148848600731,-63.0662420368403,5.57976605096177,73.3436390753079,59.9563511720007,20.591377434724,21.160722645368,10.6923516051049,43.3484789633439,45.5283891001249,12.2503350804993,838.986340027574,-3.53489531960412
121.02719171621,82.0826646865609,-11.2538410312766,-119.896238013137,-32.3707964506529,71.3819698533751,69.2936939192177,58.7205556945218,48.7415396363263,90.4305427324651,3.68375224333521,-113.848065460781,37.6756376411396,-271.027159689531,-61.9188765112886
182.059584167805,169.603933398726,19.6457400289419,-100.479329035034,-37.8279574360954,10.9168508826658,-2.44010718119386,93.2225249305581,-31.4047650884249,46.7420650165002,33.977697780466,-16.30111331677,56.8162583559907,43.9816003760689,57.9060638509785
18.4816668366654,129.324468576107,15.7637191965109,-4.05857692594227,-91.4921353018574,-33.6997758823939,-86.9545268898793,40.1099294444016,-52.0429256168046,-26.3326943402547,-25.5893686480318,67.5432382611838,48.7259348209864,85.3675055659621,-143.78072660646
0.261342161156357,148.315725332696,-71.8318864489315,-54.6731159826938,73.7051460124602,39.1557371352971,6.36874326059179,-63.1684189832865,-10.3854125102793,-187.477998964796,71.7959714545235,-34.9517619908455,40.4117676920874,44.3553090386198,70.6555453960389
53.0610260183793,69.4009123062283,-113.130860775177,39.3387151542288,84.8274145215655,56.5138741826911,53.5938200035824,22.7516242329832,-48.3467691847019,-3.29179716767028,10.917253309065,-1.69791500841045,-5.92694539076365,1.9502757954326,31.7179307819551
-155.412350773434,-34.6525491556037,253.54935713365,-84.9630374691142,-2.29911757134431,-21.8777264106912,27.713377212903,43.6786842817591,-37.3777960018998,89.0614643794957,-7.31655999257996,-23.5401917414195,22.7600522032848,33.0627602210066,37.2540867042344
17.2541406323388,-3.61652827346635,-129.601761247191,-226.951039958691,82.1330993734639,-31.8060004526951,-40.0575431617654,-96.0808300047493,-21.3567928405127,134.015256538769,-32.9596715077648,9.5010172454737,-78.7359642178914,40.7236427120731,-92.6129658412427
62.1631243152851,76.5502843369632,45.2611353621706,134.238084187039,-28.5962789144569,7.70789196254638,-38.3244241667339,47.4962958881108,50.8588165054868,-63.8191412534991,-56.7494952280691,21.6667878203944,36.2788249764633,-41.282098499991,89.9258082898581
102.822286660963,9.15239930736161,107.46079692104,-189.687270217385,120.139958000072,-16.7576117448861,70.8269101541655,-21.7998557873918,55.4674775598487,-6.03179409749109,-38.0775999532635,33.1982575224062,28.996491398501,-1.90123459100973,46.7404073383965
263.586089989123,-180.369562963708,64.3519076551026,-35.2121544484841,-29.729262962389,8.61159650216011,64.2666142033469,-1.37418328192511,107.092334692831,51.5966172749881,49.1630156777606,-82.2079766852712,-40.3057316111523,-137.401249457929,91.3457999742598
-123.840245575432,13.8131850727939,85.0482005254193,-149.998698778637,-7.55390833273818,-28.9836739613931,0.876541396307674,4.17959676015266,-17.6056981932032,19.1267702940788,23.6767322162548,55.6900111386103,-20.6288688384516,48.0322709906979,-52.6384264698718
-72.8349191117156,77.6584471930281,64.089372705413,-24.2500022176784,7.8080151439385,-10.7587242621503,31.2796654866831,2.48055190212835,-25.6816033495144,-22.5360040847225,36.5845185292051,84.5937483979188,-0.100086604693523,19.0998741636234,65.0482175009803
37.3199809719262,38.6096984953533,43.1871999451904,85.1894400279276,109.798239737962,-55.8617197656621,72.3418393487133,-30.1109485506864,67.7850194422172,1.12677941008779,-84.0919285382531,97.583514588151,-81.2464762357541,47.0744152135067,-8.47659567158205
-83.8474506980143,-112.185196062189,14.8042089069602,162.226529878988,15.5621928561621,-8.48239092179845,-46.8948801262807,-50.0085577984636,76.9969130079563,13.9570112056105,-33.8621072803108,-206.237742063092,28.2068711671162,97.3365343215451,1.17388893226339
-138.95850179083,-11.8787478638379,48.5103689157271,8.46598683259819,33.5109952081187,33.9832731328319,21.0560404364777,49.1182565926719,-129.688223622896,1.48914049486397,32.2627471084876,3.87583907628409,40.4201860139733,-1.16233953879366,-114.494894049901
-63.7812645910073,46.233777633847,144.788220869818,-60.8612612914367,-92.9554079420904,38.5582924545401,-22.3067651333366,71.5810671676726,19.379877890579,10.6647278543325,2.85412110392413,48.7163651408294,6.90312252973305,-75.9736478200046,-81.4010820098814
-229.400088944187,20.4897021459698,46.0285274328305,126.303651703015,-39.1803587105798,-11.8649774678314,-80.475268785253,38.2971091086084,-31.0294883136105,2.10965360700624,27.7085019452241,-124.912148100249,23.8840388021479,-38.5217045631681,51.617170171005
-61.6704280147376,-52.8560731282421,161.422278803083,45.7804407516384,-37.1584107437766,-19.0290553752416,66.3464221228149,70.3503201164256,62.5395422793017,46.255604687483,-57.5840484357618,-20.1291014464132,-15.9746479805917,-7.06931158547927,-144.336731912452
-236.067338558374,22.2641156973553,47.417883002682,108.695236722262,98.5788044790853,-21.4504804039569,-1137.61839556728,64.8018481774138,-40.3898945341308,-98.905718696402,33.5074309773967,78.6544415253676,-32.7166844180958,-10.9859552536344,-39.2634492389394
15.4197767834538,52.5794340545949,-36.5190811740514,11.4567918386628,-26.470980930589,-19.2491276935364,1252.94377709186,46.9524036134556,-75.6433043036929,-135.880263716729,-22.9129318774817,52.6636884595186,-34.8825000976589,28.1782718396106,-144.544849201676
-272.288981628342,-2.2357796349428,46.680679679372,42.6725052718732,-69.2862740036068,-5.01357379528808,1236.54063660464,0.827111548246222,-57.2132839199189,74.6632874481964,5.76186528204758,3.30628310616359,-20.5166977291379,-56.3158171101824,-52.348499486031
-12.2898045428058,-135.609895552808,-4.909048289493,58.4453874701559,-19.5830955232649,60.6129532899092,-985.836103967434,23.14649059689,18.0100270192521,-6.93034978468902,-50.840455204551,-9.34669596492138,-35.7904410800709,-41.6213295911911,-29.5746859397762
59.3327440288703,45.1069298666875,-58.9488178522701,-104.531393287618,-25.8141551381019,-46.4837342590534,939.322045331799,-50.8936705843546,-53.7237997736179,-4.49761794584371,-9.39055371108083,34.589572221953,32.6972466651392,-51.1525159269727,-44.3862642365644
39.7987308529292,-7.46391419745952,-340.280539650534,132.678048711356,138.580493513222,-4.51295517396154,570.588770577693,-71.9811039905505,-5.5640927312846,12.6458765771131,0.458761957892483,-31.8105837796824,5.17675271291274,82.9131813014991,-10.7309223168336
105.486765411898,61.612313513241,261.195945968144,-157.689177017242,5.80404689322532,3.22427097625085,503.549548670239,-14.613765282833,-45.1162654481531,46.6214921189233,3.28463121707294,-48.8962117667864,29.6734319787884,-48.7451786656518,65.2511748482943
72.3493841380997,240.066213277335,-78.5914242788772,-79.2265802184046,118.810688609759,-27.0048901951457,-596.860247173487,1.04455708644523,-49.6221168712809,-38.9510749152754,-3.831432130184,40.0311049022805,9.64970160328515,36.3963654408464,-11.3730348816366
60.8624392862944,126.951885093917,112.313980244156,-35.5454855807218,78.9114098638839,-69.7828283423454,-877.056725094371,-48.2436688578365,16.0070808608891,34.0087504873313,-62.4302059606504,-19.476315711479,-7.4347511345508,-22.7596077245125,11.5882073236554
21.2997368481923,-137.653382589589,186.703209221841,55.8680869076155,-51.6990570418862,31.5225759403766,53.2561762976015,13.8429910884612,-78.712539280252,-48.1003239868165,-42.2377782627433,34.139082130238,-53.7343744879896,-29.768037136397,3.06069674379062
124.4613497815,-76.71479202299,9.33912631620282,-132.906826488048,-11.3918412345619,11.6346043962063,-0.220538163198785,51.4486174484571,35.6112947780932,-106.996697535732,34.7096197021841,98.3070899397613,-3.30580635965046,-20.7871027716985,4.12427179740361
-140.942353859896,142.457249494715,62.6137234140523,-17.879120150365,-22.6731526655816,52.4130753873371,-59.2552293901533,-110.694308190637,63.1720749211671,42.4564055266439,-56.9742632126464,45.3873694142679,13.3093456018383,-24.3952784806891,-6.89965679797818
-137.377405097535,-62.4821049958524,-13.2149642692161,-97.9985311353178,45.5485224169566,-14.4350825157512,67.6680166279902,78.2801672484912,15.3623060527654,-56.4915343073127,-63.8743236677316,-1.8768499312507,-40.5465480797552,-129.530946579056,571.270166441747
-100.171442390628,168.856173790178,16.6249350886923,-55.8050917513307,-68.5094924110009,-70.6823690472517,-22.7920287871881,-69.5880829574045,8.92722499692135,17.6996762715531,42.67771994369,-64.8391672451007,-15.7226069176816,-39.4142777270944,749.763193804337
-6.39253134708121,-60.6908368520861,-24.0146804869695,52.6495659547292,-144.446853629995,17.9321200946388,-0.085015460748473,57.0999421554341,46.6429973427449,3.42060639772973,-57.0954604803058,-6.43639471388267,15.5500673579932,34.2622750473957,1044.61166262338
-53.0983059589681,134.53693651855,3.52381160344396,-4.46801993030227,69.0681498704153,116.223098775464,71.474941470458,-52.0466501514152,-58.38946358205,47.1267878396252,-42.7840441422494,-16.7605909912716,63.9248161500858,89.0189348243652,723.068144827637
52.1046544366875,-34.5418871214536,79.7879386920408,-68.8025266314387,19.5237901482614,12.9162989270572,-71.8598190987756,-31.4683217481154,-53.1687586224064,-121.931134135397,21.0717741792097,-26.9080448557289,10.6502490340879,23.9852578881551,529.325671379415
80.7909128412455,-132.994552282801,-52.2960949534437,163.44503513545,-141.620865515951,57.5784415736483,-82.6092531287077,16.4113867493761,90.8013965813642,-119.767810052449,-50.4576355388771,71.2241433663325,11.6201445020214,-5.6559077344922,-652.51568789362
75.3702331129788,-61.8573541316386,-58.1519853479539,-7.2566937773545,-6.38394424052563,-17.0192482891118,38.5503352906783,-13.5727197398007,92.3828800213765,-69.7972175358954,-55.9462706912065,-24.0329113116358,-2.20992420576019,25.943378683255,46.0282889541395
-113.965766647354,127.712420459302,-40.8249392841547,48.155356522542,-13.2013134461125,49.5692619117923,19.1850584124864,-97.6057933561788,74.2432252529094,-9.00562430676844,20.4270238341668,100.660328731731,-9.02323206301374,-20.8212361591062,79.6730911962465
141.728313808449,33.7194335987425,57.2458203225728,251.098628591104,47.6968147711949,12.9120922810412,27.808092957743,59.8514122184379,47.318093113233,124.194240801701,49.7121451371147,-57.1960923738932,-27.2311035584742,3.48091042453702,16.1236949468332
-7.65649340716261,112.483299363349,1.95463278521725,-382.850256325888,15.0760496996228,-67.2871044112087,-37.1041443727251,-54.3697620092111,-0.67518013209173,-89.1696699856155,-97.7462352879313,-12.4946398198607,-62.0668650847124,-18.0239751810221,-1.91409052663783
-204.334265402181,193.196909743575,59.2294474221785,-64.40988053798,3.83923358801598,5.77584921438485,124.321376725003,17.2155490589725,-77.5889669322032,-140.671203134794,21.5737381262852,93.5532741422423,-4.87248291740787,-19.363662883936,68.8517556819152
-24.115994868228,-175.236272979522,-76.0102654315683,-125.193362379995,106.827874436475,1.31873476784314,120.757995415372,6.43389582314275,91.2080021054234,11.0523843634663,-11.2553306658893,-56.5027576779654,68.9875638360746,104.751737096454,-51.2659500256636
62.2521691400204,6.9595474184725,41.5541806110357,137.929996140157,-40.1201618172814,4.7530577357792,-150.763789255548,-12.718908957888,-11.788933550989,58.0779096436219,-25.4054540326118,51.2650872374263,2.31168261009223,54.1757585639628,64.0353290847225
-6.47011182675827,14.0542145778525,-63.1965003922985,190.118900408016,-71.7995353601113,9.6334563333418,115.408590327105,13.860921589216,8.50178068442608,-76.3038752361245,-18.6610800270969,36.8704628927494,4.74971843107297,-89.4460084628193,-10.8849398779626
-11.8276633143887,87.8319641031346,9.13499058042544,-74.3530243577659,-4.6058645811046,-16.5720951812709,27.749890371318,36.9332106636491,36.7654537960767,27.3451875213215,-36.3591273294936,23.0735235897368,-35.5391752662193,-23.260407821378,57.5350161907035
-127.572039984298,24.9258848936367,35.2710120647391,-141.599618551398,26.036167668149,-20.7015727637449,-49.8439641914871,22.059666254588,-75.1610756067265,-8.56590408072852,-79.594098900893,37.9554034908821,4.40056467776644,3.37370224546714,11.6841558294028
178.786761142931,-213.427443019256,-69.610556517605,-38.5046813624806,10.4492737266077,-43.8452667305728,31.9882516880686,50.8195104268791,-45.7826401497296,-25.8082752305035,-37.2966898792434,-34.1580047641106,-10.9332053008186,-51.5520209977497,-76.5714155987859
104.884425810827,-56.0620401264083,-140.527073069371,106.554211469489,3.10803896872931,27.4918446897194,-78.3230840577575,42.3180705210199,-106.189681499414,159.55195618648,-4.03557408704233,97.1082940467933,0.575024346192937,88.0826415118412,8.85319790380544
-173.747698276823,-33.1205792303659,0.472327893490751,65.8048270904365,-16.477610495687,-48.740367956771,-30.0008856355273,7.71690856057064,58.0371607056524,2.94175551065569,28.256936036197,74.8803667533399,-6.47823503094873,16.5410475097957,36.0074693723892
65.2363390752747,50.5761096995984,-88.7125766827967,154.935154641627,40.5725518562988,23.4982860720419,44.9732229952754,0.334037126618345,-138.982979458984,7.74373766912703,15.6034119699777,-48.115241079096,-19.1208000639199,27.0326334257612,34.2544741759415
-9.2665951092771,125.67341221211,11.0646917071289,-13.2042793583657,57.7751584812711,-42.9891711974653,63.5345578112616,3.07409832058828,-122.343369117725,-116.250290279769,64.7981993795833,-37.4153663885046,11.2054654550479,-5.75309084441782,-31.0335492084602
8.19180993521935,143.482908281402,183.396099093471,107.501822916455,-53.6901342098674,-4.50200286079961,24.3123143805252,58.9086945392854,99.4291466263912,0.606124318142968,-52.7852407366196,39.7539774664765,25.1320839901211,5.32431976328651,41.2775474727801
-88.8689427970209,7.44489268074647,-78.9359150101445,-70.8359506300463,-10.7091120131972,-6.80166636892408,-29.7290775384997,52.8290573290165,119.831654993997,-72.2085629286151,-15.8883340265892,66.7419847923127,-49.0097452493539,-122.389653716723,-20.703896965285
-89.5618033161045,-34.9991751496409,-210.691433792199,68.5317099348231,-49.6952093322419,-19.5565695930797,-3.5672718762771,23.0475963986799,-50.9848755746337,-79.4264875248245,-19.14733015298,3.69476214706282,-29.3793131559052,-105.131686752491,-76.7480108801283
161.481547741483,28.5393559868189,-153.711309662144,145.447230504014,-40.8191055161508,21.7083909832983,152.315677283574,68.7131587315754,-186.3503130066,52.3415839446221,-4.00926538199488,-120.633535110495,-32.5146242385909,-12.4835355464806,-81.360565797131
38.6977690387719,22.9206296402916,14.2953056166375,-11.8738431575282,-1.38448435547801,12.474827573012,-142.371276781766,-99.3966805122125,-9.12208000357348,41.0672666193466,73.9686123114442,16.8839116252498,18.8169321148426,72.6755721458506,30.1961317300275
112.563550938376,41.8318113242388,88.9779095432096,-34.6856485530709,3.49934205857656,13.5672016176261,-73.0412995443238,58.6225870278531,-10.177471777512,5.72901907407484,47.0286782086087,0.190687585367231,9.45659440210689,28.1921677823399,136.078194012521
17.6711360713065,-10.4215947604113,-82.6712868120425,200.282276284503,-92.7006219673672,24.7821565069182,128.038528984033,37.9519459880948,-39.4128099683406,84.6525381442654,-1.96149306628128,-91.6072116416588,25.8754945869106,-28.5624578255132,-4.99662739406137
-153.706474759897,-0.260699943635817,-25.7362879098192,-70.2667920682049,-69.2830262319944,30.4380258785239,20.7404258742007,117.778062198786,-77.2325802342882,11.9567338339937,-15.2490709241581,24.773332786337,-54.9762529090527,11.2389515683115,-99.6927981228241
1.64148444788274,77.9186355316078,-71.0714074739389,-34.2470869694015,46.7057853382849,8.55218791610347,9.72778105205525,-26.4822988347605,-1.67211684729004,-3.76000963477684,21.7758128133486,-9.70930930242757,24.6057119250837,43.3025985911184,-6.68185577852895
-48.3496306461292,77.2151623814472,20.7087994450021,82.9959149445156,-77.7802745567302,124.424137959454,59.0290487581854,-85.818771554646,40.3056104194071,45.657966791441,35.4441864069144,7.48686816110507,2.24756864855827,3.93441487322856,28.4123851435702
-51.2962203141626,223.068114389016,56.838687140683,-169.903155495491,-4.41125138436017,-1.22497360140487,-113.006597049013,-5.16386943243741,73.0544683302455,-91.1346307589408,35.5323166836678,-80.5332885967426,8.88788568597753,87.7617446138165,-63.1657240387468
-0.196827633920021,-69.2182184523889,-1312.2886044667,44.4762472003085,-20.3473115270129,826.802848318401,67.6602399468923,20.3214285929666,29.2287938840838,100.858519445616,-83.6230526384056,-82.2593454747832,-3.66438102188494,-59.8288465294382,-17.3331537909284
8.6344714487016,-20.8558018507712,1069.25109269413,-4.46349485644965,60.0374904950379,-574.952139199819,-10.688327334703,88.7430730511188,-58.0191085344484,-49.1395411284528,15.9229226163765,-26.8571259854447,-52.6712144345743,-35.9738400609465,110.663208880473
-15.6066016531731,-43.4074279229624,943.573564727573,-91.759313587627,-31.4986432938757,-473.196027289358,-118.585826352622,18.0645504982678,-127.384168485577,9.70904578957462,-25.6331829801398,-114.878364307782,0.937423952118673,-18.4755666336134,44.9422176099102
44.0914797007153,85.2267164259497,-592.758052654474,22.6676858563738,-50.1720252237935,372.229203142615,19.3607945728572,-35.5804135503267,88.0926918276581,26.4178949754132,27.9656924932479,-2.6439785819353,-33.677680986291,-25.4495787264744,77.5050133052694
95.3548836654222,140.972523666225,-706.122134146396,171.234044940129,23.4204908865955,443.361648795494,-43.7889286866022,36.3814482309211,-23.5749055835984,-30.4953181997793,20.7343696550055,67.9070073949823,7.98752142008234,75.4921480668262,0.936457127586193
-73.3586147171338,-52.0855913957696,482.456366466569,90.2923478075609,21.476180617952,-221.292468464605,-12.8682024160838,2.49128900919062,190.606790956952,19.4284699152549,17.395214419393,-63.0019284141637,-6.44569097196844,-44.5029515687032,-117.602828949177
-73.4005990892507,-198.797876793189,-778.123243144542,39.9905991448197,87.0774969467743,480.672765523577,110.785471118169,2.54552089886593,-60.197014444437,31.4445513395163,-30.8543806784688,-50.7975532450412,45.7888360294709,-77.3288075598837,41.4119069252131
-99.2465412358245,68.6987971092014,-790.018041433537,29.2403243378966,-35.4736663975718,466.870004825882,73.9681939731333,49.2733405259732,-38.0481607461839,-8.61942495571317,12.3128893894829,24.5247834075837,-22.91275599986,-12.9004434346832,-57.6890958589542
-3.50394793253551,-142.746422386286,-888.117729934903,-109.780403227465,-13.3873108430245,444.959576404064,14.034090588265,-100.38099988987,100.596487452996,-76.1957490271304,28.9874023295617,-30.2676923375936,52.6038711883134,3.81392157844023,-139.674361279456
70.2631500469591,-31.8550532055634,633.357457679072,-110.492948239752,-55.2185566246382,-406.812383315898,59.5047986115718,21.8213403721431,113.623009195738,60.6062093636464,-44.5210090416435,28.5551661465028,46.3372412433452,-43.3532820343199,7.85864203719369
-246.263364948282,-76.3176699173705,328.732198631313,-64.8987643944402,-25.580218381723,-68.6935681537808,118.797086959373,-39.0300447339976,-69.2213529456372,-20.953966564513,-92.9071626662004,-12.700058873213,-4.56348772219944,1.94737709491158,38.5164757360366
-139.612872270798,13.5493755731183,-988.431173405302,-229.31448848451,50.393326720315,530.63750764905,0.20018208029294,64.9589968020589,52.6523907642484,-11.0245638862319,-10.7795225545463,86.3223723525871,-15.9581239564651,-20.5084839273912,-154.820726865178
-199.071060191065,-93.3611495839396,-1236.00873117366,-38.2617983642361,-73.0452323484902,696.919712008727,-30.6914024961572,-44.8378602063131,49.7614037425924,26.3956043791363,-29.9666217600117,10.5929863833722,-6.85808426591173,20.0234988535669,-99.1537163052661
-69.0787368235578,-13.8967432604462,-320.136813318357,-46.1470933621496,-35.8966051194161,290.158185737249,-55.4996525700676,31.0035316327029,-63.1292291951095,-72.0945778797316,17.381008180071,20.1090483510885,-35.9297634331966,-9.09758459302344,47.475110240348
-142.86049749881,177.013555577272,-652.517703451938,63.6148423585826,66.6928380660494,381.614400472267,-2.99299054844659,27.9924290516738,4.71918496341905,120.161240186086,-25.8376273749816,126.084214838607,25.6254283624891,-5.87838467290614,91.6897807834701
67.3950732750185,78.6338281012434,-573.320654686921,-144.335066228801,132.520039224391,352.14138934545,49.2812087770245,23.1372671025558,57.1129573816852,-7.18874637850293,6.42540906800535,-1.19169508042416,46.3423166400217,-49.5036398965167,-63.4474483576404
-109.054444533882,45.6943141586412,-591.640604088865,-32.7973500308881,12.8912033972642,314.769031796549,84.1508319577472,-1.01933455743568,-112.420454409303,23.1534208733998,12.4481670986136,13.4408274468604,-27.42379604918,-28.7030678702008,79.9912743894707
30.6194923038259,-116.023159054757,45.1572923531794,5.35847655875302,85.4331924506344,6.57344313087356,177.7765288682,54.2161082377782,-48.8586871711505,-18.9441986229578,-11.9493163102812,-74.0533305560103,26.1767450252091,21.4310582269192,149.37626960196
-23.687651922953,126.059837143675,-32.9318895942609,83.2126106799699,21.6938336124506,-44.5605662637435,8.41915554912674,67.7658275505663,-26.4927162073204,-40.0819713168812,-18.1937042754244,7.28240822977016,-56.3753462405497,111.154025578037,52.796936791399
-80.1766815654059,-190.991751255759,25.658225641544,95.2759245232133,9.97864257961941,98.332711091324,-148.07918854635,36.1997859545004,-118.447324819133,58.8308957553538,0.392481161758434,-109.748923735816,-16.5389519536585,24.3630409665484,-60.9678478105353
-186.074709141089,-87.3140634003541,-139.352020944475,813.616018491542,-7.88912568830496,99.4763867468937,-1.95925323519416,-28.2469475900898,100.650326975699,35.3131312152148,-70.1043084126649,-61.8337279043482,29.4572344272588,91.187244723897,100.90131720643
-74.0753016653141,23.0152415898693,153.547918432127,745.019673931241,-94.8489827148819,37.2379741808625,104.750390046888,-49.8956219498717,-49.3527391348675,25.428546822442,93.7659047893086,2.31310545869584,-45.0234753059046,1.33001257274727,50.9940138720611
-26.3020147776222,-97.7362800783094,-88.9891195714904,1658.74455423855,14.7926329881202,-32.4809600770666,-148.595092653076,-31.7234792642766,59.3287261803784,-106.703218346863,48.7662870535726,-137.957071955048,46.79505626599,-103.182451663378,-48.8027456513044
-90.2477870749804,155.487340857508,-100.320170403751,-1615.68569000479,-11.8242937717742,29.9926540664704,13.421442525897,-37.4536553367846,-94.9365121555592,-141.537717175234,35.5706411062454,14.2815709328465,-26.1552232296229,-20.7284952650769,88.2195314826102
66.1882926848985,-153.061295296994,132.724220265574,-1358.0637248503,26.2717680516845,-12.168729801364,-10.7503638252058,20.998027437659,49.3104754275031,-109.10260945877,-80.0062100601933,69.8929711342101,6.33693385819206,17.4787096798823,26.1839902953861
-80.1490790201133,39.6279408553713,-105.207241644746,1714.60973692981,43.6823208415357,-11.329135182111,-63.569528702091,21.8848290364903,-22.9489997966424,26.2066119270822,-28.5026826923885,-121.604735557202,-8.34997735820835,-9.26818096944398,-46.3134807142092
93.5679074282202,-170.100138059792,58.837453947839,196.58253019154,-58.7865868310342,16.3314474337764,-186.229793089515,-32.4346941996563,64.1229979879931,20.3393506429095,-54.25678487921,33.4583779568585,-20.5236207502794,-63.3334047212807,83.9142785719341
132.27682582769,160.585308503421,13.1519140789383,-1048.60277790597,-33.5851831848061,43.6665723515706,-5.94189751222908,69.6378377103669,46.9046576568145,48.8930750077372,-10.6504195667701,-114.774791897688,-9.39658296531761,12.6438389638887,3.23359415522996
154.333687372801,-112.059853520689,-116.611386262884,902.212111215857,29.1996586864261,40.2799650670765,-43.0424377248324,-36.0640479728129,-23.9116372355099,-16.9095849934322,12.7548677785244,-127.364883607594,4.70552620101466,-3.29020033721675,8.4707881656958
8.26800484988294,-80.7816762094385,-102.292811471432,-992.715973981477,-64.66049771394,-23.6268357104919,-71.5613614269443,-9.71485067459437,7.87358283408365,160.649966807706,17.6828089140958,-21.8008484997987,-32.7534725604861,-10.1308410538809,-59.9052117449731
-11.3835179696866,-179.315861253162,31.2748973289624,-427.99776373204,-89.6876351312531,69.8986710580369,-14.8584697773497,13.0698281186037,29.5645314798464,71.4508606823415,42.6523035084845,46.8621280328163,12.9746512450491,5.09820280504364,107.637518215218
-8.52641600658195,1.73599997611084,77.9364735404692,191.119329193303,6.56596244701199,-50.9442790017816,6.40022576154524,37.3958828943807,-90.3551832456611,-98.2697100002433,-19.7431593500427,-51.9315634089614,23.4804758722657,49.5825346254026,-38.7544849741548
48.8480790172059,-133.62337821908,12.3048973331135,-1556.23342083671,58.2915802045414,-11.1847245290731,-11.8834402462944,-41.1179624118084,25.7923965627967,-44.5004433325258,-58.9074847909746,-0.28032445767122,20.7479070568471,51.6350101336307,-27.7345722839965
-147.930546282746,48.0202399565986,99.9115094624503,629.591433812965,-107.787373462869,-23.9992799932444,11.1886863723306,-71.3706938600999,31.0084542701838,-82.2094774226827,-76.2267443147712,-24.3504289343633,-6.44598085973294,-19.802774112795,22.951833262032
87.6501510558709,27.6290542990105,82.5281908874417,-96.210837447245,22.5723940986107,-69.5650875136979,163.6381272645,63.960720675101,-55.2069607514126,-16.1692205733677,5.7340529282894,-106.652136509417,33.8810509630921,58.7899381700354,12.2202054226221
-22.5177601653206,100.673812037932,-28.6269228443511,89.2390247616433,-104.758701718501,-59.8845209358695,-62.5881702929895,25.7401559329004,5.13452581539129,68.6550421547606,-31.3866574752397,3.59493432151367,-43.2029017874071,-0.0173918778894192,-106.191262877377
75.3686146583471,-195.439391208203,39.4665179418951,114.153826299464,10.7782771109623,-45.017225184609,71.6342030688902,12.9569658876564,-59.6835898424295,19.2468673029911,-12.4176530920009,51.90844895395,-16.9721544704724,29.1762694154124,89.158846772451
-25.3273296611959,-16.9634225173983,88.4669086233389,-256.452400037972,-163.117455222768,-24.6563820078072,-30.4451415519868,51.7738152228797,65.958311266579,-27.2560622844301,0.555884072499201,-124.402885607666,50.8387705040752,-26.3742363545773,-14.0225227641387
149.572794144383,-129.898265435013,67.7905738829376,-7.33767812677047,31.2259209106401,67.4409954657827,46.8122725152763,16.6502911727843,14.9316813719135,22.4090718107699,-27.8845252865345,44.783261534535,-18.4226854802177,87.2081924664339,69.2413490321734
159.495842665525,-195.481833654861,-176.814860875349,120.317372252753,-52.3790576012244,-44.4947230121788,7.86134883757438,-17.617951826898,39.2038612646476,-75.183325148938,22.5922007753671,-72.8273218229461,-74.4027455513507,26.8022272083365,-58.0761199670548
-120.867358873357,53.307683066192,139.737056405137,-34.0018827059341,128.259593303734,27.1571849038674,-8.33149946274387,0.82210163927146,-4.86971063158458,96.8671015308302,68.5917632087929,-128.169180198308,-146.374392115684,-17.5606482981725,-103.162107726018
211.098592965814,145.002387153282,-81.8568680761341,54.2310260752835,-90.7969677255577,73.1010281742066,-17.0611858978732,-45.5539713427218,68.4513372732185,1.37379644452263,-31.6322306920387,25.9180284122364,-271.475883266574,109.514420564988,11.0222368000091
-386.909013564983,-43.3086499255255,38.3949953945757,-132.607259248043,43.8566858835269,43.7025007031781,-132.201456832934,50.8450646225387,-67.6263110908268,102.434275579265,-92.6568117083745,91.5933119085975,522.40696463416,10.8663320836735,97.6644250628662
27.8195149936216,-116.266557261637,97.6938472809339,-3.81877824749759,-26.5921021796606,2.07078249306506,37.5736975697154,4.00320854286847,82.2419559187712,-56.0278253003894,-32.7227298930263,36.40672968266,-598.527657667489,-215.686601495459,-23.3129531774025
-200.746935494085,-22.0108840715774,169.877671205947,-27.5274821767897,-73.671919121858,76.4695793489817,-39.4073707037986,21.9061372051345,-7.34429591969777,4.8900420307022,48.7083412006569,19.8217797276267,-520.836598609903,-1.5216222915394,56.1885977355178
126.441801002455,18.0137745391894,-120.122039354783,11.8042744530863,44.2114621934376,31.4955387793309,-47.0201414561097,-29.5073624041011,-57.8550603132287,-105.261148624765,-23.4655546805183,-37.2284975261856,85.7525997657715,17.7988540294088,48.4655003096021
-147.868614447373,-123.263802379812,4.91285034600102,-40.5704219287155,80.4615968885726,9.88091689777932,-18.8522728741773,-71.3436290154817,116.916677513514,57.4759141256675,30.5993299976361,8.08753639899036,-21.0300946400635,44.3615419158917,-17.7931955096622
103.667535100918,39.2212268268116,166.294520219085,98.1483128864393,12.521757079262,-6.2916153594833,-117.451709748399,80.2980437743483,39.1946234973289,116.64371013138,-61.1431917289848,11.3449424443176,-112.315110962659,-64.7019643053744,-9.84145291191487
-73.680047605003,1.22380141842558,-50.3178364890325,73.5574874997435,-46.717893215005,-52.7671368135707,12.4448766948006,20.1791872259184,-109.039291609901,-21.821476264302,39.8083111342909,-167.975570853276,108.912197791933,-4.79616496343437,-66.1596305125216
70.4099830489455,-69.2305862182765,-20.9523240684256,141.033632689695,-37.1505025081764,42.1146227062239,-4.97142552296933,-12.9465609523696,-33.8404181934743,80.2187687818259,-24.312347731452,72.9463742342019,387.596066192584,61.5024048539434,-24.4519563372527
191.738219245296,34.9752255591113,123.585343112888,-3.94850480177104,17.9777235423956,40.350728890512,67.8366891842744,-28.8818655336502,-92.479120802581,-77.191415750693,38.4262970208247,-18.2146539153197,401.667708435127,-17.2260763018577,64.8274898035293
-45.6251457982207,-8.14525402179822,-49.9164979408695,69.2401066279343,75.5303530740085,128.574755109647,-46.3597196510559,9.36116275638242,33.1228820890332,-103.601446512896,-7.20938212605322,19.5603578476534,430.545850864651,-96.9786812814641,-126.706457324958
-100.257299901335,118.538103626311,-30.1242956813888,-84.8307950710677,-40.4657387638785,1.85633162654246,-2.20810407098572,-75.4377394799599,-43.778962353679,37.9979528198403,9.6081731080785,-46.6709319123096,-527.064124782854,-42.6701452029085,-12.3106748793839
-19.83015249934,14.550054157119,123.804134461565,166.650606686503,-78.2007870291943,54.0052270846285,53.2136865752983,52.3058110955265,-33.781284459147,-101.429133266388,-0.597615535045158,-53.9389657690252,-265.787655308905,87.6345932028922,26.6311094688289
-35.1093385156821,1.67984086420234,41.5899913784976,3.62815777025211,111.107259792927,-11.5812380809177,1.19873460198872,57.8868991130033,14.6464006180277,-118.800292882108,7.48361897836684,-35.3052968026078,-264.240982707063,27.4123260530805,71.3086275416013
14.5628641753318,-12.2972718406393,-112.394798426808,121.041794038206,94.1487228545319,-66.8750110210947,104.637043781933,43.6161848703206,59.1202015457164,70.3007264506278,-49.4358391516177,138.59906025828,308.022424443773,-34.3275060075815,41.9932369983833
-8.12788557009926,-31.5718709116798,142.972487026348,103.18724889214,93.9462062026855,17.508503972606,-15.4084114592592,-9.56433439669303,148.881606834368,-69.6085728470531,28.7549861817444,-28.2975126829656,131.732639897658,19.8645346982332,95.151151695371
-49.5052651683833,-19.3134311219093,-14.9222499409359,17.7817967149242,-60.4504233058246,-35.9095004836601,94.1695771523394,58.778608143624,-5.51612350524693,54.4215768803432,4.96357025071781,155.495755675504,-484.722557450259,-30.4627552635798,87.6223786955023
24.6485924470797,57.3224883692188,64.1447055617235,155.49457482779,-43.5845741451427,11.184883042222,-151.099943286288,-38.1856868490774,-63.6234352123404,25.3803972458195,-16.5905023160745,-3.28636041550338,-19.4445205310838,-3.31877765283958,59.0631562123049
-87.4900753622232,35.2755073014789,73.6386378138058,-221.347544290996,48.1141822381005,21.4158365107138,95.9305847651368,74.3126832866087,11.4321703400042,-52.613195786134,-7.09520552857179,6.63481160409053,-40.2418951101689,-85.5141645681961,61.578219179462
109.233268817788,-77.3131444680608,103.405218465203,-36.1768046924517,-118.614530470331,77.2461831517875,57.3980315065322,50.5404184738541,57.246180104263,-21.209896659046,-21.5682482409054,-88.776824471805,1.54849710275718,-0.613666315644275,164.37122017112
78.3189519225794,257.295489730139,-2.81390337408355,2.92992897121413,-84.4205882094976,32.9890709593953,-90.3222742899294,71.9267078110619,-72.4033770325795,52.8221287356221,-58.8821460770582,-41.1197842127438,34.0746575520893,-45.9366848233295,35.8520097729312
61.211587828442,-45.3409824728564,58.6003260756729,-36.8749430419366,-57.1668978134613,-15.4513432502198,-86.9950151753488,-29.4081232162512,16.0183534829074,117.609813938175,-6.37283615612851,0.447640218185525,9.70400086252973,-2.95020199893822,148.003776897739
-2.99546623663091,-67.6792228780668,-61.6400018227515,-28.3505591612164,13.792401177682,-66.0513919155112,-92.8494598151698,-49.3776087516771,-95.061746930825,4.04089824934913,47.9596934588146,72.6821893060162,-13.3422672234013,-59.6815501239204,-60.5720650783294
235.522500509991,74.8598262948316,-66.2923753341672,-181.032359388696,89.457806988757,26.1053196075064,122.732921092971,9.58911905406049,-88.9633892437831,-9.840562945597,-18.4249560776804,-22.8938317686416,33.5004389425357,0.493893779637423,44.9224212820899
58.191097733694,-129.393753070904,-103.093001476797,40.7742809973271,-52.2074510006436,2.45723675708011,-15.9994343322883,62.9911104548534,126.210917498297,-120.724249603687,56.30354160357,59.36427500372,29.1114119913688,-15.9537968161911,81.6434542006854
24.497331995594,-192.679586217256,196.029364605511,-82.7598247032075,-72.2579868472065,13.0679367856401,-16.0789965075981,-83.6838746871073,-31.9041163587651,-41.0288240229518,-47.2552267723284,63.8477333252708,19.8746972939477,104.046485626326,-44.1906369675996
42.1795748650333,136.653777269299,88.5406844757997,47.6496710667944,-13.8575505010777,27.644643811747,-111.342864447202,-39.1441420746402,-25.1863742354815,97.582506750085,-24.4319219446061,31.0374228380129,-18.4077723069934,-42.5530525277196,46.541937802365
84.4694176003974,87.109052898871,-178.855335900989,106.781530792384,29.3958984480806,24.9829388504522,92.4782147327645,-118.469570536567,-65.6005250615063,-8.80304877797464,-76.9599188867618,-100.610600102108,-41.6050683236632,64.8398530853393,34.6317183155378
-259.649523803146,-33.6986746513542,-46.5579951286445,-55.332979889399,-8.68855072868693,-15.5611188511269,7.66750496134871,-56.062628584655,17.5943546679241,22.4986174436277,569.750245788055,-17.5030946924172,-22.801996601441,-61.1416994512485,23.6594086748143
149.627769110248,-95.4038917352224,-97.4523138344386,69.9984153414851,28.9659371577964,5.13334100544549,53.7810345138032,33.0510186148144,-6.11790756188938,23.9335555151544,284.212855612844,83.1037751051131,36.190358629479,88.3084148370218,25.1282382502064
-6.13408129308041,112.670343338263,-39.2091029349137,-1.95250156972911,-65.118334485478,34.648842045658,39.1863355387388,0.300064660592942,139.744851905564,-128.619762354482,728.611708286278,21.8103170970064,32.0432005996975,7.38701402889498,81.3860663996904
-70.095506912544,-43.5388895675773,123.816950236421,-70.0297826160796,52.593012477493,-54.0608319743834,-98.0567608278332,-66.6458172153879,41.3639519953179,7.04869681529671,717.133907078998,37.3302470077762,41.9237729972964,69.0768987091887,-85.6498563524645
-4.6706759408933,-230.896197932847,267.981346612607,-255.56115109436,42.1109514573663,30.4579537838386,116.832419376392,-9.34092906803427,-123.198076119906,101.708642218905,544.325855398587,29.0860928077137,-11.2331069768214,-36.7884873186482,-4.44267578273483
-290.681010428186,82.2925594503273,-266.466018189225,-152.506533489137,36.9424470580768,-32.0496019414155,16.5957111199489,24.868101568429,-51.8865760444771,59.0309470564602,89.5164401286894,-47.5932973392016,-13.7858820132003,43.8617221630774,-76.0659003443483
-40.7324245014392,-33.8481621416133,55.8132034662988,74.2835934257628,-94.1245407162026,64.9971349586944,-69.7127363124566,43.7699934952639,-92.1924297129426,-5.48330581406551,434.374351474103,-0.559103100045873,22.8002049177527,-12.1619732562305,19.6542640301791
54.1509524241688,87.3741250391217,3.78896339701469,-161.342127215996,2.57376495505309,10.2400786177335,-20.4842214660823,-49.7228799723006,-70.1148345330341,64.864808212127,-536.108830816878,-18.6210651243841,11.3407724873091,23.7844409710986,-24.8313204226633
-113.426731717694,26.8257503449273,-74.9320926686139,123.673458513124,4.78823174428816,14.1603159666265,28.221721222813,-95.8585717682037,46.831620045009,45.8897348673499,-640.047316034136,84.6682519537973,15.892171047516,-35.6904765981272,60.2033167173455
63.9648341485233,55.8338741010654,68.2700781335332,59.6022329583605,8.09528294990483,29.8133658052214,-11.6765051596398,-28.0145956227763,112.468823338415,-85.7194996551023,-485.954685994061,56.7352273460987,25.3773967847053,-61.2698387324948,21.5250208575641
66.5747832577217,-75.7307302951228,-16.032236466189,-154.807760748309,-85.0396166076101,13.0584785631614,45.3399102639728,-2.72049104479246,-109.008993409743,-70.3480099454491,-736.591241790833,-32.0048641950663,16.3321420800459,-16.5930753216923,-24.7276310588099
-90.7997121054967,126.261431182534,241.94518869706,64.3793070765007,67.4348541763365,31.0275051703953,56.7563810395613,29.9995659441232,86.4136249116631,-90.8705467991019,-415.970742059023,-84.6866468818044,-10.2848310443842,116.202780626813,45.920138601688
95.8843562145001,88.0592108080386,-21.6882215228691,21.208506364578,-69.3274355148287,-60.1431010724308,-97.1443886056163,46.351073777123,9.5881533413019,28.5741306513749,63.484178300427,-34.2367543171664,11.3688216777963,-25.723919553953,16.0969174433892
0.285971812841896,219.649825479864,-86.7923988665016,-127.861835523928,5.14730822823404,-22.8617661500175,123.184321079494,-40.8020330224684,164.972120165339,-58.7383957244509,439.797570362869,24.3681222822463,-48.5865670802794,42.4871653428069,-11.2881638592738
20.7151398322816,160.763167374287,40.3811133584028,-89.0925530704644,50.1641447656294,43.9858764244233,-7.6995317015535,-25.2657479650504,-119.765206432207,20.2109699237381,-54.2322629543838,0.281376207750165,-11.7668549782818,-40.0237336736488,90.7506581441055
-91.7982545786504,185.765330191856,-70.1331181668161,13.2181720648488,-3.88079194097256,-22.5637667778229,-111.024835984445,-36.5634400228996,70.3019011111977,-176.613068513781,-16.4809674747376,-60.3618211340851,-53.8206135755314,-73.9680771481989,-37.3072220275646
-111.958818602367,21.3485669844053,74.3486494675333,215.138496501999,-105.876856978165,64.9275516320873,-46.5884871157766,81.3132233719479,101.233664671441,-90.2241123546189,-65.0021004444687,86.3149856837331,34.3006058096926,-122.949151661363,99.3118410970804
-187.924317283193,-166.130644316099,13.8026786642625,-123.762273822098,60.6385833467741,43.1109930163303,-131.267081969759,18.6341174861943,-80.6386431754868,128.56195639832,1.66752830616222,24.5802997093111,22.338893542508,-16.7023521834146,-29.0604626857565
114.845172865137,-4.26526199184542,49.6477601704461,50.5338714978,-37.6803011007006,-12.9960928016841,7.91488459264926,66.7377939466658,5.00312279855046,-78.0563388723858,-1.41864349432086,20.5871924931779,-22.2320540044532,-34.1698340488445,-32.5510520149363
-53.5113673920159,61.3173687791284,46.3833252695999,-105.984053354656,20.6750912099431,-12.8782610060153,-83.0577312140648,-77.7210281084406,-9.62801899885337,-43.0917367843292,-19.9916279669454,3.13536795172487,-0.308280539104375,-89.1491231637229,-3.17175195291773
-117.263146584109,-71.4462969275149,135.707967086231,-47.9473860854248,97.2238598392422,-13.8561431524763,74.7841172926368,-27.477109016421,19.6457609993004,5.01253354103549,53.4312637394633,-53.1900423200042,-31.878025876457,-82.1477196302204,99.2250878369298
21.2872104291819,95.9557658063222,191.729557124534,23.6439815046709,21.4785971145229,5.21619971602455,46.4193164591737,46.382806576305,-158.572828789023,33.5584025927278,14.5210181292794,-21.0734044024061,34.8843362757501,-21.3491768754327,-12.556270042238
117.946726154829,1519.66302780197,-113.522948000796,23.1457200970637,2.23883092704959,45.0057198143827,29.7344147202491,14.5745558598437,94.9181117112024,181.03889562586,11.7689399280556,27.0703059540751,-25.2695682739789,56.1184098221333,20.932608825341
8.97436049377511,555.928374616629,-139.561284766848,-26.6185278439888,-26.8100493417718,7.81074432888603,-83.5043288616645,11.5938320337999,-55.208134907696,43.4928558674111,-71.6417206120216,51.9264511998555,-37.4858960966172,46.2241291172678,129.735317493439
-53.3940082720453,481.233213683495,-81.8628999539446,118.11304685466,16.5086309351833,56.7936976155211,85.0248882800998,-15.8305991740628,91.653665907922,45.4557894134353,-70.4256586930074,48.6481625324468,61.7972646963166,-21.775520746125,-84.0543683925559
-151.338022147058,1194.4562177257,6.28170887399839,20.1847499747437,42.6876454685606,-48.9744422513766,-125.352251900218,40.109910514819,-64.8876266815004,3.2074944701115,-77.1769036662711,67.0718959703848,-23.9404714343591,27.1811743999056,-187.723632565787
117.588957695325,-656.452814647993,-71.7962852642676,168.358573363514,-18.7465927881613,28.5117438089321,32.655524978383,21.2571835787757,85.4847514460986,-35.442570986644,-34.867055770854,-29.2742744059021,-26.148123699181,93.1294932886938,29.2367395230235
36.2307748324495,945.58300814337,-85.8951795616862,31.8594569439503,-4.21701380736107,52.3141641006757,-16.0724860805225,-103.841568092454,-17.6308517621148,-39.7153430183793,10.8619037420428,-157.505469131471,-13.8641930676227,31.3703326651613,-17.6033460840056
21.2692493851656,903.019423193349,59.5753655728235,-10.970584444461,71.9254206900935,-24.7395020650633,66.31362867474,-3.54842153019197,53.3762968198465,-89.8281348092792,41.8336261373551,12.8588103069519,102.714117833828,31.6038133993036,-48.6213172041467
-82.4387850337644,1086.5432358248,-8.28434862982111,-105.329737126424,33.1508937700238,-59.0843490887631,-53.7527004159708,66.6349157326001,24.2909993636395,-68.6854903762911,-33.548473825351,0.935766838663175,-25.8673760708648,16.0497733582428,-18.4372997984325
-38.353655084813,1092.78498737536,24.0756536449455,-128.715330235391,-75.7736059597517,-45.9966476360959,-95.27050250287,120.225581641846,-9.79638527416505,-20.1655384799296,7.2116216667286,-6.18140753600066,-28.0370764553505,-8.45245374416551,40.8523743983349
-54.960460712196,-1589.96200703731,-195.802828012521,-185.78084216362,10.9541963305157,-50.6887831249357,40.0786920247019,22.4916016204071,10.0548627615892,-29.0248522715393,-71.571590620148,23.2460219561836,12.544391609085,-38.6674576823104,-11.5871526196115
44.0006861244667,-811.972461750652,27.5461960266685,141.567171125795,-55.198108473195,-52.9108307253105,-3.4513849306036,-19.3188545958313,-17.9498564097062,101.595292939406,-63.7061237972444,119.660713305647,-40.1305005836361,34.2416856910031,-20.4861379238031
-22.5788976374211,-653.157899749334,1.66171385249268,7.58614633800437,24.0427302286039,41.5123230396884,32.5201921030115,-8.7820046008291,-77.0674755826807,82.0837495113842,48.8619311607344,5.58272817292636,47.2426053180693,60.4486423871783,-79.5414735672742
-50.9058057806383,-1064.22860381303,-7.52855220380669,-203.483555901152,-158.683484845894,74.9525056503547,-12.3166066560192,31.4720471558688,54.42239579514,-92.9365699628161,-69.8979754363359,52.9756118026493,-0.136642554034672,-1.79445293674025,7.83518429153292
5.30771428003221,2091.16202172507,-62.9958787059538,-54.7213789759874,-13.3832210314171,7.30812236274394,-15.3524002630909,-72.9034645500381,-11.1193255875776,-146.207757697207,-1.53858488234617,68.0317050398065,2.20753442549767,-61.6236791813438,-34.5804886206438
156.092460008377,-2032.30145820398,-3.21185898567227,-81.797007127988,-32.3593481061531,-44.5206786036466,-67.9336718978558,-16.5197949253019,63.8320629350344,-18.1446377101502,-5.50219397836272,-99.3109451737062,-40.0632193384674,63.9855487664145,-17.8700709640053
150.415580163095,-1962.9833671115,-37.6838031106653,-127.044503450784,-18.1337506668452,9.66085549077548,-67.4357041691974,-75.563349550733,-86.4148661010857,108.568646775036,-5.43999238493539,-75.6944545229625,34.0144015146299,-61.3324285803549,-157.609417677094
25.6038968764622,947.388570613676,91.6553335343443,-74.4425456255561,-133.73089304037,-24.69958372878,44.0103163248202,-49.30617644047,54.9751174777902,23.6729321072798,-45.5946697824387,-21.6909120769858,29.4342916935303,63.9433923004974,-45.2889094628096
-89.1884543259844,437.515970031566,-107.234044017999,-37.705706800753,12.7410361519894,36.8034710241605,52.0756536861178,-62.7784393593772,-137.859937603552,23.2610169448183,-52.0020043826666,2.14783724419342,79.3786698803652,-47.8768288636079,-52.9811855625911
131.471500200143,179.259038655323,44.2250461362525,-159.83646308176,27.2237582326193,-18.1986243923052,-45.1532417313671,-75.8253623389195,79.3627292528718,34.2465563295254,-15.0940767231243,32.7793374024169,51.5087679333794,8.37271879559454,-57.0670791004715
30.6546154716929,2.07673760373113,-134.120940412328,26.9146983224517,-73.1494488280542,25.1804248304652,-28.9446819722134,0.465996916087918,-27.4299788443091,-15.1527717018785,55.9821397214242,-43.293795148136,25.0969922003788,-13.8261848249565,-94.3392263491462
29.6123435757434,-90.3007816673543,8.00856755815846,-5.28782287108154,-98.0709129200938,-2.63655388453275,22.5581728817781,15.4039039031953,22.2512778524711,57.6692823542318,59.8738492257934,6.23800795678601,16.6686071418534,-11.8425602854454,-134.898657521036
-156.499387389322,-95.4755700149657,-82.5010717595909,0.116784672881098,-15.5914076099763,-19.237620713107,66.1116383942725,39.4009199639123,55.8624623663088,17.4556453299453,21.7016459784641,-102.046573035922,-16.8748859375406,35.412827399213,-80.8581535080347
-164.679036969213,67.7733987380659,137.015291404565,-82.7351889083317,-42.6717814675855,-2.08988405607281,-87.0180843121875,-56.5639949348613,2.11071018953027,-47.8856411742339,18.185561135185,12.0364152143719,-3.33744026271722,18.9809466188833,39.6993831722013
-155.478367274658,-91.1398846337565,93.1723487471738,-37.8199985107497,50.3057319329123,-20.1993860053035,8.19239494735208,-44.2007345928058,13.3562804115807,-42.4074943332652,-38.9174087359783,32.4025551535236,-10.5645494851775,0.315329704615049,-60.7685452157419
-153.295613757635,-74.1227276382526,39.6420929317652,-187.941588588718,112.214531510842,-40.1477266031253,54.475400721498,-86.1663068304536,-69.5975655268952,61.7091826885776,-11.5648485952997,-32.7705324512898,-27.1893587630695,-29.7737839446774,42.8162682828227
-92.2607629361773,-0.138019771856693,36.7025505300036,-79.9181438393951,-98.006355481391,-4.16344271433253,-70.9913334743295,-10.6086917858034,-16.2849716767128,-33.9686526663389,-34.6993205966873,42.8759163928258,22.6932367047184,9.08403910281918,85.366203220512
