 -0.0341333
   0.177295
   0.297843
   0.213199
  -0.146129
  0.0970492
  -0.286661
  -0.305453
  -0.696229
  -0.146355
   0.170987
 0.00684109
  0.0830648
  -0.393081
  -0.177595
  -0.112045
  -0.316225
  -0.181344
  -0.128665
   0.167977
-0.00298741
   0.057744
  -0.393356
   0.336489
 -0.0248526
  -0.205992
  -0.272219
 -0.0394582
 -0.0141152
    0.30235
   0.293699
 -0.0348525
  -0.140544
  -0.260752
    0.34325
     0.3483
  -0.117102
  -0.557032
  -0.296969
  -0.415439
   0.160334
   0.223769
  -0.445963
  -0.454409
  0.0892449
   0.569011
   0.611956
    -1.0546
  -0.316057
   0.505704
  -0.406991
   -0.51545
  -0.594761
  -0.326966
    0.15861
   0.097832
  -0.158708
-0.00549852
 -0.0814822
 -0.0213846
   0.146175
 -0.0454722
  0.0675513
   0.346832
   0.354473
   0.345551
  -0.259951
   0.170975
   0.290357
   0.260201
  0.0433163
   0.776545
  -0.480796
   0.179676
 -0.0698203
 0.00193334
 -0.0439592
   -0.10377
-0.00158038
  -0.139169
   0.247735
   0.402617
 -0.0563375
 -0.0708596
  -0.253719
   0.405988
  -0.184934
   0.211476
   0.282151
  -0.550775
   0.396338
  -0.228105
   0.151169
   0.268322
 -0.0280121
    0.08443
   0.123573
 -0.0524586
   0.041153
   0.177724
   0.142149
  -0.351714
   0.831053
  -0.299134
   0.086259
  -0.154142
  -0.112571
   0.376343
  -0.688652
   0.251913
 -0.0265996
   0.144898
 -0.0649796
   0.413915
 -0.0389147
  -0.590147
  0.0595011
   0.333006
 -0.0216516
   0.178948
  0.0977647
   0.130308
   0.281153
    0.14624
  -0.345037
  -0.308758
   0.082503
   -0.34881
   0.216534
   0.287929
   0.136501
 -0.0666498
   0.248307
  0.0390089
  -0.272329
   0.374343
  -0.392342
  0.0841574
   0.441136
   0.335586
  -0.120625
 -0.0957267
   0.534796
   0.721108
   0.164095
   0.314427
   0.543395
   0.208087
  -0.162051
   0.645685
 -0.0214264
    0.10522
  0.0301842
  -0.390163
  -0.122385
  -0.433306
   0.122538
  -0.613126
    0.91259
  -0.116574
  -0.462774
   0.399215
  -0.121919
  -0.323656
   -0.13767
  -0.506605
   0.372932
    0.40052
 -0.0525728
   0.159792
  -0.454694
   0.259573
 -0.0769132
  0.0378236
 -0.0648414
   0.557427
  -0.228127
  -0.158771
  -0.134255
   0.159649
   0.712067
   0.026857
  -0.166732
  -0.378264
   -0.22715
  -0.128877
   0.115963
  -0.550377
   0.125019
   0.249747
  -0.460401
   0.863539
   0.689242
  -0.248629
  -0.261078
    0.38639
  -0.514631
 -0.0340872
  -0.131652
  0.0218327
  -0.563295
  0.0558176
  -0.560466
   0.371871
 -0.0228411
  -0.635926
   0.266326
   0.265599
  0.0386702
   0.348559
  0.0402494
  -0.336694
   0.252267
 -0.0222543
   0.301513
   0.588377
   0.220049
   0.534809
  0.0304646
  -0.645349
   0.104636
  -0.184043
  -0.216232
  -0.368221
  -0.425373
 -0.0558232
   0.257765
  -0.326903
  -0.329922
 -0.0856662
 -0.0938149
  -0.520873
  0.0860445
   0.201744
  0.0710231
   0.366235
 -0.0277808
   -0.38352
  -0.153135
    0.10922
 -0.0688028
   -0.17621
 -0.0360487
   -0.23345
   0.188516
   0.137938
   0.458851
   0.156561
   0.525826
   0.501753
  -0.653926
   -0.09969
   0.141074
   0.318013
  -0.109558
  0.0499618
 -0.0421915
   0.166996
   -0.56048
  -0.506539
   0.354461
   0.044942
 -0.0970686
  -0.102523
   0.247444
  -0.497275
   0.368916
  -0.603144
   0.117172
  -0.111567
  -0.176827
   0.531445
   0.246025
  -0.513384
  0.0842848
  -0.231252
   0.241134
   0.315483
-0.00810817
  -0.387825
  -0.243534
  -0.224826
   0.382101
   0.525045
   0.244569
  0.0231181
  0.0179871
   0.280784
    0.24231
   0.268251
  -0.191187
  0.0124657
   -0.34843
  -0.242643
  0.0642649
  -0.301251
  0.0122942
  -0.133884
  0.0195987
   0.210855
   0.197609
  -0.417011
   0.359176
   0.137937
   0.501216
  -0.550043
   0.181577
  -0.327385
   0.144318
   0.207936
    0.52414
  0.0285752
   0.291189
   0.196865
   0.106925
   0.353774
   0.771486
   0.300242
   0.274717
   0.165637
  -0.294232
  -0.340794
 -0.0174808
   0.150421
   -0.53438
   0.507391
   0.441092
   0.142887
  0.0138213
   0.192607
   0.684063
   0.264658
 -0.0279906
  0.0146461
 -0.0538969
   0.303786
   0.154194
  0.0655638
  -0.630781
  -0.293953
  -0.371778
  -0.592897
 -0.0294633
  -0.387973
  0.0729817
-0.00405922
  -0.659639
  -0.121162
  -0.288061
    0.54836
  0.0436292
  -0.183764
   0.165729
    0.55754
   0.470214
 -0.0774449
 -0.0340349
  -0.197926
  -0.232609
  -0.215073
  -0.255257
   0.604555
   0.196816
   0.128833
  -0.521146
   0.111095
 0.00622264
  -0.125111
  -0.200142
   0.274592
  -0.052745
  -0.277727
   0.265511
   0.200312
   0.297849
   0.120409
   0.401847
   0.491946
   0.332312
  -0.209247
   0.248386
  0.0216591
  -0.757406
    0.75343
  -0.136865
   0.483918
  -0.530558
   0.512677
  -0.131562
  -0.178705
   0.170873
   0.424327
   0.373387
   0.135342
  -0.400389
   0.347858
  -0.603713
   0.060528
  -0.494536
  -0.445195
   0.186726
   0.288594
   0.156234
   0.160684
  0.0705358
  -0.148586
   0.420958
   0.279052
-0.00421288
   0.117853
   0.292101
   0.172051
   0.204176
  0.0442555
  0.0787908
 -0.0932367
  -0.129065
  0.0104404
-0.00518185
   0.076318
  -0.101586
  0.0832044
  -0.144935
   0.650856
  -0.751836
 -0.0895192
   0.414314
  -0.311013
   0.115619
   0.520631
 -0.0216831
     0.1737
  -0.361178
  -0.250945
  -0.145049
-0.00195828
  -0.138011
  -0.267305
   0.130663
  -0.319054
  -0.143365
  -0.165597
 -0.0475699
   0.528951
  -0.138692
   0.337381
  -0.274232
  -0.428204
 -0.0343199
 -0.0557813
  -0.155224
  0.0598769
  -0.114491
  -0.272348
  0.0575375
   -0.14888
  -0.335345
  -0.182651
   0.429765
  0.0220599
    0.31298
   0.518139
 -0.0520898
  -0.418082
  -0.063617
  -0.139527
  -0.474613
  -0.594502
  -0.489947
   0.699322
   0.464569
   -0.39312
  -0.454223
   0.421671
  -0.300676
   0.102488
   0.155204
  0.0401518
   0.158104
   0.316802
   0.055103
   0.258684
 -0.0477958
  -0.169154
  -0.168086
 -0.0310728
  0.0329157
  -0.229869
  -0.286592
   0.344927
  -0.217998
   0.128381
   0.281327
  -0.536154
  0.0717477
   0.281218
  -0.532112
   -0.63195
   0.144339
  -0.156214
  -0.225635
  -0.204605
   0.353102
  0.0778551
   0.165814
  -0.537102
  -0.260892
 -0.0967041
   0.169104
 -0.0772773
   0.410632
  -0.254666
   0.348417
  0.0619475
  -0.221867
  -0.224853
  0.0438062
   0.201191
  -0.315327
    0.20433
 -0.0982986
   0.305142
  0.0201791
  -0.095355
  -0.379866
  -0.644404
   0.493852
  0.0555839
  -0.050884
  -0.236562
  -0.478398
  0.0748234
  -0.181684
   0.388901
  -0.430758
   0.577336
   0.354963
 -0.0915824
   0.276822
  -0.389668
    0.01568
   0.560533
  0.0907567
  -0.135146
   -0.47741
   0.486833
  -0.166142
  -0.157901
   0.128639
   0.511627
  -0.188197
   0.158408
   0.223552
   0.150722
 -0.0106599
  -0.365486
   0.425658
 -0.0369065
  -0.262881
 -0.0251852
   0.125171
   0.540607
  -0.091777
  -0.115188
  -0.151678
   0.609255
    0.14286
 0.00976189
  -0.152911
  0.0400106
  -0.262541
 -0.0129551
   -0.92952
  -0.183237
   0.400573
  -0.445612
  -0.031287
   0.261942
   0.695739
   0.102909
 -0.0574252
   0.123936
  -0.220098
  -0.207141
  -0.357354
   -0.37535
  -0.159277
   0.417589
   0.224785
   0.110512
 -0.0341365
  -0.307185
  -0.333195
  -0.383749
  -0.129148
   0.374207
   0.620312
  0.0132675
  0.0110304
  0.0781596
   0.599334
  -0.360422
  -0.243683
  -0.182584
  -0.150644
   0.211016
  -0.400739
   0.113654
  -0.290611
 -0.0911446
   0.282797
   0.339096
  -0.015057
  -0.211346
  -0.245102
  0.0969105
  -0.159518
   -0.16181
  0.0130807
  0.0474851
  -0.192924
   0.531026
-0.00989429
  -0.509203
   0.555248
   0.383687
  -0.189635
   0.118832
   0.405461
  -0.168779
   0.138779
    0.25453
 -0.0511959
   0.303769
   0.230015
 -0.0877426
   0.354226
 -0.0202572
   0.761496
   0.207332
  -0.235375
  -0.152375
  -0.106858
 -0.0127801
   0.509405
   0.148194
 -0.0161385
   0.109748
   0.374327
  -0.185999
 -0.0621635
  0.0957863
 -0.0206667
 -0.0111403
  -0.309602
   0.243916
 0.00264516
   0.330077
   0.195153
   0.660476
  -0.141853
  -0.389963
   0.145074
  -0.181869
   0.265503
   0.294767
   0.301708
   0.255173
   0.147285
    -0.4137
   0.172516
   0.452816
  -0.205588
   0.323213
-0.00290661
  -0.737287
     0.4694
   -0.29226
 -0.0531886
   0.081525
   0.201994
  -0.313928
  -0.521973
   0.443362
 -0.0784629
  -0.469448
  -0.374156
 0.00594397
   0.613719
  -0.640892
  0.0843458
  0.0354696
    0.40321
  -0.130503
  -0.221675
  -0.278744
  -0.682177
   0.350931
   0.214181
  -0.330371
   0.225977
   0.254766
   0.250702
   0.491604
  -0.327226
 0.00496939
 -0.0164385
  -0.355027
  -0.121149
 0.00254946
   -0.45967
   0.263391
  -0.235124
   0.180764
   0.342836
   0.557276
  -0.251741
  -0.266187
 -0.0289507
 -0.0382348
  -0.156937
   -0.29935
  -0.260886
  -0.500133
   0.390263
   -0.20558
    0.80428
  -0.467255
    0.22459
  0.0245858
  -0.349286
  -0.760099
   0.154555
   0.311779
  -0.254875
 -0.0819731
   0.568427
  -0.229558
   0.246945
 -0.0827318
  -0.235205
  0.0309293
   0.206695
   -0.25118
  -0.833891
   0.138469
  -0.186987
   0.121609
  0.0934352
  -0.246205
 -0.0946557
 -0.0990662
   0.107337
   0.215619
   0.149265
   0.119825
  -0.160254
   0.209942
   0.364456
   0.179392
   0.365457
  -0.463146
  0.0388271
  -0.523881
   0.400429
   0.406286
   0.761734
   0.300198
  -0.152555
   0.144379
   0.225352
  -0.496367
   0.360232
 -0.0510478
  -0.322446
   0.227315
   0.231299
  -0.497187
 -0.0399585
 -0.0790875
 -0.0807752
  -0.474304
  -0.550067
    0.06185
  -0.349593
  -0.172295
 -0.0553842
   0.084271
    0.16061
    0.22359
   0.101902
  -0.217582
   0.330485
  -0.337789
  -0.370733
   0.271826
   0.194762
  0.0185382
   0.205212
  0.0783273
     0.4148
   0.640596
   0.438694
  0.0713843
  -0.214095
  -0.419215
  0.0768532
  -0.248066
  -0.243325
 -0.0214708
 -0.0454451
  -0.256985
  0.0562085
   0.177006
   0.447276
   0.525983
   0.603415
0.000953346
   0.643892
-0.00925788
  -0.106672
   0.395376
  -0.336185
  -0.277988
 -0.0234425
 -0.0820803
  -0.531928
 -0.0590434
  -0.129304
 -0.0877913
   0.338507
  0.0570508
   0.397897
  0.0180201
  -0.533753
   0.125828
  -0.260751
 -0.0694277
  0.0382195
  -0.248299
   0.122887
  -0.295114
  0.0324157
   0.364662
  0.0261039
  0.0576634
  0.0165075
 -0.0679731
   0.480271
   0.101947
   -1.06461
 -0.0945811
 -0.0384771
  -0.154156
  0.0938626
 -0.0444701
 -0.0498743
   0.428419
  0.0806622
 -0.0547996
   0.190989
  -0.255631
  -0.533617
   0.134837
  -0.424012
  -0.282394
-0.00883358
   0.155593
 -0.0275774
   0.243075
  -0.346324
   0.236844
  -0.249721
  0.0944219
  -0.472641
  -0.454442
   0.182495
   0.318749
  0.0271169
   0.259169
    0.20967
   0.826721
  0.0863968
   0.147034
  0.0969831
   0.298213
  -0.218783
  -0.197766
   -0.23991
   0.277493
  -0.247506
   0.134215
  -0.624917
   0.405562
   0.199437
   0.035976
  -0.189414
  -0.125047
  -0.622929
   0.570233
  -0.106462
  -0.941467
 -0.0190848
   0.676316
    0.15347
     0.1693
 -0.0315674
  -0.199752
 0.00889922
  -0.250899
  0.0988395
  0.0621195
 -0.0145684
  0.0629648
   0.512511
  -0.283372
 -0.0876558
 -0.0711349
  -0.235283
   0.295988
    -0.4054
  -0.129293
 -0.0118602
   0.391423
   0.206437
  -0.349025
  -0.168436
 -0.0736027
 -0.0806896
   0.222661
  0.0451167
     0.4557
  -0.257092
  -0.343516
   0.460354
     0.2304
   -1.20128
 -0.0570479
   0.476698
  0.0639365
  -0.172489
   0.322603
  -0.283852
   0.097889
 -0.0466257
   0.137013
  -0.035679
  -0.308952
   0.345337
  0.0873955
  0.0910338
  -0.373376
  0.0169048
  -0.511521
  -0.449344
   0.194333
   0.245293
  -0.486619
  0.0982937
  -0.054996
 -0.0276797
   0.227128
  -0.200155
  -0.211859
   0.158726
  -0.361212
  -0.132753
  -0.266177
  -0.203343
 -0.0483523
 -0.0201905
   0.135788
   0.313196
   0.586886
  0.0542223
 -0.0890989
   -0.47814
  -0.452402
   0.407318
   0.387587
  -0.265385
  -0.211054
  -0.127007
   0.108632
   0.154598
  0.0327633
   0.541466
  -0.334828
  -0.655842
  -0.676678
   0.235026
  0.0179296
   -0.63806
    -0.1768
  -0.720413
   -0.19999
   0.513414
   0.459672
  -0.099985
  -0.284117
