 1.08059
 1.15869
 1.13491
0.976582
0.990575
 1.03129
 1.01812
 1.22071
 1.13859
0.832007
0.930716
 1.07215
 1.20331
 1.05725
 1.10897
 1.09349
 1.15087
 1.03101
0.971656
0.991571
 1.15889
 1.24838
 1.09892
 1.10274
 1.12146
 1.49009
0.942829
 1.21202
  1.1898
 1.23806
 1.04352
 1.04764
 1.32769
  1.0747
 1.36343
 1.30865
 1.52152
 1.17039
 1.10499
 1.07074
 1.06323
 1.44993
 1.41701
 1.34095
 1.13304
 1.39099
  1.3869
 1.16735
 1.33088
 1.26644
 1.43172
0.941706
 1.09922
 1.32749
0.904581
 1.07618
0.990252
 1.02424
0.949259
0.948267
 1.00313
 1.04257
 1.07743
 1.29405
 1.08961
 1.06603
  1.0598
  1.0251
 1.21947
  1.5605
0.943266
 1.36743
 1.21831
 1.47996
 1.11348
 1.07847
 1.14628
 1.03703
 1.24298
  1.5266
 1.31665
 1.08489
 1.20512
 1.28381
 1.07809
 1.30854
  1.0591
 1.19698
0.938208
0.930601
  1.0485
 1.15779
 1.14307
 1.00351
 1.08552
 1.20661
0.986887
 1.20061
0.996338
 1.06121
 1.11074
 1.04285
 1.06605
 1.16719
0.954469
0.867735
 1.00429
 1.05443
 1.15176
0.941825
 1.06577
 1.26764
 1.19409
0.985986
 1.01688
 1.03949
0.865992
 1.20264
 1.23674
 1.55453
  1.5008
 1.03349
 1.37555
 1.25372
0.839135
 1.47453
 1.26819
 1.40466
 1.19015
 1.45192
 1.44342
 1.03488
 1.17402
 1.13827
 1.19177
 1.29529
 1.14048
 1.05624
  1.3876
 1.01598
 1.38378
 1.36536
 1.97809
 1.09978
 1.48347
 1.38817
 1.13472
 1.26726
 1.28891
 1.34118
 1.33337
 1.38786
0.995574
  1.0395
 1.14496
 1.08975
 1.04654
 1.08625
 1.21328
 1.41072
 0.96772
 1.05845
 1.04173
0.974875
 1.12558
 1.27124
 1.24504
 1.03763
 1.16012
 1.32798
 1.02898
  1.1635
 1.02461
 1.30685
 1.29423
 1.67476
 1.12887
 1.22335
 1.28259
 1.11903
 1.06627
 1.33525
 1.20291
 1.29539
 1.08886
 1.35495
0.990912
 1.32263
 1.08675
 1.15843
0.975458
 1.03052
 1.15643
0.982286
 1.30548
0.996158
  1.3156
 1.34554
 1.27393
0.968261
 1.07549
0.978247
 1.02834
 1.29987
0.841187
 1.05684
 1.28555
 1.32666
 1.03568
0.975569
 1.03539
 1.19598
 1.12245
 1.13478
 1.16927
0.981335
 1.01666
 1.05662
 1.14516
   1.162
 1.21279
0.986397
 1.17943
 1.12997
 1.03445
0.919293
0.914017
 1.02016
0.997904
  1.0739
 1.18384
 1.01229
 1.21558
 1.11932
 1.05416
0.928378
 1.10069
  1.0598
0.928423
 1.04086
0.881931
0.867528
0.995926
0.870103
 1.12361
0.947442
 1.14737
0.983538
 1.14629
0.973001
 1.03065
 1.01084
0.932524
 1.14795
 1.01308
 1.04154
 1.00543
 1.00279
 1.21058
 1.04858
 1.03285
0.853563
0.921655
 1.13672
 1.07655
 1.28877
0.943629
0.903579
0.948401
 1.01362
0.906391
 1.02048
 1.09734
 1.14566
  1.1921
0.992927
 1.03877
 1.07474
0.981945
 1.12236
0.918064
0.954627
0.954593
  1.0243
 1.13525
 1.00877
0.860454
 1.14867
 1.20589
 1.07529
 1.02681
0.766104
 1.00894
 1.23495
0.960232
 1.08057
 1.15931
 1.06658
 0.90964
 0.99128
 1.02661
 1.02393
0.987456
0.969435
 1.05891
 1.08022
  1.2109
0.973221
0.948057
0.988754
 1.12954
 1.01049
 1.11203
0.992078
 1.03396
 1.11684
 1.04567
 1.11351
 1.04732
 1.07668
0.904825
 1.02403
 1.04119
 1.01687
 1.12107
0.994305
 1.08937
 1.04488
0.986919
 1.01738
 1.02526
   1.122
 1.09778
0.987213
 1.18701
 1.08091
 1.09913
 1.21583
 1.08553
 1.08872
 1.12056
 1.19535
 1.00153
 1.20461
 1.08188
 1.16574
 1.07546
 1.06959
 0.97883
 1.22648
 1.15622
 1.13885
 1.08602
 1.04312
 1.08556
0.897189
 1.21345
 1.14781
  0.9497
0.961807
0.904178
0.877016
 1.22703
 1.15285
 1.01767
0.941295
 1.02757
0.960288
 1.19296
  1.1004
 1.01457
0.981403
 1.05733
 1.07944
   1.097
 1.24664
0.932489
 1.05471
 1.02098
 1.04383
0.907851
0.982137
0.972283
 1.00144
 1.03981
 1.08331
 1.01464
 1.04457
 1.13051
  1.0849
   1.223
 1.05065
 1.07463
0.889945
 1.09118
 1.07809
 1.02542
 1.14296
 1.04199
 1.06479
0.993145
  1.0493
 1.20006
  1.2197
0.916888
 1.00838
 1.13647
 1.11211
   1.134
0.943339
 1.10623
 1.02949
 1.20048
 1.06781
 1.08664
 1.19783
 1.15184
 1.32863
0.855331
 1.08159
 1.18905
 1.18535
 1.22082
  1.1152
 1.10846
0.982789
0.881604
 1.03235
 1.10141
  1.1372
 1.06405
 1.07967
 1.01237
0.992246
 1.11189
 1.07103
0.925762
 1.13226
0.872565
0.922669
 1.02604
 1.15512
 1.02088
 1.34397
 1.69919
 1.45055
 1.06954
 1.35829
 1.40619
 1.67885
 1.73406
 1.34946
0.978803
 1.99225
 1.60952
 1.62707
 1.64832
 1.37573
 1.47246
  1.2049
0.983438
 1.09233
 1.01223
 1.05429
 1.05191
 1.11217
  1.0574
 1.07661
 1.06145
 1.03544
0.903989
0.951327
 1.03596
 1.13944
 1.10116
 1.22258
  1.0355
 1.11716
 1.20526
  1.0057
 1.08289
0.948477
 1.07747
 1.05097
 1.10449
 1.12039
  1.0641
 1.14284
 1.13356
0.990975
 1.11676
0.871635
  1.0331
 1.04416
 1.16004
 1.25297
 1.01269
 1.03551
 1.14888
0.950764
0.977913
 1.09823
 1.20994
0.987107
0.907108
 1.01526
 1.08965
 1.16353
0.985477
0.977345
 1.04886
 1.12665
   1.046
 1.05687
 1.03332
 1.39057
 1.07262
0.884278
 1.03387
 1.24306
 1.05357
 1.10442
 1.15095
 1.11252
 1.10238
 1.01432
0.847241
0.978689
 1.13733
0.937935
 1.12385
0.941885
0.975857
 1.13666
0.999324
 1.46195
 1.21247
 1.14431
 1.16918
 1.58428
 1.16376
 1.13875
 1.24635
 1.08577
 1.82467
 1.28768
 1.21052
 1.31483
 1.20611
 1.13787
 1.01886
 1.25932
 1.50327
 1.31354
 1.18464
 1.22196
  1.2798
 1.17513
  1.3786
 1.33151
 1.43925
 0.89815
 1.15777
 1.18487
  1.2222
0.906521
 1.08605
 1.03938
 1.10623
 1.28051
 1.01587
 1.12762
 1.17423
 1.22494
 1.08304
 1.08683
 1.00844
 1.09003
 1.09374
 1.08176
 1.26281
0.942161
0.957822
0.923149
 1.25406
 1.00358
 1.02865
 1.19832
0.955912
 1.05934
 1.38851
 1.01249
 1.08237
 1.03483
 1.02858
 1.16488
 1.05146
 1.11059
0.983902
 1.15023
 1.09882
 1.12203
 1.06417
 1.11503
 1.18605
 1.20448
 1.13157
 1.06274
0.919568
 1.02432
 1.10823
0.827764
 1.07332
0.981477
 1.06269
 1.11266
 1.17028
 1.26201
 1.12608
 1.05889
 1.12218
0.997424
 1.07104
  1.0441
  1.0106
 1.03085
 1.12634
 1.14793
 1.08607
  1.0292
 0.99716
 1.10041
 1.06215
 1.02957
 1.01192
 1.16556
0.870847
0.964336
0.874559
0.979887
 1.03775
 1.03506
 1.14975
 1.06482
0.919945
 1.00902
0.874974
0.954858
 1.09089
0.932461
0.997968
 0.97504
  1.0958
0.869964
 1.19822
0.998637
0.983992
 1.14817
 1.10303
 1.17741
 1.11366
 1.02471
  1.0932
 1.28855
   1.134
 1.05624
0.995005
 1.19738
 1.21148
0.846256
0.949968
 1.09646
0.909114
0.936489
 0.91306
 1.05534
 1.09869
   1.134
  1.2097
 1.13344
0.894871
 1.22719
 1.16004
 1.04259
 1.07069
 1.00903
 1.14946
 1.02892
  1.0291
0.989268
 1.03138
  1.0351
 1.02576
 1.06582
 1.08058
0.986598
 1.03772
0.924774
 1.11446
 1.35159
  1.0291
0.960788
 1.20412
 1.31183
 1.26316
 1.20383
0.935568
 1.07806
 1.16907
 1.11944
 1.27409
 1.01519
 1.11031
0.917223
 1.09971
 1.25089
 1.13311
 1.23533
  1.0845
 1.31997
 1.23662
 1.46938
 1.05448
 1.47512
 1.15287
 1.06332
 1.10049
 1.21257
0.995135
0.951006
 1.42928
 1.36083
 1.14222
 1.37344
 1.14844
 1.20186
 1.34446
  1.4463
  1.0762
 1.17155
 1.30101
 1.05622
 1.13401
 1.17182
0.961865
 1.06424
0.927012
 1.25206
 1.00859
 1.13729
 1.02185
 1.12597
0.954611
 1.14497
 1.00532
 1.16964
 1.00909
 1.00207
0.880854
 1.09328
 1.04569
 1.12754
 1.04597
 1.19308
0.977088
 1.13784
 1.06137
 1.06275
  1.0221
0.982147
  1.0508
0.975351
0.846296
 1.09675
 1.12131
 1.07763
 1.29803
 1.15033
0.862241
 1.06181
    1.39
 1.10511
 1.12726
 1.12468
 1.42565
 1.41316
 1.18942
  1.1543
0.924096
 1.07972
 1.12077
 1.23583
 1.24997
 1.11293
 1.11879
0.940462
 1.47668
 1.13887
 1.26784
 1.13225
 1.37087
 1.42211
 1.13499
 1.16004
 1.27681
 1.23414
  1.2007
 1.10281
 1.29164
 1.46538
  1.1723
 1.16174
  1.2169
 1.22528
 1.07089
 1.03611
 1.00864
0.890253
 1.07794
 1.25039
0.936676
   1.034
 1.13401
 1.22214
 1.22149
 0.93197
 1.11854
 1.04169
  1.1127
 1.13011
0.979971
 1.17894
 1.02115
0.870946
 1.00716
 1.02634
 1.01341
 0.95007
0.963297
0.892535
 1.07932
 0.88366
0.989221
 1.18614
 1.07025
 0.80257
 1.04422
 1.01103
0.958058
0.850119
 1.03696
 0.96235
 1.10491
0.918265
 1.02147
0.965246
 1.05813
 1.05325
 1.12586
 1.13665
 0.99671
 1.13354
 1.10297
 1.13402
 1.04692
 1.03221
 1.11753
 1.10268
0.937493
0.927034
  1.0908
 1.02219
 1.08812
 1.03202
0.965511
 1.10207
 1.36924
 1.12326
 1.00328
 1.04613
 1.08381
 1.15499
 1.02237
 1.28135
 1.12847
0.992809
0.930666
 1.14376
 1.15215
  1.1351
 1.15852
 1.14243
0.897948
 1.18905
 1.02827
 1.30161
 1.53837
0.985686
 1.04309
   1.262
 1.16375
 1.03061
 1.31659
 1.39487
 1.20033
 1.00186
 1.07596
 1.25263
 1.12592
 1.40903
 1.27847
0.884361
 1.12606
 1.19054
 1.05335
 1.16158
 1.09406
 1.02694
 1.03064
 1.02467
0.969227
 1.02392
 1.03408
 0.93552
 1.07307
 1.11045
 1.03318
0.958354
 1.10255
 1.12856
 1.12001
 1.12607
0.933416
  1.1992
0.970591
   1.136
0.955184
0.983172
 1.04666
0.977952
  1.0015
0.846533
 1.11744
 1.01434
 1.08436
0.967189
 1.01454
0.817127
 1.08972
 1.21372
 1.03704
 1.13008
 1.12341
 1.17014
0.971897
 1.05458
 1.06055
 1.03774
 1.14568
 1.20359
0.999275
 1.10028
0.940092
 1.05363
0.984154
 1.12989
 1.03513
 0.98471
0.945417
 1.10028
0.970232
 1.09742
0.952563
0.921597
  1.0428
 1.02375
 1.10035
 1.18987
0.931552
0.856303
 1.20976
 1.06424
0.952871
0.993557
 1.01225
0.910562
 1.14412
 1.01975
 1.24209
 1.08617
0.907262
0.877962
 1.00519
 1.11241
  1.0703
0.951484
 1.30714
 1.02226
 1.01001
 1.10998
