 1.08117
 1.16001
 1.13494
0.976805
0.988727
 1.02712
 1.01825
 1.22072
 1.13876
0.831897
 0.93003
 1.07262
 1.20295
  1.0597
 1.11018
 1.09365
 1.14661
  1.0313
0.971584
 0.99228
 1.15778
 1.25179
 1.10018
 1.10061
 1.12267
 1.47668
0.945968
 1.20936
 1.18845
 1.23759
 1.03853
 1.05167
 1.33097
 1.06906
 1.36661
 1.29831
 1.51554
  1.1676
 1.10417
 1.07158
 1.06049
 1.44871
 1.41935
 1.33808
 1.13551
 1.38443
 1.38975
 1.16673
 1.32246
 1.26566
 1.42236
 0.94233
 1.09963
 1.32781
0.904836
 1.07613
 0.98871
 1.02474
0.949215
0.948299
 1.00168
 1.04227
 1.07378
 1.29579
 1.08984
 1.06626
 1.05943
 1.02349
 1.22836
  1.5731
0.947282
 1.37007
 1.22205
  1.4871
 1.11803
  1.0724
  1.1498
 1.04213
  1.2544
 1.53289
 1.31358
 1.09392
 1.23163
 1.29575
 1.08011
  1.3122
 1.06416
 1.20056
0.937159
0.933833
 1.04902
 1.15892
 1.14322
 1.00355
 1.08556
 1.20661
0.983867
 1.20123
0.995721
 1.06219
 1.10695
 1.04105
 1.06584
 1.16762
0.954447
0.865733
 1.00439
  1.0548
 1.15216
0.942436
 1.06545
 1.26771
 1.19827
0.987321
  1.0179
 1.03787
0.866582
 1.19773
 1.23727
 1.55728
 1.49468
 1.03789
 1.37352
 1.25391
0.800851
 1.47831
 1.26648
  1.4025
 1.18779
 1.44758
 1.44812
  1.0324
 1.16744
 1.13439
 1.19493
 1.29656
 1.13486
 1.05285
 1.39088
  1.0143
 1.38543
 1.36433
 1.97344
 1.09691
 1.47392
 1.39263
 1.13153
  1.2657
 1.28484
 1.33687
 1.32482
 1.38095
0.995462
  1.0396
 1.14423
 1.08913
 1.04581
 1.08621
 1.21124
 1.40903
0.966275
 1.05896
  1.0418
0.974159
 1.12241
 1.26883
 1.24443
 1.03462
 1.15982
 1.33155
  1.0279
 1.16277
 1.02386
 1.30334
 1.29324
 1.67318
 1.12939
 1.21967
 1.28262
 1.11603
 1.06993
 1.33243
 1.20362
 1.29761
 1.08736
 1.34996
0.995688
 1.31755
 1.08515
 1.16053
0.975954
 1.02435
 1.15421
0.980888
 1.30869
 0.99588
 1.31564
 1.34624
 1.27136
0.969329
 1.07356
 0.97715
 1.02885
 1.29969
 0.84174
 1.05689
 1.28116
 1.32652
 1.03593
0.975775
 1.03547
 1.19479
 1.12377
 1.13393
 1.16841
0.979328
 1.01632
  1.0567
 1.14417
  1.1624
 1.21049
0.985484
 1.17701
 1.12984
  1.0344
0.919581
0.914149
 1.01967
0.998256
  1.0738
 1.18201
 1.01204
 1.21585
 1.11961
 1.05536
 0.92838
 1.09961
 1.05984
0.928765
 1.04511
0.881754
0.867574
0.995874
0.870075
 1.12133
0.946595
 1.14715
0.983276
  1.1461
0.970128
 1.03056
 1.01077
0.934523
 1.14579
 1.01305
 1.04036
 1.00529
 1.00231
 1.21032
  1.0486
 1.03215
0.854532
0.922221
 1.13665
 1.07727
 1.28845
0.942891
 0.90467
0.949205
 1.01385
0.906542
 1.02286
 1.09728
 1.14252
 1.19031
0.992228
 1.03796
 1.07521
0.980496
 1.12015
 0.91871
0.952847
0.955086
 1.02452
  1.1354
 1.00826
0.860642
 1.14846
 1.20388
  1.0753
 1.02764
0.765982
 1.00809
  1.2344
 0.95838
 1.08053
 1.15888
 1.06627
0.910074
0.989751
 1.02661
  1.0221
0.987364
0.969224
  1.0576
 1.07886
 1.21054
 0.97386
0.948184
0.988809
 1.12921
 1.01009
 1.11288
0.991803
 1.03242
 1.11736
 1.04506
 1.10875
 1.04287
 1.07702
0.888809
 1.02763
 1.02999
 1.01914
 1.11908
0.991135
 1.08971
 1.04174
0.986684
 1.01383
 1.02636
 1.12171
 1.09728
0.988135
 1.18528
 1.08044
  1.0953
 1.21908
 1.09154
 1.08645
 1.12506
 1.20363
 1.00127
 1.20565
 1.07844
 1.16277
 1.07681
 1.07005
0.974319
 1.23299
 1.15525
 1.13948
 1.08416
 1.04133
  1.0879
0.896963
 1.21348
 1.14771
0.948685
0.960132
0.903876
 0.87701
 1.22833
 1.15286
 1.01811
0.939625
 1.02733
0.960123
 1.19312
  1.1009
 1.01437
0.982186
 1.05841
 1.07956
 1.09739
 1.25036
0.932853
 1.05479
 1.02066
 1.04489
0.907381
 0.98187
0.968597
 1.00078
 1.04059
 1.08314
 1.01565
 1.04429
 1.13328
 1.08395
 1.22211
 1.05073
 1.07481
0.889585
 1.08572
 1.07755
 1.02492
 1.14173
 1.04231
 1.06441
0.994634
 1.04867
 1.20015
 1.22013
0.917338
 1.00748
  1.1367
 1.11241
 1.13237
0.943463
  1.1068
 1.02854
 1.19966
 1.07375
 1.08565
 1.19508
 1.15171
 1.33237
 0.85829
 1.08075
 1.18908
 1.18621
 1.21947
 1.11564
 1.10831
0.985458
 0.88237
 1.03287
  1.1014
 1.13741
  1.0603
 1.07966
 1.01243
0.993346
 1.11374
 1.07452
0.919552
 1.13069
0.871837
 0.92292
 1.02816
 1.15395
 1.01866
 1.34403
 1.70167
 1.45008
 1.06905
 1.35853
  1.4091
 1.67922
  1.7344
 1.34815
0.978543
 1.99576
 1.60827
 1.62749
 1.64463
 1.38167
 1.47092
 1.20472
0.983604
  1.0933
 1.01241
 1.05424
 1.05294
 1.11244
 1.05808
  1.0768
 1.06164
 1.03467
0.904592
0.950567
 1.03675
 1.13928
 1.10469
  1.2225
 1.03527
 1.11574
 1.20201
 1.00614
 1.08078
0.948518
 1.07653
 1.05123
 1.10784
 1.11824
 1.06318
 1.14267
 1.13473
0.994251
 1.11387
0.872621
  1.0332
  1.0445
 1.16458
 1.25273
 1.01296
  1.0361
 1.14885
0.951468
0.977956
 1.10173
 1.20966
0.987398
0.907011
 1.01541
 1.08819
 1.16162
0.983726
0.978118
 1.04896
 1.12917
 1.04735
 1.05662
 1.03208
 1.39062
 1.06998
0.883909
 1.03339
 1.24447
 1.05382
 1.10308
 1.14969
 1.11242
 1.10281
 1.00928
0.848025
0.978675
 1.13713
0.937822
 1.12377
0.941551
0.975762
 1.13628
 1.00124
 1.45166
 1.21364
 1.13871
 1.16989
 1.58156
 1.16093
 1.13954
 1.24559
 1.08454
 1.81061
 1.28933
 1.20446
 1.31582
 1.20552
 1.13846
 1.01881
 1.25594
 1.50351
 1.30753
  1.1872
 1.21732
 1.27666
 1.17275
 1.37951
 1.33078
 1.43682
0.897135
   1.159
 1.18404
 1.22205
0.906602
 1.08655
 1.03987
  1.1076
 1.28105
 1.01469
 1.13394
 1.17421
 1.22244
 1.08313
 1.08731
 1.00848
 1.08977
 1.09386
 1.08354
 1.26227
0.942104
0.956996
0.924182
  1.2543
 1.00197
 1.02886
 1.19824
0.955846
 1.05941
 1.38839
 1.01235
 1.08155
 1.03473
 1.02783
 1.16388
 1.04994
 1.11058
0.984528
 1.15122
 1.09823
 1.11995
 1.06177
 1.11482
 1.18632
 1.20723
 1.12958
   1.062
0.920569
  1.0246
 1.10771
0.828487
 1.07355
0.982944
 1.06149
 1.11634
 1.17186
 1.26209
 1.12406
 1.05838
 1.12183
0.997348
 1.06915
 1.04437
 1.01295
 1.03235
 1.12642
 1.14512
 1.08573
 1.03098
0.996675
 1.10098
 1.06331
 1.02904
 1.01027
 1.16534
0.870333
0.965412
0.871752
0.980176
  1.0379
 1.03474
 1.14988
 1.06612
0.919673
 1.00848
  0.8749
0.955385
 1.08906
0.932607
0.997034
0.976352
 1.09658
0.869731
 1.20045
 1.00072
0.988289
 1.14624
  1.1029
 1.17632
 1.11353
 1.02485
 1.09294
 1.28933
 1.13534
 1.05669
0.993264
 1.19661
 1.21039
0.846136
0.949988
 1.09659
0.908645
0.935845
0.913007
 1.06035
 1.09908
 1.13343
 1.20859
 1.13303
0.895126
 1.22758
 1.15968
  1.0435
 1.06938
 1.00899
 1.15035
 1.03163
 1.02995
 0.98906
 1.03294
  1.0351
 1.02468
 1.06588
 1.07919
0.986501
 1.03751
0.924193
 1.11425
 1.34971
 1.02873
0.960947
 1.20422
 1.31129
 1.26404
 1.20349
0.933708
 1.08052
 1.16881
  1.1176
 1.27164
 1.01532
 1.11026
0.921283
 1.09864
 1.24953
 1.13354
 1.23522
 1.08532
 1.31935
 1.23496
 1.46975
 1.05508
 1.47476
 1.15236
 1.06319
 1.10102
 1.21271
0.995095
0.951294
 1.43024
 1.36041
 1.14218
 1.37178
 1.14825
 1.20155
 1.34169
 1.44722
 1.07627
  1.1717
 1.30142
 1.05529
 1.13412
 1.17157
0.960937
  1.0624
0.926531
  1.2529
 1.00857
 1.09237
 1.02009
 1.12436
0.955751
 1.14436
 1.00466
 1.16969
 1.00909
 1.00154
0.880903
 1.09039
 1.04587
 1.12772
  1.0441
 1.19303
0.977203
 1.13636
  1.0587
 1.06373
 1.02476
0.981968
 1.05204
0.969596
0.846485
 1.09638
 1.11922
 1.07778
 1.29763
  1.1484
0.862352
 1.06302
 1.39077
 1.10606
 1.12615
 1.12366
 1.42631
 1.41339
 1.18944
 1.15835
0.923812
 1.07967
 1.11986
 1.23554
 1.24997
 1.11284
 1.11837
0.940093
 1.47722
 1.13898
 1.26795
 1.12946
 1.37054
 1.42229
 1.13555
 1.16088
 1.27608
 1.23505
 1.20039
 1.10408
 1.29084
 1.46561
 1.17214
 1.16142
 1.21991
 1.22563
 1.07008
 1.03677
 1.01033
0.890714
 1.08079
 1.25056
0.936328
 1.03394
 1.13402
 1.22205
 1.22138
0.933432
 1.12042
  1.0416
 1.11219
 1.13175
0.980751
 1.17646
 1.02064
0.870861
  1.0072
  1.0266
 1.01314
0.949945
0.957365
0.893454
 1.07815
0.883681
0.989708
 1.18505
  1.0708
0.802522
  1.0444
 1.01167
 0.95609
0.846148
 1.03762
0.962118
 1.10495
0.918249
  1.0238
 0.96698
  1.0592
 1.05322
 1.12421
 1.13349
0.996766
 1.13205
  1.1033
 1.13293
 1.04697
 1.03206
  1.1163
 1.10267
 0.93829
0.925965
 1.08995
 1.02233
 1.08806
 1.03315
 0.96056
 1.10158
 1.36921
 1.12316
 1.00162
 1.04585
 1.08438
 1.15514
 1.02219
 1.27739
 1.12794
0.993024
0.931358
 1.14387
 1.15205
 1.13428
 1.15845
 1.14298
0.897938
  1.1889
 1.02827
 1.30196
 1.53605
0.985249
  1.0427
 1.26206
 1.16394
 1.03132
  1.3166
 1.39448
 1.19934
 1.00191
 1.07568
 1.25266
 1.12598
 1.40834
 1.27852
0.884234
 1.12711
 1.19048
 1.05422
 1.16189
 1.09423
 1.02409
 1.02989
 1.02454
0.967342
 1.02227
 1.03483
0.933473
 1.07295
 1.11046
 1.03314
0.958901
 1.10232
 1.12878
 1.12127
 1.12613
 0.93694
 1.19798
0.967456
 1.13557
0.955075
0.982551
 1.04598
0.976911
 1.00159
0.846707
 1.11813
 1.01463
 1.08423
0.965733
 1.01553
0.816725
 1.08991
 1.21823
 1.03691
 1.13078
  1.1235
 1.17092
0.971642
 1.05572
 1.05845
 1.03759
 1.14778
 1.20403
0.999009
 1.10021
0.940638
 1.05336
 0.98309
 1.12973
 1.03502
0.984323
0.943987
 1.10031
0.970701
 1.09815
0.951879
0.923106
 1.04615
 1.02162
 1.10093
 1.19009
0.931249
0.856293
 1.21006
 1.06392
0.952739
0.991638
 1.01236
0.910787
 1.14421
 1.01937
 1.24242
 1.08591
 0.91026
0.878676
 1.00814
 1.11314
 1.06925
0.951552
 1.30717
 1.02242
 1.01042
 1.10984
