0.954908
 1.19998
0.925778
0.910743
0.887859
0.952537
 1.11882
0.989268
  1.0109
 1.26779
0.981932
  1.2918
 1.05375
 1.11063
  1.3482
 1.36394
 1.11695
 1.15154
 1.16009
 1.16018
 1.21505
 1.24208
 1.02258
 1.33284
 1.16471
 1.17158
0.976407
 1.04196
0.845504
0.874914
 1.06349
 1.01949
 1.02224
0.914826
0.998746
0.971175
 1.05792
0.877964
0.900337
 1.03042
 1.07952
 1.06159
0.924594
0.994791
 1.15539
0.984015
 1.03073
0.974148
 1.06196
0.967753
 0.98052
 1.07257
0.989256
 1.06964
 1.14144
0.960184
 1.00763
 1.14161
 1.00551
 1.05274
 1.02689
 1.06781
 1.00474
 1.07296
 1.00803
 1.12749
 1.04737
 1.09988
 1.01925
0.978283
 1.05772
 0.96396
 1.00588
 1.09833
 1.08596
0.970366
  1.0126
 1.11554
 1.05035
0.979259
 1.13973
 1.11246
 1.00592
 1.00326
0.915357
 1.05351
0.907657
0.958008
 1.11251
0.999461
 1.06796
0.995251
 1.02658
 1.00476
 0.92586
0.994862
 0.91331
  1.0346
 1.00324
0.853429
 1.00463
0.944624
  1.0259
0.949047
0.921742
0.779026
0.964033
0.958975
 1.07267
  1.0051
 1.11975
0.972487
 1.02359
0.873096
 1.04099
 1.06829
0.967897
0.916665
0.815805
0.928695
 1.00816
0.939093
0.987441
 1.09722
0.948206
0.990782
0.994103
0.907426
 1.01878
0.955055
0.882808
 1.08276
0.911261
 1.08085
 1.01432
0.961904
0.927384
0.855783
 1.00972
 1.09813
  1.1106
0.909134
 1.03532
 1.06963
0.967651
  1.0797
0.894759
 1.04902
0.946037
 1.06197
0.919244
 1.13158
 1.06412
 1.07582
0.955085
 1.01891
0.916391
 1.04375
 1.04299
0.968564
 1.12718
 1.03347
 1.10751
 1.03741
 1.06797
 1.09485
0.974367
 1.04763
 1.16298
 1.10972
0.889577
  1.2019
 1.10582
 1.14177
 1.02746
  1.1548
0.975597
 1.02598
 1.04823
 1.13195
 1.03761
  1.1427
 1.14449
  1.1247
  1.0086
  1.0867
 1.17347
 1.16045
 1.25939
 1.06708
 1.16333
 1.14275
 1.04993
 1.26532
0.946169
 1.11226
 1.03542
 1.11983
 1.14324
  1.0196
 1.07181
 1.18268
 1.02755
0.860528
0.916962
 0.94743
 1.29096
 1.16156
0.952361
 1.52575
0.878807
 1.14787
 1.24864
 1.19678
 1.11173
 1.05211
 1.19825
0.994613
 1.08884
 1.00382
0.997612
0.972723
 1.08296
0.982744
 1.04161
 1.09453
0.946173
0.853773
0.941567
 0.98803
 1.04128
0.944316
0.883452
 1.04138
 1.18769
 1.39319
 1.16688
 1.49454
 1.41286
 1.13391
 1.21902
 1.02305
 1.49957
 1.51105
 1.38525
 1.09515
 1.10992
0.983986
 0.95177
  1.0031
 1.04025
0.951477
0.990917
0.922808
 1.07079
 1.09928
 1.09349
  1.0908
 1.01952
 1.04805
 1.20053
 1.08933
0.927394
 1.19001
 0.99925
0.920981
 1.01501
 1.03217
0.996142
0.951011
 1.00355
0.956926
 1.03199
 1.19036
  1.0611
0.839328
0.991683
 1.09455
0.922335
 1.16681
 1.01097
0.947024
0.956399
0.859747
   0.947
0.986444
0.986579
 1.11701
0.855569
0.971827
0.941452
0.979742
0.967029
0.879573
 1.11032
 1.06349
 1.05999
 1.06953
 1.09314
0.931742
 1.05434
 1.06853
0.971823
 1.00243
  1.0422
0.952801
 1.02084
  1.0868
 1.05162
 1.02728
0.879934
0.934374
0.967051
 0.92386
 1.00192
0.952058
0.964631
 1.12645
0.842547
0.863236
 1.02037
0.978137
0.901126
0.950598
 1.09004
0.970923
 1.14465
 1.00024
0.866758
 1.20937
 1.03518
0.939316
 1.01992
0.976157
  1.1578
 1.04303
0.981122
 1.01221
 1.05779
 1.37073
0.981954
0.929404
 0.98952
 1.06578
 1.03569
0.979078
 0.89402
0.928846
 1.11535
 1.06111
0.933264
0.986245
 1.05636
 1.05757
 1.10784
 1.05329
0.909447
 0.98816
 1.02985
 1.13716
 1.11283
 0.98811
0.910206
 1.02422
0.973857
 1.09395
 1.02381
 1.09555
 1.08935
 1.05646
0.908492
0.928407
0.888034
0.971369
 1.07434
 1.05446
 1.01398
0.980819
 1.15299
 1.11147
0.852667
0.974263
0.939404
 1.06326
 0.96064
 0.96858
 1.00487
0.925828
 1.00783
 1.01131
0.901586
0.928116
 1.10423
0.908008
0.976042
 1.06032
 1.03738
 1.02503
 1.04976
0.961908
0.947394
 1.14247
 1.10701
0.972273
0.886741
 1.10903
 1.05008
 1.02502
 1.06713
 1.06054
 1.03044
0.942704
 1.04697
0.900556
0.921815
  1.0716
 1.00353
 1.05162
 1.02302
0.916708
0.979727
 1.22046
 1.03624
  1.0049
 0.95731
0.908136
 1.04814
0.911269
0.983968
0.943413
0.978412
0.877905
0.934449
 1.26995
0.971201
0.921155
0.996692
0.891179
 1.06268
 1.18884
0.895538
0.937118
 1.03108
 1.18678
0.984828
  1.0528
 1.06159
0.912641
 0.98819
0.928622
0.947908
0.955244
0.935815
 1.03017
 1.06964
 1.13468
0.968809
0.855787
 1.03083
0.991939
 1.01532
 0.94411
0.909909
0.963832
 1.06662
 1.05957
 1.10869
0.913232
 1.06261
0.985057
0.879623
  1.0017
 1.18412
0.913961
0.849479
0.949351
 1.18238
 0.89308
0.971336
0.846727
 1.01697
0.945647
  1.0494
 1.00327
0.957298
0.967508
0.986098
 1.01654
0.936368
0.926318
 1.07093
 1.01495
 1.06231
 1.01827
 1.14931
0.909369
0.973559
0.973382
0.941769
0.809901
  1.0806
0.910631
 1.06064
0.897601
 1.03479
0.998804
0.868903
0.922857
0.978674
 1.00002
 1.04437
 1.07553
0.972108
0.976342
 1.00958
0.954352
0.992934
0.759443
0.863438
0.935692
 1.06545
 1.02809
0.917498
0.978763
0.912181
 1.00003
  1.0468
0.910168
0.997444
 1.09101
  0.8993
 1.05173
  1.0241
0.991534
 1.10564
 1.07878
 0.95178
 1.11448
0.871554
 0.89316
0.991974
0.949203
0.949236
 1.02645
0.824307
 1.09619
   1.168
0.965917
0.888658
0.815417
 1.01648
 0.91481
 1.19801
0.876948
 1.17391
 0.95668
0.948277
0.985079
0.964297
 1.05917
 0.97446
 0.95894
 0.94398
0.929519
 1.03808
 1.02206
0.989962
 1.27745
 1.09536
 1.11089
 1.05904
0.937303
 1.05758
0.916203
 0.99867
 1.03159
0.883686
  1.0606
 1.12002
 0.94871
 1.03794
0.959264
0.806162
 1.02045
 1.08486
0.980103
  1.1616
 1.00718
0.871251
 1.01673
0.967364
  1.0411
0.985279
 0.92143
0.988518
0.977607
0.997081
 0.96303
 1.00382
 1.10438
 0.95284
0.951772
 1.01709
 1.00762
 1.16852
 1.00503
0.857753
 1.09493
 1.16117
 1.06515
 1.01919
0.983776
 1.10806
  1.0708
 1.00592
0.980985
0.922081
   1.094
 1.07969
 0.97135
 0.98964
  1.0495
0.972642
 1.12477
0.993235
0.815902
0.997773
0.942964
0.973292
 1.09457
 1.22212
 1.18985
0.951898
0.972834
 1.10447
 1.10324
0.969165
0.888129
0.951421
  1.0196
 1.04291
0.955345
 1.06764
 1.12772
0.893009
0.984465
0.995854
0.872184
0.841201
 1.16267
0.919465
 1.03703
0.998242
 1.02286
 1.11017
 1.01164
 1.01776
 1.15103
0.926383
0.993514
0.999469
  1.0549
 1.09385
 0.99135
 1.05049
 1.00539
 1.00209
0.972669
 1.01959
 1.04525
  1.0525
0.868905
0.950523
 1.01332
 0.92196
 1.21446
 0.91891
 1.06421
 1.07343
  1.0659
 0.95418
 1.24185
 1.03589
0.950868
0.790053
0.912819
0.966734
0.872116
0.935443
0.984594
 1.00555
0.965316
 1.05453
 1.16382
 1.00514
 1.04283
 1.09073
 1.06552
0.948763
0.957217
 1.08174
 1.12726
0.944824
0.955921
0.917093
0.957552
 1.03343
  1.0562
0.918893
0.934328
 1.04225
 1.03545
 1.07417
0.959262
0.992257
 1.09922
 0.98109
 1.24897
 1.02931
0.990518
0.899073
0.995024
0.950724
  1.0252
0.836058
 1.11557
0.883407
0.965972
 1.06024
0.914998
 1.09619
 1.08176
 1.01267
0.968468
 1.05015
 0.96915
 1.18707
 1.24548
 1.08027
 1.06421
  1.0061
  1.0677
0.993723
0.778591
0.900767
 1.03891
0.850542
 1.18712
  0.9912
 0.86428
0.918695
0.965991
 1.08393
0.936613
 1.04821
0.992105
0.926747
 1.11053
0.990333
0.904678
  1.1592
 1.00769
  1.0365
0.944446
0.992794
0.995555
 1.13298
  1.1369
 1.10332
 0.94396
 1.06446
 1.03402
 0.98119
0.925413
 1.07808
 1.17613
0.952633
 1.13402
 1.08515
 1.01683
 1.03789
 1.00011
  1.0169
0.840286
 0.80272
0.978781
 1.00561
0.849774
 1.06237
 1.17899
  1.0399
 1.04114
  1.0256
0.919793
   1.029
  1.1677
 1.11661
0.971211
0.941279
  1.0823
  1.1141
 1.11315
 1.06445
 1.05435
 1.01389
0.861202
0.882431
 1.16073
0.958268
0.864128
 1.29868
 1.02844
 1.19618
 1.21296
 1.16292
 1.31727
 1.57277
 1.62485
 1.60322
 1.61035
  2.8338
 1.42776
 1.50235
 1.73931
  1.6001
 1.50135
 1.02373
 1.18578
 1.16154
 1.34625
 1.09894
 1.02349
0.868133
0.998936
0.872571
0.961252
 1.05427
0.889124
0.981229
 1.13484
 1.28041
 1.02117
 1.01056
0.774026
 1.00422
 1.02825
  1.1238
0.986717
 1.07295
0.970521
 1.06377
 1.01645
0.812569
 1.07298
0.910101
0.940179
 1.06393
 1.09418
0.917578
0.968819
 1.03389
 1.14358
 1.01684
0.965153
 1.13344
 1.13787
 1.05416
0.920394
0.970244
 1.01677
 1.15326
 1.03313
 1.01003
 1.02919
0.880226
 1.10401
  0.9326
0.933507
 1.01999
0.988673
  0.9946
 1.37521
  1.0644
0.958241
 0.95648
 1.02003
0.959536
 1.06976
0.987621
  1.0814
 1.17582
 1.05066
 1.08136
 1.31594
0.975773
 1.01317
0.924961
0.950539
 1.02195
 0.86793
0.947339
 1.09377
 1.16715
0.961047
0.957771
 1.12339
 1.00315
 1.02491
0.763171
0.985108
 1.01685
 1.10061
 1.05084
 1.05283
0.940277
0.978007
 1.02473
 1.06026
 0.99451
0.990365
 0.97518
 1.05439
 0.98111
 1.17813
 1.03608
 1.03505
 1.01946
0.984494
 1.01528
0.944311
0.854735
 1.07618
 1.10998
 1.12254
 0.90854
 1.01068
 1.22728
 1.05756
0.964926
 1.02183
  1.0513
 1.10445
 1.00712
  1.0236
 1.07453
0.959318
 1.08052
 1.00091
 1.07749
 1.04213
  1.0987
 1.08461
0.911905
0.861742
0.956973
 1.09234
0.966832
 1.01193
 1.01711
0.930194
 1.03094
 0.89546
 1.24366
 1.23036
0.927099
0.948553
 1.06285
  1.1316
0.892782
 1.00607
 1.00906
0.927354
 1.16133
 1.09087
0.859391
0.907774
 1.10193
0.960373
 1.09512
 1.03699
 1.04037
 1.05043
0.974199
 1.05269
0.977253
0.879365
 0.92982
 0.92631
 1.14376
0.990344
 1.03175
0.928957
0.982298
 1.02716
0.904382
  1.0336
0.946423
0.943748
0.932948
 0.94592
