 1.00082
 1.17383
0.998253
 1.07005
 1.08092
 1.03771
 1.20544
 1.41554
 1.61823
 1.57609
 1.13414
 1.32378
 1.26752
 1.19661
 1.37889
 1.15218
 1.32571
 1.14232
  1.3488
 1.16408
 1.42576
  1.0635
 1.46353
 1.47355
  1.1798
  1.3834
 1.35673
 1.51495
 1.35721
 1.21715
  1.5797
 1.06897
 1.09084
   1.121
  1.1285
  1.1182
 1.15905
  1.1512
 1.09757
 1.19522
 1.34396
 1.09186
 1.13437
 1.26008
 1.23984
0.945307
 1.02538
  1.0916
 2.00918
 3.27325
 1.44052
 2.49496
 1.26911
 3.61108
 2.38809
 2.27659
 4.49388
 1.66794
 2.47516
 1.89093
   2.966
 2.57045
 3.49825
   1.272
 1.11061
 1.20913
   1.254
  1.2229
 1.67176
 1.28979
 1.70853
 1.52043
 1.02415
 1.22094
 1.20539
 1.10684
 1.08528
 1.13987
  1.2296
 1.27616
  1.3033
 1.18743
 1.27043
 1.30617
 1.23805
 1.20709
 1.23945
 1.15399
 1.40617
 1.16169
 1.08761
 1.29347
 1.04864
0.967825
 1.29416
0.970131
 1.14395
 1.04074
 1.09391
 1.06298
 1.27012
 1.11939
   1.031
  1.2315
 1.15586
  1.1055
 1.11821
 1.15878
0.877838
 1.16342
 1.10138
 1.03695
0.940321
  1.1558
 1.02556
0.863949
  1.1106
 1.11611
 1.08605
 1.10924
 1.21503
 1.05997
 0.96899
 1.04177
 1.02542
 1.17241
 1.16123
 1.08652
 1.07654
 1.14596
 1.04476
 1.20593
 1.23913
 1.16838
 1.09565
 1.25282
 1.14854
 1.06861
0.955925
 1.23197
 1.07886
  1.2224
0.923713
 1.14659
 1.17721
  1.2965
 1.13905
0.940131
 1.10722
 1.18529
 1.17944
 1.42922
 1.23784
 1.10613
 1.07467
  1.0033
 1.06975
 1.08365
 1.23015
0.984391
 1.09135
 1.21689
 1.06207
 1.18589
 1.06486
   1.142
 1.27151
 1.23185
 1.12911
 1.18371
 1.16768
   1.139
 1.14943
 1.12675
 1.08494
 1.08879
 1.17627
   1.171
 0.98983
 1.31112
 1.18683
 1.11278
 1.31706
 1.22478
 1.04467
 1.10096
 1.22257
 0.97326
 1.15682
 1.14225
 1.09929
 1.05413
0.820043
 1.00042
 1.25061
0.888274
 1.20856
 1.06528
 1.07127
  1.2042
 1.20615
 1.06289
 1.08952
 1.10859
 1.12959
 1.18112
 1.33255
 1.30155
 1.13656
0.990497
 1.19336
 1.18402
 1.04149
 1.38781
  1.2568
 1.17148
 1.06399
 1.07045
 1.04102
 1.19367
 1.05019
 1.09492
 1.21006
 1.10044
  1.0041
 1.19777
 1.01093
 1.05446
 1.13756
 1.08666
 1.24638
 1.19048
 1.15701
0.945006
0.911587
 1.06109
 1.04743
 1.16438
 1.07492
 1.03192
 1.22289
 1.05923
 1.09036
 1.27403
 1.15831
  1.0666
 1.13113
 1.00378
 1.13684
 1.14181
 1.21345
 1.08334
0.974172
 1.17721
  1.0858
  1.1291
0.984708
 1.02395
 1.37045
 1.11372
 1.13428
 1.16106
0.988336
 1.24411
 1.04294
0.930425
 1.01095
0.973535
 1.16618
 1.06413
 1.16006
  1.0527
 1.00183
 1.02421
 1.18634
 1.13931
 1.08445
 1.09306
 1.16631
 1.04009
0.939508
 1.05272
 1.21078
0.984811
 1.03618
 1.06593
0.964095
0.982523
 1.12071
 1.10304
  1.0361
 1.03711
 1.23816
0.997696
  1.1064
 1.24735
  1.0168
 1.04576
 1.07333
 1.02714
 1.14524
 1.18225
 1.16074
 1.08767
 1.19929
  0.9316
 1.06249
 1.03816
 0.98957
 1.09702
 1.11608
 1.00554
0.929548
 1.21925
 1.06646
 1.20687
 1.13375
 1.45783
 2.47985
 2.17066
 1.30667
 1.46033
 1.78543
 1.65476
 1.75314
 1.94204
 1.73176
 1.38817
 1.52634
 1.30058
  1.1343
 2.14435
 1.71397
 1.25835
 1.91223
 1.37561
 1.09055
 1.27577
 1.04814
 1.30806
 1.31012
 1.40545
 1.15223
 1.38158
 1.09372
 1.31283
 1.65736
 1.37533
 1.11918
 1.51258
  1.2411
 1.68363
 1.23916
 1.39025
 1.36291
 1.28225
 1.29966
 1.29592
 1.20562
 1.33031
 1.26164
 1.52711
 1.13949
 1.12309
 1.01217
 1.05683
0.982184
 1.13801
  1.0718
 1.23489
 1.33128
 1.06962
 1.19123
 1.08546
 1.18749
  1.1578
 1.29487
 1.08798
 1.07548
 1.15923
 1.15088
 1.13882
 1.14697
 1.06194
 1.17193
  1.0891
 1.04955
 1.09971
 1.00966
 1.21841
 1.07737
 1.14669
 1.01685
 1.26424
 1.05847
 1.09128
 1.07239
 1.28426
 1.20831
 1.14013
 1.14925
 1.12973
 1.14731
0.997178
0.984563
0.889167
0.883822
 1.10555
 1.02089
 1.21416
 1.22685
 1.15317
 1.01961
0.968716
 1.20693
 1.16368
 1.10676
 0.97042
 1.06918
 1.07882
 1.19025
0.906739
 1.34687
  1.1955
 1.37617
 1.16088
 1.10651
 1.24086
0.958621
0.971647
 1.12842
 1.13496
0.962286
  1.2116
0.985927
 1.23303
 1.17038
 1.23015
  1.0803
0.964376
 1.05114
  1.0131
  1.1707
 1.09079
 1.19774
 1.07189
 1.02127
 1.27662
0.988212
 1.34846
 1.14395
 1.04628
 1.15555
 1.14676
 1.00857
 1.04356
 1.12421
 1.09102
 1.22927
0.946236
 1.07614
 1.10277
 1.14944
    1.76
 1.24945
  1.7858
 1.81715
 1.20802
 1.21423
 1.46861
 1.76497
 1.38331
 1.44667
 1.68777
  1.3797
 1.22728
 1.65235
 1.84964
 1.54117
 1.50632
  1.7619
 1.34397
 1.74871
 1.23054
 1.62089
 1.28195
 1.34641
 2.11434
 1.60697
 1.21944
 1.82332
 1.12846
 1.09701
 1.03683
 1.11018
 1.02707
 1.13002
0.970394
 1.32129
  1.0797
 1.25473
 1.09165
 1.40166
  1.1786
 1.02741
 1.08303
  1.1772
  1.0613
0.989563
 1.02287
 1.15957
 1.17027
0.989227
 1.13591
 1.06693
 1.02045
 1.25219
 1.12001
 1.46826
 1.29142
 1.25231
 1.29593
 1.46539
 1.15609
 1.16012
 1.17097
 1.78227
 1.20712
 1.43746
 1.37053
 1.28892
 1.29211
 1.21158
 1.17925
  1.1534
 1.20942
  1.3715
 1.15363
 1.36137
 1.46215
 1.18265
 1.37903
 1.33893
 1.17547
 1.01634
 1.51484
 1.30985
 1.13469
 1.22877
 1.08669
 1.12079
 1.37216
 1.22417
  1.1837
 1.12393
 1.03661
 1.15333
 1.08286
 1.24678
  1.0315
 1.20119
 1.27103
 1.15613
 1.04511
0.984968
 1.04905
 1.05535
 1.19602
 1.34513
 1.29036
 1.06322
 1.05927
 1.09582
 1.03488
 1.06561
 1.27967
 1.24748
 1.12424
 1.03042
 1.09228
0.907068
 1.05284
 1.15671
 1.08717
  1.1352
 1.07286
 1.09897
 1.09938
 1.15462
 1.10589
 1.06837
0.978826
0.915352
 1.03778
 1.02286
  1.2862
 1.04713
 1.16021
 1.26663
 1.18384
 1.24498
 1.18877
 1.26434
 1.05886
 1.15813
 1.19471
 1.10366
 1.16576
 1.09773
 1.10694
 1.11883
 1.19151
 1.04848
 1.06455
 1.15609
 1.11707
 1.12614
 1.10083
  1.1782
 1.16349
 1.16415
 1.86496
 1.13385
 1.33785
 1.30195
 1.38186
 1.13092
 1.47911
 1.40893
 1.41771
 1.46825
 1.55827
 1.56627
 1.25412
 1.38418
 1.35468
 1.33723
 1.79316
 1.48587
  1.1151
 1.33627
 1.87808
  1.8431
 1.23496
 1.43444
 1.25847
 1.40387
   1.424
 1.39067
 1.31433
 1.30258
 1.16603
0.986621
 1.39679
 1.26417
  1.2046
 1.39509
 1.25616
 1.40611
 1.10795
 1.49574
 1.39635
 1.39072
 1.42666
 1.40556
 1.18083
 1.39278
 1.37803
  1.2182
 1.23058
  1.5829
 1.04762
0.965874
 1.17948
0.962379
 1.01885
 1.17868
 1.30084
 1.21835
 1.33551
 1.33481
  1.8446
 1.83108
 1.55998
 1.89424
 1.10955
 1.29504
 1.45083
 1.99526
 1.78328
 1.60654
 1.41221
 1.29433
 1.83557
 1.19553
 1.35306
 1.07308
 1.19997
 1.06784
 1.29052
 1.09422
 1.13115
 1.16665
 1.25708
 0.91787
 1.16968
 1.23879
 1.11497
 1.19376
 1.06702
 1.09555
 1.07437
 1.19194
 1.11713
 1.04146
 1.19579
 1.17776
 1.19398
 1.20988
 1.09669
 1.19147
0.960613
0.968084
  1.1201
0.979702
 1.15828
 1.27368
 1.19246
 1.10254
0.926517
 1.15237
 1.27687
 1.17584
 1.11421
 1.14077
 1.01401
 1.10659
 1.12125
 1.19521
 1.16198
 1.27039
 1.12938
 1.07776
  1.1315
0.958347
 1.07559
 1.02449
 1.06267
 1.21767
 1.14232
 1.00901
 1.04064
 1.06522
 1.08651
  1.0249
 1.56169
 1.53982
 2.32152
 1.82571
 1.89437
 2.91342
  5.7008
 3.88583
 1.73024
 4.93358
 4.71518
  4.3191
 2.81273
 1.99477
 3.23031
  2.7456
 4.08149
 3.03094
 3.63089
 1.56057
 4.93731
 0.99944
 1.09769
 1.02036
 1.01762
 1.06817
   1.853
 2.08956
 3.13758
 2.89988
 2.01005
  2.0683
  2.1831
 1.99196
 2.40066
 1.59709
 2.27762
 1.26343
 2.40006
 1.46151
 3.11437
  1.9996
 2.21838
0.956772
 1.02087
 1.15721
 1.07312
0.984519
 1.18221
 1.17605
 1.14327
 1.16616
 1.09927
  1.0428
0.945393
 1.08874
 1.05356
 1.15186
 1.09806
  1.0111
 1.14649
 1.28803
0.948107
 1.23189
 1.19587
 1.09644
 1.13848
 1.01193
0.988019
 1.02647
 1.03754
  1.2732
 1.24004
0.935953
  0.9644
 1.11616
 1.27948
 1.04493
 1.20639
 1.07842
 1.14719
0.997155
  1.0497
 1.25138
  1.0468
 1.18711
 1.13511
 1.02545
 1.12797
 1.04586
 1.11832
 1.17127
  1.2054
 1.08822
 1.14243
 1.01834
 1.20414
 1.27464
 1.06382
0.958541
 1.37155
 1.02792
 1.14421
 1.26718
 1.10326
 1.07451
  1.1115
 1.01129
 1.09889
 1.18416
0.995876
  1.1651
 1.12507
 1.29923
 0.99488
 1.13819
 1.22556
 1.51489
 1.13367
  1.1439
 1.15713
 1.06887
 1.22137
 1.30888
 1.33365
 1.39187
 1.16577
  1.2718
 1.14032
 1.50694
 1.45711
 1.41496
 1.44833
 1.44113
 1.52185
 1.22726
 1.31035
 1.46197
 1.17056
 1.09989
 1.52966
 1.47492
 1.34413
 1.00456
0.984693
 1.01601
 1.19434
 1.27393
 1.07154
 1.14965
 1.18619
 1.03876
 1.01569
 1.09483
 1.11799
0.984692
 1.03504
 1.01735
 1.29152
 1.10936
 1.12712
 1.09467
 1.05171
0.993737
0.975442
 1.01356
  1.3066
 1.03151
  1.0988
 1.23671
 1.32746
 1.26018
 1.14475
0.930004
 1.25978
 1.05121
 1.15485
 1.02234
0.996711
 1.04312
 1.17144
 1.18633
 1.15611
 1.15259
0.918933
 1.00511
 1.21216
 1.06884
 1.17592
 1.18968
 1.36963
 1.02139
 1.18971
 1.23012
 1.18272
 1.17814
 1.07144
 1.37004
 2.77563
 1.52185
 1.46901
 1.19645
 1.50108
 1.86408
  1.7381
 2.65714
  1.5107
 1.95831
 2.50756
 1.66578
 1.57481
 1.47638
 1.33604
 1.40735
 2.43184
 2.03858
 2.44987
 1.47932
 1.55799
 1.94316
 1.50564
 1.75867
 2.08714
 1.82002
 1.37486
 1.30111
 1.22266
 1.13875
 1.11985
 1.13134
 1.20688
 1.00365
 1.02292
 1.15386
   1.051
 1.14195
 1.15778
 1.13126
 1.04841
 1.30485
  1.0813
 1.05698
 1.11454
 1.12086
 1.08444
