-5.78979453288311,-4.77759276140265,6.36006637743464,-0.0167212077587245,0.00917368807629024,-0.00124549209500759,0.00798110619886545,0.00132885623806765,-0.00200389262709146,-0.000507125993916721,-0.00112340483070001,-0.00138930128765344,-0.000452257948430616,-0.00111397052560105,0.00299677240202296
-4.01367493933907,-11.057376262437,-4.08698425039824,-0.0143007127176768,-0.00879094738204036,7.22217175209033e-05,-0.00600138584776573,0.00130573578770035,0.00181372605390086,-0.000663285408298544,0.000413149137060484,0.00192019061635957,-2.69467107739519e-05,-0.000315592992269095,-0.000482247888894523
-5.7741473360363,5.30681379610442,2.55871815202919,-0.0267789357976914,0.0145420923471305,-0.000960150951221998,-0.000255806181110873,0.000410638740935072,0.000170791218652455,-0.00259079525755364,0.000229151464165323,-0.00199816045479683,-0.000410858721223513,0.00104995877878622,0.00227254299854701
-2.54804302855786,-0.708799267478954,-3.61019637313336,-0.00840121955356025,-0.0198915752331676,-5.61134208496153e-05,-0.00201349007194451,-0.000394455329124974,0.000505947100945764,0.000351959245607408,0.000892474372240729,-4.11458354421696e-05,0.000549855869230963,-0.00085011834048312,-0.000394910161224648
-6.771152324458,4.83296766182365,-1.96669287172341,-0.0229282613696237,0.00323865572341883,0.00116186599767315,0.00177545011649856,0.00394983146766224,0.00314356346599528,0.00145776932323816,-0.00093333421918295,-0.00104767832206608,-0.000239447003423025,0.00437042676469125,-0.00024605024924919
-2.68582774818462,-9.40751286627151,1.28075111264134,-0.00406456511250465,-0.0123318577249419,0.000560529541552654,-0.000710622224956883,0.00213596974914516,-0.00356262110905183,0.00058769802373015,-0.000594783675042627,0.000239802199038923,-0.001945079020832,-0.00148347622053477,-0.000796843445253501
-4.35626310555673,-0.423416051771851,0.162141353029407,-0.0170130217541021,0.0169755872557304,0.00150629100658673,0.00620799308716452,0.00718644379672323,-0.0153096402133953,-0.00308990914547347,-0.00107771773721678,-0.00365968604934617,-0.00857985487274333,-0.00135303049567702,0.000313036608841089
-3.65116440421737,2.68986322815933,0.41090726934073,-0.00400685915782241,0.00356886465997561,0.00127756161055084,0.00268238331526639,0.00248016520147781,-0.00631879728204338,-0.0010125738423801,0.00166137703660509,-0.00154731925823557,-0.00288570769473592,-0.00015122029500268,-0.000988608611026394
-6.16144943734388,10.7630219213928,-5.20914748295138,-0.0172647801163802,0.0165058525097562,0.00327221528646149,0.00350244963641431,0.0152656843282644,-0.0142579970935678,-0.00835634700637253,-0.00262185727538294,-0.00358813235386497,-0.0107910877509318,-0.000820441861398616,-0.000138867571918851
-3.50683621753902,-7.35894775382526,0.981558813270187,-0.00682607611516933,0.0132279069868434,0.000762598684214451,-0.00247106080948901,7.75185988326509e-05,-0.00345224975302725,0.000400496851592302,-8.89692906933147e-05,5.56999645271018e-05,-0.00170288311913999,0.0016092460690672,0.000147987825300943
-7.19231458589791,4.78276791271539,3.75829329220394,-0.00846293640656714,0.0125008307934976,0.00286469546536626,-0.000367236038688308,-0.00381484618201975,-0.00966165294248941,0.000414173675451911,0.00259469748081944,0.00119325121206574,-0.00691840998398502,-0.0014342397410615,-0.00536575738204074
-1.88824638880912,2.02195302469486,1.62349636427628,-0.0087364166376224,-0.0109637778659303,0.000617040627917576,0.0028542274348563,0.00198106353787047,-0.00373789215980168,-0.000707110834715169,0.000604586951333635,-0.00176548614989733,-0.00288776033957131,-0.000114129636088302,3.57412819761977e-05
-4.10735341738967,-16.0858532831538,2.08300387590587,-0.0110194378746352,-0.00748830712901164,0.000463002231969545,0.00109226228760362,-0.00371152274707657,-0.00556843576900472,-0.00189439770718916,7.23956633215169e-05,0.000840282979975862,-0.00230152355122359,-0.00119362553689484,-5.01688284202693e-05
-4.17978536446878,7.81468274613537,-4.49877545596759,-0.00629188029945507,0.0115516082836106,0.0018168870790535,0.00665238024302854,-0.000505227401569582,-0.0113797399709022,-0.00116838656917273,-0.00282167993610191,-0.000231986201769801,-0.00366094211379081,0.000685010545604501,-5.42734549765828e-05
-4.58658180543839,6.90992642397833,1.71267310849551,-0.00327875419807627,0.012133941502847,0.00199334320909876,0.00239367567012647,0.00766820020836019,-0.00868495885892996,-0.000347324771982559,-0.00187973751161877,-0.00204793136824555,-0.00497684449942767,0.00028931132529394,-0.000583477928757395
-7.25581398751942,3.82242478222841,-4.11039475262622,-0.00111777686905631,0.00800441442564322,-0.00249898171199313,-0.011575910428692,0.012210545103707,-0.0126789116124543,-0.000592981659991316,-0.00121326335733255,0.000544815957359369,-0.00113342577096602,9.07390157147872e-05,-0.00474608907136742
-7.9887857685105,0.300018067605944,0.563504336913293,-0.0205610118346689,0.0166151729629979,-0.000464326683836159,0.00108580930057125,-0.00450899868309779,-0.00713287101799857,0.0055541436214133,0.00532145793021524,-0.00046697920041453,0.00239940801511563,0.00272322110864615,-0.00241906874709581
-5.78657943434243,9.42568094965356,5.6928186297861,0.00189418548834775,0.0159800035589486,-0.000966072059078702,-0.00168854364305395,0.00437380375423172,-0.00382674883650327,0.00248236020006491,-0.0019806563889426,-0.00067955834539976,-0.00109564148659643,-0.000468736424956791,-0.000610321899634382
-2.4798541514931,-6.990813591509,1.27331902027607,-0.0058697746942339,-0.00628816398991505,-0.000747333982215951,-0.00217317481794854,0.000164647190551118,-0.00217284078822443,0.00189388068405565,-0.000500696481654467,-0.00118826727603684,0.00166886673430262,0.000170988207614186,-0.000465097831673762
-3.9033593207286,-3.09404073281164,0.912797364672176,-0.00407135561048906,-0.012446788163648,-0.0012705294924017,-0.00434456026409915,-0.000417389421638073,-0.00542686729100255,0.00369605435513362,-0.00202528832964184,0.000931251502947743,0.00207390467805107,-0.000175302915513752,-0.00273693961634747
-3.59366854391203,-16.9926026936915,0.099422106902794,-0.0133495486025735,0.00932460568931572,-0.000695590786828636,-0.00102102784197519,0.00156117049010269,-0.00239021813516401,0.0023182791597276,-0.000649703705394086,-0.000704161129362788,0.00235074896401459,0.000943808040055108,-0.00171318885224602
-2.3306876360996,1.90166484234749,2.10923642511333,0.00341998475822879,-0.0306460690065217,-0.000319431660185583,-0.000342276458523389,0.00349117633136402,-0.00220297575852099,0.00135900344022783,-0.00110604560562994,-0.000667747443641859,0.000365791492160577,0.00028459876731073,-0.000786133011437707
-2.69318217493688,1.66386722379556,4.64445537807188,0.00375590219225628,-0.0264053351431426,0.000182459013483173,-0.00141005363992632,0.00152146132680944,-0.0038832211432636,0.001071555260979,0.000861636322189593,-8.99326914552002e-05,0.000116792790630622,-0.00127187674712859,0.000981603894648288
-3.75085845497442,-10.9027160074659,1.46429212397785,-0.0103497089493576,-0.00132856117057813,-0.000131605085049019,-0.00101192531091905,-0.000296948788097097,-0.00273008903309681,0.00079647001402314,-0.0028116353429965,0.000535842282682541,0.000719978838839143,-0.000593059350904617,0.000314890637302287
-4.84664105121993,-6.31720172075705,-4.68273671096356,-0.0114726079763192,0.0120720699912532,0.000378694387038796,-0.00347870456682713,-3.05083274249581e-06,0.00134567882011855,0.00217932247789436,-0.00152906491532983,7.24049113093145e-05,0.00158600766050629,0.001195615418073,0.000910069486361865
-5.88554419525987,-8.98197391197573,9.21648458655976,0.0154639942782799,0.0076771604527415,-0.000616186769776961,-0.00339164238702867,0.00938409680168103,-0.000894931719752776,0.00358272980402477,-0.00290500507166032,-7.84244386593108e-07,0.000102587398563651,0.00192685693739403,0.000937587962470015
-5.09807322665467,5.28504240405547,3.30869295510657,-0.0137435501911882,-0.0293521094508369,0.000414210469625206,0.00858874171602442,-0.0041909666193848,-0.00452264359904131,5.90535868050729e-05,0.000416234971105854,0.000411848773514962,-0.000447696068112927,-0.00136012295770212,0.00106040626743287
-5.93823326107611,13.9549197914965,-3.3876378190615,-0.011894458974547,0.00673269923538997,0.00133147971288504,0.0395027172480019,0.00191630929806447,0.000575643574951497,0.00346779669817278,-0.000975875641230049,0.000460512422811225,0.000491884733499687,0.00167937229416694,-0.00325102964850961
-5.44475852921266,10.173233251608,-7.01341538699584,-0.0222910095888903,0.00732132948223057,-0.00126915947820939,-0.000135483278846022,-0.00524116778101321,-0.00214592479711603,0.000282116173802956,7.63010789430881e-05,0.00167245354583464,0.000177655881074607,0.00168364366331903,0.00220116057130531
-5.47323469842163,-5.62666462013847,6.46647730293505,-0.015573902093936,-0.0131671690578392,-0.000558158831396927,0.0154089693720574,0.00368973945890101,0.00378836119550546,0.000205114985035855,0.000324593784071986,0.00363878607582531,-0.00318493690214993,-0.000449401606446827,-0.00149383977895808
-3.22012009646964,7.65039074759395,-6.44452021068321,-0.000560473593541743,-0.0242362945332347,-0.000287461784188556,0.0294445222365553,0.00714111806348601,-0.00219494275247018,0.00185770161295389,-0.00249420848617862,0.000640851560238791,0.00132277150568135,0.00246131659344181,-0.000210870574611661
-4.2246024855134,-7.2785125754422,0.641000587086632,-0.0118458314762412,-0.0233378438297209,-0.000503266016220667,0.0395352534435193,0.00330934392401288,-0.00414108236797153,0.00132897413101725,-0.000317060998340347,0.00225842611900621,-0.000399480574959498,0.000557315761718488,0.0016905800677643
-5.08057868407098,0.83383051035909,4.65112183293067,-0.0128689809007849,0.00919198791005269,-0.000366508414273281,0.0184624164140644,0.000199738426229687,-0.00154031083129328,0.000450265020547238,-0.000909444529488204,0.00150585331132251,0.000507678410018625,0.000662608439110958,0.00120257415352909
-3.94916196651842,-5.63140541221241,-4.16190818159726,-0.0128641957112212,-0.0231776546115914,0.000290542574166307,0.0333413346485102,0.00537528422984151,-0.0021306887657986,0.00292412318594696,-0.00136873885416946,0.00270567950050275,-0.000640624375913835,0.000460614283187142,-0.000547419218328931
-3.28219233068238,6.54585560125277,0.860121765219202,-0.00879223575814776,-0.0115669738550531,-0.00033614552674924,0.0383111379398964,0.00432574164823244,0.000296317464535992,0.00191274480130409,0.000336225697340687,0.000213611618237717,-0.000297500757009358,0.0010074260784339,0.000236791609560654
-3.37696170968136,-11.4715189621485,-2.29363683827226,-0.014979648845064,0.00285277335634488,-0.000680926305423609,0.0324149580747569,0.00291491068930786,0.00225924586347073,0.00126643841785544,-0.00165040822705842,0.000318607795520472,0.000447587538276817,0.00037238601295441,0.0010740293996514
-4.91857479199108,2.28450783507432,3.42855652807586,-0.0113543894216578,0.00278526437118266,-0.000287080965905541,0.0357773895016869,0.00587353593668274,-0.000581167792879431,-0.000909680994436782,-0.000889992804169847,0.000925694018403527,-0.0012432953531078,0.00011044236367363,0.00216087281475637
-3.351987676248,0.755350751996912,0.338740089753509,0.00120978572981629,0.00673297144490247,-0.000344618654802137,0.0128819618769445,0.000988366226962787,-0.00211539569408378,0.00189520482465459,0.00012321911469153,0.00028661161338776,0.000439051737696268,-8.44917899347592e-05,0.000202597511378752
-3.60096415054397,-0.878839571853676,2.4415999227986,-0.0159035049254077,0.00755774201531832,-0.00024525970927605,0.0207298273601337,0.000817959556187723,0.00177052604672467,0.000393720979872576,-0.00117569153813696,0.00198350426762384,-0.000167381745734406,0.000569540457124674,0.000252333823883753
-2.78998455796172,-1.30741222487636,2.62210906727807,-0.000138511792966582,-0.0221204267323758,0.000187660381488701,0.0144954352704037,-0.000509563199021905,-0.000539158734695984,0.000203544952265375,0.000448891024004891,0.000388457318756156,-0.000363190382561479,-0.00038521367727324,0.00119728081642037
-5.91269378612904,5.95266917395283,4.71290532528577,-0.00542105739423208,0.00879706511735795,0.000367891863368363,0.0201608908156568,-0.00107456125922159,-0.00284628528406549,0.000594255213233221,0.000680742681134286,0.00332830359758445,0.000676183132986891,0.00272105136173903,-0.00101600091202068
-3.01297783058578,6.27097055484036,-3.26034182428143,-0.00960650313637081,0.0013069597647793,-1.04313022878502e-05,0.0409636063490763,0.00383017116757761,0.000461552487463732,0.00177178178233768,-0.000241378636017911,0.0015687939859886,5.60336700067719e-05,0.00142819488933619,0.000589791694921331
-8.33063275557467,3.05573037405598,1.98603450250768,-0.0170241629324622,0.0020662609195555,-0.00042518148148245,0.0325598310421146,-0.00662592161082525,-0.00416217280557781,0.00140471615911896,0.000197222537215744,-0.00277668242548259,-0.00024856563449921,0.00428651932253398,0.00770546286849192
-3.71184417285176,-10.3885753473395,-1.12252977016764,-0.0100412947872425,-0.00333071324936063,-0.000898283633502069,0.0259424397775585,0.00316755723121621,4.11065201644837e-05,0.00150667885463539,0.000699082286158994,0.00209555705764622,0.000253558596035338,-0.00082637302507154,0.000467313490311688
-7.30537263488163,11.7235225412338,1.82278032613124,0.00268294918299193,-0.00259858023552558,0.00168360635479738,0.0315075969671216,0.0198642671204322,0.00289145466589008,-0.00308506059551228,0.00684985071680676,0.00682741748817012,0.00957645816171205,-0.000601664609164031,-0.000799131518614353
-6.97466526966009,0.214696907646162,-1.63023943198672,-0.0320402791116462,0.00334316133318521,0.00134851885754696,-0.00537437571250476,0.00964306333641527,-0.000144912006257958,-0.00343487515097542,0.004017888156516,0.00307260614100288,0.00533763772153474,0.000527525286294041,0.000595650789772632
-6.84109743431419,-13.401164824843,5.98078911661487,-0.0204289787101451,0.0134438425337613,0.00448594960344067,-0.00822583386849578,0.00560228823539589,-0.00808713173085061,-0.00280186847928258,-0.00131002299600944,0.00139003304179656,0.0113077570200944,-0.000989362494385715,0.0066500870248409
-1.7573392079415,1.55929364168004,-0.463419945761612,-0.000505976393240939,-0.000411879326885892,0.00166929540604395,0.00205786151397679,0.00562016225149285,-0.000599176273952854,-0.00166031492832638,0.00115071023515375,0.000396712677701187,0.00464949117601336,-0.00113711363891215,0.00161020546002048
-4.94736533490876,-1.22838972750077,6.67923687762299,-0.00455657135557457,0.0122705456692671,0.00034456058395863,0.00366859655859301,0.000521845600760284,0.00340444761263823,0.00300825061686523,-0.000618018191337275,-3.18811509244276e-05,0.000928211659222649,-0.000410498894352811,0.00106588337246788
-4.93940431653451,9.60012806324161,-0.0611717357830539,-0.0158024559667186,0.00860238232698447,0.000310716945083338,0.00123173377587162,-0.00426519167099816,-0.0043829378926793,-0.000881922149541073,0.000496935999455345,7.0299053331896e-05,0.00230771697166481,0.000350456232136289,0.00339926287937736
-2.99197580129851,5.6926728884713,-6.09219875619323,-0.00483799856573356,-0.00667872059974177,0.0011068257473811,-0.00510770904318374,0.0014581677702707,0.00120680084030756,-0.000392080901916611,0.000330526317737543,0.00121592683319596,0.0017190528329452,0.00110193222458767,-0.000477742844529648
-5.26664544652628,-18.594973388279,-5.83150587375759,-0.0250717628505408,0.00226182423299279,0.000836877087189698,0.0028027817642103,0.00217484580864112,-0.000881265964658136,-0.00208925014996273,-0.00116219882953212,0.000737994655927189,0.00462314320567115,-0.000570622537639153,0.00152210957121475
-5.09110832955949,8.87992929857588,-5.37917130605119,-0.0108374657332376,-0.0172391107829911,0.00120018860328299,-0.00337681821499399,-0.00116015636969924,-0.00106531940160669,-0.00367735044053177,0.000824932114018545,0.000729040734573163,0.00605450573042917,0.000214733731854472,0.00325713913646237
-5.13899062230812,-13.3669228357902,1.36592240203719,-0.0231207577830936,-0.00940015346063012,0.000926646533949072,0.00360005267558919,0.0042166388612401,0.00205479298260625,-0.00429118527830445,-0.00124253449907935,-0.00106514540171275,0.0033244098607375,-0.00292477536545774,0.0054728822652947
-2.7105068533015,2.62012014524585,2.03761303275127,-0.00211932484986172,0.000585024520315962,0.00135231644880508,-0.00152938834772924,0.00319923388531915,-0.000844995890239173,-0.00266750749825401,0.00279026394366507,0.00149357092056085,0.00403739103128849,-0.000381053016314975,0.000555168321011948
-5.92385722956771,14.1771352657899,3.9215640349936,-0.0169605815128815,0.000508009796865274,0.00251248799270643,-0.00738676903794392,0.00178102118097519,-0.0020880053787872,0.000207529492083439,0.00274060564934753,0.00094319519913512,0.0013543712604629,0.00294332396248505,-0.00362846779069739
-2.91496560217515,3.79891555530541,-3.05924563209915,-0.00902732461057243,0.00677847148666665,0.00122163923068869,0.00304943905683205,0.00354765692430787,-0.00204100812000701,-0.000346475635569453,-0.000448389093517321,0.00123338967237504,0.0030472450184437,-0.000712591254098488,0.00122613668114027
-2.89162041064105,5.7983027971993,-3.58920746677047,-0.00590140382656915,-0.0257408167746519,0.00105046446665143,0.000182772005727768,0.00292253089456597,-0.000367022052910342,-0.000629838917656249,0.00101789970508999,0.00098387371080283,0.00389341413230611,-0.000350254847520753,0.00167800693555496
-3.86348141071556,3.67961600995457,6.19462758659989,-0.00258323106348271,0.00275565000349427,0.000774162339602758,-0.00438544753434294,-0.00149870757988976,-0.000858450318119335,0.000525615646448537,0.00045177210172462,-0.000329410102189491,-0.0011443789426845,-0.00241376607844971,0.000523745817434066
-2.58615818498502,-1.24182509729411,4.0890052278816,0.00148985194280499,-0.00702146872611232,0.000466907134774441,-0.00392748544752819,-0.00115479654332889,-0.00073590479490122,0.000832713839240215,0.000973688399250029,0.00143425305372468,-0.000276576306329472,0.000231410398306474,0.000823269966328636
-5.19380156248932,10.1426368992915,-8.3138247259791,-0.0116812644480093,0.00997126817462932,-0.000245917484894596,6.80015831779932e-06,-0.00127493658590381,-0.00222528331313088,-0.00146379674158321,0.00126375153521877,0.00121555409443907,0.00235893043136052,0.00105588198236598,-0.000888345759705469
-4.9244093362151,2.87733614142528,0.513977420307076,-0.0148310359638658,0.00166932364409556,-0.000324133329713081,-0.00165447412480832,-0.000703690918109263,-0.000681416686187893,0.00215215235447501,0.000867247271883754,0.00050998349122634,0.000170387706349564,0.000971599262256819,0.000913438814544645
-7.33495131765689,-21.328077269142,-1.19256814674206,-0.0223994205121372,0.0165727908852719,0.00160678948498501,-0.00856595437111279,-0.000804099714698755,0.00628315466410307,0.00065047975792346,0.00486967218875732,0.00347913942021327,-0.000246099524152931,0.00452390259654888,-0.00109251307202625
-2.42914759426823,-0.533662698828623,-0.986544797972884,-0.00611235877062949,-0.00888547002853704,-0.000254798100453792,7.10961245092839e-05,0.00134343671921883,-0.00152061925180889,0.00124592320614214,-0.000629556077404055,-0.000956885333537104,0.000722820130411633,-0.00135272370803724,-9.88517267025112e-05
-6.71234544536016,12.8421559037849,-2.69730116106531,-0.0202984619970102,0.0111336134501862,0.000649685346064764,-0.00515125307926208,-0.00111475673216941,0.00224969263080661,-0.000131457506175498,0.000577539817794509,-0.000978319052424075,0.0010728938301636,0.00390064898531204,0.00122924225595542
-4.12233383232239,8.88854888296443,2.47560090146622,-0.0115208867566778,-0.00282631007249793,0.000295088362042841,-0.00796864153498143,0.00208509034925183,0.00222578123678111,-0.000596589837602544,-0.000914173099790498,0.000452746233757735,-0.00090676584616139,-0.000407937272824951,-0.000768764476523651
-4.69303773619536,7.08540855481841,2.42558003286732,-0.00778003530419415,-0.00123600063542645,0.000810088621959452,-0.000244813053446093,0.000752625469287344,-0.00161840725318404,0.00210367414404592,-0.00170437798775611,-0.00117062535278764,-0.000891567929899812,-0.00183414273238681,0.0024458112720115
-4.82648393045889,-17.7938865350266,0.0316545758965946,-0.0173302826385649,0.0101478235453708,-0.000724147596620097,-0.000694357789987718,0.00295573638346151,8.99619839436644e-05,-0.00157013792222276,-0.00119995971327383,-0.00128298472659332,-0.000857313778960069,-0.000506211964993788,0.00594215674027054
-3.20317745031509,-8.11456929362351,-0.280406606932372,-0.0122888694218761,0.00586568200424568,-0.000240757072690876,0.00163647811158187,0.00204566121341442,0.00242059840764231,0.00123639614876706,-0.00113642633482696,0.000768791886637116,-7.45224226138549e-05,-0.000157396746526486,0.000513911409336242
-6.44606231328496,1.42070727081247,10.2231238913249,0.00763679275070675,0.0130806655016969,-0.000528447697828251,0.0169541509745686,0.00239791754487005,0.000707508440727434,1.48065064892784e-05,-0.00440384377920907,0.00268217185821717,-0.00154059603292107,-0.000483251052649659,-7.2476052568865e-05
-4.88801409335189,-0.0296043632411973,1.23297911431175,-0.00537060799890937,-0.00927714872805769,-0.000494786160008159,-0.00619514585628972,-0.00212635050853002,-0.0055496112237932,6.16945357520608e-05,-0.00257964507114961,0.00249210821554749,0.00146636038247904,0.00289093045119804,-0.00212529340362045
-4.70420679899064,6.33643192064851,3.32561977473293,-0.018537937041239,0.00274360273439938,-0.00020545073659682,-0.000573561146710726,-0.00352779190113731,-0.00239893886750056,-0.00166971739851325,-4.65452009679104e-05,0.000527428172608326,-0.000633681118101055,0.000123845446800974,0.000743036093405966
-4.12826048588165,1.19070605444195,1.51123839318557,2.06381259967481e-06,0.0108599897963056,-0.000534436864907499,0.00253451381985167,-0.00562977978406641,-0.00596290457485608,0.000219668623751236,-0.00153504728842008,0.00255214551367771,0.000996543714390656,-0.00130978822896244,-0.00011023323580094
-4.1129792940105,12.8403096966826,4.67014893372899,-0.0186357224679196,-0.018584900464041,-0.000863245621099977,-0.00143273178615732,-0.00622242902190178,-0.0051069181476897,-0.00307835691487482,0.00157806676497908,0.00208082386181215,-0.000197864312692825,-0.000693276209760709,-0.000947983805734795
-1.48011112555674,-2.76680188210186,-1.48827968654793,-0.00707308021781375,0.00295842295472194,-0.000614730911136444,-0.00127372427961325,-0.00138108378885161,-0.00235611899014373,-0.000688397102216163,0.000384788594502548,0.00104993321478725,0.00147941093404368,-0.00142360776555434,-0.000486537617632279
-5.00978605756426,3.00626371111552,-13.0011931368475,-0.0190302840824522,0.014555971787331,-0.00149649458279076,0.00416547061078622,-0.00390047458977288,-0.00477884445063294,-0.00126576954361553,0.00329823404605037,0.00112970223649779,0.00129544279452861,-0.00492136204682734,0.000542441549565044
-2.80969675168939,1.17896572390841,3.25817268374677,-0.0079797261752764,-0.00459213264849611,-0.000453720718693913,-0.000947776714860804,-0.00113704375536635,-0.000214132553160048,-0.00241851752178625,0.000482535029538919,0.000517192730777661,-0.00105021366230719,-0.00232066066638919,7.52169591749468e-05
-5.62864219006375,-2.71671017037924,3.22180746502456,-0.013544255308434,-0.00967366596158708,0.000749935488670781,0.00705307115725771,0.00392417337151364,0.00665963551874944,-0.00418684243473143,0.0027220546351167,0.00182983471229876,-0.005250087319235,-0.00641757225867169,0.000224653418563988
-3.28188078419839,1.85672111802954,5.12502744661623,-0.00705704844024181,0.00172703053176944,0.00031083516727172,-0.00294727763330434,0.00178598607037862,0.00165619701821944,-0.000530390979307284,0.000250524852164362,0.00077058833305127,-0.00109152451720204,0.000104844328293186,-0.0003345245274927
-6.00146789632289,10.6791838231244,-7.86413913520222,-0.0167157677745326,-0.00256119913506616,-0.000826480822433688,0.00287127280411552,0.00224328037188282,0.000582154358694448,0.000334256591397174,-0.00237212108090136,-0.00037784481802497,-0.000145302651926873,-0.0033300925757191,0.00281492708720593
-2.47882965889721,-6.91812171791952,1.86114851436105,-0.00173673727702319,-0.00241640607159746,0.000472000119881081,-0.00174144439461995,-5.16010614013261e-05,0.00024813225823457,-0.000147756281273294,-0.000393596452152999,0.000844369433047202,-0.000627158095378163,-0.00130831742244257,-0.00064601903463438
-8.8037817034843,17.9111135272169,1.49464059710301,-0.0127315588855338,0.00752195819908721,-0.00139797125354747,-0.0128600944856712,-0.00645732482805109,-0.000649623276217717,-0.00610252514535893,-0.00942296547929004,0.00707877582461505,0.00210736420416105,-0.00179207723818804,-0.00178165271043846
-5.55816905217301,0.0132924444351205,9.89709672332725,0.00540518881654682,0.0096440398074709,-0.000484499791608822,0.00536317973186663,0.00531356018589876,0.00243236220365703,-0.000442302581672981,0.000713392140477952,0.00119455591540584,-0.00348536500418382,-0.00282761772609862,-0.00449755157057624
-2.3853270263421,3.0312965875496,-2.37789252872725,-0.00660963156455736,-0.0402390972082494,-0.000920525538929291,-0.00405526311316388,0.00225243559439268,0.000703970983707143,-0.000714391712638539,-0.000242033448951517,0.000630597373737375,-0.000643244165211854,-0.00153641173480486,-0.000771119082704722
-4.29645156536567,0.568415020090409,3.39712256873747,-0.00136207914080429,-0.00414111353531817,-0.000121037767676784,-0.000945850608725665,0.000471249369567454,-0.00266746983169389,0.000399603400298248,0.000369725972037011,0.000589144021617517,0.00109390072210462,0.000174427367494301,0.000893560368528708
-7.57009079557219,-20.2820009100692,3.77936005037283,-0.0153530139248726,0.0229945788441914,0.000333287222029101,-0.00130875643031513,-0.0121353327887684,0.00152971288576105,-0.000446543179181862,0.0018105599414535,0.00604323264226919,-0.00203200003546576,0.00019473363668963,0.0032649836038382
-6.53377071129661,-19.0322583471662,-8.04737593726454,-0.0362674546466082,0.0119710177102414,-0.000318264429912277,-0.000830575229898925,-0.00481578623673662,0.00107703224249318,-0.0022823888012334,0.00203510815725624,0.00354842129416769,0.000421836113589472,-0.00415328198599171,0.00295114721157947
-3.12936377064267,4.51071888524172,-0.460484134680668,-0.00048140167790949,-0.00196349420206594,-0.00021390593231706,-0.00438323751594414,0.000451366261876254,-0.000210420154600244,0.000595773864790324,4.50973603717831e-06,-0.00019583209523952,4.96270103406858e-05,0.000777484649104196,0.000355473755891588
-6.19155579894963,-23.8864021490994,-5.00014852419437,-0.0301014386915231,0.0113991162283644,0.000462947383632634,-0.00386423613371088,-0.000449124366745619,-0.00334137097252448,0.000765529708765741,-0.000754311517671646,0.000998557161805055,0.000847649351091563,0.00134952052660363,-0.000347080924441789
-9.47536773711986,3.66375212056929,6.2349489941914,-0.023333616771743,0.00918172015289585,-0.000915031003498927,-0.00471047360396024,0.010081032770461,0.00433551902816135,-0.00189409011839236,-0.00243696629622494,-0.00320398900838714,-0.00049657840714631,-0.0062197861644315,0.00142273661074902
-4.48217681988082,5.57430122930612,0.288997308096453,0.00573976327092708,-0.0272124752615138,-0.000307708309598226,-0.009677837229691,0.00258729946004565,0.00074841470614818,0.00149145612081633,-0.000981421597408307,0.000411266287336367,-0.000995800989466286,0.00156736541222241,-0.00174831166002768
-2.99192285495764,1.00250225643438,2.83037784001672,-0.00968780767846395,-0.00389423036544511,0.000346069678601926,0.000981572525308155,-0.000931921998839514,-0.000952813467047596,-0.00214414215234578,-0.000529015860909047,-0.000166708881563381,-0.000918882071896953,0.000378936192031808,-0.00077679244708097
-6.71433653379657,0.159783137362451,7.14409854619465,-0.00601153357100666,0.00256414164435054,0.00021092796887569,0.00141924277523881,0.00201178201273114,-0.00215985207390236,-0.00406470587968487,0.0051561198782801,-0.000428548097154478,-0.00251032850033557,0.000475113535213049,0.000366246057755867
-1.96944272613079,-0.569895494920672,2.68255686399147,-0.00190993165948438,-0.00914891517435749,-1.66157181853106e-05,-0.000956368362797132,-0.00079930220131205,-0.00031805856348773,0.00032698624369956,-0.000603297362679791,-0.000340790568134764,-0.000195220715559438,0.000157249554986841,-0.00104802017958361
-4.24070843918551,1.48465809965106,-1.21416035505705,-0.0157113564479625,0.00722210655613451,-0.00120536783297659,-4.13227171245611e-05,-0.00281674598469851,-0.000301079854568236,0.00106401037957945,-0.000368926662743445,0.00128740840853257,0.00122824994388271,0.000301714235401298,-0.00149940001604511
-4.94765288061168,-0.951260725294418,-9.88275521528559,-0.0144387608460232,0.0166023818788814,-0.000809610530875099,-0.00490168646315527,-0.001378589440535,-0.0016114425220046,-8.26352472608027e-05,-0.00219265192663446,0.00111054880229587,0.00319333923266033,-0.00065811651568872,0.000494759548838955
-3.80976741450173,-6.31461936757713,3.17152757702896,-0.00037990892303274,-0.00710808645851925,0.000800196054829146,-0.00431482731191255,9.43341900065667e-05,-0.000360970964782437,0.000977232439431028,0.000171887344891715,0.00179004831133284,-0.000201454922390029,5.05620372742696e-05,2.43928354813388e-05
-3.80240752183276,-16.5652318976546,-3.30603173963792,-0.0215370713878242,-0.00697101199467836,-0.000680389352852396,-0.00154303260943011,-0.000302541789197964,-0.000315153669748055,-0.000107279253056135,-0.00175126967398626,-1.61566147505118e-05,-0.00106240587959595,0.000465665639472784,0.000848941873081385
-2.8297164572508,-7.3482533667578,-2.14278733619435,-0.0120062337837463,-0.00343927662071221,-4.86236536620151e-06,0.0012908438454174,-0.00087697367632554,0.00053315558702731,-1.90257833634949e-05,-0.00104479865980716,-0.00131810169939735,0.000516896483813921,0.000840474152700557,0.00122006019978746
-5.10627481222992,8.8707466651284,5.71302733327487,-0.0199003547041328,0.016642950548184,-0.00103542642649423,0.000900945414098772,-0.00482892676834634,0.000878274209786146,-0.0017954774157936,0.000385318495509271,-5.8038580770569e-05,0.000403931373523313,0.0016022290090348,0.000823040307073082
-4.27611339870749,1.02800172599209,-2.20466484619191,-0.0207014165097386,0.00875874398653098,0.000565252161466536,-0.00183581029201307,-0.00121785290009236,0.00171189896010721,-0.000896067254420932,0.000284757708376273,0.000660306414778976,-0.000215953568421969,4.69401195151691e-05,0.000475413225921343
-7.15793090103465,-13.1956174048951,0.411515380286751,-0.0375549175975012,0.0125066741298282,0.00206495612820219,0.0038110273301202,-0.00890867633489088,0.00381023697519878,0.00145869297447218,-0.00632388161273984,0.00358556134548674,-0.000248513827463071,-0.00250293446286665,0.00462807256407518
-3.99563050920799,5.13330920102927,-3.4520690546099,0.00246720307332884,-0.0158465729522881,1.96412448732217e-05,0.000828689309776745,-0.00290347823711451,-0.00235760721413707,0.00271008043392867,0.000676981693851189,0.000743634605280511,0.000366049057157389,0.00026974312826387,-0.000433565869683769
-3.2989292499792,-13.7340561799168,0.364635575857259,-0.0150424750319095,-0.0169114070973441,-0.000631540446526587,0.000312490382858552,0.000457723069337945,0.000261816444934605,-3.66063872398755e-05,0.00146387865702644,9.90952372130796e-05,0.000185970920511042,-0.00253606227509344,0.00136125744647046
-7.67288875018021,-16.9450014423559,-5.31238573859733,-0.0379219782136926,0.0113609713579312,-0.000718379750354402,0.0411743185556186,-0.0198502730127005,0.00198880736704262,-0.00937121483180345,-0.00365580972706857,-0.011960548751403,0.00337125449026466,0.000583722778164613,-0.0182570773476729
-8.05949883470173,5.42686720664065,0.346906768589893,-0.00746271653476057,0.0232976062381772,0.00272105934141003,0.025867369089837,-0.00354978583284499,0.00401313114080949,-0.00262398282694141,0.00221009807069962,-0.00203502590319264,0.00509569987619682,-0.00861412933796118,-0.00990686530083977
-6.81573298910268,-0.35964011583041,8.28238217590579,-0.0143081795492149,-0.00377152148111558,3.80795270676793e-05,0.00884466709465345,-0.00612024869084532,0.000643527698259391,-0.00169504654374172,0.00275439857705657,-0.00414629438577586,0.00301312726186782,0.00443734963986987,-0.00106579678580203
-6.65714356486546,10.2043374018907,0.388473151817458,-0.0146459252266989,-0.00654496014395391,0.00147899095022552,0.0120597539142907,-0.00368513331796458,0.00248890638244231,-0.00203740246356273,6.75418597149517e-05,-0.00847405456803342,0.00325447956549381,-0.00333330455171502,-0.00695974695702337
-7.23574649043961,-7.52856171105535,0.678123841610253,-0.00953623349231746,0.00243594129826473,0.000966111123206457,0.0360435580844222,-0.0120701088154545,0.00261594423335426,-0.00837983377132653,0.00064859707958859,-0.0190029015211624,0.00934501991130008,-0.00514064076566305,-0.0144053751807737
-7.27770082239214,-2.35390440628003,1.73558949056606,-0.00102619737290336,-0.04201407686996,0.00247032009559044,0.0252352192794242,-0.00661091177316615,0.00706073293349232,-0.00329418882648686,-0.00135794348557553,-0.00849756334067567,0.00188305909744568,0.00239624613142512,-0.00883881213922193
-5.96143919374059,-5.73230216676389,7.21568285912671,-0.0089232264069177,0.0158230895148583,0.00072499426925373,0.00989698117772261,-0.00508939101072801,0.00309630272810708,-0.00173307555277251,0.000413094809209968,-0.00182543814076013,0.00107268223322829,-0.000105769251134116,-0.00389972360054402
-4.97627651134269,-7.59122504058799,-1.84513043076638,-0.00760751141344839,0.0100536951056174,0.000807564054935568,0.0152739129357755,-0.00623980489238008,0.00165874469554961,-0.00213923936898868,0.000221050531372747,-0.00576617655683529,0.00213981975283163,-0.0019088260708815,-0.00515710711696149
-6.88453038804893,2.69386631188826,1.20298319805649,-0.0292885510077299,0.0280654144818786,5.45341531236595e-05,0.0216158831138927,-0.0113153493565669,0.00101338703008332,-0.00328264926792367,-0.00255877871669917,-0.0106719535103251,0.00326963162634993,-0.000561774878739432,-0.0125176873219805
-2.51675264244899,3.48908406052085,3.5555457626718,-3.31212323098221e-05,-0.00219070792655293,0.000519275125027729,-0.00139653655783118,0.000508773900606015,-0.000187206322137184,0.000359617210240079,-0.00102393214485425,0.000368479309793286,0.000133887446599674,-0.000446445150628045,0.000529036236590593
-3.61824496084111,-0.520749462198134,4.13205686929607,-0.000731143296795045,0.00374351362090591,-5.72217188124004e-05,0.000638761309325004,0.000859093071349877,0.00119703176773784,-0.000948475554255035,0.0012172932338851,-0.000373579913238081,0.000127914952847011,-0.00123643149068833,-0.000246360456621446
-5.69299476584884,13.5271476169953,-4.70064851035281,-0.0104447452766837,-0.00255650346160889,0.00029520950619109,-0.0016825904169538,0.0046712854051005,0.00291588634292326,-0.000225663769134404,-0.000468143392677721,0.000427031890640307,-0.000252007215670719,0.00251977835335851,-0.000647948956157089
-7.12515564946502,17.8029165291186,-7.31489743782283,-0.0115230842815668,-0.0013130609057826,-3.87109067827022e-05,-0.00110992771636316,-0.00605962233074148,-0.00112015534421857,-0.00107280067409322,0.00385769687925342,-0.000233612942646657,0.00171011661813749,0.00146246695567148,0.00321728780820899
-3.44864304945659,-0.900948018583964,6.51509134799211,0.0125372509892175,0.000355128983361982,0.00167304899039934,-0.00177188015346587,0.000643409759826207,-7.1265987531322e-05,0.00224333771748581,-0.000364396274013271,0.000705354482393531,0.000891247324766005,5.14110376865281e-06,-0.00268384549499733
-4.64689903160571,7.24059891704753,6.3007241208567,-0.0210378991690884,0.00757405742122109,8.27318491313714e-05,-0.000203779821663966,0.000182592325776585,0.000501704834291066,-0.00155452420370204,0.000367486805902928,0.0003763799985465,-0.00304205688749629,0.00116080098463109,-0.00221659417190153
-3.43616499124405,1.67658581916079,0.585555804387646,-0.0155147767296749,-0.0181121800381663,-0.000462862438641041,0.00130815833558651,-0.00079441827502927,-0.0026764069479951,8.10609908037336e-05,-0.000245320292249803,0.000906787397387453,-0.000920535933131122,0.000638678390492534,-0.000475250496137153
-6.30521918256366,12.580921236141,-2.2576271520122,-0.00991250185428048,-0.00711644094359322,0.00108773466034935,-0.00670441066559422,0.0067798131782575,0.00259763866001869,0.0012807566844707,0.000145333009702334,0.000733293522000087,-0.000945476331713126,0.00155923930487502,-0.00499121094900318
-4.6136647380548,1.9248969267755,-7.38203902384943,-0.0143756823678108,0.0015547515892961,0.000120176773371262,-0.00688718132237297,0.00387757483353183,-0.00249885992710762,0.00141823321586238,-0.000456729371790498,0.000283852218202935,0.0015721922834232,0.000743454193784267,7.75187424776092e-05
-2.18383327373586,6.58767590475219,3.1505448708039,-0.0108452607313178,0.000901022127797075,-0.000232466742372768,-0.00226065859478473,-0.00111435519514774,6.2118826746356e-05,-0.000608204363718774,0.00100660813444237,-0.00032249353936669,-0.000729980381500046,0.00078352231345908,0.000488324824262657
-3.58013606489532,-6.83417046959351,1.6093973687327,-0.00630687122369584,-0.020343700825095,0.00015899827738071,-0.00045829863030542,0.00136238800595217,-0.000382968600518352,0.00133448536973356,-0.000629472223187511,-0.000369756041435968,0.00107551106934399,-0.0013476380959303,0.000364728354964663
-4.76575229757449,-0.632232125484974,3.36746506570024,-0.00526309891970037,-0.00459099689846847,0.000671102964680227,-0.0027446493024795,-0.00095212129979757,5.1813896865195e-05,0.0018343134434778,0.00055944850728291,-0.00138795405829242,-0.00154762744648587,-9.40018746018961e-05,0.00143002797475025
-5.00606867200057,-13.2222182621943,-6.62330951306178,-0.0186715968058236,0.00998274175173974,-0.000302795440478362,-0.00332798726248751,0.00144099837373856,-0.00107816634105408,0.00117068983098004,0.000520814730797178,-0.000251880802747119,0.000376946499033189,0.00212238801853626,0.000820383804586986
-4.68470281755128,0.78849551284045,-3.25707528695365,-0.0172673569260406,-0.00492266062304373,-0.000750083054882777,-0.00366535995797382,0.00220444844515558,0.00021319278884803,-0.000528858264979041,0.00118406953980205,1.29788448797011e-05,0.000889115521940127,0.00195847892379131,-0.000449977047495085
-2.55052323075594,-1.57808267311675,1.31977307563887,-0.00534982323141998,0.00200221083418835,0.00042915182431756,-0.000973106406445121,-0.000320262335951328,-0.000518598728671303,0.000611587090870987,-5.40542756047501e-05,-0.000152475071424466,-0.000720219791622474,-0.000600388682075093,-0.000405218154741637
-5.59343024546559,2.75232998216114,-7.20888433118274,-0.0185431016294449,0.0126395574489754,-0.000170247340436059,-0.0084749277619518,0.00411904786138552,-0.00113166312931248,0.0042463025106553,-0.00141017538898482,0.00087149278141798,0.000964020829510004,0.00148780943486112,-0.00327738039232461
-2.88392285516945,-7.63627124634208,-3.47058241260666,-0.0149369122093724,-0.0219334919070615,0.000229761962043279,0.00055350077757207,0.000491566257149084,0.000460841838394733,0.000455250863264582,0.000207439509102358,-0.000432232925375844,-0.00141702511254991,-0.000287218347639179,0.000809330085716673
-3.49591850841236,-10.6837795639274,0.590173255272366,-0.0173454796498226,0.00303932719886614,0.000316713138031611,-0.00138038867014878,-0.00204241573300951,-0.00100672977890436,-0.000405055923519692,-8.71844201281298e-05,-0.000381808882248264,-0.00126948867990314,0.000838619686095145,0.0015293432102309
-3.72600535816247,10.5163233084786,-5.43902863358064,-0.0128642967543047,0.0063270258256391,0.000114461154040568,-0.00294941526423094,-0.00276591206460272,-0.00135714385167865,-0.000141040108341433,7.31761335595877e-05,-0.000292119318100776,0.0004674259820144,-0.00077213564544434,0.000791371375433859
-4.62259527464311,-17.4073556531981,0.96209045899283,-0.0237412305817285,-0.0014021222812067,-7.88141069214082e-05,-0.00035485166209646,0.00127332917197484,0.0022183126889381,-0.000264662610221942,0.000418750959686873,0.000488125611844085,-0.00161686066239889,-0.000117657897914005,0.0012462729721936
-7.50700360011622,6.75328175572739,-10.4479337291426,-0.0189969314381392,0.0140163512487221,-0.00097025967866402,-0.00196057299133681,-0.00129661120712297,-0.00157977783951113,0.00193717066829719,-0.000900419161583724,-0.00512173782293932,-0.000373135590713582,0.00119614800257099,0.00355786893837949
-3.77652405656473,5.88063628395847,4.20935485035556,-0.013605169398896,-0.0166054660148176,0.000372236741873158,-0.000809882056181347,0.000537244879059302,0.00137796196206268,0.000188076035110918,-0.00056343891575182,-0.000948734500481403,0.000233899333020474,-0.000747658072042192,0.000532147924728523
-4.19163359128334,11.3314834700751,0.64939217825276,-0.0171101526448856,-3.47243594031919e-05,-0.000201738576899489,-0.00330308218514182,-0.00393446676545577,-0.00181578059738987,-0.00202812613456375,0.000886409656026662,-0.000342330381619202,-0.00158911006751968,-0.000250983227965504,0.00190385323989754
-3.36906955602937,1.81758536009514,-0.476093507567916,-0.00200509330886355,0.00447489374829077,0.000405798540464239,-0.00447970728855259,-0.00199055579514412,-0.00182787307152819,0.000959961264587255,-0.000256391629223921,0.000711982947534161,0.000894030344207673,8.58721931955778e-05,-0.000767417413872118
-8.08849106886234,9.38312072470372,7.27605814786991,-0.013597447207572,0.00749478294080865,-0.00286017130710791,0.00868836723773721,0.00702011602753792,0.00725694425439856,-0.00123318490886694,0.000243718458002984,-0.00234788415950394,-0.00395423917421875,0.00217585810541682,0.00279234723213302
-2.67679093589939,-0.315492803514529,3.85573560432948,-0.00166981206359346,0.00280928516289378,0.000270538844073749,-0.00211007851787072,0.00210249877809313,-0.000409733757778342,-0.000456281866023364,0.00108853326316065,0.00105678470235429,0.000510069326823614,2.57346908049047e-05,0.000479869889646942
-6.41329277085559,-10.3049894104973,1.15474766434103,-0.00685938881367829,-0.0186162918903517,-0.000283666722474388,-0.0113103265865212,0.000257269860982625,0.0009496361867839,0.00722334190766349,-0.00170572229001533,-0.000365473840690185,0.00371045957069261,-0.00236365924753778,0.00113812778212621
-4.44935038333015,-10.4655762916474,1.0449225928313,-0.0168270524790024,-0.023954568330703,-0.000843553208977215,-0.00149152641961238,-0.00245962539964212,5.14476284343296e-06,-0.000317467077903997,-0.00192232943611616,0.000894082629580539,0.000201874795620004,-0.00188214190132797,0.000819294898472995
-2.66839105768738,8.51706032383186,0.288366379831001,-0.00889409078494079,-0.00698884266158928,-0.000337831019391457,-0.00343345079558203,-0.00183585626046078,-0.00130039022400943,0.000333407354423751,-0.00103418175593538,0.000116711606620099,-0.000729264163553531,0.000563479662041218,0.000733778468618242
-5.62073419420835,-1.29008779574497,0.926624247240268,0.00202848845160165,0.00939983932175211,-0.00063760476310452,-0.0038370230021314,-0.000295001382206328,0.00410908664009088,0.000541405014086641,0.000522594644632613,0.000695546233497004,-0.00148919437149121,-0.00115009505489106,0.00170827316578179
-3.00754392346821,-5.19724713205078,-3.61182615231853,-0.0171763170252878,-0.00345856312021543,2.39344127018708e-05,-0.00171594296120074,-0.00131780534543401,-0.00102233720413782,0.000721275132793763,-0.000549430216051379,-0.000578284358603847,0.000193693437336983,0.000907711311483126,0.000488456627935667
-2.45701362797357,4.65845684439677,-0.91080473705386,-0.0098650007698406,-0.010227876929579,-0.000167020123958029,-0.000985411234260751,0.000507203202259763,0.00112354400254414,0.000898961507668434,0.000102277968770723,-0.00112524798518736,-0.000324494242302914,0.000349318974743835,0.000299785197723028
-9.18944123605904,-1.65422233181044,6.35982908156388,-0.019908127502929,0.0231183047558118,0.0029775429650641,-0.0167398947842023,0.00865808250986386,-0.0036703657892798,0.00870064059656634,-0.00930492852478089,-0.00187314142811278,0.000495969080176401,-0.0084424432445557,-0.000214717618632947
-2.80669303658837,6.30892640410961,-4.48354308302483,-0.00538039092609267,0.00253905692134112,-8.09011348739232e-05,0.00214387172710591,0.00156363820069165,-0.000536026458358356,-0.000276295705391663,0.000201555837694138,-0.000476335294161461,0.000973930209190375,0.00124540987885935,-0.000548633662373534
-7.49827974062059,-1.54790037503714,5.63814167944417,-0.00250887522798989,0.0102238029241226,0.000436849739065581,0.00713431151067906,0.00307677036803664,0.00251185072193944,0.0018228432918052,-0.00077205831156216,0.000189514512871677,-0.00240155665714865,-0.00443075776561868,0.00263281187123883
-2.91851423035006,-4.6448245508916,-1.47054678489765,-0.0129036262649325,-0.00920409458786576,-0.000755293998757375,-0.00247911881577673,-0.00138089955296972,-0.00260458193294471,-0.000621837930217076,0.000490529301295526,-0.000214964361577685,-0.00030522306444901,-0.00121579065794508,0.000591151977237646
-7.30899463023252,-11.4528328655296,-5.8137825925367,-0.0126681520878838,0.0199906503791054,0.000444963105580583,-0.00209019304788294,-0.00220524432912185,-0.0036153747803546,0.00332374617335698,-0.00277269678300867,0.00125376999971924,0.0039904604051722,0.00199104814398066,0.00373373804028649
-4.84594384635797,-1.02992009290269,1.80236460214039,-0.0116190908929494,0.0149344808560985,-0.000324330017214841,0.00445857964741369,0.00325400226767366,0.000658997506321545,0.00307784999335247,-0.000573939548963449,-0.00017466783508337,-0.0016273191034706,-0.000122101711633788,-0.000273503667380594
-3.17670220471427,-7.65435660911431,0.785055670934338,-0.0057623328811415,0.0087245324545491,0.00096733888027165,0.00243378246994181,-0.00140689146390223,-0.000633513414080808,0.00162534790417428,-2.09452681400049e-05,0.000273061012056484,0.00101205548237028,-0.00196040060744653,0.000966586702944005
-4.81103425699919,7.44139178132685,-1.39463158623273,0.00235304966111407,-0.0149790065435717,0.000391031846575168,-0.00101801860471927,-0.00140129094169192,-0.00190429452529098,0.00337413477341033,0.00114049086683802,-0.000624741961315647,0.000391336095008398,-0.000939513833378557,-0.00095164371529397
-3.01835020102407,7.059710648535,-6.70174871306837,-0.00739676613246986,6.01921738760061e-05,-0.000336461909799263,-0.00649729958060664,-0.00165194050015539,0.000267037990654154,-0.000611639990711292,-0.0015108154665964,-0.0010800559316587,0.00171648605631311,0.00109332970600686,0.00153396028269878
-2.91945003954084,-0.0416931324267489,3.37149090084469,-0.000658774803245947,-0.00909061288967877,-0.00102006267563392,-0.000623048682060997,-0.000296351274094687,0.000857888976719119,4.1238444441313e-05,-0.00091079940406246,0.000863654159205863,0.00018438052421835,0.000965599562909542,-0.00019213030201143
-4.26432180585446,8.01974044910648,0.378966865475683,-0.00437899660484939,-0.00225442198609235,-0.000293907185765372,0.00057167909772005,-0.00277086290820892,-0.000691739130950205,0.0021269372064772,-0.000278095493727697,0.000804335568147843,3.9720846363102e-05,-0.000486980006371259,9.7132160924411e-05
-4.62105103449165,5.6396141324813,7.88783672116315,0.00394644541738644,0.000835600305193337,0.000779504360706062,0.000631141042983359,0.000596491205204185,0.00218715337226376,0.00109779122709989,0.000493443009573115,0.000199602017727251,0.000112814897202374,-0.000191425815655834,-0.000352507445277781
-2.91740854522771,5.67190234796528,4.04393227896562,-0.0041440087152977,-0.0193352336984391,0.000134997501317259,0.00102934960846867,-0.0010399544315706,-0.000364174571000904,-7.27498020148256e-05,0.00222546777802817,0.00113628331552432,-0.000512239945061523,0.00316206182415715,0.000146861421730057
-4.59597987165112,8.56517556467382,4.08199321220854,-0.00580826584705596,-0.0113804362836633,0.000585009323665705,-0.00614353113166895,-0.000907087231725653,-0.000940207304968159,0.000501997454100892,0.00285969776552432,-0.000109946541865108,-0.0012570682987027,0.00416925681525238,-0.00135932920787553
-7.30006564450751,4.05799620510574,2.6575356410177,-0.00514376576343209,0.0121426278463254,0.00139683905809908,-0.000301200114408276,-0.00409823512612001,-0.00412742364155914,0.00407844669126083,0.0020484998046734,0.00263559324942399,-0.000761654889943007,0.00523450659236696,-0.00105911448794491
-3.77079444311104,-2.17496139221569,-2.75443337603081,-0.0132807519173213,0.00272604594350529,-0.000132184822589007,-0.000722670187387059,-0.00454878379109069,-0.00375894943168549,0.00137086013722893,0.00147080572428208,-0.000823464769373919,0.00154087178939838,0.0024921975668092,0.00101774347658696
-1.96172294761746,-6.61135113791622,-0.648366310129956,-0.00818786218464623,-0.00429605830279532,0.000323167239704069,0.000223401348329406,-0.00200885811239537,2.19859534086068e-05,0.000642338606307229,0.00134095343045952,0.00148901335754613,-0.000268522736192009,0.00211248523869802,-7.2950861675114e-05
-2.55304444179655,1.14851782063445,1.40108832951073,-0.00515573073572179,0.00185893303468635,0.00054036367441224,-0.0078373015418994,-0.00198718120195136,-0.00159313485863266,0.00192590782106911,0.00361891607473166,0.00174432086412375,0.000639258610505688,0.00463707207486759,-0.00132004054082252
-4.52964982681387,12.323067000544,-3.35643649912088,-0.00850015959698606,0.00786561921129921,0.00094043446018143,-0.000248013842744468,-0.00488691921610204,0.00102237666524082,0.00190720207824398,0.00265175549053384,0.00030228447787966,0.00228920471114797,0.00310578287975618,0.000168274764178743
-7.17548593585048,8.62467825847001,-6.42316628526002,-0.0146534979705688,-0.0234248307654027,-0.000322619322831037,-0.00442289635003594,-0.00845572032336995,-0.000890078216201193,-0.00121675862467674,0.00106790065432225,0.00203128546989003,0.00279610372685474,0.000901035322689137,0.0034166495924944
-3.82698195980931,-3.88527057112102,-1.46393735557658,-0.00787748156827009,-0.0197212803026312,-2.83790209969589e-05,-0.000675026845726619,-0.0043765905367519,-0.00261402984326973,0.00223235067805442,-0.00170601310366692,0.000153214775788659,0.00149423292056309,0.00206333394956769,0.000248108362158585
-3.96190665228324,-0.860338191035752,5.08268691421704,0.00322494648206866,-0.0022258324440752,0.000630306852756104,-0.00253345627222744,-0.000899206702810039,-0.00313126032495587,0.00150912648572556,0.000665013610840125,-0.000730898147471422,0.000789253656799976,0.00188170424796283,-0.000400667713863893
-5.46001809638616,-10.2562101018563,5.78865086450345,-0.0165683917709051,0.0138894764723653,0.000696019062752374,0.00177736865528806,-0.000574342085010861,-6.63445411597812e-05,0.000782161427508469,0.0016649516686331,0.00344701697171597,-0.000552621656636251,0.00150059780919709,-0.00197833031840569
-3.84130297690103,-6.90698896395592,2.73388387223864,-0.00744176996547508,-0.0119092148412035,-0.000203710357274663,-0.0019291742172648,-0.00225299803725131,0.000315081962442573,0.00121146046349824,0.00194488158605527,0.000130236950425065,0.00119268794448475,0.00235623626753784,0.000508796056056326
-5.03206097685044,3.67375675662349,8.01185251762787,-0.0100782604546635,0.00456131617822396,-0.000816441967430397,0.000136089443124622,-0.00795955363267694,-0.00145713858543483,0.000292800145129621,0.002850606710302,0.000801648254694357,0.000347348572168513,0.000645233226102823,0.00171490194375915
-8.37738148983555,12.2301733479777,-4.26845112031928,-0.0112880843914752,-0.0219449793736813,0.00101729647177411,-0.022819422718006,0.0112945485708899,0.00193746672183585,-0.00224315484880836,-0.00372424008662659,-0.00320064097492442,0.00250235782718726,0.0078272163117962,-0.000426058199115789
-3.40766782956147,-7.39262523173119,3.14700476650999,0.000878341938188238,0.00241262032700788,0.000228900125101627,0.0044181796829019,-0.000459233747399657,0.00140810904843065,0.00146213638323816,0.000720211744154672,0.00115376076194132,-0.000309232653392674,-0.000280011505207607,0.000628425241694967
-3.69542386646999,1.13044898287931,2.95424963788155,-0.0153919737692289,-0.0235705436351904,-0.000120546183760982,0.00228004507129829,-0.000732468306588906,0.000611234076653733,-6.37045165930349e-05,-0.000229396591884899,0.000793093202279255,-0.00159036646584442,-0.000813655489217993,-0.00112059320378852
-3.10629206823882,4.11778539592034,-0.219717592431181,0.00520366822288795,-0.0212875465534403,-0.000269674607616901,0.00110055285659333,0.00229157296323883,5.27250926584061e-05,0.00203811121824447,0.000943852640707308,0.000927788713904579,4.30764923269617e-05,-0.000465450093656171,-0.000468668647779428
-4.71173511397196,4.64883073949447,4.62501418779653,-0.011287145720707,0.0024271834926669,-0.000151249300313016,-0.00847464432127631,0.00396565911073503,-0.00115482910385411,0.00185316128491524,0.00089566792082139,-0.00175852270821469,-0.00096343972300898,-0.00142518899503308,-0.00209151324993571
-4.24867219188659,9.67805491386352,-1.39685816429632,-0.00630769338797811,-0.0082034747064254,-0.000173972415503203,-0.00117992555114,0.000173449398654557,0.00203912690318225,0.00217210818341023,0.00238923282550206,-0.000938228922847607,-0.000728082656007543,-0.000529322946050321,-0.00263226799740835
-5.25184749782415,-1.77384853452846,6.28314398327811,-0.0114326313314961,-0.023639307526476,-0.000150777155279261,0.000968914704455681,0.00235362708898646,-0.00201628012391417,0.00315615139307322,0.00114460129180153,-0.00376426334712736,-0.00162883943350531,-0.000952586883303139,-0.000947907168691088
-6.94809791054916,-7.94214313143103,-7.05076339495376,-0.0269044478405478,-0.000916884547622145,-0.000917160508632597,-0.0169183224304699,0.00752398154653686,-0.00221552824316184,0.00937329897893306,0.0102036796988354,-0.00138809691040709,-0.00104916385335033,-0.00398443927854191,-0.00414079244150548
-3.34718943889186,-1.28569768203938,-4.12545814052125,-0.0127165837072349,-0.0130898050547396,-0.000751782215100504,-0.0047491743254688,0.000417037738895696,0.000345334372808436,0.00275282734468886,4.74366848061404e-05,-0.000549894270781059,0.000573281773536906,-0.000634426019510521,-0.00173722992228251
-3.49829221849111,-15.3579957256831,-2.55035491313231,-0.0181570022737636,0.0103129757618319,-0.000707274252200064,-0.00329778073995505,-0.000401079311591701,-0.00089281875884207,0.000523462838695535,-0.000819192666262754,0.000840111447788493,-4.57493837848622e-05,-0.000561738455277319,0.000433200772261029
-1.50364962280682,2.04287033874136,-0.105493904516047,-0.00710664020381303,-0.0126132020684349,-0.000273170891699731,-0.000963494600070651,-0.000547094350233053,-0.00159867347004093,-0.000851743496564097,0.000182952457133394,-0.00051025509405987,0.00054590043106198,0.000116810265398839,0.000478630509194986
-0.851863952337551,-0.451386290170412,0.72088431422158,7.88416587835943e-05,0.00053316791719746,-0.000144231409935545,-0.00178362796302027,-0.000609823883065318,0.000365836666762761,3.15939265024696e-05,-0.000551309875809911,0.000311805548461771,0.000125901340549249,-0.000122483730211884,-0.000397845385325827
-3.23841695348241,-1.16362545859848,3.03841537002648,0.00128328349085471,-0.00629458708945735,-0.00022608324069834,6.77580643588924e-06,0.000713226867021483,-0.00160472041443358,0.0017892686992641,-0.000466159086717069,-0.000614760571845531,0.000553112972842469,0.000654365405084371,0.00127417239202298
-5.88822403975453,-2.75668236047199,2.6240014878453,-0.0217984544968343,0.0131897016225705,-0.0016072263885036,-0.0162262423339238,0.00424711159813016,0.00119345675108706,-0.000658583506494918,-0.000694727856417604,-0.00201162146671809,-0.00228918462199643,-0.00174815092519197,-0.00224420551238773
-5.58217802134974,-1.55126212497593,0.851325657878052,-0.00715640371623243,0.0123179249027559,-0.000427064826204017,-0.0028284279980739,0.00312697102364698,-0.00222452220170796,0.00253474841276828,-0.00132068505553669,0.000511736210831126,0.00135437520865681,0.000907254148886455,-0.000222457239797
-3.35978026995575,5.11357690605148,-2.74930247975937,-0.000633716067004892,-0.0024650514476101,-0.000254428914293147,-0.000211259329692956,0.000263153313398648,-0.000371147464538195,0.000206539352946539,-0.0013371219304209,2.18605191542758e-05,0.00148974647021607,-0.00130266686320903,-0.000587387894884053
-5.80005019711981,10.4097486545971,-0.258006749477163,-0.00648151494307267,0.0088329294564846,0.000476204966414702,-0.00963541771898954,-0.00109650190468643,0.000442499801041602,0.0011723614069469,-0.00162605995393191,0.00171963538959763,0.00156108651731457,0.00177623504483174,0.00075091388640414
-3.09059516520278,-4.6712595931205,-6.52457528824263,-0.0147934349327986,0.000896315857591831,-0.000432229761235074,0.00268724715462429,-0.000279536515363959,0.00203803206295776,0.000673866138047487,-0.00253117959956992,0.000681263161140785,0.000250165889903615,-5.46501930080631e-05,-3.00765631992279e-05
-2.17048121250566,-10.1146917472959,-1.93091068791423,-0.0129130846459015,0.00124026000407168,-0.000484620981745421,-0.00183930977109988,0.000574137351134282,-0.00245414998144513,0.000174858072014019,0.000524081254629467,0.000571723867219425,0.000114063525173946,-0.000470376000060737,0.000627927706474056
-2.31917947816128,-0.0575843396884225,1.45616753504575,-0.0103796997184192,-0.00982279250294518,0.00010537234067127,-0.00058341397797863,-0.00412097218073186,-7.33131228199484e-05,0.000116382463074074,0.000174112925265726,0.000293311162681231,0.000232934145739454,0.000333920175763734,-0.000828172501542568
-3.0845477872831,-2.29910887712491,0.733782741833163,-0.00543602379277792,-0.014062556793019,-0.000229203000051626,0.00216972522238797,0.00220408744102752,0.000416655853219024,-0.000580007766231752,-0.00083039079755903,0.00157585019918062,-0.000751917218179619,-0.000153238568202248,-0.000376970243640332
-3.69619239199587,3.71893387145286,2.95070161184149,-0.0119478064651574,-0.0291640960217043,0.000258424733329552,0.0014477513314488,-0.00134688311752882,-0.00170729190926931,-0.000678347379399616,-0.000918226554728369,0.000701705253560576,0.00185369947949267,-0.000696717941514445,-0.000497825594613263
-3.90867131211754,-0.789917209750513,-3.11994512247696,-0.00474930559946213,-0.00685425361133542,-8.76303216823851e-05,-0.000135598071738678,0.000665199459835548,0.000148461832908259,0.00149424054704726,0.000114284207989973,0.000687448997740595,3.40703436863846e-05,0.00166632453651166,-0.000580845320700497
-2.0812259943234,1.28971754294473,-5.41390008327413,-0.00773527436542507,-0.00296489330801834,-0.000296796242345206,-0.000533671380303964,0.0013072746636272,0.000479442476677888,-0.000356985732019337,-0.00040617474433178,-0.000470566157670218,0.000126728798251649,0.000690005413393575,0.000629087379661498
-3.61302663349295,-1.78946586481903,-0.340550034156894,-0.00849118651538751,-0.00297730366921171,-4.059591587511e-05,-0.00338210899136197,-0.000587011250689271,0.00107241056183265,0.000868469007248186,0.00134069668056591,-0.00125705542898973,-0.0007307443778134,0.000473915823325498,0.00067836573459701
-4.97666017351354,0.380231479720084,0.922860779749002,-0.0209341559387778,0.00362408847801973,-0.000745869156228312,-0.00118087054952752,0.00187398430735286,-0.0022209628854344,0.000893191391454481,0.000247644014403041,-0.000820800334511842,-0.000596107384160879,-0.000436071749027808,0.00153331230974698
-3.46964685854716,-2.24631410305775,-0.56166990815845,-0.00148287358274363,-0.00889608883663555,-9.21134792424812e-05,-0.000287476051921274,0.00111779938839339,0.00112190795395196,0.00163138143533216,0.000623762812679631,-0.000615616999662249,-0.00060936086958829,-0.000171050247841034,-0.00105431283401204
-3.09745644025918,9.43742755842514,-3.10952769721593,-0.0100890415558635,0.00491787597666712,-0.000328754915375246,0.00249882643540327,-0.00125009550086474,-0.00205782109834078,0.000759487486764965,3.98937673038789e-05,4.3560626897224e-05,-0.000130413031176724,0.00124155502122783,0.000344967463110154
-2.60117160224746,-3.89767230885993,2.64603428305347,-0.00203160951853511,-0.0342518484909389,-4.22141291837552e-05,-0.0041769918508451,-0.00246744502423391,0.000598007797735702,0.00139961830060749,-0.000323249622708722,0.000666461928758519,0.00112259971353586,0.000167397899376655,0.00133797925586015
-3.48388334574586,1.29660361077156,-4.81840396300988,-0.0130136168941703,-0.0314999526479488,-0.000246759219319379,-0.00469400624499543,0.00112684902429902,-0.000286365115526636,0.000291466906203608,0.000492317025153399,-0.00016832547358124,0.00114492958940338,5.35990961347621e-05,-0.000756621891827366
-3.16165848668721,-7.10972571031874,-2.17030964552954,-0.00755158780440626,-0.00406359587211442,0.000211100290122587,-0.000905593459829238,0.00143635113940955,-0.000827518758923746,8.96894999709351e-05,-0.000251707323212832,0.000765848197044109,0.00038035501129547,-0.000887549556289494,0.000460593621161336
-5.11229923802369,-6.42068387571435,-4.96124515808648,-0.0105555179884633,-0.0201250051905714,-0.000143033596479192,-0.00574507564855169,-0.00423532327134356,0.000581807580364062,0.000869452148964995,0.00105292232157554,0.000198138760875115,0.000733030087269886,0.000346845379806535,0.000433440738578066
-4.35431685024067,5.26385819849484,-4.47732079673966,-0.0147782938121634,-0.00951054946368673,-0.000574633443886026,-0.0047807688410205,-0.00215005882561719,-0.00178365007272642,-0.000175079631097164,-0.00123208070738868,0.00104895392975353,-0.000708867124468609,0.00162516072426098,-0.00136776495814184
-3.28018008387818,5.57485174715395,-5.4360767008139,-0.00336647838566376,-0.0157321896553062,0.000287906073420471,-0.0014494819200128,0.000247096744510506,-0.00193185143864908,0.000881616043300489,0.000122312284540175,0.000502073203163012,0.00103684295286324,0.000276329818778224,0.00012744973542324
-3.32660882750812,2.9922068680477,-1.02102550527535,-0.00899351090580057,-0.0121052389771346,-3.67840503989483e-05,0.000401085477842208,-0.00113838681766334,-0.00161808054046926,-0.000344895765819346,0.000549375897331762,-0.00222365594327235,2.98061532316472e-05,-0.000649382870824928,0.000519899112157653
-4.20915724249329,3.05166380792245,-2.0341629248536,-0.0207080577117049,-0.0299593139349193,-0.000413824385606048,0.00153204342856736,-1.88559068846188e-05,-0.00100895625835876,-0.00201961439573526,-0.00109634910583297,0.000180635155555015,0.000635237996228181,-0.000221117046709286,-0.000413770383301733
-3.89337809136345,4.08446267063266,4.74731897358612,0.00596956409392326,0.00546887238061176,-1.8383067043589e-05,-0.00190860542285448,-0.00100579133263534,-0.00133141282189573,0.00251507873688229,-0.000651976046960355,0.000914262399392494,-0.000160017410770167,0.000406711234890181,-0.00146554811567524
-5.15839433523933,13.8933683850121,-3.2012117930878,-0.0134287122167405,-0.000297340951378056,0.000315584618356488,-0.00510961115486242,-0.000291586976838048,-0.00225012442877106,0.000471569452639962,0.000318695675631584,-0.000435547614293908,-0.000585859110500886,-0.000638337378965333,-0.000376219828960914
-5.33195460302034,-2.07348614516777,-5.23177064943015,-0.0243115883100114,0.00284893478851802,0.000114608995199627,0.00346516602899988,0.00146963095061117,0.0029029511141416,0.00189131397819241,-0.00221060334219387,-0.00148720476061084,-0.00152097783505411,0.0015200316626385,-0.00132134906016327
-5.39227115424731,0.362532368589252,1.04253627196824,-0.0192697912092172,0.00749454088324359,-0.00111597276970656,0.00146846708516296,0.00146701855407638,0.00130915391214087,-0.00133380791618386,-0.000395694945685529,0.00110700121020611,-0.00154505774132409,0.00136813137066519,0.000971075563761128
-3.57832086952889,-5.08561390940181,-8.74654866909906,-0.0153808304742851,-0.00688504909195401,-0.000215828106323065,-0.00221104441208826,0.000769835096692851,0.00144423132344317,-0.000875127676510392,0.00138592616282094,-0.000293457440368086,0.000649167824643074,0.00164174677726758,0.000998097442455851
-1.44997896078708,0.506274318008489,1.61888449323302,0.000467589372183472,-0.000344937542054053,0.000399879613478461,-8.58138334479438e-05,-0.000983685409898254,0.00208115794364089,-9.86658093825048e-05,0.00109281616118375,9.13912524408975e-05,-0.000517784042166446,-0.000466145591879579,0.00105438448462891
-2.48962921173791,-1.58038765627512,-4.40691865178909,-0.0108292803566306,0.0045231704898332,-1.87757704340454e-05,-0.00079016040027152,-0.000733609697145096,0.00130067438521454,-1.40805400342701e-05,-0.000130501653520657,0.000682174191232463,2.15119190619642e-07,-0.0010922170367476,0.000360894649055834
-8.77348349138299,9.1306081211495,-7.83561622873419,-0.0293425905332878,0.00154187301833775,0.00348947502532652,0.00166888795712592,-0.00780175745555822,0.0114996650709327,0.000837714455647808,0.00483241262345555,-0.00795561457261404,-0.00765786256048674,-0.00184665382759152,0.00827102998549901
-6.32076960501513,-7.62151320878946,-0.659486996861062,-0.0243052087997602,-0.032743703127847,0.00187585236931933,-0.00542552505171364,0.00201492513009998,0.0033793289782393,-0.00207590695079874,0.000239740508469389,0.00202735015572933,-0.00353569920967719,0.000842858146902387,0.00100915234048217
-2.45172931047433,1.89991848169641,-4.92479636172913,-0.00612865742310279,-0.0302053397479413,-2.86081851847536e-05,0.000275704416086148,-0.000993182588622839,0.000769958492703889,0.000741613045077947,0.000753340944056065,-0.0004264979362307,-7.8731942471728e-05,0.00046683243448433,0.000237596439418322
-6.78991469254118,-8.56039353024595,3.86285511776101,-0.0282212749075024,0.0146140665960188,-0.0014204478697638,0.00271177991457815,0.00120848389693183,-0.0064868289896389,-0.000145468943525476,0.00437175899371163,-0.00573819440462261,0.000111030392274243,-0.0018630969415969,0.00460873041703415
-4.76302726087572,-1.15693626146148,2.08417294725939,-0.011844478612113,0.000653386774328724,0.000342165331594024,0.00173989235840619,-0.00236440554395515,0.00129756096044275,0.00162368545120492,0.000137283378053903,-0.000215278147629121,-0.000422242963190977,-0.000193906358207103,-0.0021480370775001
-4.05627038964946,-2.67004993724443,-8.16509816492511,-0.0157790573458498,0.00284064147566309,-0.000696064028750209,-0.00127971947151511,0.00166768564953651,0.000229954239593621,-0.00110356548069468,0.000621949729383792,0.00225619971663276,0.000433365526034523,0.000194860856446476,0.000206356802248516
-3.71124097233589,3.20856056328176,2.30442103997726,0.00871549124975397,0.00635719441821594,0.000173529550277162,0.00183441525666969,0.000505893034319934,-0.00142757028950323,0.00172009075925122,0.000344677207855765,0.000932203322532446,0.000316839061847107,-6.34522242899631e-05,-0.000362249518245455
-3.62317224121706,5.17502505860891,-5.53989106536638,-0.00707899427990624,-0.00945041078818773,-9.08999953074053e-05,-0.00507513951149401,-0.00278415464021544,-0.00149253594135397,0.000734847464356134,0.00211497189472056,0.000370867829209393,0.00163424118115353,0.0016604592603971,0.000350968782884663
-6.94025209168173,-4.06952732056274,0.755232128512583,-0.00248192855403573,-0.016311254996658,0.00061463505392254,-0.0125577518205672,0.00374235174867293,0.00564221536532406,0.00166517184328573,-0.000200289694800085,0.00141800078086237,0.00230242784306408,-0.00165315460740721,0.00335806506377335
-9.77192942740239,6.86633620658863,-3.53278907523432,-0.0315630278460505,0.00782961527117521,0.00173256861710246,-0.00731247848567536,-0.00683265808109426,0.00794926997353905,-0.000368496716520333,0.00528794701271829,0.00173791805539471,-0.00303367184703245,0.000961601040347623,-0.00115379358989053
-7.19670985040758,6.09172629217826,0.297973825935472,-0.0232480600255048,0.00609440440968713,0.000891048524814501,-0.00450260905832792,-0.00397501781300977,0.00144536195594134,-0.0013289566891182,-0.00184998029193433,0.00135114072068236,-0.000514190215471631,-0.000673096783948438,0.00164345375306483
-3.40920522218987,1.07689421936791,2.58016326913768,0.00209581888080154,-0.000203086365527809,0.000121352715840798,-0.000282189781079605,0.00152899826518665,-3.90750557935845e-05,0.00144194858777735,0.000199873507866154,0.000935981673127398,-0.000263026187201238,0.00169692200488915,-0.00156232107653427
-7.95940681508318,14.5742230337249,0.188107470862886,-0.00369316891201915,0.0183070844034148,0.000217678398588712,0.00330242650891103,0.000905454296313835,0.00215394600945452,0.00282183529641389,0.00445581541384771,0.00160322105349881,-0.00325865723828518,-0.00383965293188111,-0.00057745671639062
-9.54301862374088,14.297664501911,2.47098626083419,-0.0251601024299588,0.00802300560075012,-0.0022242678445586,0.00815453757027823,-0.0133006104763772,-0.007836409081819,-0.00252225109739765,0.0054776616604329,-0.000833850091108579,-0.0027361247574387,-0.00344656186178935,0.00517840849575021
-5.14189208798993,-4.15568566330675,-1.12932484070033,-0.0167948711044682,0.00878358684746101,-0.000707904661774343,-0.0073743865267269,-0.00510505801154171,-0.00311219931876391,0.00132578761803333,0.000868741168469893,0.00144243820011388,0.00224141870269895,0.000416881521256844,0.00145123611731536
-1.73550247437492,0.220851368203321,-1.38480797770575,-0.00579389052724161,-0.00133398689751969,0.000140323337979385,-0.00180197966416247,2.71785063827109e-05,0.000606653791459682,-0.000530923839645144,0.000110171168540093,-0.000541204901236188,-0.000616199986810351,-0.000797862422586975,-0.000293317558989768
-5.856280237618,10.8246839491438,6.70858002927465,-0.00323163560779207,-0.000408938158197014,0.00122347970768908,0.00159852565001222,0.00347933370573186,0.000838631341637872,-2.40428761252638e-05,0.000120268718987175,-0.000600358954401273,-4.43874380047707e-05,-0.0010495889241296,0.00205494804494049
-4.93705912117284,11.4606526538596,-7.66723661507614,-0.00968951067018195,0.00959922720442378,-0.000264933712538918,-0.00856924414663102,0.000434867581778289,0.00390488858844376,0.00234636667067038,-0.00134345616842268,-5.83287200972044e-05,-0.000191203132774007,0.000142976107575524,-0.000766938998077481
-2.8342053607336,-3.88237144798533,-1.49955115316211,-0.00543332634536885,0.00320075542531169,0.000237446732696145,-0.00143252511744364,0.000815671249740577,-0.000210795645182183,0.000264650828212464,-5.55552710583865e-05,-0.000665519132192451,-0.000605214792329365,0.00120109298958558,0.000279862980870705
-4.35929438620098,8.28715580204955,-8.35635592046263,-0.00276264405402384,-0.00577126519751049,-3.9895131724666e-05,-0.00223038030561706,0.00260048978932595,0.000332219511940534,0.00367278769013023,0.000406834370669189,0.00136900015073747,0.00147361884319256,-0.00138590422671617,-0.00170963279923257
-4.24443506035909,-3.91843982705041,0.283664393170927,-0.00715401607887565,0.0031798077757609,0.000586872814188411,0.000684416951418805,0.00482183440413314,0.00187058201053205,0.000941159351434439,0.00112601660789033,0.00119523617021267,-0.0012717182001389,-0.000540243608318489,-0.00111184984151379
-6.82316300284907,-1.38433293848224,-0.699798883335914,-0.0252768919409786,0.0159047830908265,-0.000540336429621659,-0.00454885429810286,0.00249475896937751,0.000615657069123625,-0.00163740676160653,-0.00126479248371034,0.00445122573965786,-3.41627867737102e-05,-0.00349255647207586,-0.0016046176195023
-3.9801325078525,4.48001554504254,0.483611914575785,-0.0122415258097214,0.00847386959532115,-0.00049764117353258,0.0033036692614735,0.000157040902841445,-0.000459253659905488,-8.86647955075034e-05,-0.000970586869724892,-0.00091744017732226,-0.0015875682346487,-0.00123766174328819,0.000595666791597586
-7.56956339972294,-1.29429701484368,8.80249439576118,-0.00722971181656236,0.00416620845845983,0.000347163877026843,0.00502061505692122,-0.000984406024390707,0.00477293501213355,-0.00380510066273358,-0.00263172893445004,0.00521749847135392,-0.0018327988787728,0.000480554223635346,0.00133207966434683
-1.88577472880376,-4.64337382325225,-1.29278779248618,-0.0101558676263443,-0.00133271509865434,-0.000246926371441201,-0.00167097496469569,-0.000904318821845492,0.000909186333307164,-0.00116581910860119,-0.000274031781119876,-0.000332087728342349,-0.000531460183482008,-0.000605351947732678,0.000751110173822504
-5.40439603579378,7.05537225837533,6.44654493962512,-0.000137840570160006,0.000542336671803966,0.000166459955625553,0.00454058772282999,-0.00324559784687681,0.00255436295475567,0.00121781162329062,0.000198270215969101,-0.00099371365503107,-0.000434602790786502,-0.00166790741130404,0.000588868155922718
-3.1346808449494,2.82419150753894,0.854799733174875,-0.0126905843313565,0.00362741252060991,-0.000455761441306192,-1.15582634389746e-05,0.00229846271799674,0.000830024730908562,-0.000349501155576214,0.000905582513987565,0.000886644337477337,-0.000381157698630791,-0.000271019122986496,0.000543470427736999
-3.69433069187103,-2.43435835411379,3.41824433347005,-0.0165912513349139,0.00344124406311014,0.000206388148852785,0.00141764037507801,-0.00323858231849284,0.000716190174186835,-0.000478459249848487,-0.00103987042773793,0.000741428816629268,0.000110483508450207,0.00157274938945606,0.000581296890943174
-3.26614225921523,5.50708320053588,2.77259556969936,-1.05854108129066e-05,-0.00542919075833761,0.000371554784705302,-0.000828350926680498,0.00137135777977438,-0.00209365111886983,0.00205775967804573,-0.000687473580915215,0.000461672780075394,-0.000389959936977001,-6.62832113186443e-05,-0.00211877687290125
-3.7237941823454,7.60872436213696,3.88682942422891,-0.0102891950398393,0.00333259018978572,0.000147385795889822,-0.00162536796557005,0.00147372358953243,0.000600155061397253,0.000172686662123029,-0.000951850363210459,-0.000125394394387915,-0.000417380121993844,-0.000961053377963235,-0.000846332661312486
-5.91864537905298,9.01024789292704,-1.76977785379742,-0.0197305227675263,-0.00241928724823281,0.00074944478581751,-0.00709166531661563,-0.00469768903727614,-0.00399391403081035,0.00174170893814339,0.000623004179739754,-0.000586145983168443,-0.000445796246740971,-0.00364513928059721,0.00265453886748325
-5.47099513335769,0.598514984012571,-1.02135487879629,-0.00702666962679567,-0.0133834340074582,0.000751382974319554,-0.00794828807698118,0.00158635099432002,0.00441331562146997,-8.4979538384003e-05,-0.00282370002571213,-0.00231980240735229,-0.000589394655460146,0.00374889474092075,-0.00064876964126037
-9.89446290230983,-15.4516681421869,7.63906462175865,-0.0467029582137354,0.0350671136947502,-0.00377000797835301,-0.0207083619692207,0.0239595972716376,0.000410800654397616,-0.00214975007936025,0.00535207911720882,-0.00606922119024388,0.00309450695372453,0.000581820658664273,0.00167203872570249
-3.61733011019017,0.123083118545209,-0.107320345390201,0.00259657445329936,-0.0121489153345361,0.000439350434300513,0.00146700377554401,0.00144829772368941,0.000774936642114558,0.000544616763721897,0.000766297315611706,-0.000568186251350151,-0.000338944329381309,0.001682330575363,0.000202395601632964
-1.84616376819612,-1.79805175106953,0.5110609700948,-0.011380526078982,-0.00976477550796352,7.30758090240784e-05,0.00132023238275463,0.000790421719110247,-0.000849291702980938,-0.000482211640952839,0.000299029010182504,0.000375748547054454,-0.000765684619896911,0.000520348026749308,-0.000471755898359521
-6.89216239112245,3.8403633856725,3.47374789060727,-0.0121571102324416,-0.00215574935953535,0.000286679107106968,0.00876345991151089,-0.00289645258470097,-0.000720039877441141,0.00560353959666432,-0.00330287861945033,0.00118386726851922,-0.00130738081180904,0.00182201418842137,-0.000579798004793402
-8.65882777562079,4.4117505195453,1.0037577355869,-0.0150804803724085,0.0216205667295814,0.000254458521264572,-0.00835123269072492,-0.00309939099532198,0.00689465397505121,0.000269775094559976,-0.00466633760303947,-0.00498731512857256,-5.06396120555674e-05,0.00863545325833833,0.00756890100928946
-6.75719002181143,8.63182320130104,-10.6118587394693,-0.0219512903992256,0.00669768054895901,-0.00187568093623805,-0.00682214399312255,0.00288876966626554,0.00135008703133243,-0.00212530152086138,0.00016604231743822,-0.00150070959230424,0.000297102912725313,-0.00015414177881792,0.000301510981013918
-2.92884647497726,0.745879021937792,-0.796701980947799,-0.00290345715658288,0.00184951522542727,-0.000356616299918117,0.0012865006329758,0.000254995991484907,-0.000546308490933432,0.00106958693524736,-0.000241854475276346,0.000533988302727364,-0.00129201177138935,0.000329745246031227,-0.000527178155805488
-5.54798302933703,12.9235499926235,-3.14731217185886,-0.0136902186344113,0.0132571637938669,-0.00055499981358985,-0.0045794019070837,0.00089940993541764,0.00275149415593536,-0.00260353163122255,-0.00113727304444303,0.000358316378479463,-0.00107830960245672,0.00103907326358866,-0.000336220264584846
-7.29435148316161,-4.88362678736466,-9.28577869639479,-0.0250198696757893,0.00237170732226454,0.000653332549923467,0.00146980110720093,0.00592914607587772,-0.000910683989237899,0.00124050627187739,0.000831641346615588,-0.00335459805877095,0.000551171309463869,0.00369457916577786,0.00347268140493641
-5.61288558162667,-12.0817721939716,5.35316426599928,-0.0150036958333196,0.00698811028052346,-5.77792196800766e-05,-0.00151555267460256,-0.0013584407868252,-0.0010324968451359,-0.000856290450644842,9.87323584627146e-05,0.000685411659664553,-0.00166788328464227,0.00394832236179289,0.00152984585270707
-5.29205377368532,-4.83389213148572,3.14547258631513,-0.0111173612495589,-0.00648138058985894,-2.84124334421709e-05,0.00315934251856903,-0.00121204660380261,-0.000702646554677286,0.00103993657808187,-0.00142402458312601,0.00228482846039055,-0.00112881175808419,-0.0023360750823421,0.000331406956713887
-7.64826808225417,-3.33007431185934,9.53324986489305,-0.00994861721305,0.0158508588235641,-0.000392761354022988,-0.00588933383725618,-0.00537501636758468,0.0025242124529775,-1.58528793877259e-05,0.00186557256573867,0.00834078698450753,0.000342811370191509,-0.00303808113455856,-0.00426908254259606
-8.91479028657985,-28.6353576723168,-3.29285232339771,-0.0485385967395031,0.00552855369389655,-0.00150589502812372,-0.0118431886251876,0.00331702054166031,0.00143161719637144,-0.00380771336567531,-0.00076883252513308,0.0063005463782325,-0.00520375977527703,0.009987873011683,-0.00527572432168976
-5.25289649791905,-10.3759052541184,-6.31570137835996,-0.0221460116821551,0.00292278978089381,0.00105232136545864,-0.00517386593499273,-2.40214982700541e-05,0.000360383656635546,0.00187682905340311,-0.00274900388467309,0.00243868404191896,0.000879031531923988,0.000456010331984345,0.000906597235663382
-4.61217661441618,-13.0074910068962,-2.73431747881708,-0.0147384001535016,0.0100816112098009,0.00058335641498665,0.00146645530739667,-0.00169726397744,-0.00276241497756546,0.00267512083477755,-0.00235783162869507,-0.000236549690366356,0.00294709361050494,-0.000779558896310611,0.00227230658470753
-4.90996534075143,-0.606578639725276,6.10793032769776,-0.00908127236921401,0.00118419747999098,0.000372113855173715,0.00065542964054692,-0.000567367002816275,0.00184466698199418,-0.000157542266892775,-0.00161004919464718,-0.000942222490336671,0.000721232079487479,-0.00514251382012439,0.00358899058416068
-3.72962042309828,-6.54623658377922,-0.968472988014039,-0.0153253017771834,0.00817809588141065,-0.00081645558388962,-0.00338918362028852,0.00193606467884033,-0.00155423378935971,-0.000882187820732002,-9.92638215595863e-05,0.000621022677520502,0.000457571029396385,-0.00136424909736161,-0.000166961421882281
-3.621519593136,-2.76582765974978,1.64582194776105,-0.0126459534666368,0.000426457631743117,0.000436410793081795,0.00047670416458595,-0.00185867875325456,-0.00156454945658752,-0.00112412409169994,0.000668833485867832,0.000601059030135704,-0.000222162204926291,0.000634844789110581,0.00112953193567667
-3.2852762953194,-3.82396482822092,0.427008263100747,-0.0155798303173033,-0.00514843405461065,-0.000430337562948041,0.00315727350723479,-0.00391944349933463,-0.000272374920668317,-0.00102152638341278,-0.000690917102582089,0.000536326942022653,-0.000294012794314899,0.00128024060229741,0.00155712162876871
-7.81436235486015,-12.8794971932325,0.273083291290338,-0.00689801177684216,0.00506462427020863,0.000996851801820531,-0.000667911542010233,-0.00467114050853953,-0.00569531212806983,0.00263150560713316,0.000491321957226943,0.00137763594217362,0.00223959725615959,-0.00015671674308077,0.000976202870495483
-1.39871722600841,1.27082219525138,-2.18587888245954,-0.00234416062663606,0.000365274682358463,-4.78540325583607e-05,0.000129970405498259,-0.000399334393392046,-0.000629499445788049,0.000883652816642948,0.000600939502538391,0.000167238799131148,0.00063243227469012,0.0003239314634449,-0.000217241778486135
-1.60778326304848,2.77861440290696,-1.6358765101967,-0.00118037418377819,0.000243010099652908,0.000425873894064679,-0.00172263090529396,0.00160226661673251,-6.15790229948973e-05,-0.000115997810280859,-5.22427035965587e-05,2.26676350837581e-05,-0.000746783139148928,0.00029326032490227,-0.000989893348579763
-5.07289943418051,6.62285635471891,0.918056167013418,0.00605082506153455,-0.0121003908132495,0.000366805469210742,0.000946356303607652,-0.00105609498833125,-0.00125581698811214,0.000577949638296321,-0.000518674184888291,-0.000245583329833878,0.000970444346698375,-0.000155075714317167,0.000685146877135026
-5.47598925833652,5.8577172293152,-2.49224356990389,-0.025929260065944,0.00421179759075832,-0.000685764585316682,-0.00540600502310394,0.00154613717278857,-0.00263878487719423,0.00301755818571754,-0.000475413019280676,-0.000179709972990425,-0.00070291702221945,-0.00143844782154362,0.000987809018682157
-3.36931157773171,3.16860681924533,-8.03552156846946,-0.00812774491010046,-0.00133222431792665,-0.000221770444453481,-0.0011218174329394,0.000126858789814617,-1.5009372699595e-05,0.00150876834371214,-0.00175938048778871,0.00046995311121681,0.00262319508343188,-0.000200985390533845,-0.000104367790783778
-4.98341012629906,-1.71081385387233,0.791502600716656,-0.0171868877127088,-6.64211795955071e-05,0.0003709154189489,-0.00142153644535181,-0.00111828227601186,-0.000298478654959803,-0.000738391634152209,-0.000637598968488394,0.00184054160946118,-0.000975902939471851,-0.00283450549916822,0.00191605732089611
-5.24108499431004,-10.3793756105719,-0.785904501485977,-0.0272712504949032,0.0108076802301846,-0.000275063130278453,0.0035006304812999,-0.000453931574045443,-0.00378309032134593,-0.002168692755886,-0.000154483236687749,0.00105481092102524,-9.26096431973213e-05,0.00131320664526286,0.000893692653014623
-4.81165396405083,11.848884064551,-2.93827758548593,-0.00612372265113273,0.00295324803097835,0.00019306156317391,-0.00724854004036508,-0.00225623836872828,-0.000879255272715922,0.00277431931330262,-0.000964925976296799,0.0010664327880331,0.00135462855720855,0.000361307477752826,-0.00197874385780096
-1.99894965562541,2.50939599064529,0.614499688964642,-0.0107769758742037,0.00628257340272461,0.000282710000380662,0.000599868767361936,6.82518205065189e-05,-0.000219219561638358,-0.000140885188398313,0.000386267815062389,0.000347945969316294,-0.00105365373659944,0.000210962120262687,0.000468827172777398
-3.325351037549,-2.19774200648708,-1.7597218197631,-0.00108311191063669,0.00391383586698486,-0.000629657845403667,-0.00643149071101301,0.000411973197832269,0.00233915237093002,0.000541134634723133,0.000772954624493915,-1.56910123228681e-05,0.000728816167554907,0.000427610329332207,0.00132525891820691
-4.96836555873952,-8.26647538778431,-1.00393048144877,-0.00969419150484983,-0.00887347643743728,0.000750963237850905,0.00248875668567255,-0.0025747352623008,0.000411552206746148,0.00189741665886796,-0.00296885264131598,0.00239755745266193,0.000525316223642741,0.00163670315484647,-0.00324636650518466
-6.02844703046946,8.3617595591569,3.45373096296965,-0.016589175335212,0.0125665461189642,-0.000892873459630675,0.00130026517624134,0.00204553015250568,-0.000901968694608207,-0.00146572905875734,-0.000553450364182469,-0.000648016098238992,-0.000607481004674732,-0.000497103710630485,0.00103792825789471
-2.40365869386746,-8.28599422622708,1.29669571963438,-0.00701720454620721,-0.0180164484028785,-0.000463675712662318,-0.000175976563092879,0.000165462926410461,-0.00107135801299135,0.000490062048838195,-0.000457943995110643,8.773502071939e-05,-0.000954481431616691,0.000508090478100235,0.000892905193939757
-5.37867428636567,4.53364487490985,8.26188136886258,-0.0174064144862017,0.00506921126901672,0.000951703642337511,-0.00195570243911682,0.000375366343560983,0.00105849885645064,-0.00223440043812817,-0.00010569241479375,0.00359000775150054,-0.00389567625271061,-0.00259849897497141,-0.00165682137807837
-3.74923881723747,-0.950749809127122,2.81242366677866,-0.000963436885351555,-0.0145466384015468,-0.000493543845733985,0.00158358843006825,0.00247231773839371,-7.30698901525303e-05,0.000819270921087747,-0.000453885982338125,0.00056919252959359,0.000201110847342344,0.00151564361260878,-0.000758758044149113
-6.19376910050967,-8.63942494440938,1.06803700519386,-0.0201859070829232,-0.0326678530266915,-0.000874208862037429,-0.00606551942284187,-0.00410159486761509,0.00241141091487836,0.000121023150706896,-0.00126587328482535,-0.000306173571579243,-0.000590127333940451,-0.00197260632590634,0.00434381378629029
-5.25916139870415,-6.60108578105987,-2.8238422994458,-0.0171202740468159,-0.026146057235909,-0.000236664184968151,0.00386892269410399,0.000170110103215029,3.1509278669454e-06,-0.00122567618636791,0.00142772591789241,0.000306290973681721,-0.00142531529106798,0.000934358146867193,0.00126251239210675
-4.68669527813522,-0.148530666803642,-0.365297390584964,-0.00882656254948166,-0.0312807986347781,-1.63803000930831e-05,-0.00435843530156978,0.00268020209830881,-0.00321129097591442,0.0015726804752539,0.000417182748028071,0.000906432815191164,0.000528789550011918,-0.00101682246506499,-0.000137344645289141
-5.10935376856032,7.32997162334366,7.28052748364733,-0.00723181489170668,0.0108897117844228,0.00105049681229552,-0.00948640271004915,0.00361252170708038,-0.000571675426925959,0.00192434347611249,0.000713665751075758,-0.000211613278014261,1.89856762212721e-06,0.0012918576783516,-0.00072066096003273
-4.8558877521948,-9.47355865556455,4.12217847472214,-0.0134773067030428,0.000583946951215338,-0.00011633291295372,0.00925765518230562,0.000702215743807179,-0.00300049909407978,-0.000316860581138897,0.00119608764566117,-0.00022642427875762,-0.00113110722428306,-0.0024097779415081,0.000896512861394014
-3.6901405971976,-6.9187393903876,2.42131385498834,-0.0130881597355984,-0.0177157354290566,0.00129263112647851,-0.00248790291901061,-0.000528044590384524,-0.00220466176957316,-0.000225867600539026,-0.00119716181195433,0.00094894926356368,0.000699923637920638,0.00260451553341186,0.00086203060754877
-3.33685761843359,9.61364673021217,-0.0284830512042907,-0.0127449889209367,0.0051359056661318,-0.000592005331605256,-0.00413936210880155,0.000413508085767561,-0.00248125929031615,-0.000143443215038146,-0.00197304351873635,-0.00104172563558981,0.000896196644724946,0.000482504623741674,0.000448910267612442
-5.43691710714443,8.41234827071855,-4.59696419774538,-0.0179893763867693,0.00509659327650891,-0.000387139084524816,0.00278820488006804,-0.00212776647401508,0.00103431038546236,0.000918495202614028,-0.00244210694998279,0.00179393835470256,-0.000480119637507143,0.00209671567258605,-0.000894535811393482
-3.46808282862872,0.164609147321448,3.94591522384372,0.00878067738431556,-0.0111822131683784,0.000629168930316465,-2.82181129723614e-05,0.0020582447298297,-0.00051036718066182,0.0026439827100719,0.000293865827694182,-0.000365014922727677,0.000718147232033736,-0.00189295291672775,-0.00010624268615441
-1.78161478006841,1.6511149205184,-0.0780599585176389,-0.00448133473251053,0.0030078829107813,0.000282142841094881,0.00117531572632682,-0.00082242300262865,0.000210096310521253,0.000259026886285907,-0.000718813323355346,-0.000118917343404211,-0.00027668955529521,0.000454184717302741,0.000416022011355448
-1.59554546102596,1.48619837480928,1.19746821721808,0.00200199087371068,-0.00218823417570034,0.000161234668607616,0.00151883999420071,0.000834328305384072,-0.00072599866371604,0.000162038251197801,0.000966125895475511,0.00121413717095786,0.000478810012009526,0.000163147700700476,-0.000234177491614785
-6.2863758372773,-2.10112169720265,1.67359360321165,-0.0185421910039469,0.019211619260793,-0.00034053587069771,0.00232798153761152,0.00650340386620658,0.00242005547106161,-0.00104504281001415,0.00111843768648419,-0.000871055305237439,0.000320339267347332,0.00158253678969641,0.00118251713659088
-7.1570815829042,-12.499487372765,-4.02708716366034,-0.0279713516614443,0.00726064514965954,0.000422096552987505,0.00780244623904473,0.00147228349502135,0.00473262729157429,0.00129224809469144,-0.000458177793455456,0.000330539670330386,-0.00148939657547815,-0.00215583387668326,0.00414828730641177
-4.73578709721529,4.93095484506812,-1.72819266638527,-0.00645175716611948,0.00504780773022944,0.000222988388367419,0.00200254837702224,0.0036724962188522,-0.000456636223558945,0.00167444297171359,0.000639835042966006,-0.000875578876195055,0.00174088277943006,0.000365828334720919,0.000343253227918364
-2.52962506251555,-0.78016232151406,-1.61518432250459,-0.00413204747784337,0.00193285665568371,7.05976166271937e-06,-0.000977615198478323,0.00295318222183049,0.0010437366758895,-0.000592264971130525,0.000129795866766572,0.00044839464971501,-0.000595591103874677,-0.000196462977301342,-0.0010598404828406
-6.7772355772494,-5.27172272180971,-5.54911244186824,-0.020969504756566,0.0109063481544253,-0.00106635868667141,-0.00818262611803983,0.00102534635999109,-0.00112214731667976,0.000873375836773295,-0.00183860356851468,-0.00152406962085957,-0.00124037712212938,-0.00290469116917183,0.00197668661245905
-5.32912455656128,-10.897997235377,-8.65553782903518,-0.0182450520079521,-0.00592813517973295,0.000696004029912804,-0.00324978545005185,-0.000338175529874948,-0.0026786634629465,0.000382950496978997,-0.00139028255401592,0.0012360770849643,0.00164869420999927,0.00126479128183208,0.00109142262617457
-3.72356808515009,-0.225125135890548,2.64182700468951,-0.0054533357061523,0.00800128091552,-0.000546704465405964,-0.00227247490127107,-0.000142548334431541,-0.00235445268435678,0.000334603881488093,-0.000927075834127991,0.000105189573686134,0.000983365534663284,0.00092869663811275,0.000811315125246996
-3.88910132408527,4.26032372510752,-8.42204036697645,-0.0158756818122927,0.000698933470856079,-0.00077315276213159,-0.000482420945919187,0.000398789980460357,8.25361765154637e-06,-0.000892916921245604,4.23653581737031e-05,0.00171497931273923,-0.000195501538428664,-0.00048212677405186,-0.00062781123973511
-3.43405469994358,4.43675727442109,-3.12478489539415,-0.00623104872568923,-0.000275764516726354,7.22247492040558e-05,-0.00100361262387166,-0.0033466190164355,-0.000731994622583961,0.000636440998886558,-0.000216504216899665,0.00137249885570207,0.00125100463711287,0.0011230663675864,0.000312839446505631
