14.2267
    8.1
6.26667
8.04333
6.29333
15.2733
8.35667
11.4233
   6.31
5.61333
  16.76
12.6533
   8.64
  10.29
15.3433
18.0667
12.1967
  12.17
  15.26
6.14667
   8.59
12.2533
  14.68
  10.26
  14.71
  15.02
10.2467
   9.79
  20.18
    9.3
8.99667
   10.8
9.88667
   2.45
14.9333
   5.52
9.01333
6.71333
9.37667
12.5433
10.3333
6.29667
   6.96
   8.19
   6.89
10.7767
   9.34
10.3933
   9.75
3.85667
16.0367
11.4733
12.8233
9.54667
5.93667
  10.05
  11.09
14.7833
  12.08
16.5567
12.5767
7.14667
6.67667
  15.62
6.42667
7.51333
12.7533
   5.72
10.6733
   8.55
  15.57
12.1567
   7.43
   6.55
10.0433
6.39333
7.85333
7.37667
  16.09
12.9033
   8.56
7.49667
17.0633
10.8667
16.2467
8.27667
15.4333
13.0667
21.9367
  11.92
4.85667
17.1967
17.2967
    8.4
11.7033
5.61667
9.88667
   7.64
4.25333
11.2867
   7.79
9.51333
13.3167
10.0167
4.04667
10.0667
8.66667
3.30333
14.0333
7.50667
   7.66
11.0967
16.8333
7.87667
12.2033
7.62333
6.56667
16.7067
3.83667
13.9033
9.50333
12.2833
12.5867
13.4867
  14.66
11.4667
  11.47
9.44333
9.29667
   9.86
8.14333
8.27333
3.10667
4.41333
7.63667
    5.4
15.1433
6.64667
   9.73
  11.26
16.7467
10.4867
   5.84
3.39333
7.21667
   8.27
  10.04
19.4133
14.8533
   9.13
      9
8.72667
5.28333
9.48667
1.68667
12.2633
8.92667
  12.12
6.47667
4.33333
9.77333
   5.77
   9.94
   9.14
12.8667
7.46333
7.56667
16.1967
11.9333
2.74667
9.56667
17.5633
15.7033
21.4733
5.03333
10.8967
  15.06
9.61333
5.71333
12.1267
14.9333
   9.07
  12.92
   16.4
7.21333
10.0267
  10.96
8.67333
14.9733
13.6067
10.4267
   7.59
6.80667
11.8633
15.9633
12.8733
   9.24
2.77667
7.71333
12.8533
4.99333
   7.16
  16.06
   11.6
12.9067
   5.13
  16.76
11.9033
2.58667
9.10667
22.0867
7.92667
   13.2
  11.15
7.28333
   6.38
  14.59
  10.04
13.9267
   9.69
    9.6
12.0367
4.37667
   8.61
   8.88
10.9233
11.2033
   6.71
9.62333
17.8367
9.20667
  13.74
9.43667
9.41333
   10.8
8.03667
5.69667
  12.04
4.95333
   4.94
9.06333
   7.77
  12.48
12.7533
6.97667
15.9633
9.31333
12.5333
6.13667
9.14333
   8.16
11.2767
18.3467
12.3967
8.29667
  15.26
5.51667
   8.09
   14.6
  11.97
17.2167
21.2533
11.7367
14.5367
14.6667
  19.23
13.4367
   8.77
8.57333
14.9633
18.0867
    7.1
10.3967
    2.7
8.04333
15.6967
  16.47
4.85333
  16.97
8.73667
8.97333
  16.02
11.2433
    5.8
16.3167
7.06333
14.4033
6.13333
5.75667
5.09667
5.73333
12.1933
10.5433
   8.56
9.36667
   9.68
8.87667
11.9167
7.12333
   7.81
   8.34
  11.85
  13.09
5.31667
8.56333
8.92333
6.45667
9.22667
7.55333
10.7367
6.61333
   4.63
11.6767
14.3267
5.38667
   6.26
   8.68
   7.15
8.67667
7.99333
19.6333
10.6867
5.49667
10.0467
10.8967
13.1433
9.98667
5.69667
      5
  12.57
  10.78
   5.86
6.33667
   6.08
6.25667
12.2567
5.88333
6.69667
  19.73
14.7133
10.1667
15.4667
  10.57
9.31333
  15.18
10.7333
4.94333
8.45333
8.84667
12.9933
7.17333
9.37667
6.49667
7.58667
11.6533
14.4433
1.64667
12.9633
5.34333
11.3333
  12.87
   7.72
10.8933
  14.93
14.1533
8.25333
8.15333
5.01333
15.1433
2.74667
13.6067
12.7667
  10.64
   8.55
3.59333
  11.09
10.1733
13.3867
5.10333
11.7333
15.4133
  17.16
16.9467
10.1733
9.84667
5.04667
12.0833
   7.22
   4.72
7.08667
9.64667
12.2467
8.19667
13.7133
6.87333
11.4367
13.1933
5.69333
10.3633
  12.85
   8.33
15.5667
11.8167
7.25667
17.4233
  13.53
10.5933
11.0833
10.1867
6.96333
13.2333
18.6367
11.1467
   2.67
12.3133
12.7267
17.4733
12.6833
9.70667
   9.21
9.56667
4.75667
   8.05
  11.57
  17.35
9.25667
9.46667
7.60667
    5.5
   7.16
15.6933
7.69333
  18.18
   8.79
7.94333
11.1133
7.31333
4.64333
   5.24
  18.83
22.2633
5.93667
12.3533
11.2933
12.2633
9.53667
6.85333
12.6267
  28.12
  13.66
  11.43
8.12667
17.8667
9.00667
10.0533
13.1133
8.15667
10.1533
  12.02
12.7767
13.8367
13.2233
8.74333
   10.6
   4.72
12.4733
  19.59
10.8433
10.6967
15.7733
5.59333
8.38667
   9.13
  15.56
6.40667
6.75667
14.5167
  11.09
11.4933
12.6433
   7.64
13.3867
19.6033
  11.58
10.1767
     18
11.4267
7.75667
15.9033
  10.24
11.9733
5.11667
6.05667
6.31333
10.1233
  12.73
10.9633
14.5733
14.5767
   4.39
   8.58
  12.08
   7.61
  10.75
8.74333
    4.1
10.6267
12.0167
   5.24
   9.58
9.65667
   5.53
  17.22
11.7533
7.63333
12.2033
  11.05
11.0533
   6.43
   4.18
9.96333
5.79667
16.1933
   7.65
6.88667
14.1633
10.7433
12.5667
14.2967
10.2367
16.8967
14.4467
23.2333
  10.87
15.3633
  28.77
14.2133
12.2367
  17.17
  12.62
14.5433
  11.26
13.1333
  13.73
15.0933
15.7567
  16.48
16.3067
  11.89
16.6133
  18.54
  11.84
  14.11
  12.34
11.1933
19.6467
11.4767
12.5467
9.92333
15.0733
  15.76
13.8833
  19.21
  26.16
18.2967
     11
7.30333
   8.64
18.5833
9.76333
12.5933
17.0633
12.6967
9.01333
  14.43
8.64667
13.3667
12.3133
   7.27
  15.59
   5.94
10.9567
4.38667
   10.3
5.42667
6.50333
   8.76
7.37333
   6.06
5.95667
13.2367
  11.49
  10.89
   12.9
9.23667
9.30333
14.5067
14.9533
8.86667
7.21667
   7.94
3.79333
4.05333
   3.21
  10.54
7.94333
   5.67
14.6733
  17.16
   9.02
14.0167
8.79667
9.93667
12.2833
   9.93
  13.39
   4.66
8.18333
8.51667
   10.7
6.83333
10.6367
9.34667
12.5067
12.5267
16.4167
10.6633
14.8767
  10.67
6.72333
   6.46
12.2233
  10.32
4.90667
4.43667
   9.47
10.4567
8.72333
   8.57
  10.42
11.4133
9.29667
12.0967
5.67667
   15.6
    5.1
  15.41
   8.63
  14.32
8.66667
10.9167
15.8433
10.7733
5.27667
7.14667
   3.17
14.9733
9.24333
10.0767
8.77667
17.3567
6.52667
10.6067
9.21333
8.60333
16.7367
6.13667
6.67667
14.3933
9.50333
  10.42
10.1767
6.98333
8.99333
9.67667
10.8233
6.76667
  10.95
8.66333
10.4167
7.97333
12.7367
   5.08
10.4667
5.60333
  15.22
9.70333
13.8567
5.08333
11.3333
   9.56
12.4333
9.00333
  14.89
8.39667
   7.67
   7.03
17.0067
  11.44
5.69667
5.89667
  11.55
20.2867
   6.06
11.5967
  12.57
7.18667
9.38333
9.89667
9.48667
4.63333
10.2867
  13.02
16.2067
  13.08
   17.1
11.7967
  13.68
12.7067
    8.7
13.7067
4.01333
3.74333
  10.98
9.99333
6.14667
9.88667
13.3867
18.8533
  12.77
11.0233
  19.51
12.1533
   5.75
    7.1
12.5067
14.7567
11.9733
10.0367
10.5533
10.1467
8.13667
11.7733
13.1067
   8.27
9.95333
  14.87
12.2733
   6.91
  13.53
11.3333
15.2667
  11.63
12.2167
   9.21
  11.65
   9.26
14.6333
12.6167
9.26667
6.36333
7.64667
17.5867
  10.91
12.5733
   6.59
  14.31
  17.32
   4.56
12.2233
8.12667
7.25333
16.7267
  19.23
   7.99
6.78333
   9.89
11.7867
5.33333
   5.67
  13.73
15.2667
12.0433
  12.43
   6.01
9.97667
10.9167
8.42333
11.9933
  10.44
  14.08
14.6967
   3.98
  12.16
4.38667
15.3233
7.44333
15.6767
7.87333
  16.13
6.27333
   4.73
   7.06
16.8433
13.2767
  12.47
  14.35
5.60667
15.7067
7.49333
6.92667
13.0867
   9.41
   18.7
9.50333
9.44667
18.2433
17.5933
  10.02
13.2667
9.91333
    8.7
5.36333
7.60667
5.93667
10.8267
11.8533
  14.12
    4.9
7.27667
11.0767
18.9933
13.5533
10.4933
10.3267
  10.29
9.38333
5.66667
  13.51
   7.05
8.39667
  10.54
6.59333
8.67333
6.56667
10.5067
  10.91
5.14667
14.1367
   7.98
4.83667
13.4433
7.28667
   9.93
8.37667
11.4667
23.2733
  17.25
  11.12
9.76667
8.16667
10.3933
9.46333
  15.02
5.72667
  12.97
   9.63
5.39333
  17.91
5.36667
  13.47
10.4433
  16.73
7.57667
  11.33
12.5733
  15.98
13.3133
11.6233
8.77667
  11.46
15.6967
   9.19
   8.73
16.8633
  10.55
11.5933
8.94333
9.93333
2.63333
13.4633
8.91667
11.8667
18.6367
13.5267
  10.15
  16.15
14.0133
12.7633
13.1067
11.6933
11.0533
   9.59
   3.52
10.5533
   9.55
6.73333
10.2967
21.6733
5.45667
14.9933
  11.51
12.0067
  11.38
  21.18
12.0233
  15.96
   4.75
11.4067
9.56333
   9.63
8.67333
  20.88
12.4667
  13.15
17.7533
   9.55
  16.31
18.9467
6.02333
17.1333
  10.87
9.44333
  13.86
10.7367
  11.49
13.5833
  16.83
14.9433
9.60333
13.7067
5.63667
10.4533
8.32667
8.97667
  11.68
3.16333
11.0133
17.0367
  12.62
   14.8
12.6267
17.1067
8.76333
11.3833
15.1867
10.6167
  10.35
7.88667
   8.12
14.3367
13.3933
17.8433
4.85667
1.74667
8.64333
13.0033
7.84667
   3.98
7.89667
4.31333
  16.18
10.5533
7.58667
13.1333
   8.99
  17.83
   9.87
11.1833
   7.15
   9.17
10.7533
   6.14
12.6233
   6.27
  11.49
15.6867
    9.7
12.6233
11.0033
   7.26
16.6733
   7.93
8.90667
13.3467
10.0533
6.53667
12.1333
    7.6
12.5233
