      3.2221 -2.22504e-06      5.03438    0.0874389   -0.0252138 -0.000311874     0.151518     0.372499     0.027768    -0.131248    -0.355611  3.46335e-05     0.164325     0.599708   -0.0928183
-2.22504e-06  1.63512e-08   0.00215527 -2.84714e-05 -8.03122e-07  5.23618e-09  3.23703e-05  3.19309e-05  9.33384e-07 -1.81505e-06  7.17239e-05 -1.49833e-09 -2.80966e-05  4.96711e-05  -2.6488e-05
     5.03438   0.00215527        25131     -75.9951     -2.89466   -0.0200474     -51.5289     -7.44137    -0.248414      1.52346     -41.5758   0.00232514       43.611     -14.6765      0.23989
   0.0874389 -2.84714e-05     -75.9951      35.8657    -0.176103 -0.000697499      7.80195      6.90253     0.050013     0.754909    -0.775819  0.000431522      3.89226    -0.764515     -1.17959
  -0.0252138 -8.03122e-07     -2.89466    -0.176103      0.14529 -2.66122e-05    0.0391977   -0.0436579   -0.0100298    -0.058359    0.0016529 -1.59387e-06   -0.0638991   -0.0304129    0.0937146
-0.000311874  5.23618e-09   -0.0200474 -0.000697499 -2.66122e-05  2.89936e-05  -0.00114636 -0.000452129  7.70406e-05 -0.000148878   0.00356706 -1.93176e-07   0.00167735  0.000239381  -0.00118934
    0.151518  3.23703e-05     -51.5289      7.80195    0.0391977  -0.00114636      22.5817      9.10637    -0.165238     -2.08633      4.70196  0.000212206     -16.1919     -1.64742       6.3286
    0.372499  3.19309e-05     -7.44137      6.90253   -0.0436579 -0.000452129      9.10637      24.1601    -0.150971    -0.514785     -1.47852  0.000432892      10.7844     0.725003     -1.29301
    0.027768  9.33384e-07    -0.248414     0.050013   -0.0100298  7.70406e-05    -0.165238    -0.150971     0.329341    0.0354287    -0.111961 -6.95587e-07     0.229292    0.0017253   -0.0611848
   -0.131248 -1.81505e-06      1.52346     0.754909    -0.058359 -0.000148878     -2.08633    -0.514785    0.0354287      46.5699      2.13575 -8.20576e-06     -3.09231     0.349133     -2.19805
   -0.355611  7.17239e-05     -41.5758    -0.775819    0.0016529   0.00356706      4.70196     -1.47852    -0.111961      2.13575      34.2279    5.519e-05     -16.8193     -1.65694     -6.97784
 3.46335e-05 -1.49833e-09   0.00232514  0.000431522 -1.59387e-06 -1.93176e-07  0.000212206  0.000432892 -6.95587e-07 -8.20576e-06    5.519e-05  5.66852e-07  5.78454e-05 -1.67414e-05 -7.71816e-05
    0.164325 -2.80966e-05       43.611      3.89226   -0.0638991   0.00167735     -16.1919      10.7844     0.229292     -3.09231     -16.8193  5.78454e-05      58.3272       2.0211     -8.89902
    0.599708  4.96711e-05     -14.6765    -0.764515   -0.0304129  0.000239381     -1.64742     0.725003    0.0017253     0.349133     -1.65694 -1.67414e-05       2.0211      31.5665    -0.154953
  -0.0928183  -2.6488e-05      0.23989     -1.17959    0.0937146  -0.00118934       6.3286     -1.29301   -0.0611848     -2.19805     -6.97784 -7.71816e-05     -8.89902    -0.154953      12.9331
