  1.1234
 1.20556
 1.24844
 1.29299
 1.35865
 1.36901
 1.19847
 1.31857
 1.23076
 1.47855
 1.28049
 1.23568
 1.62351
 1.24275
 1.09467
0.962567
 1.12699
   1.318
0.919914
 1.05331
 1.44221
 1.26175
 1.38618
 1.08655
 1.00018
 1.31366
  1.3666
 1.22672
 1.38252
 1.22352
 2.02911
 1.27838
 1.36518
 1.20438
 1.29873
 1.23934
 1.56033
   1.445
 1.11938
 1.05942
 1.35595
 1.40604
 1.38402
  1.0543
 1.27505
 1.25705
  1.1702
 1.20449
 1.37102
 1.09372
 1.39963
  1.0966
0.947216
 1.45065
  1.1467
  1.3164
 1.07698
 1.18967
 1.16372
 1.14824
 1.05764
0.975725
 1.15087
 1.10877
 1.06711
  1.0982
 1.04874
 1.15338
0.965511
 1.17599
 1.07277
   1.101
 1.18837
 1.11369
 0.99559
 1.08604
 1.22933
  1.0193
 1.07357
 1.21511
 1.32445
 1.24648
 1.11282
 1.03272
 1.18202
0.850801
 1.24813
    1.04
 1.23113
 1.16135
0.944525
 1.14211
 1.24232
0.966413
 1.37872
0.898496
 1.25146
 1.18205
 1.02778
0.996894
 1.19613
 1.00087
 1.16835
 1.11343
 1.02849
 1.12125
 1.09409
 1.12276
 1.13201
 1.11015
  1.0722
   1.093
0.960738
 1.13195
 1.23803
 1.13467
 1.21017
 1.07942
 1.12717
 1.30973
 1.23286
 3.11267
 1.66097
 2.40698
 2.18646
  2.3059
 1.21573
 1.66433
 1.51915
  1.8168
 1.87684
 1.41783
 1.39664
  1.9277
 1.04973
 1.00392
 1.10865
 1.07926
 1.23837
 1.14648
 1.06619
 1.11739
 1.02403
 1.10663
 1.10053
0.894111
 1.11575
 1.02691
 1.02944
 1.11314
 1.06743
 1.19887
 1.07108
 1.09647
  1.2833
 1.24108
 1.02984
 1.44158
 1.17927
 1.53441
 1.40104
 1.13238
 1.43984
 1.08774
 1.35877
 1.00793
 1.17677
 1.32791
 1.17584
 1.26437
 1.07317
 1.31281
 1.20713
 1.36935
 1.05279
 1.25691
 1.12178
 1.01397
 1.35127
 1.17652
 1.32046
 1.12697
 1.40269
  1.1683
  1.3417
 1.50537
 1.07673
 1.23107
0.979798
 1.34363
  1.3805
 1.09507
 1.25777
 1.22645
 1.93042
 1.47954
  1.4301
 1.10724
 1.83283
 1.33056
 1.31037
 1.49805
 1.20848
 1.11778
 1.11458
 1.12304
0.973618
0.939358
 1.08075
  1.0292
0.904648
 1.03177
  1.1592
0.976754
 1.19063
 1.07592
 1.22934
 1.17394
 1.25067
 1.13454
 1.14316
 1.32469
 1.10533
  1.0934
  1.1954
 1.13566
 1.20333
 1.27584
 1.10592
 1.25905
 1.04351
  1.3459
 1.33885
 1.10645
 1.20715
   1.123
  1.2076
0.989689
 1.21315
  1.2483
 1.04353
 1.31441
 1.24409
 1.19769
 1.12646
  1.2149
 1.13555
 1.09204
 1.13544
  1.2699
 1.15781
 1.35206
 1.37076
 1.24991
 1.34033
 1.68929
 1.05075
 1.38202
 1.41582
 1.23831
  1.2819
 1.70998
 1.60542
 1.41639
  1.2983
0.977541
 1.34626
 1.36236
 1.29444
 1.61582
 1.04238
 1.27218
  1.1177
 1.21281
 1.40762
 1.28293
 1.55154
 1.34608
 1.12924
 1.10427
 1.27944
 1.25429
 1.20426
 1.36524
 1.30851
  1.2722
 1.31866
 1.22952
 1.05804
 1.00668
 1.33044
 1.48834
  1.2126
 1.60386
 1.41141
 1.55214
 1.32818
 1.24764
 1.56415
 1.37566
 1.85553
 1.64711
 1.62926
 1.56202
 1.33956
 1.57017
 1.25557
  1.1448
 1.48135
  1.7655
 1.77898
 1.71752
 1.52724
 1.92008
 1.62289
 1.61696
  1.1566
 1.17756
 1.20688
 1.24488
 1.17625
  1.1683
 1.32122
 1.62087
 1.34895
 1.08545
   1.325
 1.22169
 1.37191
  1.2152
  1.3539
 1.15155
 1.40357
 1.35197
 1.39215
 1.23803
 1.26895
 1.27918
 1.07369
 1.36904
 1.46655
 1.43292
 1.28714
 1.19954
 1.19968
 1.19596
 1.01525
 1.41247
 1.11115
 1.36097
0.989788
 1.06342
 1.06999
 1.15467
 1.14789
 1.10019
 1.09296
  1.1183
 1.02618
 1.01421
  1.2078
 1.12426
  1.0495
  1.0415
 1.05564
 1.35783
 1.21779
 1.11093
 1.05897
0.962473
  1.0559
0.999448
 1.06366
 1.12435
 1.07275
 1.00901
  1.1674
  1.1008
 1.22934
 1.04621
 1.12781
 1.11269
 1.11483
 1.06889
 1.09891
 1.22594
 1.00443
 1.09954
 1.12133
 1.11163
 1.16299
 1.13998
 1.20626
0.982768
 1.03925
 1.06972
 1.26716
 1.00069
 1.17367
 1.09959
 1.21688
0.942505
 1.00661
0.946334
 1.05146
 1.25196
 1.23212
 1.09625
 1.02704
 1.16848
 1.13279
 1.12073
 0.98162
0.961181
  1.0909
 1.11923
0.959609
 1.17659
 1.21951
 1.11844
 1.17553
0.934026
 1.21871
 1.06825
 1.34004
 1.11177
 1.13941
 1.22649
0.993225
 1.04108
  1.2971
 1.14849
 1.14317
0.984008
 1.16059
 1.18529
 1.15509
  1.0446
0.932642
 1.16321
 1.06342
 1.10808
 1.04942
 1.27892
 1.29723
 1.01248
 1.08512
  1.0995
 1.03556
 1.17977
0.996587
0.968729
0.976892
 1.03021
0.976142
0.991924
 1.10293
 1.45355
 1.10226
 1.05475
 1.10031
 1.10578
 1.08202
 1.03005
 1.27087
 1.17594
 1.04858
 1.17704
 1.11513
  1.0997
 1.24263
 1.12384
 1.22297
 1.21589
0.961137
 1.10904
 1.18499
0.894286
0.994914
 1.01351
  1.2477
 0.96354
0.967828
0.931189
 1.09854
0.870479
 1.05927
 1.02772
 1.08148
 1.16139
 1.01647
 1.21111
 1.15122
0.953299
 1.17407
 0.99452
 1.13713
0.968681
 1.16823
 1.08676
 1.10346
 1.08784
 1.00961
 1.17275
 1.13384
0.852354
 0.95781
 1.05288
 1.20928
 1.11576
 1.04802
 1.05929
 1.26108
 1.12115
 1.06443
 1.13961
 1.01256
 1.01189
  1.0784
0.959162
 1.11896
 1.03952
 1.01021
 1.04117
   1.244
 1.09836
 1.11964
 1.16284
 1.03134
 1.33414
 1.21424
 1.22725
  1.2237
 1.22343
 1.05519
 1.17662
 1.49283
 1.29904
  1.1493
 1.68887
 1.95551
 1.05499
 1.53443
 1.41843
 1.33657
 1.41542
 1.78009
 1.20481
 1.32013
 1.53422
 1.25022
 1.23783
 1.18585
  1.2735
 1.53314
 1.26396
 1.05065
 1.20232
 1.50242
 1.49602
 1.38336
 1.56038
 1.45382
 1.10772
 1.17991
 1.24073
  1.4812
 1.28126
 1.32755
 1.03321
 1.06049
0.953372
 1.13761
 1.35943
 1.11165
0.996001
 1.04845
 1.15627
 1.17159
 1.44851
0.953888
 1.55559
 1.30119
 1.26627
 1.25218
  1.6679
 1.60275
 1.21937
 1.17271
 1.37209
  1.1978
 1.50123
 1.15939
 1.63102
 1.18986
 1.26481
 1.62418
 1.65652
 1.43258
 1.71946
 1.72097
 1.20611
 1.55369
 1.20939
0.920576
 1.08984
0.944229
 1.08281
 1.10764
 1.20507
 1.08536
 1.00631
 1.14322
 1.00576
 1.33624
 1.05242
  1.1217
  1.2893
 1.07079
   3.966
 1.20019
 1.20558
  1.2578
 1.36395
 1.40486
 1.18045
 1.26382
 1.15652
 1.33833
 1.30732
 1.42617
 1.45549
 1.22866
 1.11982
  1.1629
 1.18206
 1.12063
 2.29378
 1.24267
 1.31494
 1.32353
 1.88587
 1.03448
 1.07089
  1.7054
  1.0649
0.985861
 1.16253
 1.27902
 1.12236
 1.21296
 1.13092
 1.03392
 1.08346
 1.27439
 1.13647
 1.22824
  1.5291
 1.25696
 1.15051
 1.45677
 1.09395
 1.16157
 1.07117
  1.2488
 1.10336
 1.03115
0.977583
 1.08903
 1.02588
 1.26691
 1.13272
 1.24422
 1.21784
 0.94118
 1.10103
 1.27772
 1.29502
 1.27906
 1.09221
 1.09408
 1.10122
 1.10638
 1.09517
 1.14977
 1.06065
 1.13087
 1.02822
0.988985
 1.04495
 1.22554
 1.02964
 1.12528
  1.2792
 1.23525
 1.10785
 1.14428
 1.09757
 1.08308
 1.24575
 1.27992
 1.21527
 1.18132
 1.03208
 1.08326
 1.08832
 1.10875
 1.08802
 1.09523
 1.08782
 1.09331
 1.02561
 1.10911
 1.11219
0.910484
0.999555
 1.15885
0.971905
 1.04741
 1.06051
 1.19216
 1.14271
 1.25503
0.939268
 0.85267
  1.0234
 1.01062
 1.14733
 1.11419
 1.21249
 1.09263
 1.04941
 1.04049
 1.19599
 1.06446
 1.12946
 1.01165
 1.18914
0.874675
 1.23484
0.977744
 1.10524
0.950479
 1.07432
0.927135
0.946213
 1.16576
 1.11338
 1.18173
 1.09778
0.915441
  1.2559
 1.09511
 1.21443
 1.10159
 1.24574
 1.14705
 1.15697
 1.14218
 1.21817
 1.09705
0.997799
 1.11591
 1.16573
 1.14534
0.986632
 1.17621
0.980594
 1.09443
 1.14205
 1.05879
 1.04242
  1.2467
  1.2073
 1.37156
 1.20777
 1.07571
 1.14082
 1.07815
 1.05135
 1.01998
 1.13651
 1.19045
 1.05947
 1.02892
 1.05328
 1.16555
 1.18535
 1.11246
 1.01697
 1.24787
 1.21918
 1.15552
 1.13504
 1.16007
 1.06484
 1.01793
 1.12656
 1.10321
 1.18317
 1.32658
0.908173
 1.03453
 1.40288
 1.31496
   1.194
 1.31441
  1.4318
 1.23746
 1.07799
 1.12662
 1.58946
 1.54466
 1.23159
 1.45885
 1.18326
 1.43414
 1.83657
 1.39612
 1.50611
 1.15863
 1.59063
 1.65325
 1.14207
 1.19063
 1.23956
 1.52425
  1.0215
 1.09318
0.957272
 1.02606
 1.08808
0.971332
 1.21851
   1.103
 1.05769
 1.14884
0.955479
 1.22008
 1.08899
 1.26575
 1.10778
 1.06047
 1.11332
 1.02811
 1.13572
 1.11007
 1.16206
 1.19075
 1.15179
 1.08361
 1.01951
 1.21162
 1.10362
 1.01538
 1.13633
 1.02474
 1.12409
 1.22566
 1.24828
 1.25573
 1.14239
 1.08277
 1.10597
 0.97128
 1.10375
 1.26931
 1.11811
 1.19582
 1.32189
0.984424
 1.15302
 1.06529
  1.0702
 1.32148
 1.12279
 1.02443
 1.17049
  1.1034
 2.21415
 2.29397
 3.14196
 1.99489
 1.93941
 2.17837
 2.00212
 2.03758
 2.60074
 2.09001
 1.15287
 1.25452
 1.15558
 1.01144
 1.14967
 1.09941
 1.19021
 1.11224
0.980839
 1.11678
0.995326
0.997435
 1.15776
 1.02916
 1.05518
 1.02841
 1.53669
 1.83075
 1.44746
 1.36168
 1.35838
 1.14548
 1.71246
  1.2028
 1.36774
 1.19984
 1.42195
 1.10946
 1.22327
 1.32326
  1.0168
 1.10639
 1.21675
 1.09054
 1.06256
 1.20773
 1.00343
 1.20084
 1.12512
  1.3615
 1.10803
 1.02723
 1.05211
 1.10034
 1.00771
0.951981
 1.14946
0.964022
 0.99685
  1.1383
 1.25362
 1.19072
 1.12262
 1.14335
 1.06598
 1.19291
 1.03402
 1.07978
 1.11361
 1.15811
 1.15504
 1.06573
 1.08618
 1.13218
 1.00524
 1.21546
 1.27406
 1.15242
 1.05148
0.969127
 1.13992
 1.10239
 1.19693
 1.39234
 1.04284
 1.26178
 1.18462
 1.19521
 1.09832
  1.0578
 1.28593
 1.02559
 1.04298
 1.27022
  1.1012
 1.26002
 1.10567
 1.18544
 1.00122
 1.06908
 1.31704
 1.18242
 1.25577
 1.18767
 1.02261
 1.35216
0.926411
 1.10066
 1.13747
 1.10048
 1.25206
 1.19944
 1.22897
 1.21208
 1.17678
 1.12295
 1.09039
 1.08251
 1.05659
 1.23133
 0.94689
