0.696667
0.513333
0.616667
0.516667
0.636667
0.476667
0.556667
0.613333
0.386667
    0.78
    0.67
0.826667
    0.49
    0.87
0.613333
    0.53
0.543333
0.326667
0.486667
    0.65
0.856667
0.413333
0.596667
0.473333
0.683333
    0.67
0.596667
     0.5
0.583333
0.633333
     0.4
0.383333
0.356667
    0.63
    0.68
0.546667
0.643333
    1.71
0.686667
 1.39667
    1.91
 1.43333
    0.94
    1.73
 1.75333
 1.27667
    1.44
 1.39333
 1.21667
 1.68333
    1.72
    1.62
0.933333
    1.76
 1.59667
 1.45667
    1.37
0.443333
0.583333
0.786667
0.516667
0.363333
0.583333
     0.7
0.526667
0.653333
0.716667
0.626667
0.773333
0.413333
    0.57
0.376667
    0.36
0.643333
    0.75
    0.53
0.453333
0.523333
0.626667
    0.54
0.673333
0.616667
    0.58
0.583333
0.596667
0.423333
0.596667
0.433333
0.486667
    0.32
0.293333
0.886667
0.573333
0.626667
    0.63
0.516667
0.446667
0.606667
    0.42
     0.6
    0.51
    0.35
    0.58
    0.54
0.406667
 1.18667
    0.73
    1.08
0.813333
 1.36667
    1.02
0.793333
 1.11667
    1.43
    1.29
 2.00667
    1.33
 1.96333
    1.87
 1.93667
 1.34667
 1.06333
    1.17
    1.26
0.916667
 1.22333
 1.60667
    1.29
    1.24
 1.15667
    1.03
 1.57667
    0.93
     1.2
    1.51
 1.03333
0.776667
    0.91
 1.07333
 1.40333
 1.30667
    0.72
0.953333
 1.20667
    1.25
    1.32
 1.03667
 1.12667
    1.56
    1.19
0.836667
 1.28667
 1.81333
 1.80333
    1.73
 1.52667
    1.49
 1.73667
 1.05667
 1.10333
 1.01667
 1.38667
    1.41
0.743333
    0.92
    1.07
 1.57667
 1.59333
 1.39667
0.656667
    0.73
    0.64
    0.48
    0.45
0.653333
0.673333
0.883333
 1.42333
    1.25
    0.94
 1.21667
    0.97
 1.36333
 1.00333
    1.41
 1.13667
 1.05333
0.896667
0.933333
 1.77667
    0.87
    0.93
 1.08333
    1.21
0.853333
    1.07
 1.13667
    1.18
    1.19
    0.64
 1.25333
 1.28667
    0.72
0.803333
 1.09333
    1.55
 1.33333
0.683333
 1.01333
    1.12
0.836667
0.713333
0.986667
0.426667
 1.15333
 1.12333
    0.75
    1.07
 1.11333
    1.52
    1.15
    0.91
 1.32333
 1.54667
0.946667
    1.33
    1.24
 1.12333
 1.08333
    1.48
 1.00667
 1.29667
0.793333
     1.6
 1.26667
 1.35333
 1.09667
 1.23333
 1.41667
0.853333
 1.09333
0.506667
0.703333
0.553333
    1.25
    0.98
 1.19333
 1.37667
0.943333
    1.25
0.986667
 1.03667
 1.03333
 1.10333
0.673333
0.893333
    0.66
    0.64
0.463333
0.413333
0.443333
    0.48
    0.45
0.556667
0.503333
0.436667
0.433333
0.613333
0.316667
0.513333
    0.59
     0.6
0.593333
0.486667
0.496667
0.463333
 1.45667
 1.25667
 1.56333
 1.93667
 1.42667
     1.6
    1.88
 1.31333
    1.75
    1.85
 1.30667
    1.23
    1.23
 1.92333
    1.28
 1.26667
 1.43667
    0.93
 1.53667
 1.22667
 1.34667
 1.44333
    1.33
    1.75
    1.11
 1.50333
 1.63667
 1.48667
     1.6
 1.03333
0.866667
 1.32667
    1.84
 1.40667
    1.46
 1.29667
 1.16667
0.623333
    0.48
0.526667
0.776667
    0.57
0.576667
0.656667
    0.38
    0.38
    0.44
0.313333
0.523333
    0.45
0.696667
0.703333
    0.56
    0.53
0.623333
    0.53
    0.51
0.486667
0.443333
0.456667
0.543333
0.576667
0.406667
0.503333
    0.64
    0.62
    0.61
0.536667
    0.61
0.616667
0.576667
    0.71
0.626667
0.636667
0.523333
     0.8
0.653333
     0.6
0.513333
    0.58
 1.41667
 1.14667
 1.20333
     1.2
 1.76333
0.716667
    1.69
 1.24667
 1.44333
 1.18667
    1.44
 1.86667
 1.70667
 1.33333
    1.66
 1.07333
 1.51667
 1.02333
    1.83
    1.88
 1.02333
0.923333
     1.7
    0.48
 1.48667
 1.28333
 1.73333
 1.53667
 1.14667
 1.71333
 1.01667
    1.54
 1.15667
    1.36
 1.26667
    0.85
0.686667
    1.56
 1.48333
    0.74
0.626667
0.426667
0.906667
0.523333
    0.68
     0.5
0.573333
0.423333
0.413333
0.496667
0.566667
0.493333
0.496667
    0.64
    0.71
0.486667
0.546667
0.503333
0.566667
     0.6
0.556667
0.436667
0.473333
    0.44
0.486667
0.393333
    0.65
0.443333
0.513333
0.703333
    0.64
0.796667
0.573333
    0.39
0.696667
    0.35
0.546667
0.446667
0.583333
0.553333
0.583333
0.416667
0.456667
0.553333
0.606667
0.413333
0.526667
0.656667
0.743333
0.526667
0.543333
0.373333
     0.4
0.473333
    0.54
    0.46
0.636667
0.576667
0.446667
    0.68
0.683333
0.606667
0.596667
0.696667
0.463333
0.593333
0.516667
    0.37
0.526667
    0.53
0.503333
0.606667
    0.63
0.476667
0.556667
    0.52
     0.6
    0.65
0.513333
0.556667
0.516667
    0.45
0.506667
0.626667
0.433333
0.443333
0.736667
    0.74
0.496667
0.686667
0.353333
    0.76
0.576667
0.466667
0.446667
    0.68
    0.32
0.596667
     0.5
    0.62
0.476667
    0.52
    0.37
0.496667
0.383333
    0.58
0.783333
0.546667
0.513333
0.773333
0.636667
     0.9
0.546667
0.636667
     0.6
0.676667
0.693333
0.576667
0.683333
0.366667
0.576667
0.803333
    0.34
    0.51
0.416667
    0.72
    0.58
0.506667
0.496667
    0.59
0.773333
     0.5
0.476667
0.536667
0.556667
    0.68
    0.72
    0.47
    0.58
0.483333
    0.29
    0.52
0.633333
0.763333
0.666667
0.503333
0.443333
0.493333
0.526667
    0.46
0.673333
0.453333
0.506667
    0.52
0.396667
    0.52
0.336667
    0.78
0.596667
0.526667
0.426667
0.473333
0.373333
    0.54
    0.64
0.586667
0.556667
0.666667
    0.63
0.713333
0.923333
    0.58
0.616667
    0.51
    0.63
    0.72
     0.3
0.556667
0.493333
0.553333
0.533333
0.716667
    0.65
0.373333
0.516667
0.553333
0.563333
0.496667
0.703333
0.526667
    0.53
0.516667
    0.57
0.493333
    0.64
0.483333
0.906667
0.936667
 1.02667
    1.01
 1.43667
    1.13
 1.29667
 1.19667
0.916667
    1.26
 1.28333
0.986667
 1.58667
 1.34333
    1.28
 1.00667
 1.08333
    1.14
 1.21667
 1.39333
0.946667
    1.21
 1.15333
    1.31
 1.00667
 1.33333
 1.49667
    0.84
 1.28667
 1.76667
 1.20667
    1.22
0.916667
 1.25667
    1.44
 1.24333
    0.86
0.716667
    1.12
    1.35
 1.43333
0.956667
     1.5
    1.15
    1.15
 1.43667
 1.17667
 1.18667
0.983333
    1.55
    0.57
    0.66
0.373333
0.523333
0.606667
0.416667
0.643333
0.676667
    0.67
    0.54
0.633333
0.566667
    0.53
0.626667
0.746667
    0.58
    0.68
0.643333
0.456667
0.603333
0.733333
    0.76
0.523333
0.253333
0.803333
    0.47
    1.63
     1.2
 1.28667
    0.75
0.926667
    1.08
 1.44333
0.686667
0.903333
 1.15667
 1.20333
    0.47
0.483333
0.406667
    0.78
0.663333
0.633333
0.746667
    0.55
0.626667
0.586667
    0.65
    0.52
    0.49
    0.81
0.816667
0.576667
0.516667
    0.34
0.693333
    0.49
    0.55
0.543333
0.446667
0.526667
0.606667
0.446667
0.366667
0.456667
 1.46333
 1.33333
    1.05
 1.10667
    1.14
 1.15667
 1.64667
 1.83667
 2.11333
 1.57333
 2.45667
    1.91
 1.78667
 1.71333
 1.68667
 1.43667
    2.05
 1.39667
 1.40333
    0.88
    1.21
     1.4
       1
 1.05667
 1.33333
 1.03667
    0.61
    0.97
 1.35333
 1.27333
    0.61
    1.22
 1.00667
0.836667
    1.53
    1.11
 1.76667
    1.38
 1.53667
 1.44333
 2.18667
 2.50333
    1.48
 1.82667
 1.45667
0.916667
 1.00333
    1.03
 1.07667
    1.74
    1.66
 1.40333
0.986667
    1.93
 1.55333
 1.32333
 1.44667
0.466667
 1.11667
 1.43667
    1.11
    0.92
 1.33667
 1.45333
 1.52667
 1.26667
 1.83333
 1.54667
 1.24667
 1.07333
 1.52333
    1.13
0.996667
 1.62333
 1.37333
0.933333
 1.37667
0.933333
 1.73333
0.506667
0.603333
0.673333
0.836667
    0.57
0.683333
0.513333
0.346667
    0.47
    0.45
0.756667
0.503333
0.353333
0.486667
0.616667
0.386667
0.723333
0.606667
0.816667
0.813333
    0.43
0.493333
    0.53
0.636667
    0.68
    0.51
0.623333
    0.37
    0.51
    0.61
0.516667
0.486667
0.496667
0.643333
    0.53
    0.52
    0.68
0.516667
0.486667
    0.49
0.466667
0.506667
     0.5
    0.56
0.296667
0.633333
0.876667
0.416667
0.553333
0.446667
0.423333
     0.7
    0.45
0.403333
    0.63
0.513333
0.476667
0.563333
    0.49
    0.61
    0.53
    0.37
0.393333
0.603333
0.523333
0.426667
0.663333
    0.75
0.416667
0.543333
0.536667
    0.73
0.643333
0.593333
     0.6
    0.63
    0.48
0.523333
0.586667
0.616667
0.703333
    0.69
0.493333
    0.51
    0.52
    0.61
    0.53
0.766667
    0.84
0.573333
0.486667
    0.55
0.536667
0.503333
0.386667
    0.58
0.393333
    0.47
    0.69
    0.54
0.376667
    0.65
    0.53
    0.45
0.536667
 1.32667
 1.39333
    1.29
 1.23333
 1.50667
 1.07333
 1.03333
 1.32333
    1.21
 2.01333
 1.57333
 1.25333
 1.31667
 1.13667
 1.21667
 1.63333
0.906667
 1.66333
 1.64333
0.853333
    1.12
 1.14667
 1.14667
    1.16
0.996667
 1.18333
 1.11667
0.983333
 1.76667
    1.61
 1.77667
0.693333
0.703333
0.363333
0.386667
    0.66
0.743333
0.706667
0.413333
0.513333
0.603333
0.566667
0.693333
0.563333
0.563333
    0.49
    0.38
0.416667
    0.54
0.556667
0.426667
    0.51
0.556667
0.483333
    0.68
0.603333
0.606667
    0.46
0.753333
0.583333
0.913333
    0.59
    0.33
0.496667
0.433333
    0.56
    0.38
0.753333
0.493333
    0.43
0.543333
    0.75
    0.67
0.383333
0.583333
    0.43
    0.47
0.446667
0.706667
0.456667
0.613333
0.603333
0.476667
0.503333
    0.54
0.413333
0.576667
    0.67
    0.63
    0.57
0.553333
0.633333
0.666667
    0.44
    0.58
0.753333
    0.57
0.583333
0.463333
    0.74
0.436667
    0.56
    0.48
    0.55
0.636667
0.586667
0.446667
    0.55
0.463333
