 1.06629
0.801291
0.952865
0.994488
0.963921
 1.02416
 1.07378
0.966363
 1.10587
 1.13569
 1.01379
 1.07371
 1.03171
 1.03324
 1.18463
 1.08444
 1.01699
 1.01766
 1.22818
 1.05447
 1.16773
0.833561
 1.09522
 1.07689
 1.12004
0.942535
 1.17382
 1.10358
 1.03184
 1.11632
0.945457
0.956101
 1.17345
 1.13514
 1.02243
  1.2341
 1.17031
 1.30702
 1.05401
 1.35021
 0.92086
 1.12152
 1.24838
 1.32091
 1.08189
 1.38439
 1.11707
 1.30039
  1.2491
 1.19378
 1.12162
 1.10836
 1.00102
 1.09227
0.998412
 1.05501
 0.95672
0.948297
0.931308
 1.09331
0.953805
 1.05816
0.993719
 1.04679
  1.1613
  1.1837
 1.09663
 1.02741
0.987517
 1.04483
 1.05556
 1.22911
 1.02807
 0.99853
 1.13523
 1.12073
 1.06254
0.897321
 1.00986
 1.07215
 1.00225
0.996816
0.987871
 1.08154
 1.06866
 1.00229
 1.03731
 1.02909
 1.11173
0.995694
 1.05905
0.944769
 1.04919
 1.04974
0.974656
 0.98417
 1.10169
 1.04395
 1.04142
0.902583
 1.00286
 1.07515
 0.97797
 1.09699
 1.01122
 1.28268
 1.07497
0.989632
0.991524
0.936187
 1.23514
 1.10611
 1.01809
0.955094
 1.00504
 1.13443
 1.07564
 1.06719
 1.00762
 0.93055
 1.06739
 1.19856
0.928655
0.874593
 1.21635
 1.07754
 1.07171
 1.06343
 1.01432
0.985326
0.992448
 1.09686
 1.32025
 1.13549
 1.06574
0.959316
 1.04619
0.976192
 1.16666
 1.05822
0.976044
 1.38489
 1.23778
  1.2137
 1.15392
 1.08883
0.935861
 1.08494
 1.03213
 1.10738
 1.05543
0.981658
 1.13635
 1.11281
 1.22309
 1.11522
 1.12746
 1.17683
 1.28962
 1.30664
 1.21224
 1.09042
 1.24573
 1.08695
 1.19104
 1.40911
 1.32581
 1.10844
 1.05373
 1.06029
 1.30534
  1.3104
 1.10958
 1.31124
 1.03648
 1.04489
 1.07648
 1.27384
  1.1442
  1.2729
 1.09258
 1.26035
 0.99585
  1.1272
 1.27249
 1.54086
 1.08302
 1.13574
 1.04941
 1.09436
 0.89942
 1.22964
 1.13437
  1.0409
0.995308
  1.0452
 1.04803
 1.12741
 1.11326
 1.13174
 1.06545
 1.02742
0.927737
  1.1395
0.922435
 1.09421
  1.0538
0.947134
 1.19763
0.972128
  1.1492
 1.11999
 1.16924
 1.05237
 0.85896
 1.10003
  1.0249
 1.05019
 1.10545
  1.1912
0.987158
 1.12574
0.901403
 1.05476
0.924238
 1.10227
 1.12275
 1.08925
0.951805
0.979328
 1.01843
 0.97826
  1.0996
0.972105
 1.20061
0.972045
0.971346
 1.15775
0.843875
0.987994
0.984395
 1.12719
   1.288
0.999186
 1.10753
 1.10967
 0.93267
 1.04387
 1.00626
  1.0123
 1.13601
 1.12981
0.879067
0.958771
0.987212
  1.1559
 1.06767
0.922958
0.854894
0.996705
 1.09343
 1.06982
0.948589
0.922174
0.968843
0.923729
0.964399
 1.14469
 1.14709
 1.11247
 1.03356
 0.98998
0.944222
 1.14762
0.997232
0.969113
0.889142
 1.00263
 1.03608
0.965322
 1.08041
0.986771
0.981975
0.890904
0.965123
 1.08574
0.900175
 1.04879
 1.01998
0.981939
 1.11323
0.950893
 1.03233
 1.10268
 1.12474
0.907613
 1.01595
0.889972
  1.1538
 1.13113
 1.04661
 1.08891
 1.19291
 1.12502
0.952047
 1.09446
0.989101
 0.96351
 1.12175
 1.00357
 1.05158
 1.08576
 1.04157
 1.11576
 1.04704
0.972328
 1.06655
0.964071
 1.18653
 1.02633
 1.26991
 1.03183
0.959608
 1.13527
 1.25951
 1.14334
 1.14881
0.912286
 1.04477
 1.03691
 0.93492
 1.20258
0.955919
 1.11482
 1.06589
 1.09933
0.994004
 1.01545
 1.08246
 1.01859
0.986956
  1.1311
 1.14334
0.893638
 1.05042
 1.16498
0.937284
0.924527
 1.06712
0.997522
0.881718
 1.06441
0.989099
 1.14978
 1.09152
0.999844
 1.27478
0.973844
 1.03684
0.950875
0.810655
 1.05309
0.992353
 1.02102
 1.10132
0.998526
 1.10792
0.992949
 1.01296
 1.01497
 1.18797
0.943009
 1.11216
 1.27764
 1.06914
 1.03305
 1.16488
 1.38142
 1.27777
 1.40236
 1.13061
 1.49051
 1.17768
 1.07318
 1.39855
 1.24516
 1.19673
 1.55787
0.988208
 1.46255
  1.2831
  1.3069
 1.30094
 1.14654
0.947234
 1.01366
 1.04676
 1.08363
 1.06898
 1.18716
 1.10995
 1.10799
 1.21938
0.960981
 1.07762
 1.13178
 1.05542
0.941211
 1.01186
 1.08085
0.919906
  1.0638
0.983447
 1.16311
0.947547
 1.06592
0.971565
 1.18426
 1.01468
 1.16225
 1.08276
 1.01155
0.908244
  1.0577
 1.15192
 1.06561
0.912154
0.921252
0.935011
  1.0972
 1.02504
 1.07468
0.970502
0.974124
 1.01999
 1.03906
 1.06117
 1.07441
 1.06606
 1.02892
 1.02317
0.875964
0.972259
 1.13533
0.939179
 1.05829
 1.23613
 1.11781
0.919804
 1.07352
 1.21523
 1.12162
0.882053
 1.11074
 1.15029
 1.02143
  1.1531
 1.04295
0.914336
 1.19786
0.994673
  1.0322
  1.0348
 1.05774
 1.12671
 1.06012
 1.03498
0.884813
0.947745
 1.05531
 1.01651
 0.97798
  1.0747
 1.06947
0.974826
 1.13441
 1.07949
 1.13984
0.954112
 1.18329
0.986542
 1.01226
  1.1648
0.959934
 1.04097
0.938655
 1.06229
 1.11567
  1.1653
 1.33545
 1.31361
 1.27741
 1.01305
 1.21738
 1.32433
  1.1402
 1.16913
 1.04129
 1.15154
 1.11284
 1.24068
 1.47974
 1.24904
 1.15629
 1.00934
 1.01235
0.962883
 1.38126
 1.13904
 1.22834
 1.21186
  1.2761
 1.51229
 1.02093
 1.08839
 1.29543
 1.08306
 1.33261
 1.09239
 1.04124
 1.17578
 1.08005
0.960381
 1.01721
 1.28149
 1.13154
0.985687
 1.05251
 1.01992
 1.10536
0.969541
0.990872
 1.04199
 1.00738
  1.0518
0.859928
 1.06168
 1.14232
 1.08111
0.936932
 1.13289
  1.1673
 1.03261
 1.23387
0.972121
 1.08093
 1.03609
 1.11934
 1.07005
 1.01638
 0.98948
 1.07613
0.882856
 1.10491
 1.07742
 1.03757
 1.10724
  0.9437
0.926039
0.965472
0.945142
 1.03064
0.988746
 1.02427
 1.01378
 1.16841
0.907077
0.961383
 1.07449
  1.0133
 1.00146
  1.0603
 1.08812
 1.03026
 1.07648
 1.00207
 1.17384
 1.05787
 1.12986
 1.01049
0.928254
 1.09928
0.989765
 1.01397
0.986377
 1.00718
 1.11307
0.997011
 1.07462
0.918517
  1.0735
 1.14949
 1.03935
 1.18325
 1.08068
 1.12703
 1.09757
0.993284
 1.06265
 1.03121
 1.01517
 1.04824
 1.22998
 1.19799
 1.04992
 1.05155
0.946353
 1.22667
  1.0743
0.981838
0.997475
 1.18671
 1.11078
 0.90412
0.999882
0.864492
 1.09524
   1.134
 1.09485
 0.99608
  0.9937
 1.15804
 1.05428
 1.17861
 1.22108
 1.14409
 1.10718
 0.93113
 1.12299
0.938697
0.978343
 1.00911
0.907226
0.958932
0.876866
0.943305
 1.16303
0.864224
 1.07633
 1.05535
 1.06349
 1.03034
0.973837
0.988945
0.951833
 1.68906
 1.72037
 1.33055
 1.31217
 1.28109
 1.46568
 1.34497
 1.99074
 1.11271
  1.6045
 1.34178
 1.43647
 1.14803
 1.16548
  1.2683
 1.12386
 1.32056
0.952545
 1.11145
 1.10165
 1.22182
 1.01612
 1.30385
 1.20063
 1.29523
  1.1216
 1.00563
 1.05336
 1.26466
 1.22433
 1.28736
 1.34016
 1.46102
 1.12725
 1.05921
 1.14767
 1.01197
 1.11771
 1.04796
 1.06465
 1.26811
 1.30419
0.926082
 1.13046
 1.56385
 1.30173
 1.44349
 1.32156
 1.38199
 1.01462
0.935342
 1.04342
 1.57202
 1.31725
 1.13384
 1.02624
 1.07867
  1.1525
 1.00628
 1.23059
 1.09617
 1.21521
 1.03275
 1.15403
 1.06383
 1.10398
   1.011
0.947531
 1.03319
 1.04137
  0.8665
 1.10896
 1.17153
 0.99354
 1.09614
0.984852
 1.21819
 1.01847
 1.04576
 1.03684
 1.03926
0.991737
 1.01557
 1.06247
 1.00174
  1.0681
0.955284
0.904393
0.957712
 1.09155
 0.86849
   1.095
 1.08292
 1.08113
0.976315
 1.06636
 1.10605
  1.0191
 1.06938
 1.02795
 1.15803
 1.10162
  1.3489
 1.12011
 1.07549
 1.19935
 1.34208
 1.00105
 1.15969
 1.11066
 1.03855
  1.1802
 1.20072
 1.10443
 1.23122
 1.13243
 1.09498
 1.21961
 1.07018
 1.23393
 1.43918
 1.33684
 1.45781
 1.23471
  1.3101
 1.50894
 1.12945
 1.29999
 1.12255
 1.18062
 1.13044
 1.07694
 1.02705
0.979145
0.997254
0.944426
0.988879
0.972047
   1.062
0.947116
 1.11158
 1.03208
0.958746
0.946155
0.984252
0.878389
 1.06684
 1.13794
0.955881
 1.02853
0.897904
0.987995
 1.04796
 1.08517
 1.17949
0.913882
0.993895
 1.10014
  1.1226
 1.06534
 1.06659
 1.03556
0.969866
 1.13978
 1.12588
 1.05415
 1.10846
0.967581
0.988977
 1.09969
 1.01832
 1.08546
0.961951
0.843742
 1.05812
0.941262
 1.01469
 1.00936
 1.14401
 1.02028
 1.15132
0.865099
0.876302
  1.0398
  1.0427
 1.14113
  1.0008
 1.06751
0.937529
 1.00472
 1.10986
 1.01194
0.975617
 1.07018
0.941069
0.981955
0.984416
0.931859
 1.03695
 1.05238
 1.01151
 1.10772
 1.05211
 1.03202
 1.06792
 1.07539
 0.94607
 1.01444
 1.15028
 1.24565
 1.05036
  1.2338
 1.15302
 1.20865
 1.06449
 1.01119
 1.14484
0.990371
 1.07827
 1.19749
 1.07444
 0.98763
 1.05904
0.960094
 1.05676
 1.00407
 1.03327
 1.07376
 1.10945
0.951511
 1.02465
0.831289
 0.95909
 1.07871
  1.0025
 1.11893
0.956332
 1.06183
 1.14316
 1.27743
 1.08509
 0.89031
0.974009
 1.25754
 1.10895
 1.18058
0.888101
 1.07136
0.949306
0.960927
0.963888
0.962421
0.956823
 1.03142
0.955752
 1.14758
 1.01538
0.984421
 1.11004
 1.14197
 1.23008
 1.09537
0.963993
   1.431
0.954438
 1.16615
0.940541
 1.38856
  1.2871
 1.08256
0.829355
 1.31165
 1.06676
 1.08352
 1.05679
0.989044
 1.17736
 1.16342
   1.002
 1.26838
  1.3168
0.939234
 1.26616
 1.07859
 1.21867
0.911859
0.978145
 1.04174
 1.50363
 1.20142
 1.15982
 1.18606
 1.25574
 1.05937
 1.13827
  1.4902
 1.11869
 1.21592
 1.08094
0.991042
 1.17262
 1.15407
 1.14859
 1.30952
 1.14486
 1.25335
 1.38297
 1.01082
 1.18597
 1.01672
0.988063
0.953982
  0.9324
0.985453
 1.13274
 1.11274
0.964736
 1.18014
 1.09716
0.931545
 1.18122
 1.02057
  1.0665
 1.00455
0.985766
 1.22875
 1.00565
0.993782
 1.04886
 1.04881
0.922029
0.928349
0.906394
 1.01448
 1.10556
0.894604
0.921888
0.902916
 1.12779
0.988835
 1.06778
0.898932
 0.99652
0.980962
 1.06044
0.932898
 1.13794
0.914687
 1.06726
0.880232
 1.00911
 1.09699
0.967251
0.949196
 1.14514
