-2.19370252371187,-3.4784828921388,2.89317496936717,5.20395555815848,39.3865198293666,-194.78027864201,-6.249998328398,240.609739034174,-34.5771594152198,44.6826196737666,-55.1060510776405,24.8099258909298,14.7664848392356,101.45064246293,-20.0345675346093
3.28569810009632,-2.21349906391298,-11.7395768277553,9.79816672210771,82.4390398202411,12.9382472094444,-48.6276022752244,147.376106560067,-143.060711118993,159.24186744556,66.9521521963667,8.06532155478565,29.7698765381138,-74.6779874310208,-26.4406487903994
-4.42740514753929,4.94872819603631,2.550925547021,5.13980162339402,79.9837267048648,-10.6808467541016,72.4080904335953,94.2179705063357,291.015640365752,32.448781236449,55.8219182437467,-7.39921540578566,104.45301964058,-40.4641052470619,49.6603614399583
-2.10641272123169,-3.13134761350553,-1.78041038380776,-4.60133762032318,-18.0658941151079,-114.272595307834,77.7248257287375,108.314006738724,223.038130914044,-25.0724067664385,-62.8082527909271,25.5978476035407,-52.4622358281028,-33.6635990351309,25.6291697152365
-3.56894351193775,2.04366840738166,-1.93765101719569,2.67855865749007,-18.414526468667,65.4598010348069,-9.06719752879569,-90.0904301427805,263.958160015366,15.0036785454447,23.091799963016,40.8726379882603,-147.335937882571,-113.283279104271,-73.4771646064062
1.94155358462831,4.94653451923733,1.4057204809893,8.00420628205554,13.616890202934,-114.595297372799,-44.3583717973778,172.668965860625,-48.2531469369053,127.368996386676,-131.863696188881,25.2308873110837,-68.6530189156289,52.1459229615574,-26.7418907411886
-3.58239557310981,-0.428442793706691,-1.32364724034424,4.6621952385989,-13.4995825665937,-102.144785860377,272.639433647708,-109.733905852938,95.9954239443026,-178.398159216307,-136.895028436918,5.89801019391429,9.37481093712351,-36.5241248848142,-15.1167145677227
6.48772971721567,6.88399242322959,-6.58538595590299,1.2248245328883,80.2751842590154,6.10232165018995,-136.799852781048,-74.7526060385998,-29.2833254779295,-281.604121754645,14.8958055250042,30.1941511089291,-41.9551305744225,-42.2490176485274,-57.278501447797
2.52922558849322,0.948186123971835,-2.06911591563337,-0.335232021770763,35.9221091568215,89.1691670363666,-101.656195885954,-46.4842190152901,13.4331806609538,-14.7053874553523,-26.0038878265155,-0.325359541951555,-30.5204519434293,-57.3084207641278,39.4405482217292
0.00234071757984532,-7.174783719378,-4.52331899475683,1.57618996915682,23.8580577771653,-21.0170718702088,-47.9052843268993,-83.6601067577985,70.7899123521979,-123.884626856471,-29.2239873033786,4.72892706496424,-38.629215277732,-4.52381604817961,-54.3236659356751
-2.50305418541827,0.653273040105818,3.35998614173085,-4.22583999937363,5.91983262378694,36.288445618185,25.6417388850594,22.3829270226558,-41.905115208315,55.590659634026,-0.445302377717308,-38.2646342733791,-43.257778746547,21.9685350967137,99.0448793191068
3.53242294000675,0.841211682121768,-6.11159469836573,-7.6645010485787,-53.4188636722554,-98.7451740312667,231.424345188895,-229.67337034728,55.4047927453205,60.3001841777438,-62.7755523802477,-5.35478759404484,75.4864970630312,-32.0034144067876,18.3699125402202
-5.49468718074331,3.40874053303187,3.26563517556238,7.24648641208357,15.6961562253204,26.7483282242881,-2.60027402712144,84.1552917868723,36.6160299636244,9.76056168670129,-39.966430939719,-34.2134601616575,47.2217319974016,-181.970978492977,28.4761087099385
-3.93387557909614,-0.362484927928848,-1.3283949608232,-7.1623061100125,-26.9060169385407,5.75936499667216,-110.033227124312,-89.4679252093271,-151.175219828843,-127.407587314221,15.1763904280043,13.4641533849247,72.4995824595659,769.486632309778,-16.1776483668034
-5.6296248901313,0.164331453449171,-6.11370890280154,-1.41174712188388,-10.2446505986901,-9.07893730389895,-86.1335311808207,-91.3128490788789,-215.830146501905,104.627023866754,39.4988672142554,24.466092630444,72.5377955935106,-146.136185959213,-34.0740963209278
3.62981159174413,4.10793524041796,3.98575489039738,1.51392205368844,49.8895643899637,97.3372422065261,-176.221228930658,-77.0105571316031,-35.454078435316,-236.035718233206,72.018109357287,23.1791215919006,-46.9669996303301,-648.878090800124,-32.4834277342255
-7.26812213068802,-2.87499297524546,-9.12121850458911,-14.6768476960866,23.7334939370011,-9.65675972499052,112.610683562618,186.759081120636,-9.57922657391511,-58.0623461384506,12.53285251929,22.0926022332189,-12.4339810067326,-705.441710939338,-50.1049419294406
-0.0790091238945563,8.8171659093883,4.04145685499194,3.62222054972637,-1.25583237231339,-140.855890492543,204.390022310813,-149.869580243355,66.8674604011946,55.5474832655275,-24.6572261875208,-42.369451009352,21.5605877901379,-50.7015057852525,-62.7388483937924
4.40287815175269,8.05444859857613,-7.69165647685429,5.54749986871584,-60.6368086659994,-48.196963195134,68.6908319546684,-70.12606750233,-83.5274424890468,-20.621121299459,-39.8027471150929,-12.6780741459377,28.1200784241859,-39.7865369527705,60.4455995573631
-0.794311703633691,5.3630906840483,-4.87944370539394,5.39286923100433,17.3352750309637,4.44341847728593,-207.718812810002,-22.7889428628099,-21.1730084669757,-48.0245407766188,-31.0584850718758,0.512154524114823,-86.0420853635359,25.756102839422,27.6317063771321
-0.573514368392316,0.987046049383064,1.30102996573331,1.87481388106118,-4.74473603506828,-50.9078368543935,-111.298928066149,-0.0456156528915956,52.4319907160227,158.990199144659,-62.6396216912203,-9.95065422352892,-3.33958332486287,-56.0903366124267,47.75302490526
-2.38550825817456,1.09438412390996,1.67998551639425,5.7502377521724,-16.697455171372,-78.9053946093645,13.5688032555221,57.7011845818294,-134.019359026692,-41.973964654963,-63.8141443841952,-28.1553244580669,-86.8115468351792,72.476038985509,-53.6734291338564
5.76808373618163,-1.62415311738114,-3.68181685908548,2.97839964732613,-29.1033576973315,109.059685560198,23.7610241979628,192.355684036222,47.7476091318838,-72.5919397038839,39.0000295938798,-45.1725190587076,-3.54354859970908,-66.6081907730063,-12.0239368772741
-11.670920418814,2.79972054015228,-1.33433366875703,-1.29715809226032,-9.66788953436315,43.3261611747476,27.4817807594287,-10.4474382102824,-308.837888406803,170.872470640634,83.2837469525056,-1.69628591979874,0.53643681847129,37.7932117084509,46.061032535238
-8.59877267159435,3.33104296471488,2.55612405926117,-9.313099444058,-23.1610624945101,121.892551241462,137.952145020379,-44.6517720215156,200.058396330843,55.5793966496261,-24.587979145041,9.04181796075589,44.2348486605969,45.1475941517433,8.876053027391
-1.8703083043374,0.658459703250759,9.4373932405671,-3.61148034240481,51.6281106563383,53.8525106871596,179.095357538008,14.7056851852072,73.0775094838969,-27.1826672313976,-115.914442640724,-5.31303397920435,2.80759357293763,2.49959402277282,-44.9290812569276
7.14696085566223,3.57357485512286,-2.84285110895718,2.16320837854664,-19.1876918653901,-100.291721990478,71.0836249288806,24.2888870327149,17.3823200555087,259.800981330417,55.8483058141515,-6.57041603655567,-38.3909999417807,-8.97181779954905,16.1815820067192
4.35126200837619,6.84116670606384,1.89458211470911,-3.47461521959721,-3.57472699146773,-145.140840583533,90.6371975211311,105.73545503033,69.6561394636046,26.2981993676279,-30.2886217046854,54.48212541948,77.0632241497352,-41.1564604029948,-8.49422487569322
-4.61104714865518,-4.95311923606614,-2.73688349891862,1.45212936089495,96.6653492989953,-18.3093162291912,21.2284966606082,-237.455907546069,-42.4910404539519,-186.776613894849,25.6638731630112,-4.77766364739028,50.2059270011328,-0.533200461235448,-91.1532713588554
1.60475848634483,-1.12052759656377,-10.046534787399,-4.39780455827548,-22.1453822888697,-19.497257252079,23.348420289319,-107.779249635812,-30.478094151296,59.73987816724,25.7999993776824,6.3100550866997,16.1706781121626,-74.5321821574756,25.2251150077776
11.6797036138402,-8.2367239179199,-2.94643974897057,-0.888267029683035,3.56912562803881,29.1468307723515,57.8283457991062,-104.540428139346,97.3433373278022,-148.010222481174,29.1133375651799,1.63957405440607,6.23986827912536,57.5444765036891,-6.49662897830323
2.12662257608748,3.31912382170174,-4.54511361736309,1.93842356599288,58.6369076627481,11.2142381184885,-77.5577497975091,-85.0141447845944,18.2706101545544,-16.4073019999687,-91.0335311711732,-22.4735297955428,-22.8503251179988,-77.9394538078969,1.59982045704271
-2.20447112085994,1.00815369175624,-4.53637419029469,6.10812551682025,-57.2472959692914,9.41021251403527,-129.653134065761,-66.8925857317969,147.746374686818,11.6389023928464,-129.249887426849,3.85090050984343,77.791899213873,-51.6378604665685,-3.94154238554376
6.25427902557929,4.47184581619776,2.68162411566683,-0.401689679232144,-40.1048832825472,-33.9369446517063,-136.361718493028,-75.5380765917008,47.1298337488246,-93.2777718112039,18.986562036725,-14.7694095054567,-41.7806125500691,-66.5351258837297,-79.5203119979633
0.767496305623238,-4.00159618954472,-0.124009763836821,-4.20615086125394,-44.2008050296188,-44.743737721896,106.687225786114,-10.6126745285751,155.308654588538,-131.932196735198,-57.5869158125604,-50.2337748187136,-48.5558974879945,1.21310574466178,22.9319217114955
-4.1606091222594,-1.8329724394551,-5.81896067164452,-3.1232267740363,-12.7489373902982,43.7117954563225,67.3192479697483,55.109407001197,-3.56130214822615,139.048733409737,-48.6119320657889,-32.039255809482,54.3068326719559,-78.8625545169037,-25.6750120684765
1.67408419831618,3.99981492180035,-1.28323723329073,-0.129171028155032,-47.0722373562134,21.5239692614591,109.107932887304,93.5840253827787,81.3566203979806,135.861732548227,-130.741663188534,36.302262063544,49.5961166580421,-24.135906767429,-75.948211941164
-2.54029478601349,0.147123406432892,8.7735172592231,-6.14164161075646,-33.351681608619,134.712965760811,-104.048239524446,-53.6502382227377,-17.6718200796376,134.46711013089,-26.0878620866729,3.04084668381544,-19.815323917244,3.28524514967117,6.94884768498031
-2.59537038444346,-0.199525223186172,4.30314222394102,6.35930928088744,12.6156204747596,-33.8865361991129,-62.7586090065085,-33.3644359330899,37.6328053466473,160.274503222949,-69.5168011072613,30.0649406063412,-98.468713276593,16.7343456665445,2.40421776881419
2.91053781872348,-3.25729894045342,5.47134810163879,1.96506833197473,20.9292424646055,-108.085271011704,66.4110834925684,-104.414428956688,168.1811769284,32.8408124025136,60.6018263349353,7.52901221866278,-29.7978328036033,-12.4008491792148,-57.6268278129539
-2.00142060934273,8.84091460624479,-2.91261157055509,3.59053536262012,93.7038005610022,55.6151174595112,-47.910035639527,-105.920097985394,82.1170573980435,116.748413629812,6.65858115716894,24.3972574866268,-15.6923555860324,-63.0302903384315,57.6330610970034
1.07940910824008,-0.300044320910803,-2.79134365320302,3.31041134199514,2.76988626929545,-64.8428593053801,3.61344191989316,242.029781230491,-124.050042827464,-57.9113983705236,-42.2139713556766,-43.2199618867979,-123.419600684324,-44.5973269171254,8.47705800821839
-3.7230279798721,-6.56489797123652,-9.80834467622531,0.527669983059103,-36.5604545265704,-109.343817084139,7.17123791648405,-79.9514314882027,-45.2692273017398,-56.296199902051,-10.934878180505,-2.44198287859002,50.1306595826567,-1.07558475783036,34.0220872623012
0.345988801452646,-1.61130055866753,3.46425402990806,1.89351751753873,-31.5678214055274,147.999111454501,89.813169192551,-196.021488975947,-7.13391313286349,104.182277424389,-1.02459544700781,-1.79348277651032,37.6358723944421,-34.9809790114799,-85.112606834922
2.15027830908969,-0.0818151519630937,6.19105561971566,9.40503526924191,-131.361494511224,-42.6957459998341,-154.913448879799,118.51969176607,132.900250326024,50.7595165611382,87.2556828086994,-13.5543087835473,-13.1628188331158,-41.253312966924,5.48255662855897
6.3510728836128,2.67457958065423,-1.97545646433134,1.45574379765483,-34.9124432711471,-8.30877933564374,17.2380156641638,-234.338586030569,55.9955830354323,-42.554079663428,-51.5427561650552,-44.7741516562263,66.7133319185179,10.7176764422373,-11.3215658376693
-2.5081276194252,3.09642581061212,-8.13566668243643,6.33372727065771,42.38412793845,120.427623287748,111.428841221558,-49.200367060715,65.2103247303264,-13.9010237985825,14.306282573489,28.9216332427496,36.9419502292691,-12.6608991698152,12.5600271713301
1.05983430577005,1.20915714387225,3.303077219941,5.51440181892179,14.6336466354154,-118.264162546004,184.514279112125,-66.4626789253658,281.236169834025,12.5845968103375,-29.3241864097594,30.6255689589195,-47.6871177306395,4.7612554655246,18.6095648818875
3.20821002758332,-2.71594972991812,1.33887495186505,-5.33406858029571,-14.7240055850319,50.699176406989,72.1050501894482,3.56161240804352,-50.8655273123242,161.809679701335,39.115161462712,-24.3703665846953,65.9100877476596,-0.863338800715302,-9.22938787333274
-0.0142230248326122,-5.94141559979421,0.728643552987619,-4.23438362394148,35.2577850831674,-133.380326018082,122.415205014456,49.3272750014175,152.840963960794,-120.329529997957,-65.6785768321093,-3.87427179281015,-0.316743935914237,47.4312656866674,27.6958851926382
-7.21151087420265,-1.31393025051645,1.17874543741294,5.68537820011323,19.8645727100408,-1.42348882800176,208.067607893866,-82.0887719669572,-86.5075194506587,-156.065207050197,-40.1165699065948,-28.577880672718,134.225412038492,-50.1332844027872,-55.1035014002716
-4.41404940795715,7.0720299278506,-1.51544754489489,-0.126838566514058,35.8180259279457,-111.378721011724,30.4686255244443,44.0124047340176,151.070013439682,-4.1089962379566,-91.1251292456983,10.3809380212036,59.5607218895229,86.1290624925335,-17.4179864255387
4.66699079243323,-0.386766208067426,0.784675285433161,-3.561091387366,42.8426036472338,-23.5012384361201,-141.509161358498,83.8896562264772,-25.8645773175007,13.2980811555386,-5.31759744488641,6.2856795582027,78.1304401761519,10.078353807489,31.7038483088426
1.50138967015684,-2.4001588349653,3.43869092666257,-4.8668608342876,14.2529318828619,-102.794919877157,-35.5472644051717,28.510986795343,115.114586776748,-29.9307330863874,20.2551454359763,22.1914904850017,-9.82998493865287,94.4319903626293,-9.64870920641116
1.8244680315365,-2.68992114395645,5.21060006164007,-0.739157608436062,-4.58589460888359,120.122098773305,-22.6955400674792,-62.4116256158392,-78.0027476199598,268.831749048717,-21.1292509014255,-14.2926272095892,-28.4979014259709,-41.4987474417103,20.1569074504389
-2.95347219090452,2.70869808604816,0.00255824250213993,-5.57821407983651,-46.7894030320861,15.6210476203967,-35.0578868949406,99.0577795097894,-129.318475951807,-5.56438923440275,83.7588885026312,-41.6669677816438,33.8386528380543,-56.4836797505399,-21.9634210939605
-1.81403158764974,4.20131791102201,-0.29847251858758,-0.442185071896367,5.46326211588141,-8.80641058891765,391.874020589763,-4.21963802222407,-115.92341893082,-98.399855181367,12.5432921207056,-15.8428781319696,-177.203634793106,17.2752290778762,69.9680052664768
-2.16953277020498,-9.64557986529728,-7.81801834063389,0.040534652174777,-62.8403884591116,63.1119807279199,-18.5207858635298,-163.346325052451,43.7426835733041,-4.07008914635821,-75.3210418222566,-10.4713702129969,90.3594046871011,-38.38416587863,16.6011106443931
1.77497439108091,7.95228229667899,1.00865490931147,0.403047493976464,-90.7817888568878,60.9737699778585,-106.315712011588,-63.1125929342383,44.4511674703965,-48.8714775799711,-8.60077835039309,-20.1518035180793,-2.96005183771706,115.226033578236,17.6599991633482
-3.48651823303929,-0.515824065024761,-4.90182392499261,1.79748135061649,11.795971714261,67.7368572670129,206.836814737077,-224.123134168399,-184.058767024324,-9.20350001509309,21.824909116133,-6.09025957055285,85.4530204865908,-33.0022028917849,-17.7574423895432
3.12225322074367,-2.81451052407855,-5.75632358443362,-7.84663799015106,-2.28669073913605,-8.1988647600738,23.6097678940229,-58.8476718505749,152.219561851658,-2.94097832441028,63.4049367523981,57.9285087099534,104.446639812787,-69.649545368186,-62.4581664225554
-4.20960377859152,-3.98629335488603,5.84604148036599,-2.62286842632735,11.0907249014134,-23.0179999188297,-64.0946408413655,187.177652419849,113.035376328941,8.28619183456599,-5.79490898442328,-33.828590340669,68.8172507858789,-80.9150586432644,45.292952925786
-8.68716060704348,-1.1041671346794,1.68916042968565,0.877983808915629,43.3765971841857,-5.36306005878617,-164.817232073079,86.2732774824424,-92.0593817591792,31.5361980521974,-11.4899893278502,12.1606610051657,66.4261626897535,-49.8992972481762,-76.8831540685702
5.62055898742607,-8.44221342372301,8.70189140817531,-0.0602940793765855,15.3058921982638,-110.935930058378,-44.6292932167015,12.20430242979,-13.8563875104838,37.4431704047227,48.2389114322378,31.0963925072336,-77.9242621541944,-17.5610519085463,8.63002953164232
1.64231535317428,-1.91363259772361,-0.475799149772726,-0.371624469936788,-9.50380878066091,-39.4165432365537,-33.5975666039139,-37.5978834328882,35.5455833829155,110.490719897776,-111.711318082411,33.0005461741659,45.7099493309018,-48.1681477555224,-10.5016326983089
2.72915640854034,-1.33810507529232,6.63718549938638,11.1775501757075,-57.4601595569301,-109.684966665419,-163.334774301433,-125.820097686405,18.9307649461228,130.723459016442,107.964619105616,11.399102535007,32.0543939366118,-15.3206556487496,24.5981400212926
3.00047754007767,10.8267126899218,-1.91946559002275,-0.0530238473576066,9.89857117262215,-27.2507862595341,60.0325542222224,165.663425124612,-243.530609471041,-49.3670561832161,154.962574056447,-1.48317697630009,15.5449926325529,95.7423874996449,-61.7428784156757
-0.0146521852085686,0.976049995366126,7.51567705230681,-0.493860998946238,35.0745321951679,-93.1141872634977,18.3363160992314,-27.9591242298142,-98.8238160290722,73.7736391000976,31.795861576984,5.28203523779018,66.6292934863697,-3.92713774572911,18.4267705147399
3.18999044763247,1.81574994048578,0.624201989583836,0.756762672760441,52.3533693748772,-98.0956352429305,-123.93578238725,-46.5347645805462,18.0343016837416,100.6021159292,-35.9157708775767,35.967825264032,-21.7687135733123,19.2666306997277,-11.2981017184942
-7.90321518749121,5.61387941745434,-6.78614842554599,-5.70458866963361,-12.7417557275924,43.8200836607573,-60.8029342317517,-15.2741107370027,55.631664763967,-38.6779834486264,46.2204751123515,25.2596470200103,31.9625645131799,-95.7519743233798,56.3846478391337
1.24308921270869,10.604972175709,6.47734748954928,6.34470178444077,-17.7796901057226,67.1549970468579,-93.0144734108339,81.2154459892223,-143.082975266073,-24.9045503520389,70.9250499203335,44.9820560725708,-10.2842382499234,14.1464343702764,57.7303130166685
-0.0624863246955317,7.56106366309736,-1.79014192943721,-11.0502872459899,60.2495565869561,-50.2510888517412,-39.2868184404199,223.610395263004,-143.350237108386,23.3611408154597,-45.4105975319757,-29.9296865050747,134.431167997268,-28.801867283733,-20.9999393981279
-7.27843175001935,-2.29453949637662,8.04866988928579,-2.9959505915981,-93.4098926735707,-68.7665314348136,-118.070579752458,126.975302250576,20.5875812122512,-49.0506413334304,38.6058829515674,-15.207486859879,-25.482387629483,-23.6724519355096,-11.3471123174575
-0.444891724546865,3.25877056245386,6.69569548491126,-1.02720774873333,-35.1161166413207,4.70578009691235,16.1691589896773,19.4016374571836,69.4321680864977,-135.560609148208,-148.209693653128,82.2513992224889,-43.612914430392,-34.7576106917411,23.9351333348221
5.57394706434002,6.87163214102622,0.302084831108428,-6.98518759609328,18.1422582658699,39.1308215244472,78.1182269075072,115.750767572268,-25.8833982971565,-1.96854274968373,-63.4534132116144,13.2157695732511,-63.9516496515386,60.3590378134462,8.61897060465053
0.296618041588461,-1.78747480615934,-0.155100510135571,6.12510897542854,-39.3096824301491,54.5201290659367,35.0223785772081,44.5862184335042,-83.9889574124158,185.217463059931,30.1159455927503,-25.322199244348,94.4752038621245,-3.36387560493835,3.64871626099496
1.18127816444947,-5.79829343954916,-11.4696351778153,-5.55064687351773,-68.5423734567747,82.4134333993257,-31.6102536687088,-3.90020232052257,70.2832287754157,-79.8439588092495,-15.8777570013706,-62.6010130960782,-13.7402083922844,34.1294691001124,-60.9181908673883
1.98966748952084,0.366729485114294,3.42314779934009,-2.77997726531614,59.126358485633,54.2207021908661,103.34065133257,52.6223616467558,29.8587749283216,118.616365192487,48.82893069905,10.0970503582627,-6.25913522267206,58.4958652185413,8.64256268969128
3.28931426972813,-0.384749167883696,-1.71351484620753,-2.08119307269706,-8.31099652089806,45.5378511799058,-4.49870200559631,33.5558324059132,5.90944726309753,136.529910089826,2.20698219770491,-15.0593200026103,-55.200562837858,-43.2080375748376,-52.6257986075843
-7.99366781495783,3.9958907302874,-0.994961963950439,-4.46628449245229,-56.9703274940836,-3.957598388026,-54.809155846521,-36.1827573780595,-24.0136924749872,-8.9604324350767,-877.230262179681,-17.4564362040445,-5.25577424765984,-9.98163009780985,57.6100565712158
0.466611297143746,2.19582661949983,-3.64322713307476,-1.49098985763306,-29.5074919713586,-15.1648283329182,39.9946668675239,66.2876524618522,101.659007990179,166.039329112,639.153084307118,27.6269436180923,-97.1363554274364,-27.7430749370426,-58.9059318009997
0.917966743131664,5.82483658521104,1.15105662735484,-1.4715099763453,-77.5205052418943,-12.575330255391,55.1210892014283,-79.675654713519,83.801060623492,-117.330177842914,-761.853783555043,19.3369692065857,22.5591619535997,46.5881522745218,-8.15718055365001
-1.66842665045973,6.62364352878872,0.472810770101517,0.30934488508597,14.6860051695912,-105.074882752871,98.7213728861492,230.710842081521,-53.2118787292988,70.0343700259862,-749.432170265619,-2.18103439663325,-48.1856032485312,57.9231703945222,28.5575052378281
-0.479933280305462,-0.589283872980103,-10.5169482153439,-2.93569912764626,-1.65669641687944,97.407194416632,123.469853427074,43.0530919293489,-194.660162782185,67.6511405808237,-122.655487619069,45.9380289411636,-10.2819461133981,-1.5423859489974,-19.26510340367
3.02124640813581,0.379182953763261,-3.84689725742777,0.926136168621455,30.5786354894022,0.188830910636251,-19.8670288677585,72.0195167770108,32.5536180341741,10.0474668179272,601.177984525484,-44.5533855327425,-25.2305055773993,45.6309497589623,83.1570907474461
1.56632446389497,-0.312262695712563,5.93909833299728,0.199664759240331,41.846066422088,-19.2125387401784,-12.3728734724087,-72.9297202968147,93.2498471286029,81.1700170295958,734.034876589783,13.3571642143206,59.8285564719046,13.4711728737171,29.9729151950246
4.30412317501377,-4.07322337534968,0.663306199859317,2.16690615547667,26.5741847479163,-2.19835728397041,104.527202286405,-89.5573063963323,-59.5520565416339,154.776879232784,-727.835578588136,-13.8644366777952,-44.2888127402159,-14.68590153295,70.000558457318
4.40302722526026,5.76753730706042,1.59356935141625,-2.14898042597334,26.5431147682515,-130.153323478361,-80.1877828373091,-131.964070360073,108.888246189029,51.4045202705407,-688.690106021269,-30.2087421038831,-33.1835065724031,27.0680281970716,46.6925924112277
-0.319111796204357,0.524586939235938,0.789297632258594,-7.46978531731135,-35.3349857897782,48.268707660985,-0.760705520374298,-166.342253663323,34.9295516150231,-52.2492350792978,-920.273794239222,8.82241379407237,5.71520719868015,-46.456310198858,-66.3878640355002
1.89337772753213,1.25744150099752,-6.40112428632703,-8.70047112564691,-10.6928686892971,-41.9636319397847,-78.2125613270668,-46.4854507208001,91.4507784209918,-16.8704867994288,1211.41612624624,-12.4074856219871,-37.170804020598,18.7292733860248,-51.9643825728403
-7.85164669439263,-1.47783297011954,-3.67393696286695,-1.49864769996376,6.72471275006814,0.512684304627244,69.9134414302255,83.0029135986766,-105.923976160162,55.9383231191652,-722.876128213388,18.9081876205831,-76.6763941167006,3.40473933202318,-73.1991324932721
-2.70062770029719,-2.04590490035337,-0.602288614924663,-2.62991065491277,-20.9508195405743,-23.4982170429138,-43.3922022016929,-129.237062402799,16.4863557625243,150.556373572786,-1083.3685223102,-48.6773596638955,-71.1385604291233,11.2887331183614,-6.15050316896119
4.08127147243465,-3.66636733285566,-6.26956372127531,-12.2918744281584,43.1097044516328,13.9760567610277,-56.4063813842677,7.01222340410692,36.065562698686,-48.3072545979725,46.7723990935424,-27.2135087843538,-1.37680554372053,-44.8252614432454,49.606967359273
1.56003237114002,-5.33980296266055,-0.88385356698099,-3.49605796385368,-59.9299970859121,78.1310987723275,-26.2585966864304,50.9734171143979,186.318019554559,12.4792355457362,-176.100289295251,28.9065847612799,-31.6350467160008,-19.4375645626683,43.412099972407
-1.18217077305578,0.597822374985101,1.87511870739455,9.14000927895401,7.31696189239222,-188.644399955779,-206.645789698448,221.645539511728,27.2270082946572,-66.1943170138158,6.47091211377302,-23.8981292795407,-17.5730951331675,53.5957338205633,12.271924291072
1.67579747831527,2.0187047943541,-2.56916919477403,-2.94773143696968,22.5124118754122,-54.2423707755371,-144.346043993376,-57.8810029184349,57.8711798100045,65.6484378095745,75.9000454673802,-20.575079335559,-76.0418229658403,20.5513874922871,12.0472504596984
-1.51864294545841,5.36719175239709,4.43540120893872,-1.22828557304563,58.2485211984632,83.746633389257,7.20704190048605,75.1410806743272,204.890250529164,-231.291273081996,134.247640241762,-23.5694415393002,-1.53875095713108,19.4847507200974,-2.72406117327619
-11.264814441411,6.73188547239088,-2.83286836791953,5.80019950068019,-51.0816727419587,64.5864537696746,-158.80197736458,12.4185014739041,-189.047881306021,89.7847112888468,-96.5084827837281,-3.2776928046363,-63.2192341470695,7.07964698497533,23.6418612108606
-5.55999625606678,1.30101791026984,2.67558722856436,6.4387679052338,-45.8939314714354,21.7180528174818,-85.0210706805232,84.679543379847,5.77889993753029,20.0739088867131,-0.303934226030379,-50.3639193308614,6.56640197768501,10.0057368404283,-27.9269042422636
0.883876533957203,4.62459163837337,-5.06688812749019,2.95439290964813,39.0368507264606,2.92334285777443,-130.974864697112,10.3547895648849,-94.5714827292573,129.663617769486,-14.7271062138662,-23.1531551245327,38.2492597228498,46.3008633645731,46.746768754894
4.76575061001543,-4.13086536459936,-1.25734575281355,0.143081812338332,-37.4384002738843,-18.9574374817959,-105.108240306602,95.9546339999667,-49.4354924951485,-7.86999585464135,-82.9684127410429,-8.00236490181236,131.151968900156,-37.7427618004638,-43.3306399289323
-8.50543456084708,-0.627439324225417,5.69349318967016,-7.72631160424889,26.6973087566318,-55.8055227182831,-51.5369590353972,-7.91239368818321,6.02354527914537,69.5459272084463,-13.9709163037325,-14.6758729290741,94.5925644596066,40.5353926379097,3.14527737384233
5.86389956510778,0.444043860903236,-0.112824932809601,-6.25037152024018,-55.263368121649,-24.4663499500358,-160.975712572975,102.211479171964,1.16802840700318,-14.8705097331564,64.3682350648174,26.9796769181645,31.6664714956676,27.3640415446362,-17.9591663020554
-4.69657912056671,4.21172151207926,-2.07017517287391,-4.85771640894405,23.2721256954071,13.2441741514332,165.895827842398,168.283343401021,166.61243235768,-3.95135883924827,43.872587640525,-20.5859951205876,25.2194107558072,32.0801830440461,-13.6220240422723
-3.93161095699622,-6.54044377930071,-5.0918057347036,-4.03844736641505,8.59672628390357,-21.4490017646272,-107.458314020854,-8.37628802639428,92.3723173833618,-57.2671004584789,91.3921459155448,-21.5351361361395,35.5718279626347,-23.7967973355578,63.7954681738685
2.38153740308747,0.098907831664484,-3.7942064713156,-2.62582807590611,-19.9987487426093,16.8224613006479,-192.126962998823,-25.4992891228273,25.5683555917002,90.323256104134,-141.138903361609,-14.3412062222015,24.6093631549687,54.0761600642997,1.90674657898206
3.63576569747656,5.48833262486983,2.80826827928389,-11.0420900744727,-1.30298457204636,-35.4931197394714,157.207517798711,27.7912331787997,-196.586705565701,101.123053115809,-5.09785886881649,9.08453883928112,-14.5248059525033,-25.5865040747082,46.8634610273289
-1.06363349294685,1.321848957783,6.1061883660503,-3.99434639945086,23.6635400154707,-128.879035930263,24.7923051533096,-163.895409464187,-199.059295375676,64.4340320780573,12.4839106475305,41.2187565243421,-71.1538804057568,108.395417517284,-12.9025215387383
1.28616018195159,4.42452211181335,-0.590654381748372,3.08165964563721,60.1714073886002,82.5744125327773,-23.5563339703924,36.5755798367891,102.813067286376,-4.25520963685954,64.7200401447003,5.9039741342268,-114.596414219238,38.8507332623,-20.1801249702171
4.60960560434992,0.423590006921843,2.77350453308806,-5.94239533119084,77.9274249659791,103.327125886434,4.99764579919848,-55.0957914710751,206.872301216383,-23.3317916163302,-24.0620318786723,-63.1951717219163,7.93600632867526,-33.1999744630818,20.6111880568826
-2.54299159462125,5.25201016801875,-0.302228364646779,-1.06243676298914,69.2046532359391,-67.5209967385123,65.3953012001087,-109.613062760728,-110.649640926712,-12.5085460494231,-77.5116687655077,-7.57350655061819,-29.4801560176558,89.196355273703,42.6476261623816
-0.771929152742992,0.119278925003813,1.3564378209882,-6.27200131748443,-1.4754846406844,99.045790945393,-116.493623762874,200.257546192438,-46.4122036996502,-120.318240518889,-13.4798721648228,-2.28423608414558,17.4939473303253,117.667347814827,16.3325449429792
11.6865133347297,-4.98350293976013,-4.86123349601935,0.259324056432417,-50.9883486788777,95.2114616391475,102.463432399319,-64.993260601737,44.1002216650482,-242.892103142154,76.9754543055279,-23.2559601340192,41.3001329754974,-87.5730855037009,84.2629648447374
3.90222767293785,-1.38708115667094,1.88463072789888,8.98203384086346,2.84772035902472,95.9438857625139,48.2334685234233,-348.831277791689,9.39652817541379,-216.427322787398,124.175039506737,-7.2180881650178,-59.9788107644432,45.136841538314,-42.7946187079193
-2.54171167355108,5.51651181351829,-2.6899123582055,-1.04367052797778,23.1537608512791,50.3651237458323,-18.1973641346066,90.6864290530979,181.392181211666,15.7094133520387,49.5407438281674,0.219870852350837,84.5913519830583,-56.2098020548666,-49.0745835410937
-5.92652866219081,-5.73787355773633,10.033239657897,-8.07764170316665,25.990740970839,-29.5613027436507,14.4928488729615,-48.4001315586379,-65.0095922165136,-135.120959954871,35.1714049551443,-31.0313001349183,-32.9690140008548,-33.2672203967351,32.179002936141
-3.27769496560669,0.321169056424051,4.70327725969216,10.449362008747,-22.882786711609,5.1840810871345,55.6546028214003,121.206961804205,-28.9779660917654,40.0134003397007,113.102842939281,-22.9816093699625,-46.6873381236885,-67.7792076260065,55.9474105346662
-4.2271149933673,1.90574797698213,-5.38048680097144,-0.861982108351167,-9.40085919136895,73.4375046637657,-42.362872182577,-40.9194250212258,1.92643924315339,-74.3611551954102,-11.7141095114855,-9.27301128977242,59.7840876301714,97.755415516789,3.95343756188706
-7.03637128990491,-1.43607731979638,10.9579312635876,2.4827615251682,18.1366350384795,-108.698524156996,-5.15464438947651,55.8468899232312,-70.1069940817668,-201.101379795559,-8.56241942572709,5.39418274878077,-33.1710459085766,13.9306750685936,-39.7825251593478
-3.08631626150888,-2.409013186845,6.42678452947462,-1.36799532538659,-40.3743368436835,-173.213832664595,274.229076671356,22.5119552129959,-139.346959321009,-2.62736945463028,142.516611066935,-19.310376528305,4.26117959416584,46.2750377205447,-7.7367986333228
2.83597060332705,6.14389461856804,-6.28765118018915,1.12739771525886,28.5806143339906,33.781999264366,5.36521066499432,10.1589686564406,-94.2500925796325,-136.622149693053,-103.615000285669,-10.9492027539045,-71.397496247029,-98.4372108090874,38.3184608175385
-0.113606243371532,-2.89413420577795,-11.0086319122238,-3.68475389465697,39.5181434245812,-38.8670669697494,87.3405750342225,91.621368833186,32.1953177283662,-143.075613148414,12.8765579776487,-34.3532653184701,-13.2251008425114,89.5116534572077,-32.6842596408582
-6.06896603279475,7.03397035645949,-11.8879094699223,-8.89518120576643,16.6279199287032,16.2203765104884,-41.9843665174872,80.7905033907439,-33.1068859140557,65.5469522785978,103.235184756948,41.711570907004,-144.193472727142,114.896601946939,-12.4856977170907
-1.85005286555943,2.08022277013229,-2.89270891234517,-1.34712707804945,-29.0997947188282,859.893986123578,11.9532584811421,60.8158251975224,-128.381645097535,44.3610833350453,75.1241242139087,-0.887853048735855,-12.2813203028331,4.65257009881637,2.25599421158566
-4.93364688094586,-2.37754657748856,-11.8897218463103,-0.306815939617151,-41.0776977294395,-638.804363862245,73.6544188311034,-45.0047491670774,-106.082539385188,-47.8658801340547,-32.6508648286055,-16.0591139524634,-18.1255190417765,0.215714069328528,-79.4931387611594
6.4941784103864,-2.14358246681831,-6.85564715316632,0.170087333350328,-31.7708789178383,234.416324575871,-145.465501903141,258.521970466662,4.45201758568625,121.502354038631,35.4427380078524,7.65576937427518,110.011668108966,21.2325659118784,-35.0788288418123
1.88514328650112,-0.148479574034894,6.69427554449894,5.65841932671332,5.49296380050543,795.06124083162,4.78289567577061,-11.9283183267284,-80.706212633879,-5.80580857964747,-43.1643033319486,-8.23588697135512,-10.3739312944163,2.7536139992162,-24.0145100480119
-2.42128769128392,-2.09633494444936,-9.49219015511666,-3.842392284776,70.7461420975658,-730.551571496767,173.218096375131,43.7320607081848,42.9928092317868,-91.2498093522169,37.143595222422,12.4295827805441,-25.5493981413719,-25.9841502440219,16.8157559023335
2.02739416428606,-1.83722577557644,-5.67348324176302,-2.74782294363966,-25.3729925963716,567.377870165732,16.3669017637071,71.300774250735,117.330600210589,-93.0703735680735,-59.6615295463495,15.6629871520574,10.50432370921,87.8386930932057,-4.7959983059503
4.32499954085598,-7.09240072460194,-1.77769084991565,8.12060229433026,-19.5838713511974,-688.615858474845,81.9930766043358,-2.34028991361579,31.3237728635226,-80.1060862858195,-114.118608113132,14.1937616113683,52.9296265939664,-49.0323659077493,-50.2294181978956
-7.50620779667181,0.810554241239174,-2.31686573474618,4.79808291157172,29.0306072963261,444.937262352359,-72.4247678360421,-75.9053137762154,37.8550085916179,0.0805593324424864,-122.955972564268,-36.7759534771357,48.3898692172442,36.3188054433602,-18.017412845647
-3.14133371715503,-4.99858147829117,-1.95733187237376,1.55867640478293,30.6832813963921,1623.14210003862,152.920934881541,-20.7427792990265,129.642871065058,9.74609616199309,-22.5016754635861,15.9301054969751,11.2931056287744,-15.5172689455759,0.617342895812263
-3.88252037440147,-3.02672091885411,3.67806685561624,-1.87116545842666,25.0537844759647,981.857925231584,152.406313635428,105.602229954195,-22.9707810680937,-95.2263751091025,-87.0612117460157,-4.94661324241216,-50.9942029313908,-11.2076609306419,-93.1676711486613
-7.44062697602245,-8.34507885290292,-0.172428675969474,3.36287277167047,-69.9370278862492,-382.762070081292,33.7834396991749,-146.75708301621,22.940844847573,12.0777153572942,68.1719477396657,22.8550797143009,-18.7517178524246,75.5835478001372,21.7664513609902
-5.3673037343357,3.72421827242235,1.51045091972396,1.03245653191719,40.0331426364984,-43.4662246588782,-162.018908473297,0.419554915737311,-14.1466019289342,65.8925032426132,1.84834391068878,-8.2227406200923,87.8079885892011,37.3798374207985,-84.7668209962375
6.65612598635403,0.41337608195921,6.81652951538345,0.815857018038055,39.3809398981184,110.696592589916,35.5317503048383,156.597438617374,117.815619883234,151.856192249268,-46.0259131692677,-40.3998313943442,-10.2947240906688,44.7622617899603,31.8775709544075
1.4005506110782,-5.5156972207282,-0.195567383614417,5.97347600642716,36.760179304717,-48.0129967312255,15.4384945479191,-18.4020844173477,186.799955190713,-50.2853563395403,72.4266930730988,-31.6624173185734,-45.7025092619161,35.386488089088,-5.46510941324385
4.41270739490459,-1.04167364308723,5.42414422625038,-5.3671747182875,103.961049109701,-63.0966816515201,27.2448464092986,-114.287090649695,-67.3639091810015,71.9237444714267,36.0595168892873,-38.1509006110524,-17.0327688562703,-34.388797993729,-23.2726618804126
-3.53451122341358,11.5430247455372,-10.2657026944023,-4.0322441320058,8.71060356559973,-30.5369848867025,47.7997453335104,13.9362197625827,-63.0874785678178,-61.9970577691759,-11.6006438497174,-8.05047939189323,11.0307510530402,-52.51466748733,-69.0295700080855
-5.01515700574742,-2.20789621534882,7.54610530501159,-6.82540919068285,36.9356328892271,5.40827790888285,7.15809701306136,78.5100203402049,-75.900320534758,-44.1750289422359,-124.017374277217,-21.9978726911891,-596.805544474994,33.9216457175907,-113.833042569891
-3.27390188324046,1.84686304671257,1.66859329978997,-3.21913847888982,-6.05413367621895,46.6822241357851,-29.3355082001051,-21.3249209035917,114.136163981473,-174.154181671994,18.8504018026274,-6.81037346115217,829.253111932522,-14.4812799443686,4.11134143753154
1.78277086764075,0.440115716664514,-9.07334891090862,-3.42089710313359,1.55568873802365,41.3161637934895,-6.03551080759492,47.403734052697,-22.8782447852863,-100.532071106312,25.8248059468445,20.3227027478179,-497.105352961536,37.4213707052148,-10.9593211608472
-2.17471906561209,-4.92150934925875,-3.11067406066941,-0.830094319903777,-39.3970107229179,132.701588095145,-357.279628736293,-14.1101345950185,-58.0991048477525,44.2296945903471,-12.0329978759134,6.30769509295386,-891.040593175416,13.6505604392368,78.2582774851217
-4.80178085730012,-5.3852298648807,-3.67723392284023,7.33722558646238,18.9376727904471,8.24932222133662,-0.0196585607005362,-116.419946018455,5.4450931239467,132.421555841208,97.596569712146,8.92252438634631,449.453888955946,40.2534010869239,29.116238850814
-1.86497096880487,2.62803323741894,12.0387102570133,-6.64404153351263,-17.9461009924489,31.8443934592741,-104.043893240726,129.297004811182,-102.768794341109,179.235794363274,22.6089365864966,-13.8158363973579,-43.2510968204035,-62.7446189326434,-8.00952000385056
-6.42913229041931,-3.97329781869331,0.143218022083716,11.4253528398154,78.5788240662376,-7.33861072366668,163.422666789282,132.668089543347,7.11127032795501,-57.814137135517,8.79005629235078,10.6436584378985,-90.985714073674,-22.038105101811,38.7214006718695
-0.499994209248087,-8.36891898616014,3.52081334407711,-4.91298102790839,-18.1378089125427,-47.5592665771497,-142.075799003388,-34.6074348260687,-250.131480273384,-211.641658900141,58.9622602939044,-51.107414784224,-73.198740645778,-66.3588417608289,17.295960573071
-3.35607553519698,-0.266081529863586,0.0107447264969275,5.6670859330355,-17.0873990457301,-53.5856176577005,39.5412343254861,8.13219125601087,201.161405907177,-54.8209571041362,81.7003675752322,24.8114584064878,-39.1193128557386,48.7236647090934,3.5914766092549
-9.15598518936065,-1.9990725495511,5.80952959505048,-14.7761046974774,-58.2518578330593,109.588651976213,78.9394635614266,-49.4078514748378,75.4457958184498,-89.0824965923401,18.2623690621041,-17.5066489183694,-26.3272295663045,-25.5050040954945,61.1827883021262
9.1560056900618,2.80035753364141,-0.46197255274223,9.65145697290548,-49.3544394225184,-13.1928725149974,110.716717584548,30.3305340837518,-7.55703958642219,-50.5563325404373,-85.0548516334928,26.5802177602319,-3.44312020114756,0.393878506284522,-7.70124672423234
2.76607019591662,2.85953935504486,0.322809687980267,-1.71368680334608,53.5788013976371,4.97360751402709,-109.061120216799,-69.7130711610209,87.8673171139434,-62.7595532267842,-70.4382053611919,33.9051142700855,-72.2989850745827,11.0597935246143,-28.9484673582137
-1.95306782639107,0.60086771568473,-6.2369462044582,-6.44421869943928,46.0511503967377,-27.5652280390048,1230.27728229226,130.799581132743,-30.9574785424035,191.615957652916,61.1222471822315,-20.6676535611928,-5.78806234546092,-14.4796161753604,25.6329290854625
0.946866547527419,3.10708760516369,-0.541576506558639,3.25048080870009,-32.908420009143,55.2326930835213,-1233.98709110771,-59.1061164099363,185.666371623833,196.949873618127,53.1311467955116,11.936277906458,11.3994486093807,90.8116533421909,34.9693354483938
1.06618432937235,-3.98914613568321,2.39783603731708,0.143971292204649,-16.5927626886139,-71.9341626105844,1440.76010812172,228.976115663059,-159.79577081837,-33.8766897264946,31.7980086343045,-29.2007508075595,40.4501973105289,-119.764653953547,17.9010659530023
4.322372531678,3.05263549859315,2.82814159808442,3.54340313392905,12.6566018460365,74.1881785933314,486.198872944635,-456.789208259659,50.1231216788669,61.6081428695494,28.6183335144293,19.6586923276768,-76.7646555550452,46.703639429978,17.0955815017122
1.86776336914504,13.7819837479785,-0.759822770552874,-2.1366711541082,38.0750924018124,112.574048179406,-1069.33846839042,-41.8179054813776,-58.255433600263,-27.2885593182682,40.4839069416223,4.18285140505154,68.4838282049916,-40.4679175009991,-10.8881956399276
4.58820580808608,3.95531290342214,1.93115920423704,7.91872377312491,-40.0749492268897,-14.663487575968,-1762.06843634095,-169.527592502665,4.62172753978164,107.133941512827,41.8170380202089,-55.2128726118042,84.9603593491005,74.5484918122562,24.655385892491
-1.40662848694726,-4.8914697659444,-8.54175850142419,3.90648825320593,8.04704012047223,0.66002292957353,1144.77551053779,-88.6171776462802,149.125623209516,0.786908944137778,-31.1322619069528,-1.71842401675082,0.616014613461802,74.930689703872,-37.520968158582
3.80011926203957,8.16746120973133,4.46785839016564,-6.97811496168901,-39.7666487950391,47.1634118043684,735.477389419589,-88.2964077827667,145.716186063698,-58.1813912721242,-42.8649480700333,12.6267216855625,-14.4248299789575,-61.8261508119916,-30.8002488121139
-3.78089332065284,0.774829311009079,3.47105055880374,-4.00810240316256,14.1140633384291,-26.7849311510848,-1698.82123164787,-16.5490977974098,27.1678098962783,-84.0162331370805,-19.5876760505558,22.7004792061271,-17.0718555690216,-18.0590324771914,35.2048230500807
-9.72872078657368,6.32864946577818,-1.84384063066579,4.36028805986216,-18.6072007406265,37.9913493017533,1405.87272151882,-130.555922936598,-50.6303410006848,-136.787302172727,41.8731258710635,-2.46667579761382,-104.434822913498,-27.4515352866894,-10.0321759553823
0.763801788189606,-8.61959112769965,5.26573844785134,-4.23120444632322,-53.4388721691115,2.70528223783582,-1090.96049153172,-85.1530376056169,-55.680407597576,15.3650231312751,-20.6661688782464,8.810007689639,-56.8488090422827,-7.73427711942586,-17.2648338413434
1.58373655231101,3.1948399743768,3.28768346340803,-0.325578005932121,44.5837259236963,18.918605737018,840.531559031176,84.7813023250273,6.5523615221531,-28.1078629121777,-133.397409860891,17.1952381592985,-45.5305376636105,-33.7945731691742,-26.0677167598859
-0.62619790190484,4.46901219026531,1.31525447708884,1.64742823633399,6.12963209022457,-13.1895041647483,-769.96621281654,-102.711513968977,19.4606516856453,-43.057929677393,-64.7019803591828,-8.6151005698206,9.61713501241701,-41.1034466586028,-20.8176132018586
-0.568319517272741,-0.912992705757707,-2.16047997521983,1.34492775279101,-37.4560387363886,-70.6246493703577,-1042.86415784524,23.4505907075697,257.800173243686,43.2120423461337,-96.2525412229864,7.77950169244217,20.7183217827031,-5.97580082040218,9.57585687320673
4.15854492147336,-1.82953222979228,2.18056182147446,6.19464402618083,-31.1421534217192,74.0978708614894,-1465.99975795268,129.585255392775,-1.38927687241516,94.2104879164872,108.446152558528,44.2709609882399,-81.8316775387007,50.3005685758835,25.4819492115132
5.35680427458356,-9.22186267419659,-2.32882886024949,-2.59284525659108,-15.7570537520229,53.6135991932175,1533.96485892558,-204.839183400333,188.003732902063,62.5933811372632,54.9014517218902,-216.057261215734,-67.9931664443204,-5.43359693850283,17.4304061511923
3.24955070425659,-1.14756588631784,-1.20588650646482,3.95207419947512,-37.5019192758748,6.75264245554048,1201.73289761827,53.0406436196322,176.618640088856,8.02034809537109,106.769476140334,376.666855222058,-25.9105165943099,63.9873999823582,-24.6762209761376
2.31345685779304,7.75430693371655,2.30264656597546,9.92985227780338,-50.1332752023864,94.9762586189543,-2558.66690215393,-86.3651372451197,-8.4596630338522,-119.14713581228,10.3280675821826,480.460801949596,-30.6737136475743,32.4730333442405,23.108943035619
2.79788772340641,-9.55545435465209,-3.18022844517603,-4.36396777711388,49.0569468513419,-23.2829535639546,18.5603780079794,13.7483239613172,-174.113078997799,108.036111003356,29.4119033915114,489.88038043804,24.6238091473962,24.8700840144532,2.93924530004306
2.68714125917243,1.98276006820454,2.57364510094576,10.6467077277462,55.0859050780712,37.596484307449,-53.8335906522327,5.71125772573705,107.687736756585,-176.829850238653,45.3097155781412,277.613149520081,-42.0821255490349,-62.4764358012276,-16.6140480253691
3.41454440763415,-3.29779504799948,-5.33987330359791,3.26180913550055,-66.8086460117813,-53.8135116474124,29.4703991506752,145.941527664285,162.936665266632,-50.0942947045861,1.64219383198458,242.157231928648,-19.41022668462,-26.0952778125246,0.423471309009383
-0.9261312194436,-5.55689626392031,3.66143075494523,-16.9561963860592,5.94640661235906,-55.4618061158778,100.796011176119,2.00568372362271,76.6549006854492,139.712541476487,48.0300382952934,72.3215414494831,-6.41975937389867,-45.2475715071016,-7.4479697969354
-4.24843672464841,4.15828503395447,-10.0896935684369,0.408255426927851,49.0502977013991,32.6370908291272,-39.1638296752131,-31.6137736902436,36.1688479461997,-248.955046536969,-18.9781809269922,-278.693493048573,-50.9557640159033,14.6824175690445,26.9025746343827
2.27981091885168,6.08717114733337,-6.43421019540649,3.1058850584227,-20.9335159596268,111.481402807271,-28.6622169695581,-236.581143253313,4.16699970560197,127.990613851568,24.7876026078139,271.459118760434,139.72537744769,-47.8908952189475,-10.492471433343
2.10944856045488,-7.32155818232454,-7.81293662755382,3.78995453314466,-35.1231224167906,-50.5102841806102,-213.685353826934,-96.9613681327776,150.275682611016,110.446262172787,10.8536635643499,-613.681234181418,-94.9241006980162,-31.1908108504421,25.8886829792338
-6.71112785911184,2.30541460979345,-0.652513730060053,-1.35662425666669,14.1418784293715,63.5028608574512,138.824051041895,107.764851292325,111.397341282548,-38.4772877189568,-10.9293982616373,-130.251774172664,-13.4340959043222,44.4970347513103,39.9023246716802
-1.41704581303283,-4.12675516795849,2.64858219725947,-4.10595952263854,2.11886607104709,-34.5530332303114,-71.7092835521621,-26.4017764250842,78.0891804057718,-54.8854439244488,-169.460195554975,469.736076124674,98.8580790338116,68.3184418514495,-29.40152436386
0.0198540412667635,1.79566626136733,-6.64977387172382,0.187800193249608,61.8862078269429,31.7456871561715,155.373485244039,136.114141020598,142.0013469935,-41.1981134350487,54.9753659020234,-27.6476370703902,-28.721675466184,-23.904177806733,-84.2356537587464
5.71291684692503,-2.60355419621979,8.43010757900145,-2.51453335232422,-29.4255303523263,37.4688950474047,-64.0338414433316,186.494392533197,-126.87847787458,-249.445098929914,30.4149730959868,-32.2554504140224,-70.7412124743504,-39.9564867318342,-21.4786315634466
7.27056563449621,3.44131766535579,0.740987096422602,-2.06014874643925,-76.8313582550678,88.4563900631698,186.865015786516,79.4365476272147,9.07115584722715,7.730246684772,2.71273940498358,-4.63191418497861,0.668329351826023,-99.9083959802335,25.8624095193285
6.271584373305,3.52623525220242,-2.5464298687521,-1.95646841784145,-44.468488928949,92.89657608207,-194.737160809983,126.245498184764,7.62764552030067,180.304638930136,108.777872583545,0.135554431483231,-116.219172300223,-42.1886425728344,-60.4224796417498
6.84939812840712,-1.41409486155557,2.37379142021572,-0.931949637064009,40.7899771903125,106.76356754182,116.811564912643,-105.183491259649,33.2489859112025,253.633487960052,22.2702612787854,11.2024760498767,1.07472972402589,93.407903739286,1.33728394334777
-0.0117334409976306,0.321706412546254,10.2182093118821,6.75473110583028,-5.71001443296111,-42.5240601956412,-56.3242926480539,-175.666681153717,-246.485639461378,-145.495339306069,49.5099130681381,-4.42466785573227,-40.378431320415,-1.86635205186792,-41.9698158512213
-2.79153511871832,-3.50617945485602,3.80931120421129,-2.02767006960904,-73.5598969734507,37.3725164794232,211.463519233581,-156.672960287688,1339.97264879075,78.5355818504263,76.8072387146111,24.0321145936113,-12.6078949601728,68.8636335342701,-53.1819566849662
0.622628826735317,10.2544276771552,-4.57668003310674,3.24418622076517,-10.6862179669212,97.3958439878206,84.0367525235115,226.232723687779,868.039410561228,-38.4662907019969,26.6732320506136,29.0666423352768,90.4953871379588,-75.6300375468236,-70.0999627663753
-2.65784699549511,6.90600382401379,0.347431807348776,1.97608069080538,81.892794298747,119.000047626912,123.706784524645,2.00037159187453,-1764.44725460805,-177.231360519414,78.2819144447586,-3.09242121541987,-32.4989504345719,-54.6482905378985,30.4515813822098
7.38971017604722,0.628825351883439,2.04854954031127,-1.47703542538875,-61.346083629198,-33.7786255626126,-93.6418454479642,10.8216168043416,-2209.97670904091,252.731444769995,12.6293883627087,37.6674448530934,4.71892649148478,-9.01777189065731,-83.9570188508035
1.29855402640942,6.10201912170005,5.15472484202474,-3.86767812154328,-26.4649214625221,-138.627206029022,128.914575978094,5.5718400236727,789.426195878473,-7.01236292960529,18.1657066745441,-34.9869035976078,-30.9268826944698,87.6301096491362,-54.334274502174
-1.50323398864466,-9.15115022500677,1.41969242250503,2.2260248669174,-49.0374709466606,15.6415723004731,124.005567093083,67.7546998364004,1236.76644680007,54.9955063496813,116.315692379606,36.7368419149221,-53.162952739019,69.2341951579997,51.441112521122
3.185742119004,-2.86731936767828,3.74518516097166,0.107168090879754,-36.8694525391081,87.0521373353422,2.87269176875915,-119.851874131136,-988.506595565498,-6.03668481522292,139.423761482416,-0.920570254576173,-69.1495910200166,-8.01510545837291,-8.77497287001849
3.28929290586793,-5.85320632585156,-7.21767970342844,-0.349608137359406,-30.8931605180755,-39.8982518367604,-127.868616231329,203.14113257848,1099.25311458549,-64.0962379127639,-110.881603886208,13.9903059501582,45.88990723364,31.2932271533224,-5.32627700845177
3.81617398713252,-9.63975484790938,-4.09215365881714,1.25000993659152,69.9709903899926,114.370960546381,49.3029587217989,243.555075075979,-1279.03440277853,-85.183249485444,31.9259040013996,39.5202656162172,56.8141756839219,37.5856903721808,-23.9839277334993
-1.76337276278309,1.92169605943089,-6.38910421942127,-1.9253693069184,33.2520542259594,-35.4055897953193,8.17427758926579,-97.5626444057243,-1661.67785632274,-89.6268814739332,-47.0813419996281,6.73702305807714,-17.8630765980983,-33.7162345871909,49.0151261680726
1.61638913955947,3.73726869985935,-5.21398420338077,-1.43317920895482,104.538706603221,-45.0530620295725,193.106010859166,33.203302877155,-818.250331339553,-25.4151761345409,88.6696961017827,-30.6613195434155,36.7660227256596,-1.75849042598513,101.733317591994
7.90425483612874,5.57661999058064,-1.1487651861879,-5.23776994638696,-24.432429353048,-27.1556571191945,18.3696526173238,-24.835038637915,863.740334634796,-13.5194416667949,68.8218817536179,-2.018035273261,-41.5716966404445,-40.5914548208775,-6.08937659286515
5.84200634005843,3.77095635554785,-7.91529601205032,2.60447054824373,35.4709271238641,-15.1110061867174,197.0907833526,90.3580174329427,1645.62214720138,-31.4725222106558,-1.70427543506391,-47.2914076495405,3.31544908176062,12.1815472826564,-79.1264445242534
1.10283589548699,0.415093047709413,-3.0951811283532,-5.39711792114067,32.6420245931339,-42.4514118352511,-59.4385604650385,4.31991179656947,96.4648322665359,107.249192736815,104.856633000897,10.9397952536172,37.4495049021616,29.6432419655747,-24.7637956519376
3.1242197084191,-1.31480292750452,6.53023232595715,-7.79791604867828,29.308862253136,73.3157693678536,-17.1668236852522,-85.0934548063406,-57.5472368965034,81.6712371318966,-73.5582318501559,-0.179613089014475,-9.01898179832147,-10.94094719022,-1.39650412381943
-2.9241131925355,5.50773301652517,4.32319380350492,2.43897169905167,-16.8869598570552,12.8324233724301,-192.492301608857,-153.35326790213,141.694928767261,182.026604725891,-45.1407036807165,-21.5588586938628,47.6872419011903,-109.749920399635,-29.7106961194064
-1.84824046877199,6.55990243122808,-3.77381979390618,-2.60960203770367,-23.389081751883,-17.4951259147544,-80.645986523421,51.2928534498728,-37.205585988085,31.6438620304355,-44.8151620977926,-5.03854844114169,21.8063277728962,31.617578125332,35.1655806932175
3.07461056951164,8.44621848553272,2.09824978182571,2.88982135707727,76.0893378239869,13.5666467059675,54.6850765255433,-212.868166586427,-101.993980967334,-43.6019270163985,150.019047501159,-47.7846850464779,55.7051884500857,-21.0357997138128,-10.9214088199564
0.691401134986816,-12.4217125154562,-3.62448610026161,-2.66837372564534,40.1117961910719,66.7411223983237,27.4690317403893,142.938555866378,-92.9009017482694,107.713492448838,111.511683650927,-9.33478065905321,46.7388601608027,17.6247586777035,-88.9459255083557
1.97600556779102,11.3645028033023,-2.4727225678282,-10.144862825851,9.77432477875806,114.966945910178,-78.6371216218162,-119.834128194664,82.0095816837333,152.726332721243,-71.9723002064204,6.2371810273976,-104.303970781818,-34.0074365289979,82.7648143271772
1.28579075971596,-3.99491149797961,-5.33567509039069,8.31208875309687,-59.1355489142394,-84.4186766009889,216.745976081356,156.397517990611,-54.294011330672,-66.1017394313141,25.9681596658566,26.4379222891797,-115.964698450027,-44.5617467104559,-16.974780338551
-0.775619886505005,-4.22889546917834,3.86179804151666,1.56005521692467,-33.4747686702401,30.7681501663141,97.6792743924435,-235.368011934008,-75.3765235580372,-110.401838352055,91.1546243377195,-7.41887655425045,28.0353420515722,-18.7659347182438,16.1580616208567
-0.568480290340524,-3.84082839553328,-0.744494658379769,12.8552491862676,18.68843590719,52.9434263740764,24.6517753336564,30.9717005013315,5.73833505492034,19.944484364152,31.9628044596863,46.410115664804,-50.3433099404605,31.2174841043821,-18.6577020149797
-0.919806099900211,-1.55630325543632,-0.565836633861777,4.72825598582624,12.5856069406082,128.400854074399,-118.771431532286,89.8523069942711,-71.6915228088679,86.7292903547201,90.8297013238429,-0.0244691496677839,79.0039463073994,146.060245251473,52.4060052332627
7.2737568087327,4.61551690871096,1.12439947839135,-2.95542824431966,24.6673399607012,-57.1852808915077,87.7564746898991,-117.799471852928,3.20123491028051,-110.093240595215,8.5403993790039,-20.7676618932678,-100.752528594723,29.1753733082661,-24.2136896143753
-3.37169044483423,2.46881515135314,0.158594465294014,-7.33904063862946,-82.7232842937004,90.1791160270579,-58.1403620771692,232.819440231984,26.7033541263373,33.2305186746448,43.7175130814584,-1.97941711404111,-59.8256267577164,-20.5301808236583,-3.00605381555109
1.59991696053029,-0.0317124329425541,-5.8654915110278,-3.0688484564308,-12.0106318026577,11.0215622370127,-20.9157532738655,-23.5303072588218,-128.103112857508,-67.7675543155619,-112.667553097288,22.1019902111033,-54.0778607960124,-21.9138100654992,454.183724760606
-3.52204087099274,-6.23257029993439,-6.91616472003717,2.31322758011475,44.1142823651177,100.495119752212,-16.2604760596458,-71.1872375802585,-116.023472959438,179.048635254342,46.8614510243952,-20.7996529541786,-18.1438465651395,11.7311347118933,-365.67616188328
1.07331849852108,-8.24365284267549,9.98106720137266,-1.08335993877811,104.140506952962,29.0243167242091,-25.3197024855943,20.3215418384872,-23.9171840598278,101.685126753511,-78.5533022196073,12.4125441879513,-58.9101729559176,-57.540075220395,-605.903327962565
-0.999670873650309,-6.29672639408262,4.34663131252636,-1.20686808544082,85.9801449365399,29.3859893083961,-43.9814057299072,62.579512437085,206.878514526998,15.044467323923,83.7752591695394,-33.3524070286707,12.5644042885553,-111.623731767877,743.514020965455
2.73125005905364,7.66510295895502,-5.71266243703542,-2.86923296861801,-32.0620530050409,-180.476676524489,-39.7952383799937,108.060524765867,224.574896481388,53.8271340072086,-178.450219634844,-8.5317793946907,-12.3072786167318,-30.347129498965,540.477682142327
0.0764047088609367,1.13459781012052,0.230978955559481,-2.25383662850079,-26.2465336973498,-72.6531471520339,61.4220079709106,-176.020952879762,182.799998833637,189.067891169007,40.2858317171818,-17.987041209704,-56.3086780597397,-13.7682288505605,3.00697885696157
8.67344029369969,-6.07067018797805,7.00905444609566,-9.48061182496355,-7.2944012723513,40.3109632375286,26.3475754974568,-116.565917336758,74.8036565593844,-25.8119054985458,-67.6055498661268,-19.5040361627312,28.3772827587498,-3.54895684325314,76.680172273798
5.28310688295706,2.18065930060791,-4.19145204274237,-1.09572335450262,-30.4292931567918,34.6516845233983,-143.170067226722,-18.8936064260523,-59.3778488873779,74.3652204667158,57.8800509942724,-7.57843616807921,-87.2050409227792,-45.2614292938633,59.6718555588285
-2.12520514332391,1.085206137663,-1.25511848197899,-1.25260273316365,-108.577548422749,-43.0969607335248,218.718198710696,12.7670748414769,-159.892183036324,33.590519683745,208.300822892137,-33.8421368705913,-13.8469712355531,48.8349018374416,6.78719344462632
-3.84863773691272,5.17040580915038,1.63115212731595,0.319167997532388,-57.0458811178186,11.3641452435729,-38.0906119940303,-64.8715059153169,44.3214487103335,174.068194764006,5.47279030962309,-5.5217460765009,54.359545677096,9.26501526618582,23.2514621120408
3.96226124500698,3.81843585240551,5.68128402159743,-0.519601456122217,-2.25474296944902,20.6373070622022,-6.71240578117429,34.4997967036806,9.38077911003941,-75.0753668879782,-108.390713676034,-5.58570067805619,121.399041992882,-92.6588326527004,-82.3565308758328
0.812363050082004,3.0220917552373,-0.405352515610041,8.07008220979162,48.2991629904796,-15.2069951068682,117.665583549447,185.194370682086,14.3046923880459,41.5096484529498,-87.1047427177956,29.1061585765163,-51.7272845913793,-43.5099130269064,73.7798849408917
1.41693894830829,-1.93663350345741,-6.47430893648682,6.97588723739377,-33.0804498619474,32.3829761168668,181.303913326058,0.0798465772767812,-17.7126434377204,-47.0244484937841,-94.5142680635855,17.2735737912664,30.5354410036565,-69.0091579148857,20.0920478339195
-3.93781526016806,-3.56804596938485,-1.12036728334169,6.85164590413946,29.9417385258569,46.4623000626806,96.7921626227877,27.8931425828324,84.1881032037606,26.0855641292478,25.7316208023194,-25.4216883609553,66.1848706081509,-12.2361356766059,5.29565073508006
8.05822308909568,5.73275685670744,0.403598304444676,-14.2549911450979,-8.61183484219687,-63.7042572598501,-7.79270882453283,86.615968153175,120.354032802424,-94.1480256132221,42.4481037159752,22.5641153177376,-6.3563494231489,2.76724954028308,-23.2254671627804
5.84779794557264,-1.51484508370409,-8.09122045801093,5.16197863772469,-12.5751664392463,-9.28383077245132,-96.7823599866352,-54.4802949441498,191.327335265339,-11.4411996893056,-27.1777085010199,-32.6457169522163,-0.384528090626804,40.4418311302349,2.50367948061817
-0.358711753806424,5.06587764772871,-10.1160335533666,2.01362556649046,-46.0159110963708,117.361230565508,-148.163821491836,-26.5137460258937,-78.796047702874,-69.7779843695193,38.7048760582289,-5.7112253508273,-75.9901851625835,-36.6843772791698,89.5110453810694
-5.59536881415985,-3.64157830409977,-0.347018332894677,0.596328309448008,113.185012280147,-44.1513287468075,-88.4107739359394,200.812410306756,169.905618976606,77.9391009038642,91.2955960648815,-7.44830336526259,-16.7708491035243,99.6489139810554,58.0472604295745
-0.246465486525295,2.9661446600656,-10.8345457779731,-6.38572469970826,75.4954510148615,13.5546118509191,-178.904814830025,-127.357370105868,37.9383817767797,84.4632926379993,154.684146973961,20.9925196432488,-34.4304127653248,-19.574270445794,14.1431296530991
4.83893747243142,3.36853958495494,2.50736365654894,-7.23646003414593,-37.587956665196,67.7203194681794,13.633144001165,-28.8411506088637,96.2987368732887,194.869653173068,23.6704062317891,18.2459491374572,-77.00269010314,94.8483131393402,-47.3402300223237
0.151902196058563,1.85202081560499,-1.2314810831452,7.48055136832379,12.7994380709233,13.126042698477,-24.1529795731803,45.2083297005591,22.8802182491614,69.0958544325166,-3.98004300148494,-8.05129910649151,17.5943098469281,89.6910027246531,23.7844954006984
-3.29602483389335,-9.35052534493652,-5.52188209874581,3.01000692537327,23.4733208912024,-0.356202748988695,153.978460912189,35.9450983019938,178.382009766337,72.3869674218026,-99.2741844262325,-21.2029066274245,-16.1613694997156,-57.0065835147689,11.8332150467306
-10.0595303160429,-2.94036000188347,2.49383363948101,5.86667905628348,11.1425457660575,-28.5675865599188,-83.4751117122331,-124.074034375211,118.677336964962,-35.1360301542164,-133.002427068607,-10.0849027582848,26.6336006093675,41.7845675408521,43.0243423649144
6.90468610485769,-0.243939071447741,-3.6318420159763,0.216775656679739,49.9390936282854,-62.2588827895129,-36.0743960664067,47.7921116382164,-132.194056166695,-25.7880550031043,151.93730517933,15.5050559487016,19.0547288024078,-70.965350017907,-6.34505607847573
-1.83850870045197,4.17074314125515,-7.59003843789503,-4.84085445331024,83.3756380860218,-95.5081858142743,88.954185853439,84.7992606089413,-29.6444471505362,-78.637692096834,55.3487054571216,-23.1761191198837,-118.655290221019,13.6339619785505,-12.1147406922791
-4.20796238407816,-4.30309150412837,-6.1333749565037,-8.7266627250467,-76.5631761492361,-61.8807431594915,16.1945654200139,71.3667900363554,14.4190988229444,127.195740910131,6.12050551044806,-17.635110522922,-40.2559885034781,-16.1590524096707,14.2124807644297
0.980811045691221,-6.88140377325304,-3.34444570174864,-0.212764800497586,-59.1052592266355,-9.44671240261152,34.4169598928693,110.632316849859,-132.076572977538,-27.500719919536,-92.4100673505341,45.6844674444343,36.4185184097225,36.390565188799,-44.5768265680136
3.9855595572335,-10.7759039655272,-1.11371174147047,1.22784291725582,-24.9623842531405,73.9768271306116,-74.0201730943273,78.389849432406,22.1082538994485,-29.4642851269556,10.8099509524318,-23.7849669502638,0.241042272237668,-1.13479709346789,45.5902440952595
2.0848640205055,-2.44639513986124,-3.21103223875591,1.10237020899898,-17.0046823213396,159.569825125996,-80.3166819142956,-156.321508236656,15.4120719633527,32.6986433656658,65.2624273996384,19.0857739192531,-1.30785991130837,-47.1603978217615,73.0314583495301
1.00022317352357,7.60207419163036,13.0297580722049,2.49106474231263,18.4161489174203,14.9992481558196,-9.82786650044345,71.7831385661702,259.145097027487,-384.998469957944,-89.0112349584979,-26.0485696653817,-131.657787504669,-53.4884610980794,0.77803520447984
2.4642352488474,0.410700067717593,2.56094970751548,-10.5818191630698,27.1459485400305,-46.6868986104355,-225.271346462009,-63.6488418216848,56.3517437994569,-761.979772218067,-76.8016149948201,16.6152124466752,24.4819117196992,42.8469657894032,27.9641751159182
-0.719966756808033,-0.794316162717212,-5.95947705083617,-0.0243124602351151,-35.399330076194,8.02531351846133,31.5851463258102,25.4483044527353,108.43876528488,-1648.9628212249,27.1316818016772,1.06840996581797,-76.744431123557,-21.1043837958585,104.468630388492
-4.08882884061912,9.89019401489989,2.73684172835551,-0.44620004379887,-43.0476610211449,-31.7383550989992,-45.1982382194315,140.877362638456,145.844876151331,-2309.10442121566,39.8117486927669,-60.6211265111537,57.2372352814037,-77.5004942443351,-80.5965443547848
-11.3048911472344,-7.83555238996427,-1.00919796361518,3.73171317635424,30.1652619723848,36.8162776037073,-147.625212867078,-16.4190584738171,-98.4426718586192,-1675.28006316514,31.863267481628,-4.27503348410515,67.4334991740972,-96.4922954048272,-43.093034267969
-4.69219483144632,-5.23021684457654,-3.44121081269065,-3.39487002659647,73.2974543248365,6.75383451240241,-11.6433746362607,18.6434243882442,-165.517878924342,-510.782593520967,5.51679542537503,-18.3992504137941,-77.9437223953318,-32.9366298141116,-33.1518166956116
0.197593156733117,0.581644122214912,-0.213110200640091,-1.40309966432166,63.1290408172112,-78.1643912969839,22.8269822067997,-237.359271990508,186.795549399266,-1490.53118437641,-142.108144377253,37.29838447013,-31.2062003264601,22.1281843824602,27.1368553735173
-0.791279356048065,12.6325040629899,-0.771569918543141,7.44232271208504,-37.4715076847525,22.6252424065871,10.5845150040441,43.9613067104892,80.7654978081052,1410.74577074266,35.5943564653095,-23.4733147614156,41.311415565879,52.4029016414645,51.7268713600013
-13.3898621927281,-1.78228691807983,0.0839353442105251,2.66604296678523,1.0309323226978,98.8481311994405,-54.7562361437308,-88.8942165090808,154.630067724243,-1289.29317375133,-19.7169395275539,30.4299986306703,-65.9156930662015,119.736293051442,89.8077188254476
-14.4995234197744,-5.86130746619729,3.84505890680493,-2.77424047002057,-55.079530290287,43.6156204921373,125.606332889547,-134.281033755737,79.5673347456558,2038.68878141589,53.8125555585818,-2.58901287146468,-128.428355924222,-74.042227282935,-39.1515972066004
-1.5779147957444,-7.72952590131286,0.972423864767793,5.1884457970955,-10.1905110683661,-18.4410501351763,-89.8110020344744,78.7913680913527,158.801802595269,1726.70499416358,-134.553023686438,20.1061399447536,47.7742169008901,15.9083091866366,30.7271104670958
2.04499024392185,1.63311368576712,-3.60516612461006,1.13724816726526,-57.4550022728247,-13.5687967474335,129.177102830153,-5.19614699202149,-16.0446696647589,-132.697260955672,-38.3814715067001,10.3554657098942,-35.4549851164741,30.9761549704515,-29.8905751803635
-3.10837765134013,2.47206568514493,6.62876265833523,-2.92539634414029,-8.05319537470784,53.9837983585044,2.66500518858879,21.753686279327,70.5564344961904,-132.999539276493,-104.268919449382,3.16225018303661,40.4451128978973,51.9644541052854,-0.0157244259509727
-0.209147074665842,-4.28358573836334,2.46193759957391,-8.62699208306589,-51.7347745361712,49.2526584041568,-63.5717532557622,-73.3280407093072,66.7735711137773,-77.6219947043323,12.2713869454811,-7.4297019525743,66.486881220495,-18.0148308041081,-38.8263233320444
-0.17032350118985,2.68548692875062,4.84822909066477,-1.23550007399056,17.8528524128309,79.0237541350803,-140.562529018365,-21.8680557832957,53.8157251835689,116.651183440919,25.8387245709375,13.2249411062389,-52.716695955602,-87.2044787763761,16.7563378689278
-0.381275604616012,-1.16917263783293,3.42702627086774,-0.130206943912404,-36.4920321543919,-46.1421736797275,-150.03524495602,-3.7113607417879,7.13658593918238,-15.9720193428967,49.9410479995281,39.45718421222,-63.4600770211044,-57.9196847032005,64.4174577011171
3.72032642972084,-4.0016148241298,-3.17751337358828,8.03222604814313,-9.81227243950562,53.4637431864101,95.6121953234811,-97.7886357486775,84.583410375252,-71.0143546460911,-74.6564523244049,41.3076565411157,-37.4668977300332,89.8972749542103,9.55364315265481
-0.926409857767051,-3.69254435962932,2.62476839138924,5.44939580703821,-22.8578642845651,49.9119533512689,45.3882603181166,27.7235744750651,-107.110488161695,-94.213486705651,-100.28693938134,-26.0137268344188,30.1255015163747,9.69753641245862,2.77542458141374
6.07405307857953,-0.147416848594735,2.33297894800283,-1.58201107068727,-5.30696608573079,-137.393009877324,201.306958804611,131.30940563638,1.88629010819799,65.2201803363328,-104.941684701895,5.36030734149962,-58.4523218332385,-47.1003708699483,-20.2584121261587
-1.47935221755174,-5.78676380893204,1.18790102271382,1.07738876764697,21.1316250403173,28.9035268158039,164.262676643474,60.3257578068906,-196.467052458408,152.983413952173,77.4886019871337,-10.3572588932874,18.3921214168626,14.1217159331168,-48.3557609248537
-4.87176338424515,7.44085798004318,-7.69611229274226,7.30844886377795,-20.2273309827285,-97.0862281566228,109.659113649645,45.0984543103379,133.476660397549,88.7993480919425,36.0515805647054,-15.131732384306,-161.800317251117,4.38663677843835,-12.2560240453791
-6.38274418415863,-3.48670889076142,6.6222209194368,4.64533762364334,14.0978530473184,128.237761749923,105.989692846362,141.379484157386,-106.522390926623,-42.1493525748084,-182.763765982447,18.5812635867364,66.3237875819228,-72.4869492285905,-91.7629552672775
0.73310702378056,1.18431398306498,-1.25886267668113,-4.69263354332155,28.9603887173166,-44.3716316776283,-99.1105224777362,-3.13437416788544,164.700975828139,9.26930568076661,-18.6886403408591,-56.6960221804622,37.4393719406263,16.240649062291,-41.2368195130489
2.19796468830995,-3.06889573804188,4.22945777796774,4.53836821621997,29.7605487401877,-88.0187047473311,71.4645670054748,-50.9687898027149,-111.323107929995,104.787174964413,-5.86097726426445,-26.5745375201962,40.1695940968517,6.16869592722447,-14.9901290460392
1.90467577697971,-0.726434521956045,-3.08144758250909,-6.02580848937199,90.5281960924055,82.8615764283575,-64.6686978190632,-56.848172841659,-66.5363335950939,69.6156266860475,-118.432350451401,-36.5038357584547,-58.3888790627245,-6.44495256765954,28.0815398554865
-3.10267362168836,-6.54103609069105,-2.31687402551965,2.66095030598091,63.0618844681302,-28.9475132755199,-168.815307112435,-621.148025985933,-173.45936087911,151.412391761644,26.6243454904825,55.4910129991986,-46.519766453709,-20.0143748119347,-2.80044226572504
7.14962813462162,-0.119702276437824,3.87182247820284,-0.0345424496082726,29.5623221003865,15.3907641925413,129.691330151909,-1518.32243145715,-55.6062429080438,17.2068670165966,-148.488975748869,-29.4777202937523,22.4782043516103,22.8070591863959,18.0975025119324
-5.27275109826957,-7.63002820307574,-0.581931206381715,6.42544954205198,1.3287365520767,48.5523248308675,-152.673610862781,1487.84584264333,248.809621902131,9.97066935933168,-100.170598478078,-27.3521816626031,-5.21210156088623,-94.7811243422407,-26.2352088898623
-1.3059893668764,-4.54345615863559,-4.45167930871062,-7.86093540747229,-51.2000171222188,-165.746862119209,53.9614598957713,207.34317343361,108.846607939347,-14.2936327033393,-126.305796011897,7.85328908102663,-157.149854342554,-67.8907457959179,60.3412888520516
2.74209737891042,-8.04663768202692,-2.76381019747912,2.08957026900186,3.53100896898283,-82.1639625074243,-81.2936293090373,-2046.45607053162,-1.49350600487308,101.946422994077,-82.2713719546153,-27.6496868498263,37.1033067006393,-48.6741866996164,-83.1159500886734
2.7599278416987,-9.87790581864552,-9.56974560349477,-1.15595066817852,54.0123997968062,32.2452903774969,37.1050661950012,-767.846016872568,215.191236517648,-14.8557191669982,-33.2075756580557,-25.1628115560342,-62.1355440947155,18.6366772732906,-18.2467443107054
1.2569844011511,6.88912821610915,7.99558835338603,-1.61420736056021,37.231324677432,194.531589615738,109.549452812196,-1068.16935127627,-101.185775385306,-11.7901537617238,127.001489190388,-4.35409326014766,68.4336507557481,-46.5655172191118,82.3362040374393
7.63487403758421,-4.48723499975887,3.20221560547971,7.7600537891489,25.7819055273522,25.7322972737072,97.6258065672492,54.4254364853534,-99.5719733421129,-112.26509182489,88.9068277145254,-14.914694638274,64.7673734950039,-88.6512524691348,-20.7079844795086
8.75532386048598,4.67401341022217,-2.68112720043783,7.31371079856651,-22.3329515228135,-90.3529658941164,111.482244426437,578.101739187757,-97.4931241925242,188.020901499541,-22.5433354900523,14.3775238424411,81.3652162125792,-38.4874860634327,-16.6633303227985
-0.131360163606327,-6.06267357852307,0.442815599252658,-3.94203384726522,22.8815738525256,-40.4504290350013,-218.539070434527,-110.922917945227,-3.5102143565867,72.8959677432633,17.5293604769214,20.836060305793,44.320968209767,-58.5322855492802,25.0994663661455
4.74198032383384,-7.83359120818838,4.37370588999545,-12.4901616583288,36.8173440048399,-13.2512336615755,53.706874062989,1437.93854396102,-16.0768639511152,77.0460722014358,-62.4773146740963,-12.7246695168751,29.9203001667042,21.2840522138154,68.6705441882192
0.491823205897436,0.255330353140728,-3.29221019096924,-3.25848843295456,1.36903942988711,35.0452402027262,6.70400076081838,1029.96729069563,-54.8133757633897,66.9181389306009,41.8364980024415,33.0018945185331,100.505363485481,68.3113122170987,-69.3666723577519
-3.15952287710034,-2.81529283367446,1.1871152484246,-1.14872888159722,-2.74378808627341,160.364397589577,-52.7711345547988,1126.27856681452,-59.057091444662,156.798165492649,-39.4904823346942,-19.0574277596591,-95.6498839477215,-0.111387303372758,48.8520337793224
-2.4303348539624,-1.56811807172316,-3.45237876153324,3.84694443870878,-89.8361654695356,43.4364287916958,-20.1436424332066,430.953513517534,140.650998858414,140.947574601841,29.8697499291818,19.6016455501041,-1.55729216972519,29.1593721389931,28.484190918378
6.3410860753576,0.51876360022553,2.21261586481365,0.0637616493449825,13.9716173104842,55.27108629144,-165.784752358965,-1656.41778545736,-61.6409229217367,-6.99744881602087,-96.2461654042391,20.1275227809168,47.2660948726519,-36.9176698584921,-16.3110624246974
5.82954578835963,-1.90692625130693,3.74719882704554,-0.395012072149714,35.3818524579293,66.8913579310063,-126.325871868332,1534.71666258682,-125.855798171558,0.444867570560296,-135.426916943969,33.4094131030396,25.0004551152,27.3006270942915,0.243567046533702
1.96818700479206,-7.19789367005708,3.07884341629891,-0.645089867180516,19.3575035269742,31.6144646522211,-160.785407523884,-2089.24549055013,42.5888871685489,-34.5294859194788,-76.3856835087551,52.381805611432,60.7142901757378,-22.6781071531371,-12.1023340029378
-3.54912222441776,6.41838350343302,-2.98473721730493,-1.86130194076499,-55.869057634369,-54.9383462941096,156.731467233195,942.766486256252,-85.8119250375288,-11.24873751286,-137.704943781253,13.740122941281,53.3137937777258,4.01498058079286,-44.8400938340301
1.12507057325981,2.06343547606336,7.90397635807313,3.8265056992541,31.9286360546102,44.0358058317112,69.1417383743348,-1290.23091144847,37.4408531900744,-69.0028434194781,-85.8284126353178,-16.3169591087237,45.9031213889662,-65.6676028294029,-4.12583462960292
-10.7932346513914,3.53768912656897,-10.2101440237903,-1.22031207668794,31.3532144742343,-43.906488511624,-109.468042759954,-141.529266906354,62.1266226052308,130.996533464315,-2.7634676284934,62.6737259130133,68.8920022394821,-22.7384197502964,26.9778096842936
0.00351358370795935,-1.028384876525,13.7226417958002,7.2014147560084,-60.4423056731949,51.8146322680155,-15.7610288429835,233.903263332245,165.868332705722,-97.5308173364411,28.2181485654585,17.254208220784,-23.2312791764807,9.51969133239357,23.2986750286931
6.71969518693829,1.36106624645194,-9.58397655661394,-2.39479286925709,-45.4669537131192,56.6763580884398,-89.3176122899391,117.530990980877,-266.921156318811,-187.497125904194,-109.001683879634,-12.0828709155578,33.5529931274395,30.624184092137,-37.3810758120696
5.17112703987901,3.83958585879728,-0.33523430562241,0.370692662448609,6.19239893369652,-19.003937187806,-4.25019275404559,169.526752961729,-122.784446107398,-89.8737164669361,-18.6050324650164,-1.65327603251527,54.1411404442029,31.5393833385854,16.2839178325302
3.60013227294623,2.18030885321081,-2.82873400416459,-3.29701581088172,42.0359030404286,73.0508206528739,99.112740065086,78.9187357425936,22.4944337031895,-226.6574931813,-5.73472644450603,14.8883874023323,-80.6180972232861,-56.0994070489429,27.539373877253
-6.25531697194282,14.0135353143967,7.50412461452849,-7.67832668539797,-24.1448668831693,83.5477413521348,46.5890589776184,-211.681919120693,76.9698309295141,35.9436235892251,-81.4260575172962,36.3874718791965,-4.795931959127,2.6089492572313,-121.80646605213
-4.52125302955295,0.366666347199296,13.2849495130785,-7.07366091714184,-18.4591744029373,76.8995007479821,-13.8278386412236,231.089895632274,48.38265716661,-73.8954745429335,24.2327279350245,42.5948312298379,42.3770548295626,-28.4955293852386,74.7093399238003
5.82766525088354,3.12961786387886,2.07650497943804,-6.73841689567164,-34.3988707806561,-71.833254239185,-38.4247566900235,-67.8611005466631,166.36877518097,-7.69471373862371,-16.4100679649085,-17.5419315908119,20.2984536470116,43.6094496322391,29.537060150459
10.6484836349851,-6.23475345021496,-0.914501047135477,2.16052742553705,-14.6849558554516,132.107699884221,-142.061740135937,-92.2058244358142,-247.072430042449,24.4600701888214,-111.584166063514,-17.8647609743803,-52.2093421119302,21.3223675725615,1.91391986672037
-4.75506990663907,3.67748098485505,-6.65401628322233,-6.91288935581148,-128.472262373029,-37.3920553613185,-118.773173575229,87.1862432740943,-78.5450274625295,-84.1143365804923,10.6212693772934,-33.6998449899887,99.1229188829401,31.7672993219008,8.95588578641104
-3.5759188129117,8.65484736676952,-4.28526058536198,7.92871513945979,3.30182894128781,68.5826809631121,-20.3578034764696,97.5395532815042,-64.1287305643482,49.544111772948,-135.917190778017,-7.76176288633901,58.0647938204571,1.59988414457627,-31.3026273300456
0.255640539182798,1.21292462991126,-3.01286460463814,-4.30398347331273,-27.8736817937102,10.9849531822439,56.7971447706367,81.3457458187068,152.340062387964,-103.67374466076,12.5917271643389,44.6699888033955,18.219313866946,-26.0272769848701,12.1122398218826
2.22353632596722,4.25933253125881,-3.93308803387905,-0.721593126658231,2.8760846622159,-76.977848490066,54.2928922440161,-148.36334936099,-141.8109283301,155.09273712086,-35.7137608618544,25.4771471885909,-76.5433546647779,29.5001285943153,1.08264018102168
9.52260018580458,-2.01014636354855,3.77834859840626,-3.75316301503958,29.3981092235304,107.974282585017,253.603978689866,10.3615780719444,4.33887534306703,-8.99418049159346,40.2587145114574,6.80284699757394,38.558724399595,79.8336348979744,-10.0174563991643
1.91568058637846,-0.595751510748921,-7.98264248769927,2.62099607968943,16.565031416341,38.7269701369304,-79.364870793279,-10.3283264172191,141.159436456401,-203.996981436426,-146.16511215424,-14.7708516194002,-40.9090583794836,-18.7990986553323,-21.071706401072
-1.81382517258612,-5.1417912065877,0.108537893658639,-5.56163740718186,-44.5636030307544,47.4181234508636,110.071471966907,62.128025379747,-113.640336667926,-249.904697792399,88.2217464975759,-1.75249158597189,-122.314869686161,10.9951715425955,47.7972991417215
-1.28358173001092,-1.54951986114784,2.85911880555352,-5.60608413969605,-27.2622690616304,64.1479341327217,-12.4798834037251,53.9299513774,-355.843879385793,-242.19965343351,14.5429343024329,28.4932810523965,31.7067741175257,16.7829445977458,-120.008954735849
