 1.13631
0.986289
  1.3798
 1.06572
 1.10919
 1.21323
 1.04793
  1.0862
 1.07769
 1.02103
 1.24227
 1.25768
 1.24998
 1.07202
  1.1778
 1.16386
 1.18682
0.963675
 1.78741
 1.77589
 3.91087
  2.2636
 1.46135
 2.50604
 2.11275
  4.0857
 2.34441
 3.70625
 1.74585
0.934961
0.923961
  1.0634
 1.13495
 1.22663
 1.28839
 1.09203
 1.07019
 1.20966
 1.28134
 1.32821
 1.22597
 0.99193
 1.49634
 1.05533
 1.61882
 1.18436
 1.22879
0.866625
 1.26524
 1.15804
 1.88343
 1.09834
 1.39669
 1.63759
 1.84391
 1.52077
 1.24024
 1.47393
 1.11645
 1.34904
 1.03422
 1.37494
 1.40923
 1.67205
 1.52494
 1.66299
 1.47842
 1.37178
 1.49177
 1.29605
 1.30768
 1.21791
 1.18766
 1.72904
  1.3846
 1.21878
  1.3513
 1.18015
 1.21714
  1.1796
 1.19035
 1.25079
 1.13435
 1.06332
  1.0356
 1.12899
 1.10334
 1.13023
 1.16256
  1.2295
 1.19369
 1.09351
 1.10977
 1.24793
 1.13819
 1.16984
 1.17008
 1.14145
  1.1432
 1.14211
   1.226
 1.12411
 1.01035
 1.20735
 1.02603
 1.00772
 1.05295
 1.16029
 1.22339
0.949069
  1.0676
  1.2446
 1.31934
 1.12768
 1.35076
 1.09554
 1.25734
0.932853
 1.14494
 1.20253
 1.05867
 1.19137
 1.14155
 1.10062
0.884834
 1.10037
 1.22514
 1.10437
 1.06069
  1.0969
 1.11939
 1.07582
 1.18323
 1.18177
  1.0924
 1.05075
 1.09104
 1.13033
 1.26263
   1.153
 1.25163
 1.24837
 1.23685
 1.18898
 1.12361
 1.13527
 1.11113
 1.17979
   1.135
 1.17176
 1.15186
 1.08493
 1.37048
 1.00499
 1.21816
0.984952
 1.01503
0.973793
0.959434
 1.09322
 0.94626
 1.05483
 1.07686
0.904302
 1.11732
  1.0334
 1.14475
 1.04396
 1.16007
 1.16078
  1.0545
 1.15008
 1.04556
 1.08774
0.967538
 1.06316
 1.05276
 1.03729
 1.08174
 1.20169
 1.22157
 1.29344
0.927267
 1.14438
 1.29639
 0.96584
 1.08648
 1.17178
 1.16818
 1.02025
0.934621
 1.21296
 1.19054
 1.15217
 1.40951
 1.71148
 1.33887
 1.22461
 1.36467
 1.34253
 1.56842
 1.34647
 1.24704
  1.0302
 1.72497
 1.44874
 1.71471
  1.9402
 1.40905
 1.40054
 1.59048
 1.74572
 1.57091
 1.71599
 1.60098
 1.32222
 1.30457
 1.06548
  2.5359
 1.63938
 1.44016
 1.24542
0.926947
 1.07362
 1.25724
 1.06223
 1.44792
 1.07917
 1.01613
 1.46488
 1.12483
 1.26227
 1.22406
 1.62344
 1.02415
 1.36172
 1.14181
  1.2181
 1.70779
 1.23702
 1.46957
 1.21516
  1.6939
 1.17062
 1.41376
 1.32102
 1.39659
 1.24283
 1.02364
 1.48392
 1.21745
 1.25563
 1.32169
 1.20657
 1.33148
 1.55591
 1.28539
 1.33359
  1.8379
 1.45408
 1.97058
 1.28368
 1.12222
     1.3
 1.36029
 1.30619
 1.57584
 1.19787
 1.36838
 1.45343
 1.51302
 1.14188
 1.07507
 1.08036
 1.13498
 1.36591
 1.52717
 1.41513
  1.1789
 1.11748
  1.5648
 1.23399
 1.28243
 1.09422
 1.28477
 1.42144
 1.47452
 1.40499
 1.10274
 1.30605
 1.41684
 1.39008
 1.30179
 1.26788
 1.28065
 1.14652
 1.05312
 1.60302
 1.06246
 2.12785
 1.31113
 1.08755
 1.06109
 1.22871
 1.23105
 1.07707
 1.29723
 1.38841
 1.32302
 1.33605
 1.77005
 1.82595
 1.21871
 1.40374
 1.11759
 1.13542
 1.45847
 1.14393
 1.44509
 1.71389
 1.30064
 1.42355
    1.68
  1.7055
  1.2819
 1.24025
 1.73258
 1.51617
 1.37349
 1.24559
 1.18852
 1.26882
 1.72138
 1.22439
 1.32894
 1.52505
 1.12477
 1.31049
  1.2911
 1.57762
0.982836
 1.08385
 1.00912
 1.61892
 1.19136
 1.49162
 1.47758
 1.11705
 1.54869
 1.66458
 1.15929
 1.09571
 1.22854
 1.31317
 1.06066
 1.79647
 1.42642
 1.64286
 1.21095
 1.25559
 1.04441
0.997157
 1.11899
 1.15231
0.969971
 1.09897
 1.08338
 1.12874
 1.07038
 1.10441
 1.18294
 1.08342
 1.07591
 1.06482
 1.13316
 1.12944
 1.23444
 1.22371
 1.04891
  1.0968
 1.18391
 1.25671
 1.05529
 1.12276
 1.40163
0.960857
0.997625
  1.0087
0.939807
 1.24423
0.983195
 1.13748
 1.08619
 1.01079
 1.21267
 1.08613
 1.25185
 1.08669
 1.04568
 1.18137
 1.05795
 1.10743
 1.17577
   1.109
 1.22606
  1.0749
 1.06324
 1.22554
 1.11625
0.954982
 1.05312
0.962836
 1.24221
  1.1647
   1.197
 1.16185
 1.10416
0.932627
 1.21843
 1.22691
 1.21541
 1.08535
 1.08851
 1.12797
 1.22448
 1.08211
  1.0712
 1.02279
 1.02436
 1.11965
 1.20617
 1.08314
 1.10303
  1.1857
 1.04768
 1.04886
 1.26018
 1.14343
 1.24365
 1.17348
 0.98471
0.818511
 1.18234
0.966216
0.931049
 1.18935
 1.07011
 1.09288
 1.11322
 1.06404
 1.14156
 1.03073
 1.06457
  0.9418
 1.11753
 1.02733
  1.0256
0.944167
 1.06277
 1.03456
 1.15758
 1.10432
 1.17957
 1.16504
 1.09533
 1.15112
  1.1618
0.947579
0.822957
 1.14233
 1.19521
 1.19814
 1.20272
 1.25782
0.958378
 1.12266
 1.09623
 1.17777
 1.11951
 1.00438
0.981087
 1.11153
 1.07506
  1.2651
 1.23298
0.995224
 1.15218
 1.09192
 1.10142
 1.20184
0.946567
0.953137
0.996824
0.996869
0.919075
 1.15968
0.872508
 1.03206
 1.02501
 1.10349
 1.01816
 1.02984
 1.09838
 1.08938
 1.11221
 1.25944
 1.44217
 1.43713
 1.37418
 1.04725
 1.47596
 1.30898
 1.04876
 1.34041
 1.44831
 1.11742
 1.33133
 1.53502
 1.89081
 1.53287
 1.53553
 1.44338
  1.5145
 1.44067
  1.4657
 1.67529
 1.21727
  1.4974
 1.50497
 1.56881
 1.14539
 1.24096
 1.77193
 1.49507
 1.30187
 1.15248
 1.35351
 1.21826
 1.19591
 1.16014
 1.19755
 1.03975
 1.03531
 1.08823
0.952469
0.979019
 1.20273
 1.12481
 1.10163
  1.2132
 1.02803
 1.36743
 1.25691
 1.13924
 1.26224
 1.21058
 1.05514
 1.27136
 1.18065
 1.51292
 1.54115
 1.78272
 1.16469
 1.33987
 1.04822
 1.21054
 1.24329
 1.75654
 1.34933
 1.48721
 1.74995
 1.22525
 1.31662
 1.33074
 1.35928
 1.39766
 1.35542
 1.19942
0.987184
 1.19208
 1.62591
 1.14646
 1.19093
 1.39507
 1.25989
 1.29507
 1.26793
 1.20665
0.927712
  1.3655
 1.21709
 1.50276
 1.22624
 1.19414
 1.07416
 1.02378
 1.13924
 1.23423
 1.29286
 1.09606
 1.12906
 0.97911
   1.139
0.928128
 1.14494
 1.11046
  1.2169
 1.19943
  1.1376
 1.20762
 1.23371
 1.02113
 0.97718
 1.10416
 1.21731
 1.16034
 1.12386
 1.08518
 1.24343
 1.14629
 1.27413
 1.08111
 1.19318
 1.25761
 1.17093
  1.0967
 1.11407
 1.17267
 1.13527
0.974011
0.957313
 1.19715
 1.15585
 1.17457
 1.19487
 1.08051
0.999737
 1.06455
 1.12803
 1.07386
 1.14906
 1.06146
 1.01161
 1.24855
 1.25527
 1.00495
 1.05541
 1.15308
 1.17079
 1.28594
 1.00116
 1.05145
 1.15299
 1.12119
  1.1899
 1.05768
 1.12691
 1.03853
0.889198
 1.42917
 1.16672
 1.04649
 1.12411
 1.16378
 1.15661
 1.26893
 1.02145
0.960058
0.985758
 1.00335
 1.09802
 1.11361
  1.1047
 1.27055
 1.06802
 1.25003
 1.21113
 1.05703
 1.26468
 1.22722
 1.13791
 1.12824
 1.11504
 1.06233
 1.13134
 1.16158
 1.30278
0.849261
 1.04959
 1.20578
 1.04872
 1.12824
 0.97035
 1.16582
 1.19412
 1.07712
  1.2264
 1.23237
 1.14048
 1.04617
 1.19318
 1.23747
0.960816
 1.08696
0.972663
 1.09363
0.945149
 1.12306
  1.1184
 1.15904
0.959787
 1.37444
 1.17817
 1.00659
 1.31436
0.923345
 1.14752
  1.0692
  1.0828
 1.16129
 1.19619
 1.34302
 1.14875
 1.11871
 1.22131
 1.19305
 1.01119
  1.0795
0.991716
 1.05335
 1.07564
 1.29927
 1.19836
 1.16527
 1.01507
 1.13018
 1.09016
 1.01973
 1.22223
 1.23151
 1.09727
 1.18369
 1.34673
 1.07856
 1.05767
 1.14833
 1.04875
  1.1913
 1.21608
 1.07872
 1.05375
  1.1832
0.984299
 1.24671
 1.07119
 1.10615
 1.01017
 1.01131
 1.05368
 1.01883
0.986533
 1.09484
 1.07486
 1.05424
 1.23293
 1.10475
 1.12591
  1.0366
0.978839
 1.20098
 1.09087
 1.23426
 1.21323
 1.02592
 1.06464
 1.00423
0.919805
  1.2198
0.900781
 1.04965
 1.22458
 1.21959
 1.49735
 1.13782
   1.313
 1.36508
  1.4806
 1.21945
 1.39761
  1.2552
 1.62046
 1.41226
 1.41808
 1.11225
 1.23549
 1.37429
 1.39036
 1.16471
 1.34068
 1.11788
 1.07174
0.909451
 1.16532
 1.20907
 1.30621
  1.1197
0.998704
 1.15521
 1.34534
 1.35557
 1.28462
 1.08348
 1.61584
 1.19905
 1.14404
 1.30162
 1.31271
 1.12719
 1.39091
 1.32655
 1.08305
 1.30543
 1.20206
 1.27052
 1.16554
 1.51315
 1.51513
   1.219
 1.17062
 1.88548
0.989706
 1.11807
 1.14534
 1.35071
 1.10447
 1.97111
  1.3538
 2.36617
 1.61582
 1.90345
 1.87573
 1.80437
 1.75393
 1.15925
 1.76705
 1.28536
 1.32148
 1.57594
 1.25031
 1.12964
 1.48787
 1.35068
 1.53945
  1.8033
 1.20163
  1.7449
 1.16897
 1.48241
  1.4743
 1.21493
 1.40986
 1.31096
 1.29304
  1.3918
 1.57933
  1.1948
 1.29685
 1.26984
 1.27631
 1.27008
 1.10975
 1.49689
 1.24367
  1.2103
 1.97315
 1.92188
 1.20911
 1.39922
 1.05859
 1.26042
 1.36448
 1.04714
 1.26263
   1.261
 1.26675
 1.04694
 1.02871
 0.99906
 1.03086
 1.25202
 1.08369
0.995561
0.925324
 1.07719
0.967284
 1.13101
  1.1132
0.995148
 1.02077
0.978615
 1.04124
 1.08168
 1.07237
    1.23
 1.24754
 1.17292
 1.12623
0.925944
 1.16863
 1.29094
 1.18597
 1.18326
0.989876
 1.22478
 1.10424
 1.09174
 1.02485
 1.19767
 1.08923
 1.59114
  1.2082
 1.03862
  1.0656
 0.98634
 1.21571
 1.25883
  1.3578
  1.2855
 1.33074
 1.15795
 1.46347
 1.32244
 1.36853
 1.44308
 1.20862
 1.12691
 1.21906
  1.2568
 1.26715
 1.27992
 1.12434
 1.18772
 1.19688
 1.13852
 1.27085
0.998193
 1.59408
 1.08163
 1.17918
  1.3705
 1.32549
 1.18992
 1.23154
 1.15438
 1.44686
 1.27358
 1.38642
 1.17362
 1.21522
 1.17797
 1.37158
 1.21028
 1.12707
 1.19196
 1.22224
 1.11437
 1.05641
0.930093
 1.01228
 1.15134
 1.11238
0.942194
0.995579
 1.07336
 1.04776
 1.12212
 1.17918
 1.18857
0.923094
 1.13054
 1.07877
 1.13792
 1.10465
 1.12319
 1.10073
 1.09588
 1.03718
 1.13965
 1.09581
 1.11739
 1.22081
 1.11555
 1.24696
 1.13619
 1.24672
 1.01401
 1.17007
  1.2522
 1.09635
0.981579
