0.839591
 1.14424
 1.10433
 1.02828
 0.93567
 1.06906
0.951355
0.832273
 1.05342
 1.07576
 1.10339
 1.09235
0.865309
0.978934
0.910069
 1.02208
0.871224
 1.07367
 1.09614
0.981844
0.991322
 1.09481
0.933378
0.910078
0.927785
0.921875
0.929148
0.898313
 1.01441
0.952842
 1.00945
 1.14226
 1.03076
 1.18743
 1.13982
 1.45165
  1.2822
 1.09668
 1.41795
 1.31681
0.909412
   1.109
 1.04898
 1.07918
 1.08567
0.994156
  1.3475
  1.1165
 1.21901
 1.30619
0.843323
0.927032
0.965203
 1.04724
0.930053
 1.12505
0.994463
 1.01642
0.916831
0.944252
0.993296
0.893202
  1.2221
 1.19635
0.982363
0.856197
 1.06023
0.906237
0.957561
0.836787
0.975312
 0.92258
 0.97772
 1.14469
 1.06029
 1.00405
0.956223
  1.1062
 1.10747
0.959444
0.907784
0.930868
0.902691
0.957848
0.895015
0.915957
 1.00635
 1.01911
0.962414
0.901863
  1.0183
 1.00282
 1.06553
0.999604
 1.02322
0.935372
 1.14433
0.995288
0.935845
0.978896
0.926338
0.958472
 1.04689
 1.11443
 1.15576
 1.14631
0.971447
 1.02806
0.990821
  0.9937
0.950292
0.962295
0.896688
  1.1616
 1.02581
 1.04749
0.951729
0.922563
0.890508
0.906699
0.863645
0.986871
  1.2337
0.999273
 0.95558
0.928439
 1.09816
 1.00429
0.948449
0.952702
0.944304
0.987529
0.954561
0.917028
 1.07037
 1.11784
 1.06166
 1.05285
 1.03555
0.991448
0.927151
 0.89236
 1.05762
 1.01998
0.879555
0.986407
0.901992
0.879324
0.888437
0.959295
  1.0045
0.957872
0.913288
0.817677
0.955146
0.919261
0.886753
 1.03582
0.886215
0.949482
0.955661
 1.08671
0.927662
0.942815
 1.08856
0.853831
0.970651
0.835268
 1.23047
 1.06933
 1.02136
 0.96733
 1.09377
0.977632
0.943786
0.953599
0.921298
0.907544
0.974102
0.974155
0.862815
 1.02499
0.895828
 0.82965
0.941815
0.973129
0.985636
 1.22355
0.898649
 1.12555
0.874839
 1.06666
 1.00311
0.912574
0.961291
 1.03093
0.855449
 1.23961
0.897693
 1.09323
 1.12231
 1.05755
 1.03161
 1.22937
0.989572
 1.15899
0.948741
0.852526
0.936466
 1.00869
 1.09174
0.895012
 1.00352
 1.04196
 1.10483
0.990727
0.917857
 1.03441
0.840636
0.994787
 1.01259
0.990577
0.889476
0.957818
 1.05317
  0.9661
0.941628
0.948931
0.861379
0.879388
0.919653
0.916833
0.883466
0.997458
0.966954
 1.29242
 1.34414
 0.93008
  1.2333
 1.11098
  1.2406
  1.1517
 1.05289
  1.0154
0.996747
0.862498
  1.1488
 1.55533
 1.49636
 1.03969
 1.04064
 1.39576
 1.16197
0.891454
 1.01182
 0.97949
0.966684
0.988307
0.969361
 1.08062
0.977572
0.866726
 1.16034
  1.1272
 1.07222
0.939089
 1.01834
0.996669
 1.01497
0.972593
0.995898
0.909022
0.898646
 1.17616
0.969474
0.914553
 1.12695
 1.01509
0.997122
0.866379
 1.08395
0.955747
0.996837
 1.06229
0.956455
 1.09289
 1.10014
0.893655
 1.12056
0.976698
0.828779
0.874902
0.949873
0.908048
0.962909
0.897063
 0.91285
 0.83617
0.908506
 1.01193
  1.0468
0.960068
0.992015
0.874859
0.995508
 1.05667
 1.06071
0.952827
0.899133
 1.01494
 1.14139
 1.17694
0.887594
 1.03389
0.976714
 0.97822
0.917834
 1.04747
 1.06841
0.965254
 1.01521
0.820127
0.964926
0.910006
0.990731
 1.02767
 1.06466
 1.06665
0.998063
0.876204
0.938928
 1.12109
0.926398
0.967341
 0.93749
0.816647
0.975763
0.813341
0.995122
 1.18791
 1.08262
 1.06287
0.966707
 1.01246
0.972912
 1.03432
0.902655
0.890924
0.971791
0.982917
0.974399
0.966906
0.937306
0.911535
0.912923
 1.07246
0.916182
 1.00743
0.940692
0.956253
 0.86946
 1.00273
 1.07322
 1.05649
 1.15984
 1.03689
 1.11624
0.907572
 1.02344
0.999334
 1.12525
 1.00319
 1.28911
0.903837
0.920815
 1.07661
  1.0384
 1.01751
 1.02602
0.914924
 1.01285
0.977057
 1.01326
0.848146
 1.05624
  1.0395
 1.17271
 1.01642
 1.17675
0.941014
0.837304
0.940158
0.999166
 1.01728
0.915857
0.961271
 1.10055
  0.8864
 1.06342
 1.01888
0.986208
0.997271
 1.09108
   1.159
 1.02876
0.931533
0.990445
 0.92761
0.909953
 1.12614
 1.03738
0.950258
0.861889
0.838708
 1.03215
0.980083
0.901072
0.867101
0.932389
0.912659
 1.00948
 1.13404
 1.09024
 1.14867
0.997573
 0.87888
0.972586
0.975888
0.906207
0.933476
 1.01938
0.992581
0.982772
0.856934
0.856539
 1.13349
0.976013
 1.02618
 1.05443
  1.0618
 1.02785
0.928912
 1.08995
 0.92499
0.995955
0.926553
0.976193
 1.11336
0.839213
0.998224
 1.02093
0.961799
 1.06447
0.943553
0.816272
  1.0423
0.970043
 1.04026
 1.19058
0.981049
 1.17535
 0.89545
0.928681
0.870587
 1.04598
 1.06052
0.996293
 1.05621
  0.9126
0.903788
0.955379
0.968116
  1.0867
  0.9501
0.923144
 1.00479
 1.03371
0.986632
0.987935
 1.02209
 1.06418
 1.19948
0.844759
0.913348
 1.02638
0.934212
0.965731
0.971057
 1.01355
 1.05375
 1.00723
0.903634
0.949243
0.950466
0.981351
 1.03602
 1.03346
0.988135
0.976393
 1.14236
 1.02185
0.960733
0.995741
0.986961
 1.00498
0.931636
0.955595
0.936242
 0.92377
0.941178
0.917646
 1.00661
 1.01304
0.935295
 1.02173
 1.14218
0.911945
 1.04841
 1.06388
 1.03161
0.919816
 1.01009
0.993595
 0.98364
 1.04437
 1.03385
0.903684
 0.98192
0.972142
0.976375
0.954849
0.928084
 1.05245
  1.0504
0.949195
0.850218
 1.00972
0.959229
 1.02392
0.909184
0.897406
0.890586
 1.03176
0.947233
 1.07539
0.909547
   1.078
0.978177
 1.01609
 1.03706
 1.03463
 1.05911
 1.12566
 1.00662
 1.00039
  1.0593
 1.00255
 1.02791
 0.86252
0.927098
 1.00991
0.933323
 1.06796
0.989182
0.937896
0.898534
 1.16364
 1.02614
 1.13727
 1.13568
0.920972
0.965576
 1.07221
0.926345
 1.10699
  1.0691
0.828968
  1.0169
  1.0521
 1.04557
 1.01951
 1.03297
 1.01855
 1.00596
0.847945
 1.09226
 1.00375
0.871585
0.915782
0.900608
 1.03522
 1.02021
0.950026
0.979461
0.982752
 0.77818
 1.04454
0.956143
0.912701
0.989385
 1.02392
 1.01332
0.936132
 1.13797
 1.12605
0.841244
 1.06733
0.974547
0.992719
 1.09041
0.958407
0.971929
0.921997
 1.15202
 1.19335
 1.05314
  1.0859
 1.01742
 1.01433
 1.19594
 1.37258
 1.20597
  1.1756
 1.19843
  1.1194
 1.01573
 1.01511
 1.04812
 1.11434
 1.06824
 1.01605
 1.22731
 1.23258
0.996402
 1.30915
 1.10076
 1.11356
0.908855
 1.08734
 1.15452
 1.07765
0.884823
0.965068
 1.02319
 0.90645
0.985881
0.789563
 1.05309
0.925999
0.910329
 1.15087
0.952019
0.930987
 1.01139
 1.13369
0.921207
 0.89059
 1.30334
0.893585
 1.20107
 1.12178
 1.02093
0.891976
 1.03573
 1.10213
0.902426
0.876936
 1.04047
 1.01181
0.914554
 1.01608
  1.0263
0.984994
0.966567
 1.05375
 1.04269
0.884809
 1.13004
  1.0168
 1.08072
0.945296
 1.05555
 1.09984
 1.10772
0.973043
0.943801
  1.0701
0.996866
 1.00171
0.848682
0.941163
0.895697
0.909861
0.939469
0.938648
 1.01533
0.979789
0.996124
 1.02434
0.964378
 1.09263
  1.0696
0.898003
0.924336
 1.00759
 1.04321
0.966754
0.890606
 1.13438
 1.11344
  0.9401
 0.99515
0.892399
 1.01115
0.956846
  1.0232
0.974922
 1.00382
 1.06423
 1.04713
0.992392
0.924607
 1.10538
0.859069
0.888706
0.945604
 1.09378
 1.04654
0.851701
 1.01842
 1.12189
 1.02989
0.917203
 1.23774
0.928154
0.963289
0.990419
 1.10152
 0.83997
0.916876
 1.00401
 1.07177
0.863402
0.865493
 1.01162
 1.11964
 1.03315
0.992062
 1.05895
0.991904
0.986833
 0.84182
 1.03188
0.987219
 1.11125
 0.93915
 1.03905
 0.90691
 1.13589
0.931618
 1.03533
0.933945
 1.06414
 1.10237
0.995386
 1.01055
0.938427
0.892691
0.817258
 1.09273
  1.0451
0.895636
0.953004
0.837371
 1.01356
0.983691
 1.07397
0.925081
0.969552
0.997747
 1.06272
 1.16793
 1.09501
 0.89643
0.982344
 1.01355
0.966998
0.959085
0.970301
0.971167
 1.01614
0.996932
0.910849
0.920693
 0.94929
 1.04115
 0.99701
 0.96176
0.901605
0.936752
 1.03966
0.864606
0.928869
0.911298
 1.00953
 1.02085
 1.09354
0.936688
 1.08682
0.850093
 1.02461
0.874387
0.976652
0.942703
 0.92743
0.969422
  1.0808
 1.04079
0.977536
0.913093
 0.94054
0.943742
 1.02758
 0.95615
 1.19016
0.844608
 1.00869
 1.02201
 1.02996
 0.94679
0.929381
0.927939
 1.01082
  1.0673
  1.0299
 1.03075
0.995259
0.985343
 0.97901
0.964443
 1.12357
 1.00013
0.938072
 1.03204
 1.16442
0.927404
0.899571
 1.08796
 1.09532
0.902575
0.741187
  1.0596
 1.01177
 1.00133
 1.11346
0.770689
 1.05391
 1.12907
  1.0252
0.972148
0.901096
0.981595
 1.07213
  1.1133
  1.0166
 1.01119
0.958606
0.835045
0.991623
0.969568
0.950021
0.943501
 1.09121
 1.01316
 1.00891
0.992023
0.832659
 1.11524
 1.05268
0.953169
0.958348
 0.97511
 0.99199
0.999698
0.966063
 1.17746
0.904575
0.970193
 0.94494
 0.94932
 1.07837
 0.98913
 1.00742
 1.00173
0.950065
0.938278
 1.08514
 1.18938
  1.1956
 1.02331
 1.27201
 1.12049
 1.19684
 1.09543
 1.03471
 1.14286
 1.27413
 1.15884
 1.29936
 1.30881
 1.06099
 1.09252
 1.21454
 1.02986
 1.01884
 1.03893
0.879503
0.912147
 1.02807
  1.0336
0.931878
0.989716
 1.04294
 0.96598
0.830888
 1.01732
0.918028
0.856875
 1.03572
0.847255
0.924411
 1.02634
 1.07594
 1.00754
 1.09495
 1.10422
0.950747
0.993237
0.959441
 1.00431
0.910545
 1.07113
0.906588
0.971398
0.928746
0.931691
 1.08911
 1.19687
 1.01146
0.926019
0.866486
0.954908
 1.03722
    1.02
 0.97883
0.872833
0.875686
0.945489
0.985071
0.971982
0.960507
0.956424
0.960152
0.861063
 1.10185
 1.04334
 1.02361
0.965513
0.796055
0.996899
 1.05372
0.864142
 1.05804
  1.0666
 1.09201
0.998832
  1.1036
 1.05813
0.922877
 1.07986
0.839204
 1.02664
0.892871
0.973636
0.910832
0.872775
 0.99231
 1.03137
 1.00094
0.923622
0.962208
0.974266
0.895495
 1.04324
0.825663
0.933959
0.901696
0.863149
  1.2166
0.921238
