0.929867
0.906932
 1.02407
 1.07983
 1.07563
0.929353
 1.03795
 1.05429
 1.04007
  1.0951
 1.11784
 1.04646
0.955295
 1.00247
0.966932
0.905772
 0.99497
 1.03956
0.938629
0.909073
0.973907
0.998695
 1.10724
 1.03551
0.878443
 1.01223
0.885942
0.833752
0.997111
 1.09408
 1.09111
0.887608
0.916303
 1.12222
0.997014
0.963532
 1.04327
0.954434
0.877161
 1.06619
0.894756
0.844787
 1.07672
 0.98137
 1.05489
0.942663
 1.10355
 1.01955
0.931857
  1.0629
  1.0724
0.817738
 1.00947
 1.04868
0.991921
 1.08526
0.998259
 1.04755
0.880691
0.970323
 1.06284
 1.14464
 1.07794
0.835743
 1.03009
0.975398
 1.01128
 1.02812
 1.00433
 1.11027
0.935762
 1.02717
 1.02965
  1.0037
0.994061
0.975799
 1.00201
0.880243
 1.00847
0.998175
 1.19089
 1.13075
 1.04757
0.972225
 1.02702
0.887626
 1.03646
 1.01713
 1.03937
0.958122
 1.01578
 1.33168
 1.08418
 1.26747
  1.1788
  1.2928
 1.04066
 1.28708
 1.21816
 1.16254
 1.10849
 1.20064
 1.23562
 1.33778
 1.31118
 1.28506
0.982305
 1.04804
0.983052
0.969884
 1.01402
 1.09095
 0.86438
0.925462
0.893769
0.891566
0.953756
 1.03562
 1.11848
 1.20055
 1.10909
 0.97957
0.803455
 1.01102
0.943794
0.986083
0.974225
0.894381
0.909761
 1.12905
 1.00548
0.905186
0.900088
0.948143
0.953732
0.923186
 0.86591
0.894328
 1.01176
0.970134
 1.06461
 1.00789
0.918877
0.971778
 0.81298
0.979257
0.970305
 1.08208
 1.01473
0.994437
0.982596
0.855113
 1.11895
0.936554
 1.06118
0.967916
 1.08866
0.981921
0.819963
0.994512
0.984677
 1.20732
  1.0875
 1.12265
 1.08641
 1.04325
 1.12319
0.800831
0.951541
0.965369
  1.1767
 1.06984
 1.18099
0.990242
 1.01654
0.937178
0.972114
0.907591
0.851755
0.999659
 1.06928
0.903443
0.979687
 1.15868
 1.08237
0.871463
 1.11394
0.969317
 1.07505
0.964594
 1.08024
 1.07433
0.926886
 0.90865
 0.82271
0.958113
 1.01496
0.970222
0.807177
0.959645
0.939303
0.980911
 1.02302
 1.14977
    1.12
 1.00806
0.998137
 1.18919
0.916118
 1.03439
 1.01271
 1.13112
0.972469
0.992891
0.926176
 1.01323
 1.05856
0.811754
0.913678
 0.90915
0.929385
0.854477
0.997855
0.991313
 1.04241
 1.13318
0.931639
 1.05685
0.971884
0.793094
0.884481
  1.0144
 0.99346
0.939398
0.954333
 1.09679
0.962473
  1.0149
 1.01646
 1.01019
 1.04328
 1.01645
0.855422
0.936969
0.947523
 1.10736
 1.15004
0.966128
 1.06217
0.993428
0.896019
 0.93301
0.961466
0.880932
0.908079
0.959381
 1.00406
 1.14125
0.988109
0.936669
 1.04628
0.957705
 1.05335
 1.01616
0.974023
0.968747
 1.04489
  1.1284
0.982476
0.990437
 1.00542
0.996325
  1.1878
 1.04726
 1.10636
 1.06819
 1.19605
 1.21989
0.773445
 1.02185
0.900525
0.940366
0.946712
0.908024
 1.00461
 1.03465
0.859704
0.825987
0.945475
 1.07509
 1.00516
 1.00591
  1.0646
0.936532
 1.01812
 1.04239
 0.85749
 1.00824
 1.12999
0.919261
0.794903
 1.07351
   1.061
0.908338
 1.04191
 1.01869
0.987754
0.782616
0.851429
0.953746
0.839731
    1.01
0.839089
 1.06736
0.991553
 1.00284
0.998704
0.911317
0.899112
  0.9916
 1.07477
0.988772
0.906583
 1.21896
 1.10977
 1.06113
 1.04544
0.984182
  1.0902
0.913394
  1.0657
 1.25499
 1.18636
 1.10351
 1.08684
 1.11197
0.917852
0.848795
0.852703
 1.09871
 1.04089
 1.05279
0.837459
 1.08774
0.920731
0.928456
 1.04762
0.863369
0.920952
 1.08858
0.968159
 1.08678
  1.0705
 1.02278
 1.03003
0.911234
 1.07366
0.967623
  1.1001
 1.03718
0.835472
 0.99404
 1.00794
 1.38209
 1.02772
 1.36681
 1.22271
 1.08558
 1.26197
 1.02384
 1.26156
  1.0553
 1.02185
 1.48845
 0.93085
 1.27571
 1.11907
 1.01676
0.948592
 1.04813
 1.27808
0.976737
 1.06719
0.970263
0.885105
 1.10665
 1.08105
 1.00131
0.875098
0.909729
 1.10844
 1.02473
 1.09231
 1.07507
 1.04961
0.976491
0.970152
0.981243
 1.01943
0.943293
0.890331
  1.1327
 1.13459
 1.07089
 1.06701
 0.90765
 1.11082
  1.0007
 1.04839
0.939848
0.986231
 1.12107
0.943285
0.940256
 0.87081
 0.91547
 1.00903
 1.06708
 0.99908
 1.04874
0.999229
 1.08313
 1.03704
0.868411
 1.11193
 1.09409
0.960808
  1.3164
0.964594
0.958668
 1.12903
0.998887
 1.01041
0.903502
0.882837
 1.00232
0.900914
0.997458
 1.20867
0.982549
0.875963
0.939119
 1.01611
0.888448
0.869062
 1.07742
0.880604
 1.11801
0.916208
0.964537
0.897372
 1.00851
0.938877
 1.09707
0.978201
0.889197
 1.00905
 1.05473
0.803047
 1.13735
0.968889
 1.05706
  1.0767
0.986442
0.922425
0.972433
 1.08315
0.966492
0.899831
 1.01921
 1.03915
0.811778
 1.00673
 1.04111
 1.04707
  0.9426
 1.10528
 1.19447
  1.1376
 1.03235
0.944273
0.979793
 1.08581
 1.04785
0.897681
 0.97358
0.935008
0.894183
 1.00449
 0.93725
0.982934
0.952785
0.902155
0.967594
0.813644
0.994669
 1.20824
0.948234
 1.09617
0.998409
 1.01951
 1.07548
0.991732
0.947341
   1.013
0.984772
0.934421
 1.02149
 1.02831
0.921253
 1.06946
0.972244
 1.07411
0.949372
0.999536
 1.01944
 1.04231
0.796473
 1.07458
0.999557
 1.01057
0.941156
0.923674
 1.03129
0.950951
 1.05103
  1.0203
0.932315
 1.00402
0.839509
 1.00463
0.997989
0.910741
0.885176
0.975584
0.945497
0.854515
0.900743
0.899463
 1.20702
 1.15791
 1.10584
0.909796
0.947738
 1.01537
0.937455
0.875245
0.856862
 1.10555
 0.90171
0.991696
 1.05568
 1.03105
0.960325
 0.97557
  1.1338
 1.10609
 1.00546
0.948025
 1.14782
 1.07243
 1.09646
0.953052
 1.00223
0.947341
 1.05429
0.870473
0.945938
  0.9477
 1.00174
0.846267
0.942908
0.954873
0.907768
  1.0793
0.964982
 1.05845
 1.01212
 1.15117
 1.01458
 1.03971
0.997178
 1.06629
 1.13319
0.977675
0.996402
  1.1587
 1.00965
 1.18942
 1.01355
0.963267
  1.2707
  1.1071
0.957172
0.900741
 1.06376
 1.02074
 1.16569
  1.0499
0.943487
  1.0705
   1.039
 1.05729
 1.06134
  1.2424
0.935471
 1.13621
 1.03099
0.912816
0.898331
0.990789
0.988656
0.998359
 1.15565
0.901154
0.795259
0.903501
0.963997
0.816943
 1.00535
 1.04965
 1.14235
0.991858
0.896156
0.957593
 1.19001
 1.08978
 1.04621
 1.00982
0.998045
0.851085
 1.11348
0.942332
 1.21223
0.941171
 1.05194
 1.07775
 1.17763
 1.15788
 1.09624
0.935057
 1.08214
0.972896
 1.08139
 1.25005
 1.29802
 1.05086
0.908469
 1.13205
 1.25881
  1.1087
   1.304
 1.12205
  1.0091
 1.18788
  1.2886
  1.1437
 1.09994
 1.06935
 1.12607
 1.05312
 1.11482
 1.00321
0.948258
0.958848
 1.05462
0.986038
0.883761
 1.15721
  1.1191
 1.05027
 1.04017
 1.04161
0.984154
0.950832
 1.10992
 1.06248
0.881894
 1.11515
0.874163
0.975706
0.993562
 1.04273
0.964634
0.960401
 1.09931
0.949617
 1.00152
 1.07309
 1.06282
 1.16737
0.939234
  1.0555
 1.01013
0.979636
  1.1386
0.858508
 1.04186
 1.00278
 1.03369
0.985161
 1.00712
0.881405
 1.23508
 1.16852
0.891835
 1.02015
0.968696
0.904057
0.961088
 1.06471
0.932399
 1.11975
0.972768
0.892694
0.993769
 1.18721
 1.12514
 1.11015
 1.00222
0.776591
 1.01961
 1.00111
0.997514
0.915665
 1.00516
0.914174
0.991914
 1.07057
 1.00761
0.943533
 1.07282
0.954506
 1.02028
  1.0416
0.799319
 1.01121
 1.01247
0.960331
 1.02249
0.871568
0.829327
0.984497
0.984989
 1.04592
 1.16968
0.979142
0.976319
 1.03319
0.945184
  1.0703
0.954739
 1.01772
 1.03817
0.809051
0.922105
 1.03901
0.970431
 1.22207
0.956238
0.996712
 1.10964
  1.0103
 0.76259
0.935919
0.977401
0.947267
0.990573
0.980005
 1.00202
0.978099
 1.02647
0.945342
0.903813
 1.03165
0.928787
 1.18761
 1.07576
 1.03765
 1.03761
0.964387
 1.08319
 1.13922
  1.0346
0.919079
  1.1717
 1.11621
 1.14368
 1.21537
 1.18497
0.987904
 1.30972
 1.21589
0.966088
 1.17879
 1.10279
0.990387
 1.18513
 1.08692
 1.12025
0.923078
 1.22912
 1.02137
 1.05136
 1.09309
 1.20876
 1.34831
 1.11852
 1.02031
 1.09762
       1
 1.28885
 1.24634
 1.23462
 1.06457
 1.06837
 1.21979
 1.13025
 1.09237
 1.26013
 1.29628
0.881856
0.879491
 1.02377
 1.17384
0.973842
0.989089
 1.10843
  1.0583
 1.03447
0.883841
0.932161
 1.00492
0.904269
 1.19912
 1.00672
  1.0532
 1.12028
 1.01515
  1.0593
 1.07662
0.969096
 1.24947
0.981958
0.914002
 1.23399
0.899048
 1.14716
0.910814
 1.02312
 1.04299
 1.15866
  1.2102
 1.02574
0.917976
0.990943
 1.09003
0.955202
 1.09074
  1.0787
0.957554
0.865575
0.955771
 1.06711
 1.02876
 1.13887
0.729177
 1.04355
0.887568
0.927273
 1.01731
0.889809
0.931077
0.966211
 0.95924
 1.19049
 1.05073
0.935025
 1.00849
0.980061
 1.01463
 1.11234
0.887931
 1.04903
 1.20305
0.908436
0.903911
 1.04761
 1.00974
0.863297
 1.03072
 1.09724
0.955289
0.873369
   1.005
0.904185
 1.03558
 1.06663
0.967567
 1.11276
0.932626
0.951827
0.934164
  1.0164
0.926471
0.938744
0.961033
 1.01639
0.970959
 1.06031
0.906461
0.932737
0.854877
 1.02179
0.965605
 1.02909
0.898632
0.888823
0.839014
 1.04366
 1.07181
0.994611
 1.00389
  1.0521
0.918695
0.991429
 1.00846
0.816928
 1.13491
0.845073
 0.99297
 1.15551
 1.03056
0.959981
0.887141
0.893286
  1.1049
 1.06877
 1.01525
 1.01547
0.995515
0.965169
 1.03507
0.884369
0.940985
 1.02955
 1.02172
 1.08112
 1.10677
0.862379
 1.04414
 1.11889
0.958204
0.927354
0.802803
0.979254
 1.01448
 1.06908
 1.09846
 0.92738
0.977385
0.954619
 0.93692
 0.93507
0.945638
  1.0604
 1.18071
 0.98442
0.965148
0.923978
 0.89458
0.937046
 1.06644
 0.99176
 1.09354
 1.01653
 1.03593
 1.10649
 1.10091
 1.00403
0.986355
 0.98886
  1.0481
0.970202
0.834382
 1.09749
 1.13132
0.834031
 1.01986
0.988957
0.911653
0.986209
0.945345
 1.03433
 1.09339
 1.13805
0.938481
 1.06959
 1.06376
 1.02923
