    -6.05649     -1.98247     -11.7595            0     -64.5919     -13.5944
    -2.77114      5.74231     -6.77594            0      41.2552     -5.33693
     3.04879      21.1604      5.05759            0      64.1075      -14.147
     2.06474       14.339     -2.88473            0     -114.837     -2.29817
    -2.77765      13.9264     -3.46948            0     -75.9794      7.23361
   -0.283062      16.5178     0.305369            0     -20.0047      6.48827
    -1.39621      9.73388      1.33605            0     -24.2883      -9.0012
     11.5616      38.3168      18.5828            0     -45.2624     -20.0763
     2.35533      27.0163      4.18073            0     -69.7966      8.52356
    0.126285       17.186   -0.0264645            0     -51.9775      8.18227
    -2.65178      4.44399     -5.46119            0       47.649      -1.4575
     1.19425      19.5654     0.602206            0     -23.6725     -12.3544
     -2.5342      6.21468     -3.04563            0      3.10693     -3.05345
    -1.49572       1.9926     -2.11656            0     -64.1337      -4.6444
    -8.38486      8.71212     -3.36214            0      188.132     -7.47897
    -3.09712      23.5005      2.64825            0      12.1879     -0.26958
    -0.56489      10.0552      5.20771            0      12.3194     -4.40497
    -5.51057      2.28137      10.1186            0     -98.2518      1.12134
    -2.10669      1.41997      11.0875            0     -17.9302     -11.2869
    -7.29938      22.9319     -3.82734            0     -203.351      11.0412
    -2.05029      23.0562     -5.30225            0      5.24711       5.4193
   -0.169659      16.5736      4.54427            0     -30.9076     -6.02161
    -2.32924      4.00289      7.74776            0     -63.2287     -16.2231
     4.60339      35.5418      1.08489            0      33.6041     -3.63838
    -2.19328      12.2975     -6.41653            0     -78.0755       6.2512
   -0.765276      9.36951     -3.69143            0     -57.1794      5.11628
     -1.7089      10.2476      13.0189            0     -92.6355     -1.31941
    -1.03708      8.78598     -3.79485            0      28.5121     -7.99426
    -1.60147      11.8687     -25.2378            0     -77.7113     -14.4031
    -4.80381     -3.39555      2.19365            0     -131.865     -11.3022
    -7.26814      16.9384      9.57614            0     -165.321      14.9246
    -1.59163      22.5937       -2.131            0     -27.6144      10.4631
  -0.0618554      8.85741      16.1464            0     -74.1809     -5.53527
    -1.11082      2.64651     0.234829            0     -1.46187      1.04156
    -3.12795      27.6756      1.98138            0     -188.852       17.401
    -6.27119     -2.56205     -2.43677            0     -57.2221     -16.5469
    -3.47914      19.4726      4.56298            0     -64.0765      14.3304
    -12.6678      4.82236     -5.27196            0      -53.401     -1.83177
     3.38139      23.7213      14.1551            0    -0.970209     -12.8827
     8.13101      30.2383     -3.69659            0     -70.7661     -24.3274
    -2.43479      15.6917     -20.1555            0     -149.317     -3.37683
    -6.38952      22.0574      6.25189            0     -62.4307      6.88678
    -6.74144      11.8262      1.27013            0      29.3459      7.82033
    -5.04119      9.10498     -12.0456            0      3.57626    -0.902807
    -4.24269      10.0378      5.46451            0     -12.0696        5.337
     2.20798      23.9917      1.12003            0      44.1131     -2.82184
    -10.6938      1.04924     -8.68184            0      9.02218     -15.1408
    -1.35528     0.891043     0.520693            0      20.7869    -0.548699
    -2.90489      12.8666     -8.65417            0      19.2261      -2.8362
     4.27452      14.4645     0.354286            0     -22.1639     -7.23259
   -0.513182      18.4066    0.0396381            0     -134.441      15.1275
    -11.1713     -10.6926       22.336            0     -153.044     -8.33671
    -2.96399      24.7152     -2.72768            0       57.809     -17.4549
     2.44107      22.0381     -6.66827            0     -74.1541      1.45568
    -3.78161      8.74971     -20.2052            0     -79.4937     -27.6343
     5.49545      25.0426      16.2595            0      56.1589     -17.8655
    -6.95544      10.4697      8.97836            0      73.4841  -0.00372189
    -8.20909      23.1263     -15.5973            0     -43.2217        11.58
    -5.63217    -0.653346    -0.200126            0     -82.1776     -5.90535
    -3.33556      15.2382       5.9913            0      107.405     -7.08516
     -7.1799      6.47914       10.465            0      130.808     -5.26115
    -3.91244      3.71989      6.37812            0      31.8353     -2.82654
    -3.41408      12.2166      8.16094            0     -188.912     -8.59087
     3.51423      28.7069      2.84699            0     -17.5531      2.61256
    -4.66654     0.323871      11.3371            0     -74.5662     -1.56208
    -1.40649       16.632      14.2812            0     -9.24347     -4.24013
   -0.930121      19.0966     -6.89415            0      13.1137     -19.8185
    0.821205      27.0488     -6.50321            0     -58.3759     0.368719
    -2.68406       4.1138      1.84154            0     -13.6203     -2.57201
    0.393663      17.5265      0.50052            0     -39.5932      1.53818
    0.219974      8.94012     -5.11794            0      6.65643     -5.18224
    -3.11264      5.96029     -17.7658            0     -74.6872     -12.1696
       -9.66      6.33343     -16.2207            0      161.809     -12.2829
     -8.4909      7.02813     -7.37886            0     -108.482     -14.9201
      2.9657      36.6014     -2.57647            0     -21.4519      7.12082
    -1.33532      3.67742      -0.8115            0      37.6251     -2.52699
    -9.07941       4.7726    -0.912588            0      16.8576      1.59801
    -2.27915      16.3883      9.20065            0       -87.56      6.54602
   -0.267806      20.8839      3.50612            0     -90.1183     0.793262
     1.10788      25.5727      4.51465            0     -96.6141      9.97771
    -3.01769      19.8959     -6.74709            0      50.3061     -3.64878
     6.54355      42.6227      3.69798            0      132.373     -9.92931
    0.806892      27.6858      2.60647            0      144.044      -1.0454
    -6.53159      -6.8609      10.6563            0     -78.1517     -11.8012
    -2.71505      11.3343      1.57432            0     -29.3205      1.79194
     -5.5136       7.6597     -4.41693            0      85.6991      0.81283
    -2.36168      2.74625      5.35184            0      22.4508      -7.4646
    -4.86636      12.6812      6.49876            0      -36.148      4.24686
     11.1134      35.5908      4.64499            0      7.94843     -17.2742
     -2.9728      17.3989     -13.7996            0     -32.9047     -3.57985
    -5.88612      9.41524      5.48628            0      7.91752    -0.701667
    -5.46173     -1.84289     -15.6449            0      -122.55     -7.86023
     -4.5253      21.4547      9.68489            0     -80.8088     -6.71591
    -2.72323      3.66442     -4.39864            0     -35.7555     -14.2311
     -11.197      3.69513      14.3303            0     -286.306      7.02273
    -2.58402      15.9836      -13.198            0      32.6552     -6.71455
    -5.17532      13.8298      3.96783            0     -12.8871      7.53489
    -5.39368      5.03295     -2.54235            0     -60.2539     -8.48563
     -3.6026      4.10301    -0.931371            0      51.2226     -4.17702
    -6.32771      6.71442     -13.7237            0      79.1839      -12.787
    -4.12956      3.57311     -27.6026            0     -90.4107     -10.1264
    -5.04462    -0.611416     -10.1027            0     -41.6703     -7.71375
    -2.75907      3.42332      5.73764            0     -109.976      0.31385
     4.66755      33.7352      -3.7282            0     -26.6921     -7.01831
    0.108448      10.4735      -3.7647            0      3.97797     -4.85816
    -7.75856        3.745     -5.08891            0      52.0989      -12.304
    -3.15916      8.38242     -10.2573            0      40.0732     -12.2601
    -2.73009      27.8113      5.94762            0       14.391      2.88984
    -5.55191       4.7259     -16.8561            0     -157.062     -6.34784
    -5.54057      30.0496      4.22146            0      74.2682      6.59982
    -0.35839      13.3364      1.67045            0      84.6371      -2.4125
    -2.17732       35.942     -5.79051            0     -41.8965      6.48621
    -0.94018     0.791235      4.99042            0     -28.7895     -4.42598
     1.05723      13.8823     -18.9584            0     -20.9589      -21.601
      3.0568      28.3048     -2.39892            0      -38.299      6.11963
    -5.67294      7.90539     -3.75318            0     -49.3393     -6.56706
     5.31876       30.801      1.93416            0       61.032     -15.4643
    -1.36727      12.0974     -10.9238            0     -77.9308     -3.01098
    -4.28628      12.2065    -0.669752            0      31.4006      3.03169
    -7.33121     -5.07886      15.0347            0     -101.107     -4.59095
    0.596051      19.9959     -15.1578            0     -85.1685     -6.67501
    -5.57532      14.2034     -6.93156            0      -104.06      6.92036
    0.521315        11.57      -2.5576            0     -97.8282     -1.18197
    -4.96886      24.7023      5.22647            0     -121.677      8.13597
    -6.31825      8.09823      12.0605            0     -61.6937      3.56552
    -8.00532      -13.784      24.9298            0     -99.5845      -14.735
    -2.73257      5.15413      1.74207            0     -32.8465     -8.70095
    -2.95675      13.8427       8.4003            0      27.7091     -2.48241
      -1.016      13.7187     -8.40891            0     -4.76983     -10.3901
    -2.88755      11.8626     -14.3949            0        6.632      -2.8924
    -10.8589      8.21869      17.0886            0      31.9221     -2.33074
    -5.68433      11.8814      17.4609            0     -58.6058      1.81605
    -6.10028     -1.86258     -18.5487            0     -48.1446     -17.7838
   -0.401608      7.89761       -6.311            0     -10.9733     -9.97941
    -9.82476      9.94949     -13.1621            0      67.6406     -1.25752
    -5.15832      2.71801      2.65281            0     -84.1595     -6.99629
    -2.52132       15.149     -5.19421            0     -99.7602      10.7865
    -6.19683      14.7679     -1.32299            0     -70.0523      3.36086
    -1.53384      21.2242      14.4497            0      -88.325     -7.85299
    -1.67628       15.429    -0.102544            0     -83.8657      11.0214
     1.66621      15.7127     -0.76997            0     -86.3122     -12.1916
    -1.37332       4.8293      8.42944            0      -3.9947     -6.95477
     4.67329      25.0197     0.320108            0     -58.6441     -3.53865
   -0.723494      24.2441      5.48423            0     -35.7337      7.49003
    -4.72815      8.34553     -6.61812            0      27.6272     -13.8225
     1.55875       17.023        1.848            0    -0.986114      1.40397
     1.56819      24.2355     -4.75617            0       11.816     -7.28269
    -4.91512      24.5081     -4.58068            0      160.139     -3.60644
    0.995692      14.3407      14.5733            0     -11.2564     -12.7616
    -1.59897      8.65039       3.3859            0     -28.1571      2.30447
    -4.98993      7.92293      -9.8739            0     -1.36844     -2.43761
    -4.42856     0.331922     -2.82311            0     -208.339     -13.5391
    -5.52612      10.3989     -10.1331            0       47.059     -1.41652
   -0.708409      5.95268    -0.832601            0     -21.8874    -0.145752
     2.05444      7.90237      2.74599            0     -66.6476     -8.99572
     -6.3899       11.835      9.14657            0      16.3933      7.10536
     -8.1661    -0.494131      14.3983            0     -38.6592     -7.29478
    -3.20269      10.4015      2.21691            0      70.9758      1.38751
    -7.21811      2.14152      4.74492            0     -75.3402     -1.18683
     2.45664      32.8307      12.8455            0      33.2258      -17.585
      3.2401      15.4097      3.71867            0     -59.1634     -9.74469
    -6.90878      20.0675      9.51594            0     -46.1462      8.73695
    -3.36276      10.3288      2.10314            0      94.1257    -0.381962
    -4.45251      22.8052     -4.19524            0      11.4616      10.2009
    -5.52275      1.14675      13.1777            0     -95.9333      2.19501
    -1.20554      26.7065      10.0419            0      118.068     -5.18201
    -3.50573      9.57326     -9.27288            0      8.43469    -0.408265
     5.41677      31.5597     0.527828            0     -57.0696     -1.60068
    0.332573      20.6052      3.58579            0      136.368     -14.9395
    -1.17397      19.9749      11.8955            0      10.5248     -2.56767
   -0.593417      27.0295      6.64084            0      25.9647      2.15502
    -8.04424     -10.2954     -1.85308            0     -180.543      -19.875
     -1.1905      9.79009      0.21026            0      -5.9558     -8.74187
     3.98489      13.3495      5.13419            0     -18.9373     -11.3949
    -4.88371       12.664     -10.7155            0      5.76042      1.64771
    -2.36692      19.6687      4.98372            0     -44.8641      6.42722
    -2.07117      5.69803      8.21748            0     -79.7909     0.659663
    -5.19581      9.26524     -18.6613            0      20.1833     -3.59092
    -1.02369      2.48562     0.815198            0      32.6724     -2.32315
    -0.83145        20.32     -6.46765            0     -86.7578      9.56851
  -0.0359885      5.70995      6.12003            0     -69.3383     -4.35059
     -5.7412      14.4994     -10.8971            0      109.962     -2.09524
    -7.86459      2.46824     -18.8663            0     -35.1838     -7.73443
   -0.428299      27.2231     -2.87656            0      48.7216     -3.15644
    -4.83654       3.7752     -3.27556            0      5.56648     -2.99589
     6.94564      24.6413      8.18433            0      2.24295     -13.2272
    -3.06433      9.33277      4.53711            0      23.3642     -5.10492
    -2.46533      10.1108     -3.56376            0     -16.0945      3.89577
     -4.6458      11.5196      8.15373            0      93.7841     -5.13158
     3.80111      15.7459     -8.09921            0     -11.8491     -14.3214
    -3.84768      9.58145     -9.61794            0     -4.02274     0.388251
    -9.44496     -2.40655      22.2201            0     -71.9093     -14.7633
    -4.10284      7.38644     -7.05523            0      13.0797     -13.0991
   -0.933542      8.43916     0.648221            0     -14.2642     -1.29754
    -4.64023     -3.51252     -2.00277            0     -49.3201     -10.2502
    -3.78079      5.80846      2.12403            0      22.4842     0.995797
    -3.21267      15.8067       1.0873            0     -57.9788      11.0825
    -4.28843      13.6274      6.97748            0     -65.1046     -6.55107
   -0.725035      22.8089      -3.8058            0     -41.5372       8.4378
    -2.71875      3.88622     -4.69545            0      37.2611     -4.68809
    -1.23319       24.213     -15.9225            0     -58.6693     -2.01476
      -6.094     0.263374     -5.64846            0     -68.5087     -7.76923
    -1.53601      4.24222      2.38549            0     -54.5234     -2.88371
    -1.97941      12.3246      9.37911            0     -58.1896        1.273
    -3.68324      2.81363     -9.04749            0     -34.4861     -11.0296
     2.19669      18.5263      3.12236            0     -38.4986     -5.90143
    -10.7878     -8.86179      6.37811            0     -26.0317     -18.4655
    -4.95881      15.5749      2.82988            0      108.089     -6.53819
    -2.48387      17.8504      10.3987            0     -15.8708     -12.4559
    -4.22621       3.7365     -19.0222            0     -43.7629     -16.4508
    0.504622      7.85909    -0.750171            0     -43.8673      -7.2737
    -1.33894      10.4363    -0.722787            0      9.38067     -14.1404
    -3.88405     -1.01615      -5.8643            0     -70.5405     -5.31183
    -1.49256      4.83848      6.21754            0     -16.5472     -6.71789
     2.96362      13.6713     -1.16292            0     -22.4342     -7.22324
    -4.16282      8.75467      11.4973            0     -118.189     -9.23091
   -0.116571      5.90829     -7.76164            0     -62.8106     -6.27738
     -5.5624      8.24282     -12.9344            0       87.802     -9.68865
    -0.77647      24.3416      4.61062            0      154.485     -6.17185
   -0.692656      16.8488     0.204786            0      13.8367     -8.67898
    -4.87092      7.54004     -3.36996            0      96.8452     -2.46189
     1.05745      20.2553      4.71811            0     -26.5939     -12.4361
    -3.20939      22.3678     -2.27113            0     -125.468      13.9114
     1.37146      13.6705     -7.32492            0     -43.9003     -13.7512
    0.275679      20.1881      10.3749            0      45.8161     -12.2159
      -3.829      3.86306      2.93357            0     -55.5708     -5.73599
    -1.91595      21.5058     -2.97142            0      43.0371      -18.208
     2.84833      37.8546      8.74348            0     -17.9637      4.76377
    -2.84818      4.91791      6.11962            0      -64.941       0.2512
    -0.67611      9.76377     -5.32495            0     -36.9042     -3.27559
    -2.92786     -2.44103      3.74961            0     -113.564      -14.856
    -2.75917      5.33985     -14.6327            0     -56.4799     -6.66273
    -1.53678      13.2007      9.64344            0     -99.9335     -4.32236
    -2.05329      5.18857     -4.58439            0      11.5599     -1.82018
    -1.26428      38.5625     -14.9856            0     -94.0187     -16.2091
    -9.07411      7.23855      8.29705            0     -74.5184      1.63176
    -4.98873      20.4343       8.4983            0      5.44825      3.34959
    -4.07514      17.2148      1.73694            0     -33.5802       9.7802
    -5.83074     -1.12199      2.27064            0     -33.1199      -10.028
    -4.24039      1.45956     -4.80255            0     -85.8919     -20.8246
    0.076666      7.00934      6.29157            0     -99.9943     -10.2538
     6.44076      28.6576      -1.7335            0     -68.6975     -7.47188
    -4.14372    0.0910891      4.57584            0     -86.3125    -0.364805
     6.30054      23.6574      2.68186            0     -20.5997     -11.6809
    -6.62439      3.84145      9.78544            0     -44.3704       2.1432
     4.12251      22.1003      3.40932            0      63.4064     -4.38769
     -4.1589      5.73752      4.38523            0     -16.2455     -5.37156
     -1.3326      14.6251      6.50612            0     -69.6134      2.69766
    -1.57607       6.1036     -0.36737            0     -8.02969      1.05835
     7.01202      26.7343     -6.15725            0     -83.6761     -24.7481
   -0.267439      9.30699       4.8193            0     -37.1297     -3.03335
    -1.29574      8.25047     -6.59503            0     -154.994     -13.3239
    -3.98481      26.8465      10.9208            0     -70.4527      11.4375
   -0.746402      24.0707     -4.69044            0     -97.1525     0.779874
    -2.23444      19.6097     -4.96733            0     -34.6908     -6.14573
   -0.140017      24.3222     -2.54553            0      75.8063      -8.1265
    -6.05515     -9.85595    0.0302655            0     -143.204     -14.2791
    -4.94719      7.98718     -15.6048            0     -108.251     -2.50464
    -8.63581     0.132455       0.6207            0     -14.4894     -6.44682
    -1.37109      11.4973      1.72466            0      28.3295      3.34021
    -3.18736       13.614      2.95303            0       17.159       -6.446
    -1.24533      34.5067      4.67246            0     -82.1102      13.8909
      1.8283      14.8546     0.952827            0      36.4115     -4.93653
     -4.4339      20.7546      3.39987            0     -8.65354     0.954438
    -5.05347      4.45399     -3.47312            0      62.0745     -6.12832
    -5.81763      8.69023     -22.7813            0     -168.147      -1.4474
    -1.94877      9.66124     -2.75315            0      26.3805     -7.81886
    -1.20009      7.62421    -0.130163            0     -21.8683     -10.6337
    -3.27396    -0.415098     -7.96688            0     -75.8553     -6.73783
    -2.86402      5.06388      7.78404            0      49.1079     -3.80489
    -3.96338      10.6368     -19.6708            0     -66.3818     -2.53449
    -7.92682      7.63105     -5.58343            0     -50.0773     -3.82873
     1.44001      28.8866      2.91975            0      -89.826      1.42591
     1.63051       20.122     -6.71571            0      60.7613      -9.8781
    -3.62676      11.0792      -5.7805            0      25.3833     -3.13219
     1.96795      15.0203     -2.91831            0     -74.5683     -5.91512
     -1.5753      12.3114     -3.17074            0      88.9336     -4.88157
     4.70529      22.4694     0.934536            0     -8.46502     -5.08246
    -4.29304      11.6188      6.55262            0      140.573     -1.82307
    -1.63279       4.7393      3.22737            0     -33.9567     -11.9137
    -3.19788      13.4142     -7.12859            0      49.5542     -1.87547
    0.516708      16.2282     -9.58189            0      64.8622     -14.8059
     2.25006      11.2099      9.21031            0     -42.5594     -8.64048
     6.46711      22.3121      7.26558            0     -92.4629     -9.43651
    -1.89906      12.6365      9.78996            0     -48.0751     -5.09969
    -2.47711     -6.13078      2.93923            0     -120.256     -14.0119
    -3.19446      15.9055     -1.54958            0     -76.4614      2.73825
    -4.00616    -0.841969      6.89965            0     -91.6781     -9.34051
    -5.99397     -4.88485     -4.35017            0     -131.241      -11.745
    -2.09386      5.64086      19.0688            0     -15.5115      -17.712
    -5.81037       4.6487      9.29248            0      -86.187     -17.3279
     1.77732      8.82143    -0.302443            0     -40.9152     -6.87377
     1.59218      10.8653       -1.929            0    -0.605562     -2.80397
    -4.94978     0.489084      3.35759            0      43.3785     -4.49276
    -4.94596      10.9848      1.25272            0      167.106      2.01341
    -6.84828      11.4973      1.31825            0      36.6016     -9.01013
    -1.66734    0.0502301     -8.42408            0     -9.19065     -8.03781
    -8.08784      2.30333      11.9279            0     -1.99903      -4.1062
    0.401952       11.206      12.5517            0      74.7629     -11.2969
    -1.05437      13.9063      7.92894            0       37.385     -3.13533
    -4.49659      10.0895     -5.00545            0     -22.9704     -13.9723
      -3.187      3.02103      3.45966            0        12.65     0.804182
     1.53454      17.6332      -1.2789            0     -10.5804    -0.303293
    -8.52619      28.2285      6.78621            0     -44.0502      17.7745
    -2.06419      3.21804     -1.02039            0      34.9039     -5.36554
    -3.06917      5.42584     -9.30081            0     -46.9802     -7.78752
     1.68714      15.4749     -3.18422            0      28.8584     -9.59436
    -4.34352      6.07763      9.36906            0     -65.4809      5.16853
     1.07123       32.003    0.0928603            0      -17.161      10.1864
    -6.05362      10.3661     -5.38458            0     -54.8547      7.16652
     -2.3922       6.8874     -5.90268            0       9.3298     -3.56785
    -6.53215      2.98171     -12.2494            0      45.9227     -10.0312
    -2.68196      13.8234      -4.9506            0      -106.55     -8.84453
    -7.63842      3.88735      9.74411            0     -191.497      2.09234
   -0.661132       7.3843       -4.152            0     -5.55319     -6.57862
    -4.07641      14.4277      4.04513            0      5.27023      5.29559
    -2.99195      8.34796      8.97215            0     -114.319      4.25884
     1.30491      26.8522      4.30098            0      11.7438      4.06015
     -5.0218      14.1399     -2.36687            0     -29.7597      3.32216
    -3.57835      7.88768     -16.2883            0     -72.9782     -2.71343
    -2.92985      16.2772      10.1294            0     -73.1233      6.98331
    -3.05528      3.22212      8.82362            0     -80.3705     -8.52321
    0.361504      18.0906     -3.72423            0      66.3727     -10.5317
    -2.64072      19.6668     -1.98226            0     -18.0739      12.3601
   -0.439917      29.7181      10.7897            0     -80.3557     0.544192
     2.72809      20.3877      5.96505            0      102.349     -9.78309
    -3.54863      15.5477     -14.9385            0      59.7408     -12.4962
     1.67373      23.6415      8.57949            0     -68.3966      -3.3705
    -7.06666      17.5819      12.2659            0     -122.612    -0.525657
    -1.68977    -0.648118      -1.7193            0     -24.6892     -1.76813
    -4.33252      5.63295      8.45475            0     -49.4284      -4.1848
    -2.03834      24.7312      4.36644            0       84.254    -0.151922
    -8.67972      5.93719     -14.4667            0       13.215     -9.45491
    -1.28853      5.27607    -0.969238            0     -83.3881     -21.7618
     6.87218      40.8692     -1.41137            0      79.6155     -9.07817
    -2.05539       15.521      2.34278            0     -13.5438      1.49638
    0.453369      26.0922     -4.61234    0.0617233      42.8196    -0.292545
     -1.8002      11.2139     -17.3274            0      -96.908      -19.539
     1.78252      18.1775   -0.0928084     0.128565      66.9929      -11.349
    -3.17633      18.9629       3.5735     0.123932      95.6962     0.201913
    -8.77534      7.80721      18.4168     0.123405     -49.5851      1.49455
    -3.47761      12.7162     -5.26724    0.0530067       25.727      3.10504
    -1.09174      11.5477     -3.46629    0.0958272      38.1945     -3.76093
    -5.44952      7.20514      16.3081     0.138947     -61.4117     -6.64649
    -7.98757       1.1136      11.1419     0.146434      -34.637     -5.60228
    -2.63188      28.0002     -6.09624     0.143881     -20.2944      6.71943
    0.243152      8.58485    -0.187537     0.113378     -23.2564      0.30626
    -8.07587     -1.26121      23.6901     0.131989     -130.447     -7.74708
    -8.76542      6.05545      13.7901     0.122825     -18.2749    -0.306461
   -0.936144      5.48076    0.0126531     0.180384     -4.59964     -9.48092
    -8.81048     -1.78633      4.38353     0.090599     -8.77652     -23.5617
      7.2059      32.9978     -0.78526     0.105057     -94.6832     -17.0907
    -8.24139    -0.159684    -0.764977    0.0871015      9.75995     -8.08201
      -3.583      12.0517   -0.0388328    0.0837283       109.43      1.00706
    -2.63345      6.32994     -1.12072    0.0734008     -33.3233      3.14774
    -6.70185     0.914754      8.89349    0.0333622     -12.1279      -1.8736
    -6.16809      18.6898     -5.59659     0.114685     -11.2258      5.97195
    -4.07941      14.1349     -1.53588     0.197926      35.9508     -10.9734
   -0.751465      15.8339      4.85453       0.1489     -24.8255      7.76683
     1.92064       14.728      6.99433            0      41.3654     -6.77679
    -7.70759      15.5746      10.2743     0.102034      -177.82      5.96179
    -10.6736      10.6797       5.3116    0.0718331     -50.3805     -2.17805
    -3.96954      9.62987      3.93154            0      16.6729     -12.5299
    -4.49794    -0.711881       8.9598     0.142617      -19.927     -8.94829
   -0.996125      24.8234     -1.71988      0.12883     -100.858     -4.26325
     -2.2085      13.5345     -4.58565    0.0540427     -38.2483       1.0618
    -4.25692      10.9121       4.5117    0.0791409     -54.3813      -4.0227
    -2.86368     -3.27366      17.8849     0.074629     -150.944     -7.84725
     1.45204      1.21759      0.69647     0.086996     -39.2235     -1.03488
    -4.47277      3.27977     -2.42609     0.101406     -96.1233   -0.0716085
    -5.46395      8.65106     -20.8459    0.0512759       1.9684     -10.7602
    -5.60911      14.5936      2.75197     0.216534     -60.0866      3.49724
    -3.78956      14.4856      4.63286     0.144003     -83.5133      13.1843
   -0.869384      6.25471      1.25467     0.125122     -28.1728      2.54659
     3.09355      23.6954     -4.98899     0.189712      41.7177     -22.4755
    -3.28467       29.048      3.43553     0.119926      3.70611     -8.31372
     -2.4621      3.93953      11.8221      0.07196     -101.805     -4.79481
    -8.36089     0.285127      6.65183     0.133606     -25.8536     -5.06024
   -0.212165      13.4062     0.364164    0.0975911     -7.40166      3.45154
    -4.91207     -4.49859     -6.00068     0.135793     -186.429     -13.4563
    -11.0592    -0.106586     -0.26374      0.14282     -99.6554     -13.1722
    -4.10983      10.3268     -19.5628     0.138994     -90.2644   0.00860868
    -2.04097      20.0943      10.8455      0.14252     -11.3413     -13.7432
    0.199722      12.6254      1.69635     0.144189      95.9645       -3.572
    0.725201      21.6056     -12.1589     0.142717     -52.4916     -10.2068
    -4.10272      13.3129      8.35162    0.0779523     -50.7838      2.81048
      1.9527      22.2238     -4.05691            0        36.23     -8.12719
     -3.8544      4.67737      14.6827            0      -25.622     -11.0977
    -1.86216      22.6789    -0.313239            0     -59.2799      6.33437
    -6.92214      10.4927      1.50696            0      64.8514    -0.662368
    -7.67751      6.37821      15.0621            0      97.6163     -6.99498
   -0.642632      5.05011      6.27294            0     -111.088     -10.4578
    -1.22727      15.1367      0.21871            0      11.4206    -0.284996
    -4.02146      4.92688    -0.758989            0      63.4903      1.10884
    -6.35555      6.92795     -4.79835            0      129.219     0.955803
    -3.19368      13.5791      9.71783            0     -110.344      1.83113
  -0.0253137      12.5891     -5.35718            0     -22.6229     -4.47079
    -6.84447       25.175      -4.8131            0      95.2038      13.5431
    -5.54709      14.5691     -18.1645            0     -105.479     0.882366
     -6.5059      22.2925     -13.7459            0     -92.8258      13.3279
    -2.60684      20.6998     -5.56313            0      92.3919      1.53934
    -3.96902      8.52737     -2.58332            0      64.7721      1.74535
    -7.56275    -0.598467      12.8405            0     -40.6528     -28.3115
     -5.1224      17.2468     -6.54238            0      109.452     -7.73254
      1.4714      30.0379      5.55705            0     -135.202      16.8218
    -4.54861      15.8648     -7.29669            0     -33.2324     -17.0636
    0.695487      15.0423     0.707903            0     -34.7383     -4.48089
    -3.78469      14.9213     0.741512            0     -22.0308       7.8574
    -4.24604       8.5681      2.06498            0     -141.007     0.498914
    -4.13954      12.9871     -1.01295            0     -83.1172      11.7949
     5.16954      41.9034      6.56255            0         12.8    0.0791806
     1.09685      4.05995     -0.39079            0     -19.8472      -7.5544
    -1.87362      6.33768     -14.0113            0     -35.2381     -6.21267
    -4.39995      18.9489     -4.21942            0     -55.2328      5.81735
    0.758148      10.3417      3.13288            0     -35.5679     -5.14849
     2.01624      26.2548      6.90877            0      68.3391     -6.43323
    -5.51293      14.2173      1.70255            0     -187.792      13.4664
    -5.20976     -3.69805       9.4873            0     -175.994     -11.9504
     1.30579      30.5171      5.78034            0      -15.814      7.40378
    -3.36556      12.2042     -2.29859            0     -193.465     -20.9208
     -9.9643      13.4531      21.4164            0     -166.668       10.875
    -2.16038   -0.0262408     -9.19305            0     -50.7784     -12.9494
     -3.9495     0.332196     -7.59828            0      16.6091     -6.65937
    -3.48984      3.84129      12.0486            0     -108.341      -3.5344
    -3.71635      13.3998     -7.71533            0     -6.84088      3.50442
    -2.33884       25.458      11.2845            0     -66.2588      11.0758
    -2.59315      20.9376     -5.00331            0     -14.3523      1.35906
    -2.16605      16.5126      -4.4732            0     -47.1985     -6.50516
     2.44252      21.1123        4.872            0      74.8572     -4.17377
     -7.5656     -13.2491      5.05784            0     -135.479      -14.482
    -5.34483      6.88858     -8.83361            0      35.3716     -7.28123
    -4.03218      18.3166       27.973            0     -108.589     -6.09989
   -0.791647      5.26513       18.796            0     -79.8791     -16.3699
   -0.707746      1.86428      -4.1115            0     -57.4804    -0.895868
     -1.7736      14.6526     -3.26521            0      -9.7444      3.78641
    -3.69797       9.5017      6.01771            0     -91.1257     -4.33513
    0.203808      12.0779      2.27603            0     -66.7945      -11.639
     -6.2927     -2.61485    0.0207872            0     -161.535     -4.87725
    -4.10599      12.5228      -13.134            0     -81.3198      9.22077
    -6.82393       9.3541    -0.349722            0      91.7751     -2.00559
    -2.23162      14.4218      2.42023            0     -117.115     -5.84845
       4.228      20.7695     -3.00515            0     -86.5435     -1.31919
    -4.71759      7.28012     -5.12944            0     -3.88765       1.6297
    -2.41341      15.1506     -2.92971            0     -66.1345      2.52728
    -2.41517      13.8854      6.40024            0      34.5876    -0.270419
     1.89709       14.375     -7.09319            0     -110.201      1.00948
    -2.28162      2.82752     -6.12629            0     -18.7915     -8.38142
    -1.68482     -3.06791      15.5881            0     -94.3441     -15.7302
     0.25003      11.7628      10.0768            0     -33.4164     -14.7363
    -2.31263      6.16315     -18.9721            0     -78.4771     -5.13243
     2.33423      18.0548      2.50339            0     -2.78012    -0.591412
      1.8691       23.869  -0.00931366            0      57.6248     -15.9045
    -3.01749      5.09448      6.14105            0     -50.5385     -1.90021
     1.99885      23.8864      1.02403            0      19.5109     -1.65476
    -4.01515      4.05564     -4.52162            0     -24.6861     -2.59119
    -3.02456      -3.1114      7.09084            0     -102.412     -9.76757
    0.266152      14.6482      6.22638            0      45.3711     -5.64227
    -4.20956       11.506     -10.4807            0     -48.3208      6.89026
    -8.83601      11.6327     -7.92249            0     -136.964      4.32178
     -6.5193      4.57287     -1.71573            0     -28.6818     -18.2119
    -5.39093      9.28389     -9.41283            0      25.9953     -7.21739
    -8.75592     -5.17633      24.0055            0     -121.386     -8.47022
     1.81733        30.04     -6.60127            0     -196.779      2.84157
    -1.66787      8.44799     -2.87166            0     -79.7449      7.12788
  -0.0336535      17.0492      3.68115            0     -48.9407       4.8868
    -3.78556      27.8164     -2.51744            0      59.7268      7.34996
  -0.0809374      25.1152      4.24825            0      91.2557     -9.06806
     4.54931      25.5067     -14.7113            0     -69.1426     -23.2032
     2.13024      17.2966      7.75847            0      9.66731     -7.05421
    -3.44914       4.7835      14.0448            0     -22.5077     -4.71065
    -3.60932      4.57441     -10.6032            0     -88.7099     -8.19533
     4.16883      19.6713      4.23651            0     -60.9166      1.48702
     1.13228      14.5339     -10.2415            0     -5.55639     -8.67493
    -3.50635       2.0928      4.96798            0      47.5175      -2.8772
    -2.94542      28.7596     -5.97543            0     -92.1769      8.05255
   -0.369698      10.6801      -5.5246            0     -81.9682      7.45656
    -7.58024      3.35467     -18.3456            0     -35.7035     -13.1964
    -1.06647      30.3032      14.9939            0     -50.5027     -5.78239
    -11.4981      -2.0699      5.78674            0     -44.4678     -8.45761
    0.135943      10.1641     -4.81558            0      -85.788     -12.6851
   -0.953248      22.4356     -13.9256            0      89.4594     -16.5673
     -3.0743      2.27093     -7.81699            0     -35.3379     -13.3694
    -6.08318      6.03533     -9.16323            0     -185.653     -3.70343
     3.72758      28.2725    -0.587062            0     -77.7286      -3.3815
   -0.547278      19.9868      1.75282            0     -10.9488      4.37626
      4.1346      18.8872     -5.65598            0     -105.527     -9.14523
    -3.99788     -5.67282      8.05133            0     -97.2752     -8.50482
   -0.892027      12.2717     -3.08625            0     -14.9765      2.26144
     -3.1757      25.3263     -16.8942            0     -52.6164     -9.79149
   -0.300518      17.7075     -4.12413            0      2.13714     -7.29447
     3.81633      13.1087     -8.00435            0     -13.4446     -15.6821
     2.90414        18.61      1.33627            0     -92.8399     -1.64923
   -0.660198      5.58658     -1.39044            0     -183.964      -6.4948
     -8.5283      27.4338     -9.16237            0     -27.2457     -1.92576
    -6.94225     -2.82412      14.6988            0     -17.0392      -7.5688
     5.16835      34.2701      4.53578            0     -60.0535      3.63551
    -8.87085    -0.583709     -17.5718            0      -110.93     -14.4169
    -3.48854      7.19415     0.833405            0     -9.56656     -12.2875
    -6.80858    -0.620691      12.9888            0      12.4378     -2.56002
     4.27766      17.6389     0.411809            0      6.87567     -17.1498
    -3.62029     -1.63704      9.14609            0     -19.6801      -4.1122
   -0.585147      20.3001     -2.80095            0       112.11     -10.1049
    -3.56404     0.693954     -4.99011            0      -38.259     -11.2622
  -0.0641013      15.9538     -3.29384            0      53.9219     -11.5161
     1.02527      7.09064     -2.82154            0     -12.4895     -5.31085
  -0.0140935       12.685      13.1144            0     -72.7111     -15.6558
    -2.56754        15.95     -4.73544            0     -121.045      5.08369
     -5.0727      6.62088     -8.83418            0     -80.1003     0.196809
    -1.99279    -0.931667      3.79124            0     -27.2424     -4.76983
     8.78835      23.8574      4.62091            0     -16.6877      -9.4913
    0.080216      15.6685      4.40022            0     -111.438     -14.9822
   -0.293159      12.2383    -0.690753            0      6.49828     -18.4348
     -5.2153      17.9295     -7.17382            0     -230.488      0.58446
    -5.41428     -5.15365      10.5697            0     -50.0998     -7.25554
     8.12793      27.0051      13.7605            0      62.1754     -16.1359
    0.894401      5.74287     -3.19974            0     -54.9424     -3.73449
    -3.51756      12.9993     -5.32852            0     -51.8062     -4.53809
    -1.26048       3.8477     -6.98767            0     -32.4551     -2.34833
   -0.120249      28.5732      9.30957            0     -77.9162      8.18124
    0.677759      21.1444      2.76399            0     -46.4232      11.4191
    -6.23858       2.8464      7.67926            0     -44.6868     -17.5521
      1.8198      12.3714      2.13705            0      29.3376     -8.06691
    -3.77103      9.30061      11.5889            0     -64.9042      1.77279
    -5.03584      11.9933      4.95913            0     -111.924     -3.63169
     7.21051      21.3814    -0.886395            0     -52.4464     -8.18446
    0.868544       29.507      -6.3149            0     -95.4593      4.46546
    -12.2835     -13.5037      22.6041            0     -151.812     -11.9235
    -4.94204      5.15176     -11.7357            0     -34.4757     -9.32436
     4.75275      30.4593      10.5019            0      60.7888     -10.2516
    -1.58533      5.95789      25.6251            0     -36.8114     -16.8553
    -1.96087      20.2543      6.03286            0     -67.3496     -1.34121
     6.32386      38.4562     -6.44337            0     -74.2085     -19.5797
     5.27443      21.1166     -2.99168            0     -39.7794     -4.60936
     -1.5866      4.44434      8.60469            0     0.680873     -8.61411
    -4.05629      12.5109     -6.73351            0      14.2566     -1.11622
    -0.56173      16.4648     -3.75256            0     -102.909     -14.2852
    -1.01965      2.63825     -2.68927            0     -90.9584     -8.77205
    -5.97786      8.10691     -14.4435            0       -81.52      -0.7732
    -6.28787      7.55279      4.17439            0      66.8049     -8.55606
    -4.77837      19.7169      4.06274            0      27.1058      8.96052
    -4.54172   -0.0621863       1.0054            0     -0.82712     -5.47977
    -1.86757      15.4769     -5.97899            0     -150.435     -2.28986
     8.15504      34.5603       10.369            0      7.22217     -7.63567
    -7.27579      2.91809       6.6355            0      65.4006     -1.22777
    0.256369      3.86271      2.88144            0     -60.9732     -6.53414
    -1.29658      19.7213     -6.24783            0       -33.08      4.83588
    -5.23832     -3.71161       4.1422            0      -75.416     -7.99086
     1.14814      14.1398      13.2182            0     -78.2432     -18.2569
    0.360566      27.2642      2.77611            0     -106.669       12.626
    -7.83408      5.06236      10.0805            0      4.65904     -6.50142
      2.1464       4.7617      3.05742            0     -100.735     -2.01709
    0.425754      24.8019      2.58796            0     -192.301     -1.92231
    -3.30085      2.86723   -0.0846641            0      -133.92      -10.688
     1.77365      28.9202      5.88249            0      20.5929     -1.27012
    -1.73612      6.59592     -1.26129            0     -92.7978      4.92313
    -8.16941      7.50381      16.5409            0     -110.751     -5.16857
      2.2834      16.8085     -7.52409            0      24.9464     -16.2614
    -2.67668      16.5096      15.4307            0       54.877     -8.23395
   -0.454504      13.2242      12.6698            0     -64.8059     -5.38299
     2.28659      30.9556     -11.2933            0      44.9162     -8.14827
     2.05881      40.5968     -10.9729            0     -31.0063     -20.3521
     -6.5319      8.50569      8.55948            0     -99.7078      7.18207
     1.37275      33.1535      1.60914            0    -0.183345      1.89253
    -8.06757     -2.02239      11.6651            0      77.4598      -8.0933
     2.89368      23.2988      1.53685            0     -30.2947     -4.71456
    0.880143      4.77601     -1.35426            0     -30.0121     -7.73904
     1.61443      13.5137     0.211339            0     -18.5613     -5.21995
    -1.71523      7.01782    -0.689498            0      -49.118      -17.818
    -2.03502      38.1542      3.76241            0     -194.595      25.8347
    -5.99272       8.8977    -0.886756            0      88.7825       -3.011
    -4.91683      20.4538      20.2216            0     -61.1141     0.388901
    -5.83719       13.558     -3.71776            0      124.998     -3.84354
     2.40065      29.1833     -3.35805            0      106.584     -15.0092
     2.10945      13.0944      4.24272            0     -66.1045     -1.24712
     0.08851      6.61757      2.26646            0     -45.5172     -4.27881
     2.61871       23.931      9.11507            0     -153.311      9.86597
 -0.00790415      11.8189      14.1782            0     -35.1582     -10.3124
     3.08608      45.8904      14.0044            0      -10.336     -3.70737
    -3.47601      8.50333     -11.0898            0     -103.743      6.00811
    -8.87495      17.5663      10.8228            0      13.4634      7.85721
    -3.49924      11.2198     -5.81719            0      -36.523      4.77292
     1.51052      11.1549     -3.41721            0     -101.484     -1.68024
    -1.66597       4.5047     -6.54876            0     -15.3436     -1.96334
    -6.75147      3.60106     -2.19492            0      53.8636     -11.5451
    -6.73716      4.05977      11.5674            0     -148.466       2.0768
     1.29958      11.0681     -8.59175            0     -59.3927     -6.44977
    -5.93207      5.97196      -9.0854            0      92.2755     -4.09694
    -2.80144      11.5445     -3.08352            0     -27.3356      -4.8167
     5.94462      33.0031      18.6948            0      28.2206     -15.9014
    0.521402      35.8192    0.0374234            0       74.148     -4.60361
    -5.66212      17.3854      12.0387            0      119.897     -2.22807
     3.29618      18.7559      2.01026            0      23.1715     -3.19828
    -1.24962        24.23     -12.0778            0      63.6963      -15.812
    -7.35313       21.716     -18.0306            0       -174.5      14.7887
    -6.31125      32.4815     -2.20392            0      102.522     -1.69283
     3.29058       19.843      13.0374            0      -26.164     -7.14232
    -3.94799      8.29347      9.34194            0     -77.1286      5.07781
    -10.5115      17.9357      10.2466            0      32.3198      12.7015
    -10.2741      -8.5059      21.9815            0     -80.2934     -16.8181
    -10.5243      9.79128      3.43833            0     -130.427      3.58159
     -3.9773      24.8412      7.88927            0      105.322      1.61614
    -3.88112      -1.0065      11.8155            0     -88.6355     -3.64338
     -5.9025     -8.20432  -0.00911179            0     -121.788     -10.5371
    -2.22765      38.3912      3.07125            0      50.6987      3.83894
    -6.37431      18.4171     -14.0552            0       43.693     -6.58448
      1.2343      25.1771     0.947934            0     -1.90763    -0.234988
     5.57955      22.0386     -7.24743            0     -46.4896     -15.3573
      3.9729       11.323      7.16543            0     -52.2801      -4.8609
     -1.0018      10.3785     -14.2873            0     -19.6381     -11.3363
   -0.777756      14.9981       15.012            0     -40.8969     -11.5142
   0.0188025      30.5637      1.19064            0     0.849506      11.8743
    -1.90384      3.69247       7.7496            0      34.9449     -6.86255
    -5.50221      16.6857      -7.5628            0     -54.8191      1.76247
    0.249971      3.01733      -3.5493            0     -63.2275     -11.0531
    0.116001       29.502      5.95809            0      13.4231     -3.45756
    -4.97007      4.92452      10.7191            0     -66.0166     -7.43501
      9.8938      41.2757       15.054            0     -54.3817     -8.63782
    -1.37035      14.7244     -3.66795            0     -104.583      14.4583
    -1.35649      14.9384     0.758026            0     -2.61014     -2.06112
    -8.36839      6.17071    -0.153956            0      165.938     -3.16939
    -1.19337      3.63772     -5.14405            0     -97.9542     0.729457
   -0.258618      16.1981      -1.7112            0     -76.3518     -4.59479
   -0.679204      23.3759      6.34009            0      5.09747      2.90576
    -3.86663       21.367     -1.31102            0      1.89996       15.522
    -4.89959      18.6125    -0.636192            0      9.21745      2.57352
     -3.6992      7.39488     -3.80261            0     -52.9576     -4.14629
     -1.4683      14.5513     -4.57118            0     -46.0529     -11.2684
    -1.08744      10.8244      4.96567            0      -110.33      3.48971
    -2.85975      10.8838      9.43108            0     -31.6782      2.61201
    -6.97687      28.9135     0.289725            0     -1.00444     -8.19212
    -5.81547       18.842      -7.3589            0      23.0754    -0.994185
    -3.66878      7.58018      3.65482            0      40.6298     -4.23415
    -5.10548      18.8905      2.83368            0      7.29252      10.4304
    -5.49783    -0.595063      13.8582            0      11.5948      -13.153
    -12.2632     -9.15853     -2.63987            0     -123.736     -15.1308
    -3.09063      17.2761     -10.0664            0      35.8176     -1.17396
     -7.1168     -10.0094      6.80014            0     -132.915     -17.3381
    -4.72509      6.06903     -8.10266            0     -82.4584      1.17121
    -2.45409      30.9691      5.50306            0      5.61727      7.08111
    -6.20201     -9.98679    -0.743146            0     -130.708     -13.8918
    -4.72379      6.60051      4.58896            0      24.4861     -6.22661
     8.06765       29.725      2.98072            0     -31.8231     -8.73756
    -13.4113      21.7307     -14.7154            0      -80.077      3.26632
   -0.188113      14.0957      3.83341            0      42.4595      0.66848
    -3.66764      33.4364     -2.92846            0      27.1679      13.0061
    0.283628      33.2223     -5.11542            0     -29.9814      6.46818
    -2.92827      19.4886      3.15659            0     -1.43693      7.78196
     2.01794      37.4449     -3.14524            0     -26.9813        7.997
    0.347699      30.4875     0.963837            0      38.6906      3.38812
    -8.04011     -2.28041     -16.5536            0     -197.313     -11.9322
   -0.315354      19.0051      1.55182            0      12.0382     -10.4063
    -3.68122      1.98743      3.24056            0     -62.6162   -0.0384912
    -4.20224      15.8974     -7.35302            0     -159.179     -7.30401
     -5.2841      5.06182     -6.45024            0      2.86944     -3.12038
    -1.48377     0.416569      6.30188            0       -93.08     -11.7012
    -2.97656       17.208     -4.24314            0       174.63     -6.07151
    -4.65432      17.1646      2.04066            0     -71.1594      9.11503
    -4.02524      2.75242     -6.57567            0      -104.59     -6.32472
    -1.49498      5.17316       4.1035            0     -55.2997     -11.4062
     1.54915      27.4458     -4.00751            0     -84.5502     0.638019
     7.33061      44.6647      1.80567            0      10.6829     -5.45225
    -4.39926      5.57902     -4.46275            0     -94.8006     -4.54951
    -10.6599      23.6906      17.4473            0       59.158      9.22747
    -4.92771     -1.75786      8.43798            0     -99.9358     -12.3972
    -1.17863      15.0189      6.41931            0      49.2384     -10.2515
    -4.98309      16.2481      10.0574            0      137.847     -12.0821
    -8.52113      5.79767     -1.55602            0     -125.999      -2.5635
    -2.24817     -1.09669     -1.23359            0     -132.455     -11.8788
    -5.00889      8.77113      13.0523            0     -101.808      5.33827
    -2.35846      6.41514    -0.704616            0     -33.8363     -14.3926
     1.14097      13.4819     0.632209            0     -75.1227      6.33444
    -2.35208      15.7394       3.2292            0       152.49     -2.15076
    -1.46457      21.2894      5.27548            0     -116.008      12.3764
     2.40546      10.0243     0.751016            0     -16.4305     -5.43671
    -3.61189      10.5028      3.41954            0     -135.627     -7.56035
    -1.39058      32.6375      14.6731            0      103.204     -15.9834
    -10.9551      12.8655     -3.74591            0      193.285     -9.76901
    -4.90674      1.62364    -0.568063            0     -27.5381     -1.70669
    -2.03958      28.7866     -7.41139            0      -97.245      17.9428
    -3.38705       7.9026      2.51271            0      18.5322      4.86325
    -2.83932      11.2522     -6.50252            0     -41.1383     -2.60581
    -6.96597     -4.29657     -3.48279            0     -85.3397     -8.73312
    -5.85841      3.38471     -10.1001            0      52.0343     -7.12917
     4.07331       17.831      12.0258            0     -41.2787     -7.64005
    -3.40963     -1.13382      3.42264            0     -65.4323      -3.8699
     1.92297      11.3105      3.23159            0     -16.4576      -8.6909
    -8.40525      20.3556     -23.6412            0     -174.809      10.6261
    0.553722      19.7162     -6.36847            0     -28.7133     -10.1116
   -0.627666       14.891     -3.75447            0     -82.2224     -13.6144
     2.05125      9.07574      4.86703            0      18.3215     -4.40198
    -4.66181      26.3279     -1.47986            0      154.321      1.14771
    -2.52959      6.00371     -4.12683            0     -3.88762    -0.811184
    -1.79685     0.284254     -12.1902            0     -83.7036     -21.2268
    -6.40343     0.584013      7.48178            0     -43.9416     -9.16077
    -2.25086      10.8833    -0.595961            0     -37.3046        7.074
      5.8299      32.1423     0.959373            0     -31.3875     -3.55579
     1.44351      31.7368     0.782872            0       18.558      4.63355
     -5.8901      14.8288      3.65061            0      166.079     -3.92619
    -2.13291      26.2214      7.50447            0     -113.214     -17.3261
    -4.28978      10.6126     -2.18938            0     -59.5173       4.6711
    -10.9288      1.68933      11.2009            0     -11.7341     -4.80192
     1.55736      21.7016      6.08638            0      49.4018     -3.97751
    -7.58627      13.1455     -12.3126            0     -156.674      6.43837
    -3.05848     -2.16652      7.56335            0     -30.7129     -6.84187
    -5.54387      17.5105      5.01935            0     -127.708      14.0429
     -2.0594      26.4281      4.25209            0       79.252      5.89153
    -1.78526       1.5261      -6.8046            0       -128.9   -0.0276519
    -6.28022     0.134118     -9.87702            0     -16.6155     -9.97171
    -8.46691      0.39903       2.4972            0     -185.884    -0.209435
    -1.55398      46.1618      6.78064            0      108.633      4.62128
    -3.73134     -2.00845      3.51733            0     -115.596     -4.34263
    -1.88286      6.86542      2.64706            0      -13.218     -1.08128
   -0.738126      10.8971     -7.77421            0      25.6436     -14.3554
    -2.33771       28.627     -4.48661            0     -193.441      14.9649
    0.889954      6.85662         2.92            0      0.95004      -11.019
     0.50493      36.1915     -10.6933            0       51.964     -4.89171
     1.63639      18.1639     -2.13447            0     -113.789      -13.326
    -1.18644      16.4462     -4.35166            0      68.3361     -6.46197
    -1.19201      15.0812     -4.13987            0     -48.9487      3.28282
    -2.58202      6.69807      4.31255            0     -37.2905       5.3418
    -3.88447       16.822      7.47087            0      16.5631     0.316587
    -3.87518      6.94599      1.82101            0      29.7096     0.776247
    -3.01038      8.54474      8.20316            0     -116.771     -1.49777
     2.22688       20.798     -11.4197            0     -138.291     -4.37881
    -2.95826      16.7949      15.1268            0       4.7036     -1.45046
     -1.2372      12.8471     -10.4492            0     -58.8977      -29.534
    -5.34135      11.2841      1.60805            0      60.4787    -0.259602
   -0.480149      14.1242      3.15543            0      44.8013     -7.25317
   -0.852517     0.219393     -11.6968            0     -49.8251     -8.27442
    -6.69246      4.97958      10.2066            0     -118.722     -2.15392
    -4.15736      3.94993      7.27616            0     -25.0293     -3.68216
    -4.89848      9.78183     -18.7975            0     -69.0493     -13.4241
   -0.681234      21.4488      9.47828            0     -14.8465      1.69045
    -3.49014      5.98672     -15.2998            0       34.994     -8.77641
    -3.05256     0.493279      4.14417            0     -33.0763     -11.4685
    0.690646      25.0664      1.25234            0     -51.8767      5.97237
    -7.28772      17.9489     0.276613            0     -131.807      9.50125
    -1.88321      19.2823     -2.37359            0     -20.9998      11.0667
    -4.98047      1.24118     -17.2438            0      -106.18     0.201861
   -0.556677      12.7634     -3.02588            0     -21.5802     -10.4317
     6.53914      42.6945      0.87774            0      88.2688     -5.33478
     4.90125      20.8921      10.2333            0     -104.897     -5.00973
     1.65689      11.3466    -0.889777            0     -50.2676     0.187361
    -4.14812      9.31081     -11.3825            0     -72.4926     0.571836
    -4.90796      12.8073      5.29938            0      -4.5277      9.73476
    -2.91926      11.1608     -2.98429            0      10.8885      5.49248
    -9.40583      5.40095      13.2727            0      118.989      -3.4848
    -8.05597      18.6825     -24.8109            0     -13.9103     0.987472
    -6.81845      7.95955      4.70197            0     -99.7448     0.953429
   -0.690226      26.3896     0.375361            0      64.7849      1.46659
     1.68386      11.4091     0.217803            0     -1.80816    -0.164603
    -5.28439      4.84892     -17.0752            0     -39.9929     -1.01043
    -4.59753      -1.6892    -0.130847            0     -118.331     -10.1175
    0.623609      2.61322       6.3887            0       -76.32     -4.29799
     -3.3525      12.1874     -8.70035            0      -36.004     -5.22781
    -6.62717      -2.1477     -10.8328            0     -36.8098     -14.0945
    -3.44857      15.3925       1.3397            0     -33.8117      4.47078
     3.28666      24.1645      1.62282            0      6.95492     -1.70365
     2.47815      17.2118     0.572546            0      47.0169     -11.6239
     2.30609      13.1098     -8.59586            0     -28.4768     -9.24023
      -3.547      1.64443      13.0211            0     -125.246      -6.7676
    -2.77808      10.0336      2.93716            0      11.5342      -1.4223
     2.21054      24.1579     0.941132            0      46.4877     -6.66453
     2.66253      18.8104      5.15392            0     -84.6882      2.50799
    0.878953      26.6897     -3.13259            0     -8.91746       3.9171
    -4.54517      16.9093     -4.41949            0       26.053     -4.38557
    -1.55968      23.4061      1.32534            0      -50.085      15.7898
    -5.03064      18.0164     -4.40709            0      106.795     -2.91041
   -0.933112       16.335      1.61091            0      47.6615     -1.70418
    -6.67849     -4.24419      10.1228            0     -92.4239     -5.73321
    0.546547      9.23743     -2.26705            0     -15.6459     -4.34755
    -2.89593      15.0778      2.40399            0     -108.582     0.954631
    -6.64841    -0.682184      10.7156            0     -165.116     -16.0919
     1.83457      17.5279     0.833979            0     -35.3208      1.01553
    -6.86289      11.6443      7.49833            0     -47.1006      3.03965
       -1.17      12.1903      3.28257            0      59.6493       0.1264
    -7.97826       18.194     -2.26857            0      103.008      6.91778
    -1.59397      16.2659     -6.66072            0     -8.79335     -3.91657
    -4.51052      23.8407    0.0560892            0     -132.196     -2.91921
     -8.2743      -2.1948      1.97093            0     -7.43302     -10.3627
    0.198829      18.4584      9.04363            0     -130.621     -3.44058
    -3.83425      3.12011      10.8495            0     -66.0155     -18.4456
    -1.45675      11.4867     -4.17219            0     -65.2322     -8.48005
     1.53496      7.40504       18.918            0     -41.9852     -17.0919
    -1.42635      11.8231     -3.72061            0     -51.8831     -5.96284
    -4.23009      12.2529     -13.2488            0     -90.7621      4.38255
    -2.61988      19.2721     -16.4476            0      34.7817     -10.2275
    -3.45925     -2.26891     -0.71214            0     -93.4478     -13.7181
    -3.37781      2.99079      -3.7063            0     -8.16897     -4.92594
   -0.853093      11.3144   -0.0910918            0      31.0615     -12.9525
    -8.80003     -2.18444      2.16924            0    0.0764159     -11.0748
     -1.7473       10.924     -6.52559            0      37.2988     -12.3259
    -6.09585      17.0839      5.46522            0     -13.7703      11.3006
    0.962486      7.75713      3.99512            0     -64.7405     -6.15653
   -0.320515      10.4296    -0.799031            0     -29.4895      4.67621
    -1.22793        15.84      4.82912            0       38.171     -12.7982
    0.495417       19.041     -9.92761            0     -4.95436     -5.87707
    -4.95383      9.42974     0.225919            0     -70.4829      7.18784
     -2.4748      11.6607     -3.40107            0     -100.687     -3.55916
    -6.20604    -0.427346     -8.90477            0     -67.5774     -6.83305
     -1.6668      19.4151     -19.1896            0     -20.1121     -8.63415
    -9.88789       3.3356      4.30384            0     -44.5553     -17.7278
    -0.53925      17.5439      8.27912            0     -70.2519     -14.3934
     -6.0582      2.10927      12.5844            0      52.3405     -6.51695
    -1.69325      23.0995     -2.20572            0     -144.915       13.946
    -1.35493      19.2245     -2.37587            0      91.0497      -8.2384
    -1.17036      8.49255     -13.4626            0     -91.2419     -3.79579
    -2.95656      16.7093     0.347503            0      -2.8119      -5.2564
    -8.50178      4.24903     -17.3971            0      79.4449     -12.7004
     1.30245      23.5333    0.0963496            0     -77.2892      6.69591
    0.778518      25.3199    -0.977697            0      -1.4504     -2.95445
     1.00831      15.0205      7.94033            0     -19.3908     -3.23725
    -4.01149      2.65027     -9.16568            0     -77.5855     -2.17693
     -3.8064      21.6449     -5.96203            0      71.7776      3.10891
    -3.75798      22.7662     -10.3582            0      35.7557    -0.243286
    -5.21453      14.4327      6.14097            0     -133.033      0.14464
    -13.4288      17.7502     -3.63308            0      186.049      1.07917
    -6.77144     -1.48555     -16.6911            0     -139.509     -7.36359
     3.74957      11.9092      7.94289            0     -1.82749     -11.1931
     1.10972      14.3997       7.7779            0     -97.1801     -7.78123
     2.97691      19.0252      2.23242            0     -85.4956      7.03387
      1.9506      9.95805     -9.01997            0      -65.985     -6.53947
    -2.53257      23.0992     -8.19379            0     -140.514      7.35205
      -2.264      19.8564      -4.3031            0      50.8888      2.95745
    -1.92457      0.11215      -3.3315            0     -51.4065     -4.06365
    -7.15939      9.04947      2.70415            0     -118.642      6.36308
    -6.18721      12.9086      4.49315            0     -17.6527      7.63495
    -2.67634      5.35939      -6.5602            0     -21.3687      3.19886
    -4.71335     0.578668     -2.79534            0     -62.9199       -17.23
    -5.33147      19.9847     -10.5591            0     -155.938      7.68309
    -5.83663      1.82061      17.3312            0     -1.31947     -10.0131
    -2.68146      19.5369     -5.08303            0      18.2196      6.89791
    -1.83437      21.3828      1.33721            0     -31.1182      10.6817
     10.0889      27.9569      8.60606            0      9.08975      -14.277
    -2.32044      5.91788     -13.7462            0     -96.7781     -7.40572
    0.200561       23.281    -0.997639            0      91.4243     -19.6778
    0.332458      17.7794      2.43725            0      103.605     -16.1395
    -3.81859      6.61643      17.7404            0     -24.0344     -6.68206
    -4.85228      -1.3238      19.0996            0     -122.594     -5.51185
   -0.179274       19.332      4.53821            0     -72.4396     -1.53431
    -3.50073      23.7539      7.25531            0     -7.39118    -0.512217
    -2.14229      30.4488      5.73756            0      172.514      2.60197
    -3.01247      18.7602      4.78512            0      31.6327     -7.91862
    -3.49467      1.48339      1.31599            0      51.1577     -3.16819
    -1.74289      5.27531     -9.62741            0     -141.199      1.22012
    -9.68813      -1.3649     -23.0094            0       71.467     -12.4013
    -1.58226      20.8999      9.66528            0      133.323     -4.87303
    -3.05614      2.79103     -6.68819            0     -70.0927     -7.87434
    -5.19664      19.2253     -6.13228            0     -24.3641     -5.93821
    -6.27649      14.7704      14.4539            0      1.94988     -2.17684
    -5.88704      6.74454      17.7522            0     -78.8539     -4.05103
    -5.13978     0.262221      8.65367            0     -70.9796    -0.540799
    -6.99409      13.8594     -15.1193            0       113.61     -2.49199
    -1.60757      17.8588      7.26017            0      31.9733     -6.23402
    -1.27494      10.5783       7.4837            0     -1.39344     -2.72502
     1.76256      22.3625      2.46788            0      -81.132      6.09033
    -7.69866      19.7071     -17.5226            0     -78.3732      12.3698
    -4.43407      8.50788      2.40756            0     -17.5594      4.81655
    -1.64267       5.6556       14.877            0     -96.3835     -11.8612
    -6.66518      8.34753      -4.2539            0      32.0282    -0.451938
    -6.32877      12.9142     -6.96498            0     -160.575     -8.13968
    -5.93971    0.0201316      -15.675            0      29.1888     -12.4702
    -6.96753     0.824446     -2.05883            0      1.81734     -6.01769
    -10.0534      1.17132       12.553            0       109.28     -8.85372
    -1.10988      14.0722      1.30372            0     -92.1647     -5.81904
   -0.423675      21.6301      -5.3568            0      9.83206     -1.96537
     2.07494      6.63367     0.943712            0      -138.48     -17.9017
    -3.03105      11.3716    -0.246339            0      134.495    -0.603138
    -6.46733      13.6008      0.55677            0      172.457     -2.32914
    -2.42847      11.3785      11.7939            0     -187.072      8.83306
    -5.52639      26.1324     -15.5637            0     -143.977      15.6006
    -3.38067      17.3726      -11.012            0     -65.4463       4.9561
     2.92022      26.8545     -2.04695            0      83.9739     -12.0935
    -5.97823      20.7316     -5.99994            0     -7.58072      15.3804
    -1.19914      3.37955      5.37557            0     -66.6992     -5.49226
    -8.50302      -7.0756      9.95341            0     -68.1383     -16.3999
      1.2436      13.1867      6.46356            0      45.3148     -5.33392
   -0.387411      27.3874     -7.89506            0     -9.00001     -2.35181
     7.27728      24.6385     -5.99754            0     -65.8068     -18.1574
    -4.98455      21.9088     -15.1946            0     -23.8752      3.13116
   -0.762514      30.1406      3.53598            0      102.097     -20.7048
    -1.58488      3.48036     -3.87959            0     -62.8168     -1.95067
    -6.19621      6.11624     -27.0492            0     -15.8335     -8.43456
     2.18007      20.0009      6.07602            0      103.066     -5.03557
    -5.39185      4.14887      4.16452            0     -168.556    -0.515221
   -0.342346      1.55602     0.541248            0     -53.9644     -4.88376
    -2.60422    -0.926136      4.50709            0       -41.13     -1.50435
   -0.790519      1.30804      2.10433            0     -12.2859     -6.80114
    -2.02835      12.4427      5.34727            0      16.3616      3.23837
    -2.17084      21.4487     -8.28864            0     -69.9543     -1.50569
    -3.14116     -2.43315      6.24294            0     -88.8662     -6.78444
   -0.681517      3.57232     -4.14897            0      3.37856     -1.94165
     1.89816      19.8472      15.3367            0     -126.065     -7.72479
     6.31946      25.0304      6.23234            0     -32.2985     -4.42201
    -1.65688      30.2803      9.80434            0     -59.0633      8.04223
    -1.46932       5.5871     -4.95137            0     -84.5071     -3.78398
    -1.77813      15.5119     -6.13705            0      13.2476   -0.0144564
   -0.318917      7.29316     -4.83917            0      4.26118     -5.29424
   0.0834008      11.3502     -16.7325            0     -10.7612     -11.0992
  -0.0725465      12.1996      21.9071            0     -52.1249     -14.8384
    0.364901      12.6113      2.46381            0      42.6497      1.66391
    -2.47741       11.114      6.60726            0     -48.8703     -13.1626
     2.02031      20.3568      1.90151            0     -61.3312     -1.14213
    -7.47862     0.142949     -14.7035            0      15.2426     -9.74939
    -1.21909      19.2888      1.65755            0      -87.406      9.50631
    -8.24195      3.83015     -10.1788            0     -96.8474     -8.42471
    -5.23979      17.1452     -4.23498            0      62.0909      2.27731
     2.72945      21.0367    -0.711266            0     -7.63311     -1.25507
    -5.31253       3.7911      11.0684            0     -96.3592      1.09094
      6.9742      20.7755     -3.81185            0     -14.5304     -15.8419
     6.46917      39.5335       2.2183            0      39.2813     -4.20007
       2.111      35.2415      2.44367            0      8.35888      4.03764
     2.85105      33.4721       1.0481            0       174.75     -9.85426
   -0.290628      5.47455     0.303585            0     -129.862     0.427332
    -3.08681      6.82038      16.9805            0     -10.2904     -11.3391
    0.071995      9.36224    -0.705242            0      17.6719     0.314342
    -1.75689      11.5867    -0.561028            0     -69.4539      9.48104
    -5.95415     -3.95167      8.45222            0     -42.4377     -7.51294
    -5.54772      9.29206     -18.3335            0     -88.2979     0.721557
    -1.29543      20.3293     0.632583            0     -27.5103      10.8902
    -3.97796      17.5329      1.25232            0      28.9963      4.77776
    -6.12208      9.19849      2.15195            0      146.416     -5.37383
    -5.62938      9.35586      9.00266            0      118.822     -3.58918
     -1.5424      15.9862     -10.8687            0     -13.3293     -3.73434
    -5.27762      20.4259      4.13675            0     -119.124       18.665
   -0.621374      5.68039      3.89538            0      30.8957     -7.98528
    -1.39142      5.72073     0.973861            0     -73.2028    -0.191597
   -0.503356      15.8551     -11.4496            0     -85.0948   -0.0185263
   -0.619433      7.59602     -18.9537            0     -70.7588     -10.1725
    -3.41992    -0.380476     -8.24104            0     -78.1446     -17.0005
     4.36106      7.75613      6.45819            0     -91.1075     -6.03895
    -11.7507      6.63756     -6.46073            0      66.0834     -5.30509
    -7.76035     0.192294      4.51272            0     -15.0726     -9.26751
    -5.11891       1.1054      14.2047            0     0.815764     -11.6268
     2.41731      18.3739      4.53932            0      31.1351     -4.02419
     3.03292       20.351       15.656            0      33.9837     -12.4089
    -5.64897     -2.96943       9.5685            0     -62.5184     -3.21568
    -4.34735      2.84558     -8.93399            0      2.48222     -18.5182
    -5.51071      5.78362      -1.2029            0      96.8045   -0.0172612
    -10.2984      7.30415      3.33483            0     -48.9333       3.4009
    -11.5551     -3.74811       11.259            0     -56.7698     -10.2939
    -5.94656      2.34036       6.4394            0     -78.8052      1.34521
    -1.98253      26.0523     -2.95343            0     -59.1425      13.1905
    -4.90547      12.9892      15.6707            0     -35.8798    0.0442564
    -5.97813      20.8585     -10.3005            0      -104.98      7.99542
     1.15372      10.2345     0.251212            0     -60.2731     -11.5505
    -5.34928      2.90043     -12.9485            0     -132.635     -8.31288
    -3.21673      9.68653      3.27187            0      6.33933     -12.3251
    -5.78664      3.63965     -4.46625            0     -15.4045     -3.23878
    -4.66165      9.28208      1.79109            0     -38.8102      10.5751
   -0.150036      17.6588     -2.05418            0     -197.193      4.38675
    -4.67025      14.2907      10.1217            0     -44.5695     -4.25454
    -2.78554      22.8021     -7.23119            0     -32.4071      4.74905
     0.16778      16.6415     -11.9765            0     -94.7964     -11.9615
    -3.14428      10.4613      -6.7169            0     -136.008 -3.29264e-05
  -0.0860803      8.64109      12.4953            0     -21.4506     -18.1519
    -3.21386      8.93596    -0.684177            0      61.4643     -2.32492
    -2.15758      9.99357      12.7779            0      75.7722     -13.5249
    -2.66915      6.84426     -6.12116            0     -80.9781     -11.2704
    -2.25546       26.091      4.19399            0     -144.814      4.22922
    -3.76443      19.4601      13.6168            0     -13.4148        4.146
    -2.96733      17.5725      -9.0238            0     -96.7499      2.75424
    -8.55468       6.7816     -11.4779            0     -90.4839      -0.7385
    -6.90327     -1.38847         2.85            0     -71.7027     -15.9507
    -6.77949    -0.161187     -15.4104            0     -67.9427     -16.0491
    -5.49131     -5.05912      10.4201            0     -128.336     -22.7169
    -6.05187      11.4191    0.0456424            0       41.634      8.91903
    -6.02981     -1.45352     -2.34258            0     -153.177     -7.67325
    -4.76006    0.0605505      9.30276            0     -136.854     -1.25137
    0.715145      13.9928      3.25073            0      1.03771     0.820151
    -8.98075     -1.86908     -4.83618            0     -136.181     -22.2451
     -1.0917      13.8641      4.58781            0     -120.974      8.98123
     -2.7746      15.3903      3.76609            0     -15.9012     -12.8941
    -3.12476      8.90132      5.69596            0     -53.1446      4.50368
   -0.511474      18.4306      7.29795            0      90.3361     -1.05286
   -0.769455      6.19296     -6.43106            0     -21.0348     -1.85101
      -5.021      19.3407      12.5917            0      204.852     -12.1375
    -3.69201      15.8696      0.58624            0      106.667      3.59647
    0.398358      14.6388      7.37361            0     -34.1215     -11.2359
    -4.02168      9.91115      18.3352            0     -161.832    -0.404921
    -2.76207      25.5162     -5.78143            0     -10.2989      4.61296
     1.03653      13.4601     -5.49326            0     -55.0017     -9.93781
    -3.70685       9.6632     -3.75955            0      53.5948     -4.48636
    -5.58603      13.9442     -16.4638            0     -28.0204     -10.5986
    0.496106      23.9289      13.4642            0      -53.093     -1.15213
    -2.61806      18.3674      2.57953            0      106.005      4.96766
    -3.12955       6.3211    -0.956792            0     -73.1011      4.50822
   -0.531345      25.7545      2.71726            0      89.9368      1.41651
    -1.52493      2.69015     -8.34999            0     -65.1205     -5.13117
    -3.77094      14.6209     -6.60245            0     -51.5588      1.58304
    -5.11114      4.63298      -7.3848            0      73.8928      -3.3977
    0.559721       11.857     0.683428            0      27.3158       2.5963
    -3.63222      22.6233     -2.84863            0      14.2983      3.60445
    -7.93026      9.76372     0.569352            0    -0.881801      6.57595
   -0.128266       14.633     -6.70229            0     -118.029     -8.89667
    -10.4014      5.87581       11.901            0     -169.642       8.5432
    -7.66498      7.48878      8.73748            0     -49.7084     -8.22025
     3.09779      31.1694    -0.507998            0       80.585      -3.1413
    -6.43797      20.6562      5.21387            0      137.053     -10.2036
    -5.70932       3.1288      1.35367            0      9.77936     -4.17696
