 1.03449
0.971261
0.938402
0.943523
0.995942
 1.01635
 1.13829
0.941735
0.982643
 1.03499
 1.12456
 1.16933
 1.05103
0.998476
 1.07236
0.952669
0.926006
 1.05216
 1.06909
0.884227
0.992495
 1.13596
 1.01475
 1.28232
 1.10814
 1.12949
 1.16655
 1.17752
0.960181
0.935816
0.919951
0.975607
0.991628
 1.06395
0.919083
 0.95474
  1.1833
  1.0308
0.973838
0.960819
0.931382
 1.10665
  1.0532
 1.01419
 1.19126
0.836482
 1.04383
 1.11627
0.922422
0.841021
0.973751
 1.04695
0.990994
 1.09041
  1.1132
0.910348
0.815825
 1.01115
 1.06333
  1.1485
 1.15906
0.980202
  1.0545
0.895062
 1.01143
 1.06195
 1.02475
 1.14888
0.958231
 1.12539
 1.11279
0.971152
 1.02773
 1.04668
  1.1904
0.907463
 1.00782
 1.07645
 1.21294
0.963863
 1.02168
 1.13545
 1.14146
 1.07524
 1.14276
 1.14253
0.870859
0.849677
 1.00086
 1.07791
 1.06068
0.987779
0.981643
 1.17117
 1.01336
 1.10853
 1.07046
 0.99494
 1.04103
 1.07437
 1.09779
 1.09547
 0.95709
0.982522
0.849314
 1.10199
 1.04509
 1.00423
 1.12848
 1.07492
 1.17453
 1.19259
 1.07193
 1.13366
 1.13583
   1.136
 1.10935
 1.06133
 1.28146
 1.24455
 1.10803
 1.52168
 1.09403
 1.29768
 1.21861
 1.13721
 1.12259
0.951777
0.963191
 1.04275
 1.16654
 1.18927
 1.10314
0.993119
 1.07832
 1.09312
 1.00249
 1.13007
 1.02529
0.897881
 1.05149
0.934705
0.988428
 1.21808
0.967164
 1.10135
0.965745
 1.06785
 1.12338
0.933101
 1.01539
 1.16176
  1.0833
0.874319
0.916634
0.936412
 1.02261
 1.03808
 1.12349
 1.07821
0.954476
 1.14562
 1.10371
 1.08359
0.980886
0.956434
 1.03306
 1.03569
 1.18107
 0.95037
 1.08102
0.995701
 1.13131
 1.32668
0.874186
 1.06807
0.948349
 1.06849
 1.00292
0.966123
0.939202
0.962666
 1.09229
 0.90693
  1.0401
0.921795
0.928492
 1.12989
 1.13792
 1.11786
0.926375
 1.07125
0.966104
 1.01154
 1.03278
 1.12952
0.924826
0.912071
 0.98447
0.969757
 1.11563
 1.02593
 1.00383
 1.14069
0.891436
 1.13731
 1.16878
0.893907
 1.17774
 0.94725
  1.0074
 1.10691
 1.24158
 1.05482
 1.00484
 1.05453
0.988773
 1.07473
 1.00872
 1.09118
0.921329
0.909539
 1.36909
 1.03648
 1.03874
 1.01828
 1.07332
0.995048
 1.08748
 1.26093
0.996826
0.957608
 1.01923
0.880919
0.984254
 1.06789
 1.01997
 1.19468
  1.0089
0.984185
0.915983
 1.01197
 1.10467
 1.07034
0.961489
  1.1012
 1.09593
 1.01671
0.931407
 1.15809
 1.00471
0.970313
 0.94665
 1.11567
 1.04053
0.837479
0.997511
 1.11361
 1.04685
 1.21314
 1.24785
 1.09802
 1.00242
0.982349
 1.11628
 1.14481
  1.1389
 1.44426
 1.01147
 1.23345
  1.2824
 1.30176
 1.23851
 1.11116
0.970521
 1.35091
 1.52722
 1.31133
 1.13077
 1.16153
 1.09716
 1.35853
 1.15276
 1.14952
 1.02523
0.823527
 1.06619
0.920661
0.962831
 1.07549
0.936655
 1.01294
 1.20123
 1.17178
 1.06248
0.998914
 1.03261
0.923465
 1.13562
 1.03993
 0.97065
 1.13554
 0.94576
0.971785
 1.33976
 1.02008
 1.17745
0.918955
 1.16539
0.960888
 0.88073
0.829838
 1.38065
 1.07742
  1.0289
 1.17996
 1.00598
0.940177
 1.04635
 1.03163
 0.86786
 1.06168
0.952498
0.938566
 1.05881
 1.03034
0.958081
0.947824
 1.15026
 1.03129
0.977101
 1.04808
0.934289
0.928083
 0.97011
 1.11156
0.915929
0.988178
 1.04892
0.914544
 1.16007
 1.07157
 1.07388
 0.84168
 1.06699
0.998117
0.983299
 1.23908
 1.13389
 1.17327
 1.19241
 1.09318
 1.38678
 1.38767
  1.3409
 1.24075
0.995862
 1.00132
 1.12599
  1.2551
 1.20559
 1.25597
  1.1368
 1.45295
 1.19709
 1.31906
 1.49046
 1.23005
  1.3617
 1.33234
 1.07488
 1.27699
 0.96348
0.800652
 1.17241
 1.09111
 1.02211
  1.0001
 1.10838
 1.08567
0.951329
 1.07974
 1.00217
 0.92604
 1.00347
 1.17474
0.933572
 1.00369
0.971819
 1.20753
0.835828
 1.07342
0.952506
0.957612
 1.10471
 1.15652
0.976703
 1.21398
0.887966
 1.31542
 1.03537
 1.15836
0.997757
 1.01774
0.929658
 1.14575
 0.94464
0.977927
 1.00946
0.870833
 1.05739
0.962172
0.954301
  1.1078
0.909911
 1.07132
 1.13442
 1.18173
0.932462
  1.0618
 1.05152
 1.04862
  1.0607
0.987139
 0.93768
 1.29316
0.921593
 1.06046
 1.07036
 1.14933
 1.09521
 1.12827
 1.10702
  1.0336
 1.07089
 1.03265
 1.15273
 1.09391
 1.04993
 1.11418
 1.00116
 1.16757
 1.05914
 1.01367
 1.25003
0.992713
0.952722
   1.119
 1.04016
0.984559
 1.06443
 1.08123
 1.00256
 1.15743
 1.03226
 1.20764
 1.15598
 1.08913
 1.06941
 1.19574
0.969967
 1.20221
 1.26515
0.957062
 1.17437
 1.20204
 1.05224
 1.12989
 1.19434
 1.15617
 1.01965
 1.30823
 1.19018
0.980063
 1.10327
 1.14171
 0.91979
 1.09855
 1.10303
0.966295
0.883573
0.937839
 1.02557
0.877122
 1.03463
0.963059
 1.09472
0.935253
 1.01925
 1.20591
 0.92283
0.969172
 1.23514
0.956777
 1.16602
 1.10102
 1.09597
 1.03088
 1.10951
0.994943
 1.12967
0.958788
 1.02033
 1.03277
 1.17614
 1.02012
 1.14163
 1.15009
  1.1265
 1.34862
  1.0932
 1.30495
 1.25877
  1.2162
 1.19764
 1.09311
 1.26283
0.984136
 1.21042
  1.0927
 1.09118
  1.0606
 1.01804
 1.04323
 1.36999
 1.24185
 1.19904
  1.0034
 1.02913
0.990903
 1.14204
0.963483
 1.26463
 1.09329
 1.19361
  1.3293
  1.2036
  1.0268
 1.47277
 1.24848
 1.42998
 1.11817
 1.03288
  1.0009
 1.13401
 1.23886
 1.02861
 1.07453
 1.07542
0.997259
0.995267
 1.27275
 1.16803
 1.17342
 1.10275
 0.98608
 1.08488
 1.04781
 1.07278
 1.06053
 1.10846
0.985741
 1.09461
0.967788
 0.93507
 1.07497
0.970894
0.923832
0.930713
 1.14995
 1.00847
 1.09073
0.947363
 1.14574
 0.86239
  1.0929
0.937299
 1.07631
0.987545
 1.12947
 1.01583
0.940095
 1.07826
   1.059
 0.96035
0.832135
 0.99666
 1.21901
 1.14586
 0.98358
 1.03453
0.856563
0.840319
 1.15384
0.980699
 1.00748
 1.13198
  1.0634
  1.0262
 1.22054
 1.05939
 1.03441
 1.05223
 1.02666
   1.051
 1.07844
0.909128
0.944068
 1.04074
 1.21061
0.960108
 1.14674
 1.31099
0.889933
0.961891
 1.28012
 1.01358
0.956631
 1.28529
 1.21834
 1.05674
 1.19038
 1.01047
 1.25277
 1.03462
 1.09573
 1.41672
0.981063
 1.19115
  1.2133
 1.01767
 1.12696
 1.18742
 1.17116
 1.13696
  1.1603
 1.14352
 1.24432
  1.1214
 1.03995
 1.29279
 1.18981
 1.18778
 1.23204
0.957021
 1.21955
 1.04556
 1.11496
 1.45242
 1.00395
 1.03559
 1.07689
 1.22361
 1.10779
 1.11192
 1.10246
 1.23423
 1.03361
 1.00507
 1.15537
0.998391
 1.00457
 1.08282
0.932633
0.932924
 1.04852
 1.04862
0.976425
0.962783
 1.10034
0.939263
0.913045
0.977908
 1.06138
0.977763
 1.00675
 1.10708
 1.10562
 1.17159
 1.06776
0.972054
 1.08574
0.981099
  1.0239
0.862473
 1.00371
  1.1402
 1.06887
 1.08229
 1.28595
0.944238
0.982321
0.999486
0.957114
 1.20486
 1.11719
0.936385
 1.01045
 1.06042
 1.05662
0.937092
 1.18315
 1.10798
 1.11227
 1.05239
0.981901
0.871253
 0.99013
0.941044
0.935529
0.940794
0.967455
 1.23535
 1.15534
 1.20158
 1.16315
 1.20261
 1.34742
0.968773
 1.04759
 1.07769
 1.10422
0.903093
0.945966
0.998796
0.963987
 1.19896
 1.01709
0.917463
 1.01266
 1.21063
 1.07575
 1.01037
 1.09051
 1.11287
0.882457
  1.0688
 1.07849
 1.04689
 1.04561
 1.06072
 1.07427
0.923656
0.926922
 1.10958
 1.01216
 1.06847
0.967123
 0.98879
 1.07637
 0.97793
 1.00431
0.923071
0.993731
  0.9838
 0.98108
 1.00048
 0.78717
0.922521
 1.04617
0.909472
 1.01896
0.884318
 1.01023
0.990635
 1.03308
 0.95518
0.944595
 1.18784
 1.15371
 1.06655
0.914168
 1.14323
0.974537
 1.03364
 1.15947
 1.01736
  1.1542
 1.13262
 1.26222
 1.15831
  1.0547
 1.12823
0.914311
 1.28267
 1.41896
 1.29066
 1.25586
0.985587
0.907294
 1.04982
 1.20281
 1.19068
 1.01019
 1.01115
 1.23462
 1.20796
 1.01418
0.887217
 0.86344
 1.11464
 1.07832
 1.05914
 1.01011
 1.00033
 1.03903
 1.15447
 1.00689
0.995297
 1.00469
 1.21943
0.998753
 1.24085
 1.06056
0.927389
0.951803
0.969554
 1.03085
0.942515
  1.0105
 1.24158
 1.09241
 1.01995
0.985788
 1.08316
 1.30923
 1.40286
  1.1119
 1.34289
 1.27968
 1.09625
 1.24693
 1.29084
0.980236
 1.15179
 1.06012
 1.57285
 1.31618
 1.10841
 1.12947
 1.04075
0.996511
 1.17585
 1.35452
 1.11042
 1.22453
 1.20118
  1.1415
  1.1983
 1.21776
  1.2937
0.915972
 1.20695
 1.05893
 1.22198
 1.26537
 1.31522
 1.16143
 1.16572
  1.1557
 1.39675
 1.07809
 1.10682
 1.06487
 0.94761
 1.03073
 1.05793
0.869089
 1.07836
 1.05584
0.936743
 1.12553
 1.01987
 1.07399
0.895088
 1.06682
0.964165
 1.02154
0.981273
0.899774
0.974799
 1.06357
0.922976
0.934978
0.973548
 1.01843
0.810664
 1.07657
 1.02821
 1.12825
0.980548
0.979883
0.912884
 1.18558
0.932793
0.957897
 0.95953
0.972466
 1.06073
 1.05759
0.984052
0.882945
0.957642
 1.08694
 1.15685
 1.03542
  1.1893
 1.12509
  1.0379
 1.00808
 1.10183
0.993319
 1.05004
0.946533
0.912867
 1.01918
0.966807
 1.09859
 1.05552
 1.22545
 1.11925
 1.02414
 1.08368
 1.05023
 1.03557
 1.12362
0.902108
 1.06943
 1.01623
 1.01257
0.911885
0.967122
 1.13388
 1.04467
  1.1113
 1.06354
  1.0489
 1.08263
 1.01865
0.877305
 1.07704
 1.03281
0.977743
 1.12755
 1.08534
0.960889
 1.11003
 1.13817
 1.01333
 0.95012
 1.19613
 1.09297
 1.08821
 1.10099
 1.12347
 1.06881
 1.09169
 1.05484
 1.06037
 1.02558
0.993566
 1.06799
 1.05391
0.959962
  1.1394
0.975859
 1.09323
 1.07065
 1.13946
 1.03167
 1.24333
 1.14504
 1.01115
 1.00234
 1.08049
 1.09911
 1.11587
 1.05301
0.994517
 1.03084
 1.15104
 1.08826
 1.09141
 1.08605
 1.28869
 1.01825
 1.08335
 1.11798
0.881452
 1.03426
 1.08126
 1.11272
0.944637
0.965067
  1.0628
  1.0066
 1.02086
0.929851
 1.25332
 1.10463
