0.971987
0.958666
0.875991
0.908775
0.949895
0.958438
 1.07653
0.927944
0.948708
0.974379
 1.02133
 1.03877
  1.0403
0.873273
 1.03166
0.875098
0.897337
0.959349
 1.00398
   0.882
0.949477
 1.09585
 0.95775
  1.2045
   1.014
 1.05836
 1.14507
 1.14282
0.862352
0.914606
0.882785
0.927021
0.935032
 1.00494
0.869536
0.948182
 1.09885
0.962342
0.933554
0.890178
0.893772
 1.03816
 1.01727
0.977654
 1.11224
0.818558
0.992033
0.977728
  0.9128
0.803094
0.962844
0.969453
0.933081
 1.04607
 1.03082
0.857901
0.802194
 1.00478
 1.06122
 1.07312
 1.07404
0.951143
 1.02625
0.835456
0.959512
0.925763
 1.00875
 1.10996
0.921214
 1.00874
 1.01442
0.938583
0.941472
 1.03079
 1.13471
0.891024
0.952601
0.999749
  1.1078
0.945705
 1.00519
 1.06778
 1.08608
 1.02746
 1.12225
  1.0646
0.901646
0.823577
0.931159
 0.98196
0.998271
 0.95932
0.893632
 1.14027
0.965821
 1.05991
 1.04832
0.955711
0.918042
 1.02414
 1.03219
 0.97302
0.947026
0.901213
0.815275
 1.03584
0.995057
0.860067
 1.08876
0.931938
 1.00574
0.933644
0.779651
0.989504
 1.00582
0.984239
0.871785
0.962914
 1.05312
  1.0899
0.956237
 1.25358
0.891283
 1.11256
 1.04389
0.961792
0.975187
0.852366
0.883677
0.866164
0.951057
 1.04364
0.925732
0.894073
0.985056
0.997484
0.967786
 1.09154
 1.00315
0.807089
 1.02987
0.913448
0.939827
 1.15799
0.906093
 1.01094
 0.93187
 1.01607
 1.05578
0.896991
0.957194
 1.13063
 1.06681
0.788612
0.874073
0.933688
0.995539
 1.01956
 1.07436
 1.03748
0.914856
 1.00212
 1.02709
 1.02033
 0.94466
0.888808
0.985817
0.987084
 1.12838
0.890308
 1.00804
 0.96487
  0.9625
 1.13546
0.847005
 1.03164
0.928607
 1.00653
0.966816
0.925769
0.910786
0.935155
  1.0361
0.865524
  1.0261
0.884985
0.907911
  1.0731
 1.02584
 1.09341
0.864886
 1.07311
0.934754
0.943227
0.982062
 1.04237
0.918851
0.876959
0.947514
0.933574
 1.06563
 1.01017
0.991452
 1.12195
0.863335
 1.11264
 1.12785
0.858273
 1.07304
0.888001
0.955429
  1.0604
 1.19059
 1.01103
0.965838
 1.04595
0.880365
 1.06235
0.963549
 1.05017
 0.87102
0.893028
 1.29515
0.986422
0.995517
0.941927
0.945862
0.973675
 1.03497
 1.08023
0.956943
0.922491
0.939209
 0.83093
0.929639
0.979985
0.984888
 1.05246
0.971087
0.918956
0.883708
0.999931
 1.06695
0.992047
 0.89728
  1.0272
 1.04562
0.993831
0.920373
  1.1116
0.921589
0.922048
0.919908
 1.06459
0.961182
0.804182
0.944236
 1.04533
0.990673
 1.14316
 1.17865
0.913308
0.975751
 0.93717
0.946608
 1.03129
0.984161
0.962582
0.859988
  1.0557
0.969176
0.916298
0.993086
0.904265
0.916313
0.988013
 1.04386
 0.96154
0.938959
 1.03477
0.940535
0.947444
0.931899
0.984656
 1.02976
0.775757
0.952204
0.872784
0.931695
0.960792
 0.90951
 0.93598
 1.13467
  1.0923
 1.05635
0.895897
0.987647
0.859483
 1.04104
 1.03304
0.925929
  1.0066
0.875791
0.944374
 1.17658
0.942194
 1.13835
0.897402
 1.09193
0.871773
0.825715
0.806379
 1.23281
0.999524
0.951475
 1.12864
0.996318
0.885207
0.941019
 0.98472
0.828225
0.940965
0.887232
0.845288
0.994179
0.879568
0.938132
0.900225
0.947612
0.931579
0.944343
0.941485
0.890214
0.907464
0.863386
 1.01412
0.893067
0.960374
 1.01268
0.853268
 1.12827
0.991451
0.965575
0.793966
0.943171
0.969663
0.973695
0.986653
 1.07871
0.985911
 1.00593
 0.97611
 1.01341
 1.12782
 1.15174
 1.12186
0.919268
0.949359
0.961975
 1.08563
0.975152
 1.13077
0.973894
 1.00872
0.981722
 1.09639
 1.02756
  1.0367
 1.02616
 1.15969
0.961779
 1.16116
0.918635
0.786719
 1.10096
 1.04439
0.962166
0.901305
 1.05557
 1.01284
0.891108
 1.04505
0.944859
0.895406
0.970071
 1.07483
0.920663
0.965338
0.956916
 1.01973
0.822049
0.989954
 0.93858
0.944588
 1.02843
 1.09463
0.946168
 1.10819
0.839872
  1.2514
 1.01454
 1.11099
0.935433
0.947763
0.867507
 1.09741
 0.88342
 0.92803
0.967307
0.832996
 1.04578
0.902675
0.864623
 1.03338
0.891077
 1.02489
 1.03443
 1.12549
 0.90417
 1.00347
 1.01957
0.990515
 0.98217
0.932744
0.894104
 1.13849
0.878902
0.979717
0.974688
 1.02245
 1.02779
0.979585
 1.02023
0.921161
0.942644
0.998381
 0.92719
 1.01931
0.889476
0.913654
0.965117
 1.03686
 0.95525
0.930608
0.935631
 0.92129
0.815489
0.954764
0.920227
0.896629
0.956323
0.833057
0.911627
   1.023
0.874431
 1.03031
0.977449
0.946839
0.968432
0.952193
0.990345
 1.03826
 1.07546
0.879916
 1.08533
 1.04985
0.907842
 1.01892
 1.05929
 1.11469
0.930836
 1.20957
0.933838
0.934567
 1.06976
 1.07857
0.862424
 1.05407
 1.02829
 0.93763
0.869381
0.925993
0.933497
0.824229
 1.01269
 0.90512
 1.06345
0.917682
0.997599
 1.03474
0.907803
0.893983
 1.15537
0.898054
 1.14638
0.941184
 1.01666
0.987487
  1.0601
0.889425
0.997725
0.953472
0.979386
 0.91273
 1.06852
0.986314
 1.08686
  1.1176
 1.00543
 1.15915
0.940365
 1.21246
 1.03281
 1.10961
0.991788
0.994664
 1.09926
0.897226
 1.07407
 1.02625
 1.00249
0.966016
0.900932
0.941169
  1.2117
 1.13148
0.972376
0.863849
0.935308
0.948016
 1.01664
0.894036
 1.07819
 1.06848
 1.01572
 1.23885
 1.04535
0.887932
 1.19799
 1.10594
 1.11659
0.972604
0.907722
0.918423
 1.00108
 1.08589
0.982355
 1.04695
 1.01404
0.884308
0.919398
 1.22655
  1.0586
 1.09179
 1.02238
0.948203
  1.0233
 0.98339
 1.02087
 1.00045
 1.07294
0.882479
 1.04126
0.908318
0.864702
 1.01901
0.861949
0.906378
0.907703
 0.98973
 0.97186
 1.04231
0.929895
 1.03863
0.841869
 1.03956
0.879328
 1.06416
0.957473
 1.08556
 1.00615
0.914814
 1.04584
 1.00284
0.936753
0.791898
0.972398
 1.12632
 1.09961
0.925402
0.952263
0.832108
 0.77353
  1.1109
0.954376
0.950685
 1.10501
 1.05004
0.966849
 1.05816
0.958376
0.992279
0.975458
0.959089
 1.01513
 1.05488
 0.88031
0.892541
0.975009
 1.04857
0.929218
0.911911
0.957202
0.857459
0.942832
0.987757
0.888584
0.857086
0.958278
 1.00136
 0.81185
0.931461
 0.92265
 1.03338
0.881033
0.961977
 1.10849
 0.91093
0.973377
0.959887
0.979673
 1.03176
 1.05288
 1.06516
 1.08652
0.929193
0.977148
 1.00019
0.961771
0.809736
 1.10798
 1.02361
 1.01349
0.972419
0.839681
 1.06475
 0.96521
0.838469
 1.16295
0.837136
0.870095
0.981845
0.892217
 1.08185
  1.0019
 0.91938
 1.01512
0.835561
0.804666
 1.09855
0.963943
0.894741
0.932765
0.911079
0.877077
 0.99048
 1.01976
0.943172
0.960218
 1.01139
0.863387
0.890336
0.943985
0.989756
0.950077
0.946455
 1.05536
 1.00688
0.995217
 1.00743
0.890695
 1.01442
0.933968
 1.03604
0.819954
0.927537
 1.02463
0.954643
 1.05889
 1.12816
0.905297
0.916385
0.941193
0.939051
 1.08829
  1.0938
0.928481
0.988103
 1.02207
0.986384
0.937132
 1.07666
0.996384
 1.05028
 0.97886
0.961388
0.795412
0.939557
0.894858
0.873507
0.917766
0.935369
 1.14697
 1.09561
 1.11356
 1.11579
 1.15867
 1.20282
0.930767
 0.96519
0.996101
 1.03788
0.829258
0.861512
0.947367
0.909342
 1.07968
 1.00336
0.850653
0.946466
 1.16883
0.978552
0.996741
 1.00285
 1.06087
0.869999
 1.00741
 1.01475
 1.02354
 0.98454
  1.0109
0.975136
0.889384
0.874908
 1.04387
0.939135
  1.0387
0.864876
0.911264
0.997516
0.944862
0.976087
0.917665
0.947623
0.955227
 0.95082
0.942348
0.768726
0.860114
0.968836
0.888551
 0.94779
0.862979
0.891827
0.893923
0.981341
  0.8742
0.876344
 1.07682
 1.09436
 1.01248
0.741388
0.983479
0.956578
0.823575
0.986724
0.875933
0.870075
 1.04195
 1.09938
 1.02863
0.881363
 1.04229
0.813598
 1.12257
 1.03814
 0.91327
 1.12471
0.959587
0.679977
0.967514
 1.03912
0.904052
0.863109
0.986161
0.970889
 1.01061
 1.00066
 0.85507
0.807244
 1.06416
 1.03087
 1.04173
 0.93139
0.947252
 1.03101
 1.12631
0.982523
0.963081
0.973899
 1.12652
0.979361
 1.19971
 1.02984
0.885907
0.870725
0.905621
 0.98841
0.924183
 0.98037
 1.00485
 0.93734
0.969943
0.896272
0.879403
0.978784
0.980285
 1.05198
0.914149
 1.18646
0.969539
 1.06707
 1.13308
0.879089
0.936448
0.930329
 1.27713
0.961792
0.772119
 1.07449
0.939594
0.933347
0.924638
 1.08021
0.863955
 0.95086
0.921643
0.973329
0.933959
0.944621
  0.9599
0.849973
 0.94351
0.945902
 1.13306
0.953535
0.982124
0.904786
 1.01911
0.956394
  1.0637
 1.00498
 1.07417
 1.02367
0.930546
 1.01274
 1.00957
0.809847
 1.02947
 1.00897
 0.91435
 1.07497
 1.00305
 1.05978
0.887846
 0.98276
0.943697
0.923746
0.944377
0.847155
0.944799
0.993846
0.905601
0.910818
0.942216
 1.01386
0.793255
 1.02393
0.947902
   1.101
0.897574
0.939199
0.900158
 1.15417
0.898907
0.903279
0.959601
 0.93434
0.986234
0.992152
0.979661
 0.85585
0.943052
 1.07477
 1.08923
 1.02522
 1.16653
  1.0435
0.975207
 0.94492
 1.03675
0.953743
0.939655
0.921647
0.871867
 0.99414
 0.90254
 1.05633
0.994895
  1.1253
 1.09122
0.976979
 1.00682
 1.03834
0.971625
 1.10004
0.832877
 1.03257
0.981907
0.959993
 0.87205
0.911624
 1.05149
 1.00276
 1.08563
 1.02509
0.996134
 1.02307
0.978251
0.840071
0.898755
0.980862
0.950278
 1.00115
 1.02452
0.927545
 1.06522
 1.09668
0.997555
0.897834
 1.13256
 1.03646
0.928933
  1.0216
 1.00674
 1.05015
0.999995
  1.0403
  1.0501
0.981095
0.944115
 1.01436
   1.001
0.951294
0.983344
0.927431
 1.06213
  1.0169
 1.09219
0.995534
 1.15582
0.974308
0.962368
0.973217
 1.06026
 1.04567
 1.03019
 1.01623
0.952598
0.962282
 1.13555
0.976667
0.943716
 1.03257
 1.12571
0.995062
 1.04099
 1.08728
0.840336
 1.01717
0.991507
 1.04944
0.914448
0.875549
0.951164
 0.88848
 1.01431
0.881035
 1.15745
 1.01912
