0.885656
0.913913
 1.16715
0.911365
 1.10175
0.958977
  1.1914
 1.10675
0.841731
 1.08379
 1.05582
0.965615
0.884172
 1.15649
0.847178
  1.0124
    1.08
0.947931
 1.24368
 1.08249
0.918824
  1.0183
 1.00403
0.951065
 1.16239
  1.1003
 1.08314
 1.20455
0.924226
  1.1074
 1.05689
  1.1538
 1.07896
0.932448
   1.043
 1.02511
 1.02506
 1.12745
 1.12749
 1.10459
 1.11956
 1.10462
  1.1069
0.906378
 1.02865
 1.13753
 1.16099
 1.42357
 1.65329
  1.1537
  1.2554
 1.15412
 1.38013
 1.42191
 1.63668
 1.38364
 1.10941
 1.10305
0.963774
 1.10118
0.913634
0.947296
 1.11504
 1.10781
 1.01952
 1.10019
 1.11793
 1.15413
 1.11271
 1.17906
 1.03113
 1.15674
 1.22192
0.893504
0.928178
 1.01993
 1.00429
0.921217
 1.09292
 1.03122
 1.13537
0.983381
 1.08606
  1.0152
 1.16158
0.909077
0.838879
 1.07392
 1.15226
 1.01743
 1.12683
 1.10124
 1.14878
0.948627
 1.08641
 0.99467
 1.10616
 1.15609
0.997898
 1.02049
0.930057
 1.13797
 1.03083
  1.0688
 1.10731
 1.00289
0.944714
0.852545
 1.01407
 1.05885
 1.13273
 1.14272
0.937477
 1.10086
 1.24878
  1.0907
 1.00218
 1.11736
 1.00001
 1.02816
 1.02046
0.976514
 1.16489
 1.17552
 1.03118
 1.06817
0.974913
 1.16607
 1.05816
 1.16314
 1.05949
 1.07813
 1.08772
 1.07326
 1.13132
0.960085
0.863629
   1.152
 1.23193
0.994055
 1.04727
 1.14912
0.949579
0.927001
 1.05871
 1.03083
 1.09791
 1.20322
 1.04713
 1.15218
 1.11331
 1.11207
 1.07475
 1.07253
 1.02065
 1.13963
 1.04789
  1.0591
0.956372
0.988845
 1.05571
0.993021
 1.02732
 1.03452
 1.30527
 0.95669
0.944598
0.986785
0.995221
 1.06417
 1.12603
 1.00084
  1.1508
 1.25369
 1.02863
 1.05456
0.942156
 1.22652
 1.15183
0.896958
0.998895
 1.04905
 1.03523
0.955494
 1.02321
 1.13197
 1.02495
  1.0577
 1.29111
 1.04993
 1.24567
 1.01814
0.958291
0.896397
 1.14044
 1.03445
 1.15251
  1.2042
 1.01535
0.851957
  1.0601
0.954702
 0.97176
 1.08722
0.989872
 1.08591
 1.10351
0.937636
 1.12504
0.908829
 1.07268
 1.07857
0.877435
 1.07032
  1.0176
 1.07869
 1.04606
 1.07294
 1.06952
 1.35223
 1.09869
 0.97496
0.966926
 1.16337
 1.10432
 1.01814
 1.11985
 1.04904
 1.22881
  1.1981
 1.02138
 1.12105
 1.22297
 1.07003
0.915743
 1.06629
 1.28704
0.984442
 1.24156
0.887005
 1.05785
0.997973
 1.12995
 1.15854
 1.11071
0.983718
 1.14499
 1.24021
 1.07485
 1.21632
 1.07261
0.887343
 1.01812
 1.12156
 1.02172
 1.01844
 1.08182
 1.31376
 1.11531
 1.17465
 1.16103
 1.24034
 1.39916
 0.94229
 1.19485
 1.11659
 1.18146
 1.24406
 1.07429
  1.0468
 1.26112
 1.16585
 1.26568
 1.17547
  1.2531
 1.23887
  1.2381
  1.1834
 1.47199
 1.34012
 1.39997
0.973564
 1.30097
 1.34995
 1.09494
 1.01316
 1.41771
 1.26808
 1.67072
 1.14553
 1.23679
 1.11306
  1.3875
 1.17304
 1.10941
 1.31241
 1.15185
 1.12064
 1.46819
 1.17721
 1.00887
 1.38573
 1.27504
 1.07036
  1.0982
0.849473
 1.08515
 1.21105
 1.06343
 1.20498
  1.1155
 1.01884
 1.15309
  1.0909
 1.22523
 1.06831
 1.20206
 1.07032
 1.23423
  1.2234
 1.06927
0.977865
0.990445
0.999088
 1.03399
 1.09871
 1.04307
 1.06049
 1.04593
 1.09984
 1.07167
 1.05368
 1.09399
 1.05759
 1.09083
 1.12654
 1.19514
 1.09131
 1.14063
 1.02765
 1.24732
 1.16979
0.991692
 1.09648
 1.16332
0.952868
 1.12447
 1.09988
  1.1168
 1.03901
 1.18864
0.974055
 1.01452
 0.91702
 1.17955
 1.00902
0.975918
0.902375
0.959641
 1.08874
 1.15465
 0.91794
 1.07997
 1.01397
 1.11303
 1.07032
 1.35765
 1.18346
 1.01807
 1.17643
 1.21305
 1.12036
0.980997
0.956948
0.913998
 1.05875
0.979376
 1.14533
 1.08679
  1.0846
 1.04934
 1.20939
 1.24036
0.897436
0.991113
 1.06022
 1.01255
   1.135
 1.09224
 1.16345
 1.00895
  1.0495
 1.13297
 1.01556
 1.22259
  1.1131
 1.27046
 1.03373
 1.02873
0.985282
 1.07692
 1.12927
0.984912
  1.1623
0.987408
 1.02273
 1.06812
 1.06244
 1.00793
  1.0485
 1.02584
  0.9807
 1.11452
 1.16079
 1.06589
 1.13109
 1.14568
 0.96094
 1.05717
 1.10529
 1.00779
0.967881
 1.07674
 1.06997
 1.12891
 1.20132
 1.13141
 1.14945
 1.13155
 1.06392
 1.05802
 1.23023
 1.08432
0.976881
 1.00886
  1.1066
 1.00001
 1.07839
 1.01885
 1.04774
  1.0286
0.990836
 1.12044
0.776455
 0.93296
 1.14401
0.877882
0.968444
 1.02213
 1.05001
0.919706
0.972709
 1.09346
 1.07537
 1.04714
0.904395
  1.0097
0.942613
 1.12849
  1.0942
 1.17447
 1.04015
 1.13735
 1.28179
 1.23905
 1.09613
 1.03663
 1.06498
  1.2749
0.972414
 1.01771
 1.04211
 1.08128
 1.07921
 1.12588
 0.94071
 1.03711
0.884898
  1.0292
 1.15853
  1.0668
0.938227
  1.2053
0.983804
 1.11006
 1.27016
 1.02909
 1.16415
 1.06395
 1.11016
  1.1377
 1.16837
0.938563
  1.0685
 1.18063
 1.15667
0.937751
0.990033
 1.02323
 1.01094
 1.06849
 1.03649
  1.0987
  1.1487
0.988671
 1.19936
  1.0605
 1.14968
  1.2902
 1.08551
 1.15503
0.988356
   0.901
   0.903
0.984532
  1.1226
0.965116
0.945378
 1.11046
 1.13984
 1.01844
  1.3676
 1.43994
 1.05555
 1.21102
 1.46315
 1.54317
 1.26862
 1.32957
 1.87284
 1.32315
 1.09335
  1.1191
 1.41139
 1.61089
 1.32405
 1.50155
 1.16539
 1.26576
 1.44531
 1.12444
 1.17341
 1.17619
 1.33922
 1.15808
 1.12417
 1.21793
 1.22137
 1.19567
 1.33356
  1.0694
 1.07067
 1.25823
  1.6742
 1.02774
 1.58679
 1.33584
  1.0664
  1.1101
 1.17313
 1.04987
 1.29153
 1.38155
 1.08698
 1.02582
 1.08938
   1.187
 1.00973
 1.11122
 1.10601
 0.95477
 1.06997
 1.11708
0.917106
  1.0114
  1.1606
 1.15675
0.956995
 1.07247
 1.03733
 1.14574
 1.12837
 1.30268
  1.1101
 1.05148
 1.24202
 1.12192
 1.12782
 1.52325
 1.25049
 1.56113
 1.40365
 1.78417
 1.48257
 2.39671
  1.7223
  1.0962
 1.32176
 1.21368
 1.10381
 1.01062
 1.17838
  1.0021
 1.38313
 1.50814
 1.15475
 1.10169
 1.08853
 1.30993
  1.3322
 1.17702
0.974431
 1.42085
0.959402
 1.27858
 1.16271
 1.10078
 1.11333
 1.01542
 1.22835
 1.28547
  1.1271
 1.36149
 1.13202
 1.45513
 1.07069
 1.05601
 1.23868
 1.07077
 1.07383
 1.15435
0.955517
 1.07195
0.979763
0.873972
 1.03035
 0.85965
0.879999
 1.00795
 1.08299
0.885211
 1.01842
0.858423
 0.89083
 1.14431
 1.02342
 1.00942
 1.02647
 0.93145
 1.32613
0.931183
0.901275
 1.20146
 1.00646
0.938606
  1.0308
 1.08049
 1.14702
  1.0554
  1.0422
 1.01083
 1.10485
0.997864
 1.10478
 1.00374
 1.18316
0.942923
0.994833
0.987902
 1.01122
  1.0214
 1.16832
 1.20341
 0.93354
  1.0997
 1.14761
 1.00314
 1.01325
0.995762
0.967988
0.927504
 1.05836
 1.05446
 0.91341
0.977648
 1.24104
 1.00238
0.988131
 1.15752
  1.3758
 1.12062
 1.06296
 1.07168
 1.12794
0.978344
  1.1135
  1.1642
 1.15434
 1.01675
 1.18204
 1.09064
 1.29777
 1.14539
  1.1246
 1.11264
 1.19783
 1.01054
 0.98653
0.873149
 1.15508
  1.2865
0.994471
0.963014
  1.6252
 1.16267
 1.09892
 1.38553
 1.01822
 1.04536
0.857665
 1.10572
0.985561
 1.29353
0.996952
  1.2008
 1.24317
 1.15519
 1.06694
 1.09144
  1.2411
 1.22404
 1.10282
0.923306
 1.27316
 1.01068
 1.10868
 1.20362
 1.10709
 1.30904
 1.28292
  0.9538
 1.31133
0.954936
 1.03428
0.990227
0.944131
0.868345
  1.0891
 0.93121
 1.12502
 1.10447
 1.01616
0.964157
 1.08961
 0.99242
0.906136
 1.03853
0.980882
 1.06046
  1.3839
0.871987
0.907655
 0.94136
0.912077
 1.19143
0.962975
 1.01806
0.985574
 1.08939
 1.06263
0.970192
 1.10098
0.968139
 1.03563
0.959678
0.964197
 1.37185
 1.00423
 1.06178
 0.98846
  1.1421
 1.05185
  1.0879
 1.08226
 1.11588
0.974894
 1.05585
0.909121
 1.22201
 1.06242
0.978318
0.925127
 1.09356
 1.10911
 1.12153
 1.16283
0.994734
 1.06256
0.989238
0.960844
 1.14546
 1.13092
0.919648
  1.0444
0.901601
 1.05185
 1.06683
0.921045
  1.1072
 1.05427
 1.13316
 1.02565
 1.07263
 1.06141
0.972324
0.932591
0.988584
 1.04131
0.966912
 1.23904
0.992736
0.933594
 1.04017
 1.01733
 1.13241
0.986806
 1.13354
 1.05874
 1.03772
  1.0045
 1.29365
0.928882
 1.14396
 1.09892
 1.26364
 1.01133
 1.03196
 1.14045
 1.04066
0.945489
 1.14709
0.893301
 0.99447
  0.9992
 1.01298
0.999177
 0.99753
 1.13691
 1.16062
 1.19599
 1.22834
 1.04139
 1.01415
 1.13106
 1.08266
 1.07508
 1.04155
 1.01133
  1.0699
 1.05625
0.940824
0.993726
 1.13311
 1.15688
 1.04082
0.978304
 1.12637
 1.29619
 1.09121
 1.19071
 1.01777
 1.06825
 1.22093
 1.21602
 1.10928
 1.15029
 1.07607
 1.06969
 1.13427
0.992253
 1.11527
 0.96986
 1.08087
 1.17342
 1.17054
  1.1314
 1.01944
 1.03207
0.941056
 1.11568
 1.05771
  1.2016
0.984254
 1.02189
 1.05807
 1.13552
 1.08212
 1.21563
 1.06388
 1.06162
0.990171
 1.01469
  1.0141
  1.1467
 1.03408
 1.19218
 1.16282
 1.27518
  1.1076
 1.15366
 1.09226
 1.00279
 1.15767
 1.41298
0.942804
 1.22497
 1.28819
 1.07038
 1.17221
 1.18426
 1.05046
 1.08448
  1.1326
 1.22276
 1.08609
 1.19644
 1.27519
 1.09656
 1.20409
 1.14495
   1.135
 1.29401
 1.03651
 1.02182
 1.01182
 1.23813
 1.12018
 1.07522
 1.17872
0.939957
 1.05394
 1.06495
 1.19094
 1.28665
 1.12029
 1.07608
 1.04725
 1.22533
 1.22798
 1.09932
 1.00709
  1.1541
 1.23605
 1.20479
 1.31704
 1.12251
 1.17939
 1.14558
 1.42979
 1.07918
 1.14105
 1.10483
 1.16752
 1.17039
 1.27219
  1.0453
 1.13583
 1.04496
 1.11716
 1.13497
 1.35315
 1.00096
0.994547
 1.23583
 1.00543
 1.26476
 1.12386
 1.07108
 1.11074
 1.06821
 1.08845
 1.18098
 1.03976
 1.17893
 1.27564
 1.12286
 1.40116
 1.04467
 1.27401
 1.37366
 1.08122
 1.15774
0.990774
0.867987
0.940168
 1.11395
  1.1548
 0.95991
 1.08542
0.868934
