0.885651
0.913908
 1.16715
0.911357
 1.10175
0.958979
 1.19143
 1.10676
0.841729
 1.08379
 1.05582
0.965614
0.884172
 1.15649
0.847188
 1.01241
 1.07999
0.947935
 1.24374
 1.08249
0.918826
  1.0183
 1.00402
0.951088
 1.16239
  1.1003
 1.08315
 1.20462
0.924226
  1.1074
 1.05689
  1.1538
 1.07897
0.932448
   1.043
  1.0251
 1.02505
 1.12745
 1.12749
 1.10459
 1.11954
 1.10462
 1.10688
0.906379
 1.02865
 1.13754
 1.16099
 1.42353
  1.6533
 1.15374
 1.25541
 1.15411
 1.38014
 1.42191
 1.63669
 1.38363
  1.1094
 1.10305
0.963779
 1.10118
0.913622
 0.94733
 1.11504
 1.10783
 1.01953
 1.10021
 1.11793
 1.15413
 1.11271
 1.17906
 1.03112
 1.15674
 1.22192
0.893502
 0.92818
 1.01994
 1.00429
0.921214
 1.09292
 1.03123
 1.13537
0.983383
 1.08607
 1.01519
 1.16158
0.909076
0.838869
 1.07392
 1.15226
 1.01742
 1.12683
 1.10126
 1.14878
0.948625
 1.08642
0.994665
 1.10623
  1.1561
0.997904
  1.0205
0.930057
 1.13797
 1.03083
  1.0688
 1.10731
 1.00288
0.944709
0.852547
 1.01407
 1.05884
 1.13275
 1.14274
0.937476
 1.10086
 1.24877
 1.09066
 1.00217
 1.11736
 1.00001
 1.02816
 1.02046
0.976512
 1.16489
 1.17552
 1.03118
 1.06816
0.974919
 1.16605
 1.05815
 1.16315
 1.05949
 1.07813
  1.0877
 1.07326
 1.13133
0.960087
0.863631
 1.15202
 1.23193
0.994053
 1.04728
 1.14911
0.949582
0.926998
 1.05872
 1.03085
 1.09792
 1.20322
 1.04713
 1.15218
 1.11332
 1.11207
 1.07473
 1.07254
 1.02065
 1.13963
 1.04788
 1.05909
0.956385
0.988843
 1.05573
0.993037
 1.02731
 1.03453
 1.30527
0.956685
0.944582
0.986782
0.995239
 1.06417
 1.12603
 1.00083
  1.1508
 1.25369
  1.0286
 1.05455
 0.94216
 1.22654
 1.15184
0.896949
0.998911
 1.04906
 1.03523
0.955492
 1.02342
 1.13196
 1.02495
 1.05808
 1.29113
 1.04993
 1.24569
 1.01815
0.958279
0.896406
 1.14044
 1.03445
 1.15251
 1.20417
 1.01536
0.851959
  1.0601
0.954703
0.971752
 1.08722
0.989883
 1.08592
 1.10352
0.937659
 1.12504
 0.90883
 1.07268
 1.07856
0.877448
 1.07045
 1.01761
 1.07869
 1.04606
 1.07294
 1.06951
 1.35224
  1.0987
0.974946
0.966981
 1.16337
 1.10433
 1.01812
 1.11984
 1.04904
 1.22882
  1.1981
 1.02138
 1.12105
 1.22296
 1.07004
0.915742
 1.06629
 1.28702
0.984455
 1.24156
0.887006
 1.05786
0.997969
 1.12996
 1.15855
 1.11069
0.983716
 1.14501
  1.2402
 1.07485
 1.21631
  1.0726
0.887346
 1.01812
 1.12158
 1.02172
 1.01842
 1.08183
 1.31377
 1.11531
 1.17466
 1.16104
 1.24033
 1.39916
0.942286
 1.19486
 1.11659
 1.18145
 1.24405
 1.07429
  1.0468
 1.26112
 1.16585
 1.26568
 1.17546
  1.2531
 1.23887
 1.23811
  1.1834
 1.47199
 1.34011
 1.39997
0.973565
 1.30098
 1.34995
 1.09494
 1.01315
 1.41772
 1.26808
 1.67072
 1.14554
 1.23679
 1.11307
 1.38749
 1.17304
 1.10942
 1.31239
 1.15184
 1.12064
 1.46819
 1.17721
 1.00887
 1.38574
 1.27504
 1.07037
 1.09819
0.849472
 1.08515
 1.21105
 1.06344
 1.20498
 1.11549
 1.01884
 1.15311
 1.09092
  1.2252
  1.0683
 1.20205
 1.07031
 1.23422
 1.22341
 1.06926
0.977866
0.990445
0.999108
 1.03401
 1.09871
 1.04307
 1.06048
 1.04593
 1.09984
 1.07164
 1.05368
 1.09399
  1.0576
 1.09084
 1.12654
 1.19514
 1.09131
 1.14063
 1.02765
 1.24731
  1.1698
0.991689
 1.09647
 1.16331
0.952863
 1.12447
 1.09989
 1.11681
 1.03901
 1.18864
0.974054
 1.01451
 0.91702
 1.17955
 1.00902
0.975918
0.902372
0.959638
 1.08874
 1.15465
0.917942
 1.07997
 1.01397
 1.11303
 1.07033
 1.35765
 1.18346
 1.01807
 1.17642
 1.21309
 1.12036
0.980967
0.956954
0.913998
 1.05874
0.979484
 1.14534
 1.08679
 1.08458
 1.04932
 1.20939
 1.24036
0.897441
0.991124
 1.06022
 1.01256
 1.13502
 1.09224
 1.16345
 1.00897
 1.04951
 1.13297
 1.01556
 1.22257
 1.11311
 1.27048
 1.03372
 1.02872
0.985283
 1.07692
 1.12927
0.984914
  1.1623
0.987407
 1.02273
 1.06813
 1.06244
 1.00793
  1.0485
 1.02584
0.980439
 1.11451
 1.16079
 1.06591
 1.13109
 1.14567
0.960941
 1.05717
 1.10531
 1.00775
0.967885
 1.07674
 1.06996
 1.12891
 1.20131
 1.13141
 1.14946
 1.13156
 1.06393
 1.05802
 1.23022
 1.08432
0.976951
 1.00887
  1.1066
 1.00001
 1.07839
 1.01884
 1.04774
  1.0286
0.990843
 1.12044
0.776449
 0.93295
 1.14402
0.877882
0.968444
 1.02213
 1.05002
0.919694
0.972718
 1.09343
 1.07538
 1.04713
0.904395
  1.0097
0.942613
 1.12849
 1.09418
 1.17447
 1.04014
 1.13735
 1.28179
 1.23905
 1.09615
 1.03662
 1.06497
  1.2749
0.972412
 1.01771
 1.04211
 1.08127
  1.0792
 1.12588
0.940713
 1.03711
0.884888
  1.0292
 1.15857
 1.06681
0.938222
  1.2053
0.983801
 1.11005
 1.27017
 1.02908
 1.16416
 1.06394
 1.11016
 1.13771
 1.16837
0.938542
  1.0685
 1.18062
 1.15667
0.937754
0.990035
 1.02323
 1.01093
  1.0685
 1.03649
  1.0987
  1.1487
0.988674
 1.19936
 1.06051
 1.14966
 1.29021
  1.0855
 1.15504
0.988369
   0.901
0.903043
0.984533
 1.12263
0.965114
0.945385
 1.11046
 1.13983
 1.01844
  1.3676
 1.43994
 1.05557
 1.21103
 1.46314
 1.54317
 1.26862
 1.32955
 1.87286
 1.32315
 1.09335
 1.11909
 1.41135
  1.6109
 1.32405
 1.50158
  1.1654
 1.26577
 1.44531
 1.12443
 1.17341
 1.17619
 1.33922
 1.15809
 1.12417
 1.21793
 1.22135
 1.19566
 1.33356
 1.06941
 1.07068
 1.25824
  1.6742
 1.02774
 1.58676
 1.33584
  1.0664
  1.1101
 1.17314
 1.04986
 1.29153
 1.38154
 1.08698
 1.02583
 1.08938
   1.187
 1.00974
 1.11122
   1.106
 0.95477
 1.06997
 1.11708
 0.91712
 1.01141
  1.1606
 1.15674
0.957001
 1.07247
 1.03733
 1.14575
 1.12863
 1.30271
 1.11011
 1.05149
 1.24203
 1.12193
 1.12782
 1.52324
 1.25049
 1.56109
 1.40367
 1.78412
 1.48253
 2.39661
 1.72229
 1.09619
 1.32176
 1.21367
 1.10381
 1.01063
 1.17839
  1.0021
 1.38313
 1.50814
 1.15474
 1.10169
 1.08853
 1.30993
 1.33216
 1.17701
0.974435
 1.42089
0.959405
 1.27857
  1.1627
 1.10077
 1.11333
 1.01542
 1.22835
 1.28547
 1.12709
  1.3615
 1.13203
 1.45512
 1.07069
   1.056
 1.23868
 1.07074
 1.07384
 1.15434
0.955519
 1.07196
 0.97977
0.873974
 1.03035
0.859652
0.880001
 1.00794
 1.08299
0.885214
 1.01843
0.858416
0.890832
 1.14432
 1.02341
 1.00942
 1.02646
 0.93146
 1.32613
 0.93121
0.901281
 1.20144
 1.00645
0.938608
  1.0308
 1.08049
 1.14699
  1.0554
 1.04222
 1.01083
 1.10485
0.997848
 1.10477
 1.00374
 1.18319
 0.94292
 0.99484
0.987918
 1.01122
  1.0214
 1.16834
  1.2034
0.933542
  1.0997
 1.14761
 1.00314
 1.01327
0.995758
 0.96802
0.927515
 1.05837
 1.05446
0.913411
0.977647
 1.24106
 1.00237
0.988129
 1.15752
 1.37581
 1.12084
 1.06296
 1.07168
 1.12794
0.978351
 1.11368
 1.16369
 1.15537
 1.01712
 1.18158
 1.09121
 1.29796
 1.14553
 1.12483
 1.11292
 1.19917
 1.01043
0.986613
0.873838
 1.15599
  1.2881
0.994299
0.964268
 1.62799
   1.163
 1.09877
 1.38696
 1.01859
 1.04566
0.857538
 1.10577
0.984494
 1.29284
0.998342
 1.20312
 1.24442
 1.15529
 1.06741
 1.09305
 1.24089
 1.22494
 1.10355
0.923472
 1.27385
 1.01076
 1.10763
 1.20307
 1.10724
 1.31107
 1.28414
0.955573
  1.3138
0.954942
 1.03428
0.990234
0.944116
0.868342
  1.0891
0.931208
 1.12503
 1.10447
 1.01616
0.964171
 1.08962
0.992423
0.906121
 1.03851
0.980885
 1.06045
  1.3839
0.871956
0.907647
0.941359
0.912075
 1.19142
0.962968
 1.01805
0.985561
 1.08939
 1.06263
0.970192
 1.10097
0.968125
 1.03562
0.959678
  0.9642
 1.37184
 1.00423
 1.06177
0.988461
  1.1421
 1.05185
 1.08787
 1.08228
 1.11582
0.974899
 1.05587
0.909113
 1.22203
  1.0624
0.978314
0.925138
 1.09357
 1.10909
 1.12155
 1.16284
0.994721
 1.06254
 0.98919
0.960849
  1.1455
  1.1308
0.919654
  1.0444
0.901602
 1.05184
 1.06682
0.921044
  1.1072
 1.05426
 1.13315
 1.02565
 1.07263
 1.06141
0.972306
0.932604
0.988579
 1.04132
 0.96691
 1.23904
0.992732
0.933599
 1.04016
 1.01739
 1.13241
0.986806
 1.13355
 1.05873
 1.03772
 1.00487
 1.29364
0.928889
 1.14396
 1.09892
 1.26365
 1.01132
 1.03196
 1.14043
 1.04066
0.945497
 1.14708
0.893298
 0.99447
0.999193
 1.01298
0.999188
0.997506
 1.13691
 1.16061
   1.196
 1.22834
 1.04139
 1.01413
 1.13106
 1.08267
 1.07507
 1.04155
 1.01133
  1.0699
 1.05625
0.940855
0.993726
  1.1331
 1.15687
 1.04081
0.978294
 1.12635
  1.2962
 1.09121
 1.19072
 1.01777
 1.06825
 1.22092
 1.21604
 1.10928
 1.15028
 1.07606
 1.06969
 1.13427
0.992253
 1.11527
0.969843
 1.08086
 1.17342
 1.17053
  1.1314
 1.01944
 1.03208
0.941036
  1.1157
 1.05771
 1.20162
0.984255
  1.0219
 1.05808
 1.13552
 1.08212
 1.21565
 1.06388
 1.06185
0.990171
 1.01469
 1.01411
  1.1467
 1.03411
 1.19218
 1.16283
 1.27517
  1.1076
 1.15367
 1.09226
 1.00279
 1.15766
 1.41298
0.942803
 1.22496
 1.28818
 1.07039
 1.17219
 1.18425
 1.05046
  1.0845
  1.1326
 1.22276
  1.0861
  1.1964
 1.27518
 1.09657
  1.2041
 1.14495
 1.13496
 1.29404
 1.03653
 1.02179
 1.01183
 1.23812
 1.12018
 1.07523
 1.17872
0.939961
 1.05395
 1.06495
 1.19094
 1.28665
 1.12029
 1.07608
 1.04725
 1.22534
 1.22798
 1.09932
 1.00709
 1.15411
 1.23604
 1.20482
 1.31704
 1.12252
 1.17937
 1.14558
 1.42979
 1.07918
 1.14104
 1.10483
 1.16752
 1.17039
 1.27219
  1.0453
 1.13581
 1.04496
 1.11716
 1.13497
 1.35313
 1.00096
0.994556
 1.23583
 1.00544
 1.26476
 1.12387
 1.07108
 1.11074
  1.0682
 1.08846
 1.18097
 1.03976
 1.17894
 1.27564
 1.12287
 1.40118
 1.04466
 1.27404
 1.37366
 1.08122
 1.15775
0.990776
0.867983
0.940147
 1.11396
 1.15478
 0.95989
 1.08542
0.868929
