156.337896102798,-48.3926586308849,90.8505050554009,-53.3639889653726,103.038679924628,0.533754555589908,-16.9002946143872,-79.6062834798674,74.2541933892616,44.5643901544546,47.3888712943714,-65.0436328431771,-3.18130629738394,43.1466636193328,111.410097403019
109.503151245376,-64.0014535287127,114.470388387077,8.65508023315323,-29.9804996610407,16.9861382666796,22.8242041243363,-39.6716979654978,-31.5670260410498,30.3006360854865,55.867088185913,-30.1847702680733,60.4405813109491,-58.6214140001643,-8.21148441773185
70.8758398122474,-140.442565400114,190.38833268031,45.3905737800231,-54.0821822373074,-7.78622645385736,72.707553511342,-85.2353079129631,37.463177189255,-27.7777014604046,49.9962719182794,-63.3647204604672,-3.02471628089823,2.25389153084522,-91.2016573789673
108.062405248464,-64.9733415676657,-51.6018732145667,43.9273380465679,-52.0167762261465,-28.206768360307,5.72828284513859,25.5923466473351,-8.77854977891203,-51.6922424831977,15.2279299345311,1.26205064669076,-12.258052821629,2.76035576495875,-28.6675977223708
-91.7115846947839,-25.6349496837152,91.6879219774866,201.741099345508,26.5022998321975,0.727152705406468,-68.0292360568529,100.942950081956,-65.642785491345,-3.52926032473882,-40.1520967749438,29.8034221482423,36.4500726758217,47.7153893095002,72.5693384772843
64.7350724064513,-107.078276940964,-129.091035300019,64.6514405197742,28.4795331537657,20.3566167612256,-21.4801446004305,146.867627545729,50.6524427098412,27.2840443954334,-46.6434148338781,20.7865463201669,32.1137756839,8.63996255136578,-76.6557504457228
18.5308035244094,-127.399442778513,-56.5499719162894,-134.662509998368,-16.9231474696863,3.01827644633955,20.2477127163949,-19.6801907416166,19.9478585185336,-41.8663571016647,-17.9735116266877,25.1312247626079,119.313464256903,68.0655244788528,31.3738177887477
-165.43066866573,-55.5371699056049,-69.0670871627881,2.36437970500757,61.1144118617813,50.5311918292273,-42.4315921238513,-67.354424516272,-12.0782673978528,-19.2664674463538,28.3371415762723,17.7866617728222,10.465118794351,-74.3584686002868,-66.4837489323666
139.080249327744,-66.5888186019728,5.24863970193075,94.595636920043,5.12291255891445,47.2442966339612,-216.517548967982,27.4028554184522,-55.876924418981,45.6987729510397,-39.4791101865028,58.454014843626,-132.001917554657,-78.5629026809074,64.8992288209753
-169.980545756585,42.4858286908481,-119.25027610743,-64.0399928262301,-95.8968311177394,40.3462998402741,595.144528928736,64.4685855424152,-41.4743319697161,-7.06731274831722,12.9483058326413,-14.4723971996587,-75.6557711836661,62.8128268829741,-8.88880326194021
41.2922837741192,-71.2671805530319,53.7009851549938,-6.39515797493544,-62.2639278629003,-18.7414089524751,-369.364596312509,-49.6505023097385,39.1356414878648,62.1971062733359,28.7550403889705,-65.1373257799992,-18.1054427209176,6.8460815777052,-95.4807234024984
-75.0623035682528,45.0801956141991,68.9655908763028,39.0263601490577,-14.9820101146198,-38.0571235901005,-341.245900496159,1.07367337384044,89.2378446103223,55.111214850227,33.6558978341998,-22.1530954412541,16.5097955368,-29.948265201242,-42.6164172041484
-133.592705531834,-28.832517346449,-18.512689608137,94.8205508844273,-104.141798148441,-26.3610926879036,-649.529857070428,25.2503154036921,-100.765713101537,96.5765408562392,-4.91624311593745,86.0450051617971,29.0409938337748,45.9313802906875,36.6705987572203
187.531014585708,36.0302373597702,56.9175354370894,68.9003241473821,50.3860676935052,112.79149537901,587.405248013163,22.3548379452473,-8.05289266021599,68.0135444663034,17.9695868688803,24.6094155235256,75.5131442864995,9.77463580684511,-11.9195585984805
-21.6346544817216,-14.674090671283,-61.8688616193267,19.2184992630909,56.2613153284796,-11.552823853997,670.557748441987,-46.6735713020747,-75.8307440026071,30.0156509025493,-137.749928936146,-5.48319666562327,-4.7180785244426,50.1874942610379,30.1850321740588
117.276895542708,-16.3063266120542,-117.748559870299,77.1266319593466,43.3847655753065,-15.9448059631913,-332.725430217821,-44.651755072032,8.7591633983391,71.474503118568,7.28116856461632,-22.5248182797975,78.3844531197496,10.6938927847777,35.3255939784118
8.97002780726158,53.595308151019,-46.2810236825417,154.504944185638,-2.50540971217497,20.9895696025433,56.8741904555968,14.1349377814057,88.2568028193852,-30.257550714702,57.9952439716915,-91.2218374811365,23.9624280474023,90.5748566726647,-107.235214996316
-40.5715708041244,45.5227107068941,-153.781914247459,108.308533374762,82.4937475534662,19.1158067262456,-288.885141045125,17.3507421230166,51.8409366764006,8.63228432878299,-44.853724571152,-0.952419324031321,9.75384450101018,-39.8466774115203,7.57197758666486
-219.595397988322,-3.67727326009661,-40.5564168372871,21.3630772559463,-89.4721622123451,-19.8678490733538,718.654735462917,-22.4432899354765,21.379384211276,36.5373503050259,-30.7373014924485,3.61496591192697,-35.3185571393067,17.31345197183,-26.3635881085644
-168.441192270717,-15.1684053560946,-52.8701841264627,200.449715403632,-94.1950333481802,12.3966895975786,669.392327185182,17.3371956138188,-27.3185635411833,46.146040852338,-4.33233709722695,-4.36968756585245,-3.74286092109188,-33.0733063110681,-41.8663158614039
-262.167774990435,-53.0927890350769,133.567601073855,15.6740752378927,62.4720067168251,-5.5895498129368,-81.8937043420612,-42.8095214226574,19.2432518730677,-37.2351475707392,-52.2637095821875,-76.9913676178822,-250.285318968793,37.985594341324,-74.5732204571971
-75.6156851397007,45.2593861514434,65.8871581583749,-175.443263172326,-12.6355710433633,24.449780632274,-3.95326242554853,56.6987227989117,-13.0652402878017,-13.351740218109,-42.6155488899955,40.8350802678208,8.37733083294786,-14.1541387967176,-38.8047237861603
-25.5271725341253,-34.0545028917368,-63.8989693609676,-150.979314604777,-37.5270394736279,8.35981789781204,-437.408565022712,-52.8504042547576,4.34826532215546,24.787141028593,76.898591113384,9.69802879527597,-32.1098863904687,9.57700536927803,-20.4969095601474
-89.1417973902368,-109.221618265472,-61.4774146581784,-92.209043317112,-114.522799437658,-24.8541832443968,370.332382684488,-11.5922712585213,-57.3948538950898,35.7575458954041,-5.10847665413058,-13.071670475169,-42.6334519345406,-49.1692128145346,17.0752883948311
241.043397916922,-53.543387612715,43.4257840048448,38.6538136083591,71.0225197290849,-44.1881658409201,626.180029467395,-26.2888109860669,101.041220199496,-31.8820852440173,22.8500200289842,43.7141595892357,19.4179529568704,-62.5419383637151,19.1540984005749
69.4786646703519,-11.3057005597937,27.5034592518878,46.9388541558135,29.1881685477213,-7.917284751606,37.3919891769795,44.9909015364214,78.7106615552673,-19.762747329797,-17.4362759095374,28.8931826997456,11.425958518805,25.0122651050537,15.1970293338799
-109.672868770025,2.70892392540701,20.8368540281882,-240.29571678139,-29.942565739551,9.10108055794516,-1.68060562839053,-13.7976721099511,59.4911033702453,-60.6481892668246,20.950664770639,-70.2764366341572,-7.28848104032746,-2.06367960235278,-50.1662698260808
-172.838931193353,6.11622536510525,-198.881422293032,91.849101845352,14.7989317214101,5.52721375177536,19.335191223233,62.5788856776345,46.1063784387787,0.38377032161824,10.1638904908212,42.1206821098116,100.481434523569,-9.92168609687713,8.77169040318046
-12.8211296090744,-147.832171475433,25.7711794639387,-50.0717169472661,-114.981637243896,-34.3445066994727,-23.0330958456031,-10.5133213858856,-70.7002500725196,80.9840014900045,4.76442699927155,55.678923216827,-83.7919438587494,-69.501373504873,69.2652023252043
-22.9772651506404,-132.285672500988,-20.3484517641917,198.41875610681,27.2276031968686,-52.542873686212,22.4086069871952,35.7867894529567,-13.893691589256,22.3931442480387,-11.4301035952637,40.5385052066977,-39.6813979888629,9.3805286696036,13.3702060550498
84.1336005286691,-156.02690712913,-48.0312914942535,112.997466771943,-56.0626543558407,-49.0264190637542,-14.3827664938343,65.6104415137709,42.8378030462483,-56.7615286769562,12.8090606639836,72.5296221960898,-47.2406466461179,-35.1246307463568,-86.6941123061118
-52.6547219553736,-204.75877666456,-109.56370011422,89.0450672397267,-61.4454157502202,-22.6465004501058,-23.9129270446332,15.7186234504528,72.6172748496012,15.153202695261,-252.132027048314,45.7432781223638,-10.0326300575366,-55.0885122017046,49.4445047018712
82.9759981077236,73.7331631439855,86.2478119508068,-135.008908335008,-47.2038451995196,43.0386506700424,-0.943032217313356,24.663785693471,-4.84499073721967,-43.5287742348081,-469.478273186593,-2.13942535529926,42.219841316081,-13.6650752372526,-0.180311011677471
-17.8362838649163,-110.686110282976,-111.408492424971,-83.8567300794404,32.6708880944967,16.396550391158,4.82921006848787,6.31814204811927,53.4726229187153,3.49389429372459,564.577456765051,-42.2906300810994,59.4055079792449,-18.2833376610499,-48.8598093186477
-127.218460730089,134.051526358336,-30.6561075360656,-41.8806445523865,-69.8087347591397,-35.6798328829469,-29.0988072176575,-38.5993688098393,-8.65971586689243,-13.6676538907397,-628.621444332384,-102.374317407921,68.1198815240535,-69.0850177061333,22.8046775045787
-72.4173414406445,27.6223408657196,-28.5206134001,-43.7857332220157,-26.7319888326472,-109.564328335858,-2.39716454612249,-8.41968229524422,-36.6970542591776,-10.6286644102105,670.107783779241,98.5681726093881,-72.5195046156467,-51.9012291746042,-44.735087863585
49.6607218832751,34.4731770573432,-25.7326301300483,-57.2047034622965,-54.9361992899149,47.3370306618529,-0.118026634811746,11.881205183667,-23.3452870927056,-109.436307748517,-419.848264163255,-65.4903240458256,-4.64333840024294,-1.63842461170093,-25.9160451088225
-67.4264486172141,-38.0968677378423,39.9922492740082,-49.0796833891296,-3.41140957758299,28.5755343218992,-10.6249807314222,-76.8689407890215,18.4104781268553,5.65541513117629,-353.961244365452,-4.38341587270637,24.5229325593397,39.8909230932336,85.7395625134841
191.060981622949,-181.741091025934,23.4888855480343,-51.0725051094909,-43.4168041611476,-25.9065773719467,-40.1860255276199,15.1998751818931,72.5908902413579,-58.1514401964775,275.189316941149,-58.3064687829313,9.711848104257,-40.9913405161046,84.685579495645
30.0457225474231,-14.0679544943451,96.7138682967792,-57.0081974109003,15.9650177778864,18.7151947732714,-33.3631506816026,3.0031159934407,-9.83817643301889,-49.8683612996564,494.601901099525,44.4837769363396,-38.6465464043052,57.2307537351197,31.9781693848408
20.2129679825638,-19.017369657401,81.740479039388,0.106966593087588,15.7101592489151,19.3852349952897,7.94402304154988,-10.5541348529816,83.5889136742434,-78.2792373750075,442.9102814637,118.551407168792,47.3705140565201,-8.89225908775554,-25.9852193035402
-135.308678958595,114.767004832774,-12.8774338250879,53.2719205265358,-14.9305354574926,7.34850634350065,-15.7082871813205,17.2485331935412,-79.0801362621026,-3.94017968806138,601.321595542776,82.8545537590423,38.2864606531221,18.6800699339955,60.7531554488105
-114.110774835965,37.5260663423114,98.6640042837099,-74.3610172814775,63.6154406535483,-9.54710187429592,89.9984084250362,18.4643677241058,-22.1867715037639,36.3283199109621,-213.550967834513,33.6425671537555,-59.4850270447364,-32.6811699310346,-47.554416866917
5.67831058188315,97.5309951002443,-78.0758658752802,46.396997515066,-23.0763742620226,0.263363739957011,-22.7010290977072,-52.9757903761723,20.1569655574976,27.7615339378963,393.067593520174,-50.0985152165912,43.9589043282805,-17.302591136098,-64.6873858511749
-60.5738539536757,-181.26940608091,153.023416213808,108.450678323248,50.9798637289126,6.24675797152771,28.2476961240368,-72.2836316296107,-5.62359250022952,111.312907376984,-447.075187199764,95.798096313899,57.229514045351,27.4574025615476,-26.940652157458
-83.2945505754069,-36.3300826604943,-29.2477003677932,56.792812274859,12.9770599098457,7.10703419881084,22.6681829607015,-59.7447582354253,-2.84565453863525,5.44677897657712,592.171038136491,-82.0819765035805,-53.7643175579159,-14.0279999823378,137.430313060919
95.0870383453473,37.9904829860454,51.1659884035576,47.9314282636933,-7.5375930311548,-59.2521563185491,-23.5689776977168,22.3166766661973,31.7365686333024,-27.0512820595897,-536.1267019695,44.8385364835024,21.2663943180978,-17.1221141248657,-12.2049498564127
-41.4946831002812,-118.760799635309,-90.8887080387433,-45.4221010158114,18.8362821063897,45.3647802203331,39.7099656226271,-30.8480634009362,-62.6655545277893,-47.4453667051083,196.815766401517,-26.6359540630753,-156.206110446014,-46.3273366740284,93.3362534298358
25.3997648767323,89.6110747658831,-79.6628698418969,-46.8496379056841,-3.20317948601773,-23.0378945201626,18.5243276394981,-47.7405055139162,13.2487741833881,45.5710672466353,-55.5359281198246,-94.1446928169569,19.1845386384535,-53.4864602041122,-10.6567567246203
-80.8926933983654,-182.581644417019,-8.37788014257997,103.309341000166,46.2872201711569,0.478441386863682,-32.7564474681777,31.1168771522089,31.152411898797,-22.6102367129655,-18.2182531218727,-0.0481407510561371,18.8249068310239,-49.9354972461728,-33.6609116210912
72.9108767653768,48.5917962681085,-82.029992451124,-5.05407093808703,128.442452851532,-50.4939449496541,21.1807167064625,86.9535006460067,44.0745938019984,-82.9288678290565,25.0347514239373,14.1874198145077,82.1903996047897,-4.93214759281533,59.4155840518844
4.85546131808796,-45.6217699834504,-7.21377692505082,-16.5215931581369,52.9776709523939,-6.61096303931021,-58.9482815637507,-55.1737492596896,22.1702395057661,-49.8977274873991,-13.3900788378348,61.2209361486217,19.5604843042547,34.5896029840329,-53.1594495548861
55.2141558894135,-110.722938825077,-168.830843034448,-96.9329214295543,-155.592156947617,-51.9798509013082,-20.3427276455598,-11.984860225092,-47.9804832750541,33.0861398903144,33.8707239259012,30.1348171563425,-6.80633863201375,1.47095678307492,-69.8815105502215
-163.736747571729,17.9833577787361,134.522386853865,102.730671464422,-52.3653857240822,-32.1724733290687,10.5298818223051,36.7739652954681,-16.5704492206161,0.600405018692663,-19.4838900632487,96.1980927572317,97.807574929193,481.794309759203,63.9794042662532
-47.7076769689406,-62.4197958938876,100.41105797976,19.9103508526221,91.2214179789578,9.09966179865221,100.318451190362,71.2782230175381,11.899130120687,9.7992263103792,56.1928370358029,-64.1724245444653,-31.9627055615778,882.881470830625,50.9383747617361
-275.583376695056,-56.0008724265968,271.6477695791,6.01366602976222,-33.4549450762654,11.3644780480821,60.2042488398924,-16.1235283371012,48.5876955259464,-55.1946147673628,7.58907398633355,-1.25851559667758,48.2327237026935,468.403824889901,-3.67766627603999
-55.6982259486761,0.482925711155993,-43.6020997815731,4.9769312730008,-5.47140204728665,-13.6773820664089,-59.128684541603,-18.358648681901,-5.96217568753716,0.165495541051884,-15.3652054028395,-1.4567358684537,-47.5544782489361,239.276663878271,112.125434101644
-179.20477456563,50.858258186828,-19.2188455988609,121.116243359326,26.0058252031444,-8.55195932090949,-28.0672300036679,64.1607459825612,39.1057796757682,-36.2890268735899,47.8193883278257,78.0026939333115,-110.038370877694,-358.849838920518,66.92785829506
245.128526069066,68.4079225045845,2.39954468528733,-87.5010384597919,-29.2187845497644,9.80536789123036,-28.8657367869522,45.0425833793725,-27.0710528306567,22.3575911670938,49.4473280878933,-66.0037119421918,-13.248620725978,-797.267563864168,-20.9917198326045
20.8523760003301,86.826467290479,227.263208875283,112.72984694058,-3.70108617505148,37.6972188013048,-45.0197696648572,-33.87367588902,25.1939043166282,7.47271623731517,1.15942413558595,59.4065829828549,-100.321596491184,214.84558946595,-152.625609710953
-97.2500910920542,108.071595618126,-174.555403499316,-97.6681058236666,36.0343151135538,40.4665801251109,-19.8273795543454,-77.1627214521044,-40.6520480705192,60.3943616947912,-59.7458973073582,-16.5875718017183,-13.2764009207292,307.448175041962,-60.1050869658763
-153.830445894579,7.55293327529056,-148.977906119859,300.895238791083,80.0733851850877,15.1101194366873,34.0838837392021,-43.8082976051398,-61.6668495614776,23.3988905803695,40.611399633721,-0.886936739696838,33.7678631046091,-613.631120383467,-655.081003633225
225.668773245144,-34.1034500031302,0.88272953820617,-117.260309534736,-27.5437674006681,22.6834185286673,0.82636098349558,27.0702238086443,0.943265053124548,12.1660007135275,1.86071703976696,-77.7199154865081,-0.0304831143639075,785.719199293354,-151.601523918078
-50.8514204634094,90.667543874094,-228.411308081125,1.58219398373645,-21.2525808392184,2.02693458505477,-22.0415638833081,-5.60128993625361,-29.3953622826913,-12.2883178213803,-14.9781002393069,19.1467042858196,-63.2215639420886,568.356012085599,-773.262622477754
18.1415459648936,-2.9161590590481,-28.000466833313,-285.472356434246,60.0312676688549,-59.4321402558955,11.8266525851162,-72.3454654426368,-2.31783983752836,70.5366234167363,46.636646552429,57.1719107832339,35.3887292601842,548.590589447911,453.525550560239
-106.891763935697,115.269806352827,124.11450759552,-14.2653928274325,-51.9889180169889,18.6391014619232,-22.4648666192245,-38.4094662666813,-210.547119468049,-7.08446838717269,14.865122384923,58.6182316507653,-0.190450315349642,-20.2413179347204,26.8566993132769
-37.2716382906716,120.909235907197,70.8108034754247,-84.2960117932771,-2.78028833603798,-3.1369925586946,-8.08044180228101,-16.5473760580586,843.385375320465,15.8818688123317,-31.1991972406263,-61.0184797639684,16.1016451478327,1.04457017991156,-543.851990284546
40.8287811390303,-22.6559988089239,45.924297943,-27.6954802401501,-16.3132284231172,0.980205162866253,-42.4316968043027,10.080984373286,-324.834498595839,-34.4163199841168,-8.73794679679516,64.8166566828052,-2.7936375143842,74.4551262351381,-846.134854976696
-42.3981322106619,18.9431277359176,58.4246492250465,-166.097860073174,95.684480353545,2.64532241364686,-3.74486792303892,61.8008180575966,-697.137642170463,10.9397574393252,13.2915876642735,-9.77171830823722,1.23950056010808,-30.2337650098663,-16.5507500929494
21.2727832988473,-154.229501746547,53.5593414434546,18.0113032987417,3.4562017503722,-15.4447819050328,-81.6208889551291,-40.3801087840584,-268.484655788486,56.4726102059926,33.6950988729768,16.5969982834957,-3.93105499610327,-27.5021665295576,-16.4695043935186
-142.145597283655,143.648095637998,33.1987900945666,-62.428431643952,-22.4732655906401,-89.09861463697,-42.550176145736,2.90718464090119,265.099290501565,17.7595684671764,-0.821459969211928,-58.8324892820689,-74.6392971248709,-45.3433061368626,-41.1239020310066
133.84621297796,-41.9712895031951,-15.530043195267,-115.885115377647,14.2439278014006,14.8260746244658,42.3248310088164,85.5389213038208,-507.354080359868,10.6753435131762,27.3268523202184,8.38297564271665,36.9962146732876,-35.0157076479883,-66.3702579823642
13.9440799576428,48.835057007323,-44.2775715822676,-161.200919776695,10.6463257805218,-69.1922601034565,-20.6808741381561,-2.23455750424749,-824.541525981832,-25.2795706360778,39.0961345853475,3.58909808662016,-73.8054289326921,-21.7888804218651,-24.3000290654168
-105.81112731758,-152.384011206748,-112.047099606731,-23.201040014013,44.7444202314847,-28.6836508847689,19.8855056972792,28.1941868903357,295.258309159086,61.3461703771986,39.6126991029917,38.6223617469995,1.16849552307852,-58.7549021642184,-29.2651949118835
18.4209041271269,103.186156392965,-60.6597720065827,96.4822173244457,-8.24650430767735,10.7329742786455,-62.339784005175,-13.9864910159124,-283.300524688831,146.660482408281,-62.7664808679588,-49.8408312151275,-20.1048849328196,20.511092184376,18.4274773070213
-138.229469799607,-41.9308047903297,-54.0846885343864,64.7478270398431,-38.7021073356465,53.5934592802805,12.1501712285735,-29.4363268291783,-805.660923221,-14.7512833707822,-9.4162053865975,26.8453828626744,1.51243108350782,-54.9400079845915,24.237729636279
30.2996960365555,135.386765428883,81.5521812931652,-55.6639110879336,-51.3883184261497,-70.5787450676477,64.9666246887777,9.73948576052958,487.285379179097,-9.13922168292048,28.3893379865458,-32.419592499689,24.8734970326951,-15.489313325691,8.78963121372101
15.4020615190571,-79.4869058072148,-29.1616245180484,98.7739827756001,-101.322810148764,39.7286232249411,34.1702592428864,20.0734076200395,-648.732788021318,-70.5656825514545,-10.6013372495005,-11.5025676188317,-10.7929500250126,1.42736638847848,5.35562073806766
48.4010202241316,-83.0151841972172,-7.12890484270157,62.1097699663448,60.6311071398419,56.6835316671045,-78.6795912187356,-10.6454511042504,580.220401146859,-10.1066186667683,-86.6725276214318,58.9963278912583,-37.9579250789945,50.9363084165776,-0.349156128061243
-39.3093360576336,151.589183261038,17.1246911043361,202.916014224692,-5.94205513080737,16.687460772279,-42.0473811590753,-9.65784001137181,-875.353528056796,-36.542766042795,-38.541587055192,-14.3244486538921,-46.1169596159364,60.1636758452618,41.1852327250009
-31.5174961873622,-4.65705061993202,9.10912605078562,164.033984172806,140.22715622663,20.0648612385937,50.5878379842536,-82.4635409354526,-182.226778758373,-18.9809803178332,28.0493818161977,80.8365466128905,39.1766007960315,12.101815725431,-15.591468163813
84.2894752224964,-177.279584077583,79.3716225861281,56.9010299026781,64.3823701914421,-31.974548422993,-17.4063092332913,-30.1923061573241,-11.3738642600107,-136.242006124861,-10.9895052979086,41.315011026791,21.5127648613517,7.43436964202775,-62.7427894586992
-93.3111598960951,-6.84696860498314,40.8422501876032,25.2226318498809,-23.0665641188991,-28.131646454685,5.23018840620993,0.5706914869506,117.314001717066,-34.9008096231412,-37.9353825302795,-60.9674985964845,-108.734331953054,38.1848151743396,70.8422729622044
206.39666882375,28.8281593338326,176.030249226369,312.817459817148,-85.9009447114224,33.5373848792689,-11.2095146212341,47.9727464615538,3.64499051260485,59.933672191464,61.8196992361572,-0.902654346295293,-9.44054743074979,-23.2761143627388,91.4923708612447
16.7604595380781,-30.6211476338129,-200.473701989561,-19.9526774253888,57.9234120587624,-5.84786480185272,41.5888327094536,38.7278419969705,-75.8807949194093,4.77527087855025,20.657904618022,-14.1590098121732,-41.7136247868409,-115.940035312074,14.4405520624572
39.1919858740922,61.6133295387053,37.3310609002868,57.6119199032512,44.7613566739122,-9.65705982234089,-72.413591728624,-66.0580857293954,-50.8471486092564,42.2164232502824,-42.8380641290336,12.2111380118769,61.7870004104353,-15.6361139814255,20.8614907745453
37.3246682385699,103.206935849035,54.9540419217647,145.15318271715,26.8719043316519,-81.4961701727323,98.815713309726,-39.407133971597,19.4245583153176,-12.3745123383048,34.1765499495114,-33.2863710158825,17.7890405457463,11.8211279812013,-62.2980265766493
166.281608181011,29.7468512901639,9.4993066423701,52.5296251923402,37.0705214984837,-54.8282921872839,26.3190757487889,-28.8244446382279,-55.186528024833,-4.68572264462933,16.5249970841099,81.4185749135295,-47.2152814026928,-61.5187245494423,-75.5391391961245
77.6250546676032,88.6840268418613,-94.9174889912269,222.806086071103,83.116144408114,7.08227361616142,-32.0694905399604,7.1128983094457,99.8432309978559,11.082963259981,51.0850001875513,79.4658247817114,57.1698788110364,-23.9203992954229,55.7296002045452
18.2741948318662,-78.163018538456,90.5435920564568,-8.61171149963807,-35.8475695269125,-48.8032902600956,-17.4716117460075,-37.9791593492232,-28.1859789794344,-25.9767686745357,33.0887266420797,-51.9179249617787,-212.005922937682,61.2317098065173,103.668942095603
-89.1504708880582,36.5499633321155,16.2057050195168,-52.6738687660863,29.1486047080522,23.0185187824421,72.3227377210647,20.4120425588402,65.6648837064146,63.2089648263155,10.0235323033851,136.552180035242,-23.10965903337,-73.3427177631359,19.6946954367735
-52.4272017974534,1855.53023852496,-124.336057454536,-22.0413005913164,-7.91541008842254,47.8018426316865,3.44157803119678,-0.701000342977377,44.1486242012674,11.3499477996774,-12.3488786098481,46.4592267953408,74.4010647695999,2.37683769562217,-22.1082830748247
-37.5943516603163,-917.308829000307,-95.1367226215241,120.526942660852,-22.2840943634399,-33.2881686112793,78.8206276719841,-10.475305852831,11.4787963021687,109.755100567314,-9.57607542227515,90.0369341998986,-3.69866189472063,39.7691483034334,86.0503600504931
96.1257300924621,2052.10298587642,-182.092734851716,20.3647889166765,51.1991012642244,40.1990281097283,-45.3002472315208,-18.9784910888317,45.0186462330124,36.5185830123917,-19.9159519083859,68.6406118831282,31.3743790511838,-45.4624519688374,-65.9818777363329
-51.2221990250411,-74.8850211128474,-98.3255413023683,-176.681338843318,37.5225448154528,-12.3328400482546,51.3211070788652,-40.818852646752,-71.742565646105,-27.3553973573067,-58.4840886659988,-0.571507288180637,-4.75214198028224,-63.1672164817463,62.6488911785563
-35.0177805853653,-1235.92164607747,-89.2204653932425,48.1326511131502,101.136724367079,-74.1165155100266,-55.737513599552,-10.2965043634539,6.94969711501406,96.5008703942794,13.7019339973638,-126.428037171152,-5.95494066878134,-73.8056819081181,20.0179073405079
-104.869478005908,2669.05860230248,-28.5733933871818,78.7640376873151,-44.9073142500081,-58.204670287271,-38.1024645507376,-12.3646241790125,-54.1696212617548,-21.716681644163,-42.971541403982,-78.4796316711045,-11.2745231983886,-29.5578155955769,9.32272874509548
97.2125434736445,-862.233310267075,169.984487721526,-66.2426526172563,50.3996150119908,-36.5731532514553,-15.176429518788,23.1292615724573,35.4205531270491,70.3450034332526,19.3376775555269,9.1844213413092,-50.1847293826211,-15.6994189573454,-4.38249310180561
-1.88883110114767,2213.75521367165,-32.2260714973234,39.0013558212706,23.7021013964492,17.478653056656,48.925987808218,0.120084777700985,15.5949456025462,-12.5488264408026,1.47913554628158,69.4419976735764,-181.222144554659,-6.52407491327519,98.5832596112656
119.719847713978,-1920.93434764759,-22.7415735737998,-84.2827738262321,-61.3688329549644,-3.45242287651713,-9.74173152212569,-8.12614686138598,0.214093762982023,50.5618028332229,-1.27963500024547,10.2961583538284,-29.6210725935532,-57.7846876756136,-40.22522640844
139.96659170887,-80.1600443635172,251.824519064513,-159.483220939838,-105.893174387992,8.03718719706749,-9.63497152847721,18.6991563888243,74.0668864515084,-48.3310730087984,-25.1945605732045,31.0236471845095,24.5950882907107,11.5899669835213,26.1843948847392
-261.263896483153,837.506075873061,220.360225866471,-215.302250245109,54.5803081428399,1.25091187233788,35.700450659374,16.5003283545408,0.946129412295328,11.1632917533,-23.7320212532411,71.1873179116424,-89.2908595207221,50.2875407943722,-6.39258926511588
-175.803219567393,-1128.83556638737,70.0056343622859,-118.41414964592,-23.364502051287,54.3048777885535,-17.1653491449596,54.1892949953371,-8.40217523494338,93.0804621761975,-39.6307461100862,74.9967818190992,176.115593347839,49.7612209433748,-14.0472736623956
71.5223812811733,1317.61372262535,71.8815606613169,-9.95201819409308,-13.0739160794625,-4.01891350353303,4.51869586362725,-2.9459572806885,-38.6922891598417,20.8717365770311,26.3686103804989,10.4755249190579,54.0409622014548,12.568823676009,-16.2677505927756
-53.4419903535884,1154.3640622506,216.830252450628,44.8735378553795,-26.5415966016428,-24.88494102845,-0.996326519671259,9.97131999475596,67.903430046609,-45.8770939816131,-22.6948561873326,50.9477586345996,-1.95833459029735,-2.08869687521369,-54.3631015999676
136.528523009765,-554.291113424842,-38.4641814212812,-19.4801150332731,-85.3172809010445,32.4168702604955,33.0798409329929,-12.7912098397178,-49.2238737409004,-31.7260609465604,50.8448216516588,24.0571159062378,30.1110363773271,20.5176943238847,40.8183629961459
-71.4812272505468,-1165.58814106667,-55.6883803838331,28.5312289062436,-0.7644558359897,-54.9403179347802,-25.0248531930693,50.1671626788829,-59.1168201474453,-5.50251281542532,21.3936977229379,-13.9114883036298,92.6925944550663,199.68717769264,50.7531953573806
-81.3285051979789,-1487.87641092479,-38.8596276414429,48.6307158839861,-11.0403521081618,36.2301146976068,21.1694602668051,-7.03085568879054,25.6467437430066,12.988121791291,-53.4542716699649,39.5654684803253,35.5456280004234,-8.561919417326,62.7717706150093
252.062318936289,1977.40232286992,53.5122961289448,-80.4659972219892,22.8024237446824,1.4568183798986,-44.7243486906062,107.804234897823,-0.373292054594202,92.5282282978348,-6.26537797909483,-106.308566764294,62.9710712705206,25.3305828717494,84.4479025164568
-53.53650245849,1455.27951884047,-106.656385497564,147.685571195562,-84.4973344255619,5.84351372960329,50.9993006322714,-4.923182502669,24.1185324563772,22.4424147842804,30.6210702109683,33.0745820691276,15.9077545911197,-29.5227704965906,-30.6824794256583
-61.1651130944762,799.015408061317,39.545375379117,2.67182055337233,-42.2043545919426,-16.663481832105,47.8842328862222,-34.0020694971075,-44.2897143179716,9.80231587432332,44.6666102608841,0.137100731023596,-74.6085364322889,103.929679141914,-72.082777536007
160.52070326589,-39.1735434292964,137.350682603042,166.328894489248,90.5988374842694,50.1535570819342,-38.3421409643366,-18.84185918082,-7.330765218035,-38.7727143182887,-43.2088796500242,48.6258746301159,-31.2065584785376,19.1053945351639,12.5867629891984
60.7940997196017,-25.5336515499668,-60.4612897472093,30.9425239613527,11.1314122911956,1.8812516353781,-61.3036764748349,10.4851629021412,50.117619175297,-27.4563816808262,1.42490155772227,32.4244266811953,-47.1040255474235,25.0395837864069,125.362015237574
-55.6514947738477,56.9181982790116,-150.863868603675,257.669840840119,-10.1386839667664,-39.0310030151189,33.6290754782714,-94.8103424425565,53.944611963086,104.575524226287,41.4905056808533,25.6718142871777,-37.1701327309717,31.6987006762533,7.9967309421996
21.0776976191131,20.8773774065761,-66.436830047569,-144.157988504613,-0.901286834439537,-31.4547792375456,-35.1100379526335,-34.1083080804778,-11.7393307324033,-67.3890949687795,-33.809673500873,19.0422482570606,-13.2615053353031,-21.6555554600219,-30.7932259308736
-71.334231924295,83.8522187803541,64.1285253183855,74.5512170210486,-21.297377434748,32.3139744920795,100.695505888442,7.15417519475509,-14.7158857611809,-62.8097417539412,1.30270438431486,-12.7481326198462,32.8088164367265,-17.7377906583818,-68.616539457786
-18.0895312629241,1.43347161101483,-110.149203702278,-4.21615288794225,-50.8700145974962,23.9672154936274,-31.971096875951,20.3685358528956,39.9269448785053,-28.8826253097639,49.0863753963566,-91.1107486012203,-68.162881241955,0.902164563407683,20.1471220461886
-35.3590286291531,-51.1900447924245,80.739922111893,32.2534643472666,-31.1335360652265,79.4576044881397,-48.1982231089957,-116.504565309285,42.8057314172598,-43.366596106572,-31.6286447804979,30.5651610692597,30.8210800613286,19.0051158799475,79.548975991598
20.9024534293609,57.9043914993336,-148.468537041152,-46.8240336966666,79.6288200386191,-59.5215806321725,-14.8072675847736,-16.5877341736795,38.0151054892231,-58.7910533169224,-29.8978502050319,-28.0519072099927,44.0357668324706,-69.1936375374604,93.7717950591281
15.6140057158306,-76.9657849975704,-91.1627806651478,10.9982688187684,35.5223435454831,-38.6715027177894,-41.0166412913383,1.56787320673691,-48.4406316892045,-20.4385560535127,5.09490272300455,-27.4539992676085,27.7935401321911,34.2393095365253,45.3547010680675
-106.554673948105,106.895937661481,-26.5844132915819,-243.949277626871,-81.1221840703693,65.6249668757844,0.621769803811342,-16.7093466684178,11.8991297423357,16.8641762796451,-17.1246026274978,-18.9548714366656,87.0023744963305,2.38823305457841,9.5584804617381
-180.968787559348,19.3598013226618,77.8196030860519,-157.072261797411,4.87504025077778,-53.7269219459458,-18.9541087496336,54.8901712930929,-33.2995271343164,-61.0255916022334,1.66515393492218,-14.1704529404294,-121.455022504223,-23.2743994512053,-26.1925694390875
1166.32325445961,131.65434667817,63.0747451693482,38.4681904520554,11.9758424693856,58.9673358345084,-32.8356163503328,67.6032306869144,134.625977700687,-27.7268480595872,6.60670393895915,3.67358399716204,154.166803215779,35.1467159535779,71.6471046968271
-1457.37165591533,-294.886852384356,45.3322121142051,-56.5815971716935,-89.1350488123084,10.4988346016627,38.6283137998158,11.1086002040655,25.4313289466704,-85.2229692873047,-18.2487904432191,86.5092596984522,2.47619778946336,19.7027102619283,-25.7773335050975
2184.2425077789,68.9530587200747,1.11122128776539,28.8155181364257,44.2413384432317,-2.00050995286176,-54.050521853538,-26.1938819559127,-42.1695119975924,0.36705018441832,2.44999120319265,-65.3618534949945,82.1143306097667,2.32573050966964,-32.8768433917879
836.736792127897,118.512150002551,127.060946477352,-92.8934900109007,34.3251069305351,-59.9162166321505,28.8559336076181,-37.942263388585,-18.9290240997533,-34.0058533308582,-28.1554590407166,-72.0137796795175,66.5112707137776,-6.97717207226149,-119.508242292293
-1412.64050313652,-51.4432191928757,-145.67259017105,101.869707104323,46.9633284284036,26.5918962433358,-31.0452314666346,76.3886053788266,-50.4931609778347,53.0528862663973,26.4963934682185,-2.67194026302207,83.4061835107169,-45.9999743985213,8.51575970804431
-716.218229597377,-190.841698970393,196.702827842247,113.198457197158,-13.9630075752531,-15.7574126797353,-55.0414443320882,-15.6124168636438,-46.659488321123,-20.3470933754359,-15.7667338135494,-11.7114177455518,-53.6897022675279,115.830338770925,-96.5626457214492
114.116843611914,-57.809506056821,0.241844205598513,77.5730228022914,-116.769511354122,-18.6176013368523,51.2936327417614,-59.3386065560913,-0.855496950297476,39.0431398023348,-69.1313870010718,-23.244040128637,-36.3177477776022,-73.3598927578048,-45.7986476417444
853.644751859718,33.5464061740798,-117.474633595923,-115.056759307401,50.295997541712,-3.51867747637208,36.7324463046679,29.2706880488952,31.70805679409,-67.989889953292,-5.25447282768352,-26.9791919493587,-51.7172328767276,64.2117552782308,-18.4777845896774
1316.19320372878,-33.965448373114,-31.4800004384372,43.1466886332939,34.5059263402587,-12.2737937649449,-11.67539010165,-4.55544880703898,4.09694846940506,-70.3407064645743,29.7137769101961,-46.1987333358953,121.72879550608,52.2264836155447,-6.24991215373609
-2567.67197158686,108.929471997019,91.3488770570458,30.4515954502791,-8.11720402563056,-8.58731689054033,-13.9656490061299,-26.6691795941089,-56.6877985216118,-3.49770827384722,28.1135251712039,-97.0236359271409,-24.8630677819922,17.6592360501722,84.8106785372621
1756.4001738823,-213.271993156023,-50.214070288465,92.0644799864352,-1.06752600901365,-1.504822377028,-36.2059949300422,-1.95442784524989,11.4795570801889,27.351890470994,-31.4573184663801,46.6590431302245,-82.7763008725525,94.1290615571307,-10.7243043205256
-128.902307695246,1.62010315192738,-96.3990791056041,32.6889601240408,-43.4310258929734,16.0204642018657,-28.3097848405252,-0.562807257887252,-49.931733936581,-30.354715519145,-28.2192424184466,-39.4093151570094,-60.8185843807911,-42.0242584979646,-22.732507732569
-912.172124752133,70.2279559004926,-143.524348409762,-69.856692857872,86.9084223222984,35.5522466930088,20.4321858695523,103.197482130513,0.758633565574301,72.1277901742292,21.53534509548,-34.9115764507371,110.064976394797,-78.4654540615795,18.9262749259601
-838.427258130147,22.8139239862212,40.4396321666742,-13.6947433098144,46.8640516149209,-0.106034410309054,36.2245179399482,-29.8010618924373,47.1586643739667,63.2556052055588,37.0848270610489,-45.649278959567,-96.2822025394696,20.1901950867462,53.4603086916048
-1920.84799886733,60.3712685214149,60.0728433262966,-127.134056362594,107.679647238768,6.88932822248772,-17.0647517175557,-21.7823793502133,56.1677514168987,-14.5716485523213,55.2400921443589,-30.4709065512853,41.7679700013825,3.54521863032346,-6.21158753822836
1062.3197529162,-48.0062680322431,-20.8634947433181,36.2087817245717,-64.8392754502269,-9.84870230652768,11.2169699282249,-98.4369212343696,-16.2708366686388,-36.7274926740489,31.3514341287456,5.67227064316727,9.1821463884943,-28.4018094810592,21.0201861681766
-679.791461358857,-113.792239612329,-41.799745197746,115.907555592324,32.2894371945908,-22.3335417515213,46.8773785127248,-7.80404313530819,17.8212143867698,-44.2673137140165,-1.43648457769101,123.169758291449,-51.5845955423112,50.8446947400091,41.6083381340629
-1369.75791062005,-98.6338937519115,-112.050411090948,141.294933928337,66.59394078828,-13.4400273998718,1.43236197936602,-86.3865626644204,37.4418355521901,-54.764495813475,-29.3732177093286,-20.848091097182,6.78565253575752,59.61461397465,-149.901699752228
-59.6328555021223,165.593368634201,38.9541575608345,-28.386933469065,-143.75505244027,-31.5425606818299,21.8577583764074,26.7570648532207,34.9931973649176,-51.8966389076251,48.7768922573536,-24.0414359243127,103.255948123177,-3.52845087941534,-32.9408448519475
-106.044205058425,-20.9700170203608,-30.7669366409736,-91.2412926459333,22.8731357607391,2.00776498247919,-28.6327569996341,-37.0837922877521,-11.3454301420409,-29.5257458057557,-15.3854066484276,-41.5490721401393,-31.5679140764337,58.1106995324143,-39.148720152389
48.9682692489533,-50.4531312777848,-223.660989977984,-86.4001036586374,-23.0786180603529,17.9702234933371,-17.3497310634859,-4.87500022393197,-41.8577082550224,14.0424218776013,-63.9767810906156,-25.0518545985883,-78.1301184251903,-3.73090466940345,51.7967056675727
155.913803939648,49.5399125810161,145.334506443084,172.146690074701,6.44110522302351,39.7514888705575,6.00912602433664,-72.8993295016404,-25.9466783248701,119.824606391775,27.9051790246787,25.4807013356447,33.807922588276,31.5281887505474,71.706489015932
50.9907134989107,-57.8465832365877,-60.6981986422843,-106.310319580047,94.5741605431047,-24.096665937306,-10.0190611715741,-0.762552046553158,-14.9590898536292,-40.7407749897024,-26.0399614166566,-16.3811625712894,2.81868318704816,34.0555861534845,65.2163733877086
-220.19109460939,14.8420710982434,129.762630309754,66.7875638912046,21.1978051732815,69.8217655011712,31.7941803276921,62.8612383089049,4.19700216333115,-49.6985222354653,-20.0142428600953,-28.1323411577899,67.5622702058162,32.8115031175229,100.167031849254
50.4752791262616,50.3069870509589,97.3289485950916,-39.0617966408057,89.3074300953461,23.6334441001792,42.1234823959111,60.5038870149583,-10.5574041291549,82.4643625827662,14.646795052393,-54.85672865374,-97.5109549138757,-57.9593453399013,-39.9025892090747
-99.2647252543145,71.8557386630594,21.062038638217,-206.075626406728,57.322797432373,17.8867056764596,16.2109032111837,56.896533548601,-30.1209002186735,-15.9630531056385,4.75224034813542,-38.8925969228066,25.1079982946694,57.3736631708038,-93.0613784779287
51.1150795043444,133.429586088499,-23.4414261544208,92.80155481888,86.3358066165022,9.69837719550902,-102.551250782481,33.5708365148669,12.1354127436017,-45.8954040898805,-3.35201300461342,-127.671182162713,-56.8185445954881,12.4264285695021,55.9630999711892
159.155309933172,-89.6851624857849,-200.871229871351,-4.78678831002112,43.0274862370751,-27.3616254773618,28.4453149753349,-15.4137801516622,59.3990058713554,-128.651222480593,-17.1656389726169,54.0997707328826,-83.1272197002598,28.2055359293576,18.6021611528816
234.178548646379,-171.017926269402,-165.149578474959,24.4696121182908,2.79783215054713,-46.7627636148925,-53.2409335813293,80.6043198724369,8.57263000907568,-24.6347173563405,6.46871995906344,-54.1333618106596,52.661219786001,74.1940080767948,20.1598302194494
-99.319720371042,193.229112507082,105.148272545152,176.881288126524,105.961182427439,-32.6896389666451,-27.3908781343204,42.5566938195587,1.27044826800637,-1.84687434770239,-27.454217730572,-48.2561915371376,32.6625723416167,-29.8256135375273,-99.838920259509
-124.156718223336,4.43100122996927,3.97326818160919,94.5921826891363,47.762179860147,40.3025260378873,-28.1099248044359,-45.2554971962031,15.6630431162929,45.4791120977101,-47.1535649198549,-18.4437228101469,85.7897200649502,-5.03657484699415,-12.6524073112379
-51.3354410494439,120.692129172373,-141.51707670836,139.992930460968,85.4058397680471,-6.87400574115271,17.282431008909,-13.3295010105721,-68.4546984480715,6.41497815718374,20.1466586289488,-23.1993056085347,-21.0127984351987,27.8656617606285,-63.6840394099053
-103.182011604733,82.8781921046259,46.4914005740259,-62.7492771232515,3.77453572972165,27.5367105616678,36.4085100828058,-31.4752186884151,-7.74365776044802,-5.82973253019129,-46.3276042482472,57.454565571726,58.9288961326645,50.1083050314615,-28.3499143496198
0.0375279002461395,-107.67520122075,86.3041912400377,14.1269040584106,-20.3685146113772,-33.0384498471685,-31.2020452423863,-21.3395355974219,44.1247655231443,-65.4860237011986,-59.7052178449947,-7.71009130638093,-92.6882085633069,-12.9284378355758,-6.41693052957397
-82.3135315952667,39.1103966823976,-49.2327893382708,-98.84589193171,14.1514454501407,63.8749593799857,-44.3592619758807,13.0282004211278,-34.4919822398822,50.0991786398038,7.6233607969631,-48.4521459295611,-41.9815953255972,18.1405926573816,-85.5714732612031
-16.2528080205528,-59.7584671733364,-38.0513399416118,-79.4396950677065,54.136370573269,-14.9642525743535,-18.5950875572207,131.861984913567,4.0205413530759,16.4860428354183,-58.8774604279835,-3.5836476042639,-35.8389240277979,-120.79970102053,-0.588663002131327
-9.61394822151053,12.6787756470045,77.1321431839872,25.2248859866545,71.4090660198014,-72.4509768010172,11.1340855362523,-2.14556602519914,22.2386533951067,17.2348372169269,-8.8240839114098,70.8914365253331,430.650629962893,64.6965443927126,-21.7115513180439
3.25087469932388,74.6486642719272,183.11138456433,9.77162409049417,-3.5543742779336,0.351141923955216,-29.6517590167886,-23.2156997657728,103.30824529199,10.7325328636653,-32.9424198598411,52.7243897795641,-711.656868566564,30.4980957217113,45.5641256057768
-96.5328378289638,48.2621726010071,61.9926062243069,-9.67219193077504,-1103.41628992192,1.15858860325323,10.418824535699,22.0968678342663,9.55499879106343,-53.1939936028744,-13.3725456883447,-48.3639109955526,771.165444686892,-52.5290316790713,12.7031814737154
-293.91930952405,-140.667062613064,68.8399617254163,-46.5986323857451,598.935062047913,-56.2668941545518,25.3136451746524,63.8177198221804,55.1723844960269,-22.0587903461483,-2.76417122380695,65.4019978824948,-751.796246154796,22.0081936056563,25.8773161520275
-44.6349971687205,-137.691428731015,-138.079531447532,124.827973706561,789.087488107454,-0.0770710600710965,18.6881932651542,-14.8720820008426,-32.2904214901682,-0.806529669660412,46.2671516052139,-4.33292424602553,250.762615589977,53.9136744766681,9.31978427644892
-37.9362039797515,286.589264539829,-5.27984989836838,-61.9051052927838,838.342538990984,-32.8743848703673,-10.5549148770443,-42.7751236590547,-31.9937670955561,7.03495688012324,2.74704910808009,6.44418981334569,583.75780813251,76.5994817751635,102.92744405465
44.5827210610266,-139.055398931939,-117.429181593384,51.8081867402639,360.814019414199,44.9149522547576,12.4957231624881,-19.0395645594142,-11.7585236807734,-29.4998087291716,-30.2069750442897,13.7348045014833,82.1548085921529,19.9104517804031,12.2128534470803
-102.450493465995,-7.94929087017559,140.331288982064,-106.030818064278,195.844715939138,55.2598785434539,35.91777518346,31.898556979555,-12.6488791232337,-3.17774189632432,17.0041874934868,34.1643182386124,20.3144701764735,30.9200698888529,48.328145209773
-73.1770603934562,-75.6652280176981,-142.413431205539,-10.1524471194536,-1088.02550607934,-25.462472315394,15.0899787711222,27.9816166188478,70.6386753029766,47.5362889857441,15.8154415111919,-24.9576698789261,-128.037939624359,-11.4343027929383,-31.9618253729075
-138.898241171948,149.414449367725,-70.1414835399753,-283.046425023176,1356.17655441147,8.23386685963472,50.1127494432995,14.1597857136017,44.6169563097453,-8.60840224443498,2.8933664359737,-47.9426505574106,-14.667026301976,-6.40156767746116,-48.3293021131125
96.8988915193022,-90.2076409601258,122.819260088158,113.976918377843,-483.192209921525,19.0789477767797,51.6082975036475,28.1599707627964,8.03635379826926,3.68036808322646,15.3997378776676,-115.295426175837,22.6129271246183,50.9553123600092,-42.6336834372152
-30.9995991549593,-32.2171216294745,172.697538866458,136.769978007529,1465.69400133256,1.37378048692387,35.2200529914637,9.41833440262526,-79.1748966776319,16.538971310354,0.108842306476922,-11.7315606519812,29.9999815826149,-198.872501185839,7.59198083974435
-3.32546982499397,-119.799794951947,-60.600426637619,-12.3998027929886,1271.48291081486,50.4571911050091,-2.28093982184813,-99.2508104474058,43.9070289216662,-10.6261465161363,-1.57970418546933,10.7130451984935,104.151809263768,-60.7377936744223,18.4768323957886
197.123716236629,-138.758701103445,4.48303642317746,-74.9741407974571,-481.505250419825,25.940261445182,5.33494257851038,-32.5205308303771,46.6238379991262,44.3605303485905,-12.5012107632659,-3.5710591721277,101.315425000634,-10.5148822091209,-83.8180336993295
173.24925951322,-145.707929632558,221.885420803934,-79.166795971589,879.28699107511,-7.64634811464705,-52.4564077982152,39.5083456394137,74.4028967056901,-19.2219510371684,-5.11578171007002,-102.721544630979,38.2008029774741,-3.00228563688048,-121.176131520106
53.9019185597925,76.018502608973,-48.5148977149995,-280.382958115807,854.540553654282,-29.4695909370954,-10.050095634256,16.6802624117013,-31.4473019864309,-38.8067970100396,-34.5133259502752,-42.8766371201012,-73.0377804612434,100.243216825287,7.98568130369506
-15.1324388666884,58.9741286759568,-1.03161558596272,53.282587766725,-585.478027924966,35.8413931514029,42.2060510560672,6.20041684608537,-19.7064701615587,-0.236374442777181,-11.6255221681198,-51.3165851063341,-48.273281531239,56.5103203180526,84.5477619744144
179.928304346093,143.009878766331,35.0256028487295,-75.2709060859292,-53.9527549076449,-31.2234638305454,-1.93161282577553,-12.6612190047023,22.3459416406969,-19.4388846538723,12.9634004347049,-2.87976792808444,47.8396534087716,-18.5710110959707,23.1145455760573
-23.0055378652508,150.616303565014,-70.8864533609527,-143.236964502276,105.638976096756,-44.969769763098,-56.5608231567516,-81.7740568332249,-56.8504310057651,84.0294782227451,34.7601705910004,5.78766265154681,-116.247162737183,-56.5109952872921,10.0377977730418
269.32033128377,9.71531705423203,23.046555587105,-72.1373602623877,14.4858769439467,8.868817817427,-75.3257688742489,-49.9587100882852,-58.2920928639483,13.003931502788,32.6151236717968,-7.08094978912434,21.2850841422176,-5.48336763390094,25.8949794980834
58.6434001905943,-62.9642262315205,-77.5322399383365,6.83465582297674,-42.910471013275,-0.44122481196462,-47.6169121960266,-10.6818157704122,42.8367590785193,21.4280312653891,-11.4448927208831,90.5355166573284,-25.7054997735438,-6.32666956588937,-10.6041036932316
21.4494617846881,47.9429126572006,-236.016754473366,-137.971832041573,24.0950401210763,2.92887777199785,-22.8613982232572,38.5348061240308,32.2425295417221,-158.735028879063,2.95048525921166,3.93541106747821,66.9373673968184,24.1132202692391,45.2148708653739
42.8963096350052,-21.465697416276,78.1536771399091,140.645350606971,-78.2014515270541,-71.8770570701757,45.9684720040167,63.4880944904011,-72.8625632486047,86.1200307093619,11.4470482170604,-10.0842223625495,110.251467456566,46.7438096737595,158.661437094603
-1.2862270685569,83.5047033862718,-108.388443978971,-4.32732140264837,11.0983626591886,26.6315979128383,-21.5632267422178,2.80274903931029,145.924313567384,47.6950706421806,32.2495476808718,16.1796164325154,170.09858198638,-47.1326795202457,76.1273356327949
-276.913593135033,99.2728398840969,-139.096866261065,34.5238758876248,4.79615041168433,60.2371912454343,5.13305674032441,14.217623864416,73.1720567495154,7.88158100800795,-40.8729867353948,-58.1014770209602,100.104725502651,20.3867368207461,75.5052048426596
-5.05328297620833,-52.5420610669834,93.2106960957416,-68.6500700927746,-97.6229138996747,0.4266961075775,74.9715804118703,2.68024650185557,-21.4390643583696,70.9032642010548,-31.5493224135397,13.1535608504658,16.4869320401478,8.24938772774543,-16.7840107328374
-89.2955286071371,41.6499718716278,-6.1213596292137,-109.761470531077,-73.1574699375807,28.0084803487673,-74.5343401419884,-50.3495582593781,29.7871650932018,3.92145225717275,-18.5035800079626,857.904428040307,-43.9584774300638,131.809113326166,16.8275629301154
-22.9009160721755,-40.2420924145513,-28.4326157610879,121.897431925114,-18.5482091541252,56.9719428607864,71.6458281578922,-3.14830514591344,-46.2942757954972,-77.0938663331464,23.2291958176743,-425.139394528406,26.4267474145952,-31.4087453114336,-52.0924135185638
88.6407199853703,18.8766404681617,226.900297914065,-79.2109622256928,-16.7449791314934,95.0749543058713,-7.04956974319233,-58.8266375780558,71.0384180088459,56.8847311919431,27.677176085506,-530.549847081681,1.70428291065637,19.0811735880441,2.84613819579023
-93.486502448242,-10.1385468402711,-122.481739270592,80.7981643844771,3.66460885594752,-17.9287540684965,35.2620230353964,-5.94299825569366,-7.82035032533181,-52.7365311321463,-4.59029091857157,-460.957972518849,-52.8989933135989,-13.3244598791098,-109.708189943995
-57.459544573266,72.6490679239745,182.173310003526,-39.7791402241134,1.91181183110022,-20.1088165727158,87.8366386816005,-80.800292242091,33.1141441823197,35.5528406053153,7.63102362474192,759.4015422292,-202.361143108108,-55.5273103770297,-42.1983198317134
142.1390216539,-4.09133919367115,-67.1212090284635,-168.539674615484,15.7168921752849,-38.5301017534986,-48.133706494335,40.0587440628605,-29.3187931312603,-55.9324961691331,-9.30616444090366,673.197019025758,-83.2011879988236,-54.2139025392564,-36.7412559978227
-80.084117871891,-122.0058273536,113.656861364345,-8.08097326295716,-58.9573334057542,29.0207594651419,37.1411806502056,-11.8715881630316,-66.9370645019124,3.00690776718401,38.1352360239665,476.933807130909,-23.9170791472534,-33.9595170657067,57.2700518040432
4.65140612795617,-47.0227215170807,-197.229531536718,76.4920914693364,-41.1569983785375,5.36512922827055,26.939916804888,-21.5122533924074,-66.7498841406031,-1.12225940716221,-2.2605514460906,436.870117562971,104.757922622228,-12.8461771101474,-95.9609597664292
-1.37949521455593,-38.4574620280283,-477.543461491107,83.5208334375931,-0.150726093351832,-46.2044525422129,-36.4133663262946,2.57692013745201,-35.3335150049159,36.5186448135853,21.9540143777337,-468.195434170161,27.9662458404189,18.1891847505251,-128.59317339013
-189.165973409369,-23.9996818310216,-1063.02078943465,-218.548047809116,-24.4515082918029,33.1561195905523,-37.1672864231062,-38.1417103300043,-10.3437687269261,-5.30957260382281,8.56244560356485,-436.330198801039,-52.9313508383872,46.5188963026318,-5.62506261078276
163.843944414253,-251.352089465754,819.869652611958,-170.193339231514,-48.1066217036282,26.743795380986,-27.7153485131156,-18.6083308361922,40.7589501842937,80.4995640133398,-42.5738673282905,-307.780819416628,-68.6671974553497,101.178740781061,53.0574679716841
14.97352154372,-81.475334134547,1049.20450947637,31.2870539984253,-194.043365546492,16.1939976616658,-65.0586423440574,-17.7542441486871,-81.2753342965272,-51.6978800819639,51.3084579687024,-43.5351756174617,48.5370147538345,-52.0352891005506,-15.1345275529724
-9.80546288723847,-7.41928091406524,1697.77338541189,108.381637068579,1.79371406987741,17.1339020503244,59.5120510617672,32.0177851807235,-129.199626287217,-16.8266418782389,-22.1497262608664,-22.7295039892899,38.5808890701368,99.552609796595,129.658871689684
-154.888616235039,-69.031037678462,820.75103336764,-164.783614112174,14.1479959308656,-16.8353811830758,52.4107180121145,-47.1283583725427,-26.6240113796114,-88.8630327562442,-2.11716109960943,13.0836433845759,-108.838272508736,-29.2405085625921,-9.19624987791452
106.62903591674,-3.2875064098598,-2464.24318295172,-181.762018174215,-59.3280690282657,14.9330509837686,87.9947595815621,72.0688895136688,-4.37596441346096,-41.4078570164574,-25.7616353203021,8.15314654099084,-32.6746996673898,-2.05213595397046,151.626180075885
-131.80806273952,-181.87593923349,-911.449115620122,131.756051590061,73.7828322961633,38.0933934285329,-10.5670485257271,49.9116365052981,-4.81149873290103,13.2501410290728,21.0191269931171,65.1819743430073,18.0957952826458,-3.29578933671189,50.6773423811641
73.7898803167842,-136.823263753207,-1257.92707014944,-156.238618885122,-40.2968247467684,20.0016220582319,-64.2180191540943,-10.0246431438087,-23.3090193177529,-83.0536441098807,-33.6725282106521,-9.9807395751048,14.8438411154137,-10.3449696167808,52.1710579565112
-61.7436560431728,-124.522933338621,1658.22225215376,-45.5531051434512,-23.0718734394056,-34.0351942274596,-53.5507478514706,123.349771546827,56.1314182446232,-32.2129722445912,-41.1579500247932,82.0205102062085,33.4112243396948,-50.7158521586198,-64.0331821965027
-156.031039529292,-21.5051488966401,-1474.63245921919,-38.726718453009,50.6725321487343,-6.41409265874724,20.173412121198,-3.17440053182651,-61.0892027199245,34.755757174521,11.4534924282418,0.507699658943975,55.2858980347027,-15.7742216965719,-64.5473963529065
-182.390437304929,75.9068840522281,807.684939684564,-3.94716993030451,-10.622440660576,-0.0338454313868357,-32.1262331082048,-17.936044830923,18.3297234992701,-35.3973384303032,25.6760123997534,40.3161965889418,-1.87155985581506,49.035270818491,63.8869010472337
-187.515338825954,-16.5062162756149,9.83569102015188,-10.2475115700536,11.3234806469573,11.4796713252053,-26.3040154572292,38.2137177472622,-40.7169454862817,-66.5906236240909,18.4683611491013,-60.9466295863998,6.67873359333093,-28.0806836602734,1.81152106730452
46.4772508006221,137.285772102712,800.072037202358,-91.2114305249823,36.5480384670878,25.4363070990635,-2.06437816145196,45.8320585164944,-29.9393435581547,21.2302588236996,0.990789980686406,85.6855191437224,89.450103592517,-123.92257458668,42.645958081283
-8.59667209878852,35.9227866954335,-1153.10043890992,-9.12250627575371,45.1988711356907,-3.76548705584344,-49.9209309978853,3.85084874457722,81.7015832242186,-9.45164508213139,-14.0033610976287,28.1783694495914,-44.5720777681749,-31.4071077466519,32.0180750412411
76.7358381544258,79.5100351972319,1556.31721355231,-89.0230325114847,122.310714308921,21.5396307196227,49.2183005966771,-16.2432839755365,-20.4715430968986,-92.5926608122326,7.75918037176999,29.1771243924941,11.270204326693,-30.9082179778854,147.333989435725
-153.593756804187,239.067704284109,-49.6457036839138,187.028515981401,-45.2618867211914,-6.83126468878425,-50.7995091916229,-16.5821652665843,-12.5966884040733,-59.6311164639585,-1.97528263068981,49.1453816241952,-63.8893184365492,-3.82512048890909,34.2371926831704
117.65445816567,-69.2649172108823,27.0045481477414,57.6628237214108,-49.4354549247084,-22.4011552637736,56.6772475111493,0.774258799316759,15.891106491388,-30.0950753002087,-41.5871659763405,34.4694658726376,-35.3050958405961,-39.3551366282108,25.3792469767517
37.8666421006504,-12.1005148140496,179.793402197092,140.810759162216,-34.0223169187504,-8.59167292783215,-55.6419608737784,1.11206842568568,25.0371008091884,9.98499450127168,30.1726638137233,34.3456361359011,97.612440114466,-0.901897995649594,-39.3381798578572
136.821568952554,-1.65587086895523,-114.722528227488,116.2216297728,-54.5208093795933,49.0409816440579,78.6149781195129,30.572071377063,11.5345285273084,-61.2797542612118,5.620170283142,75.182958846682,34.635332180611,21.2681697106331,-1.9567687518641
41.7362375373674,-43.713189494021,-80.3486740303785,-6.79318933115764,39.5094194723634,464.854435098733,13.5783253917261,8.7289317906364,5.26675551710148,11.3210886650435,2.55420485020865,110.463644260049,16.2314451498256,-14.8523263485565,-132.504749181886
203.586779052284,-59.4547566744319,-116.137943510845,-13.6983221407501,-57.1819564949818,-364.734588545081,61.4549939594596,-21.4814407484962,-30.4944678732987,61.1941076694951,-24.8045255368315,12.3200684968049,-47.0759989427572,-38.4152612744628,-13.9659078385342
173.696329357464,5.87664493579464,-141.239638399896,-58.750015978823,202.388718564209,62.6005407456439,-39.6036480072563,49.1499620419948,-128.586915499767,31.2637456412939,-13.0908806084774,6.52196292606762,-142.088543448626,55.8314866740964,25.1822332046646
-92.2155883361172,12.1828779442715,-111.180625419434,142.521756249932,-69.0687481966761,431.54785933741,-67.1860774145335,-39.7136798408679,-31.3326867780872,12.5970147636466,4.36725466782699,-36.4539376465166,-19.5940633534742,-117.621418226595,9.67027785458023
-53.5055479506258,3.92565042804461,37.2472008340517,-140.123794104558,20.2539511167719,-81.2512264584558,-8.88917731149129,-18.6024788631953,-110.003453034095,17.1247193748868,60.1709482988438,83.1334946098759,69.0774298530468,-89.9125406225391,-68.3049305576504
-122.821785015922,-10.8709324074289,-93.9202722794161,99.474521295098,-20.036436933548,-407.766701433147,-19.1639029538158,66.1604236148843,-100.350295657455,-22.0413568575098,-15.8156402552041,51.7442139983419,150.845740296185,29.457143054374,-52.659222347957
-165.351452531816,119.863297669688,-24.1864468595445,128.911213354832,41.1101557171754,234.712264866838,44.337106542185,-51.7502408801741,-97.9592257703333,5.75168763016842,-26.2913749591952,-16.3069416251327,3.60076972606622,-21.5034464073959,-40.0207599422562
107.073471072838,33.5868749576289,-65.0208662064259,83.903129009955,52.2681615897,149.151422445034,18.5412745166025,21.311209979685,-67.1052116981684,70.4500658724062,-11.9871933799871,16.8949583043089,-21.0750873316055,36.0999888541508,7.96468204055611
-108.398970545471,-99.9918852018262,58.5990992160513,-109.797487273173,-60.6312362137628,-399.599440693403,60.2896452701,-47.9809720772256,51.4199896818131,81.2475054734728,-60.361340171561,9.05774716575329,2.73038164674194,50.8543570621423,-2.9267051216961
-68.0245351646705,37.336601524553,-60.5291928273359,30.4059158258156,-80.4026179261839,110.436934981632,9.81458073644341,-13.5346640069078,45.082121179467,-76.7916465478677,53.3340945842495,21.6209238150858,-90.9902146619132,-12.7627885007945,-21.4847713043442
58.4298136023607,106.241780639653,16.3801624013837,110.039073428141,-19.0973117946255,-418.757966089838,-13.1643168549336,-26.2099578193986,-38.4044422149645,-6.13008401302617,-6.07860142613682,23.2719376514915,123.560369700607,-45.1734233411723,-54.4875851222164
-85.6430576638532,-16.1692373772316,-4.79658142273216,130.599491443456,20.5594138094963,622.682143380771,41.4725475900548,80.6979240757218,-1.02237338104469,-39.9686046937596,1.39470988496844,69.5026850001272,-19.2901582916812,41.583990890597,3.54268228066474
-0.372548904358677,71.8022945629636,-172.108362123947,109.40853990634,-94.5298823505547,-274.95028583229,6.31842037297461,66.7270315669457,-48.1484032582198,30.6221824316591,-1.65344531700909,-38.8793587823618,-23.2240461496727,-2.03370341603545,-48.0182388388747
43.1257974881013,27.6378979007126,106.59150074176,-29.2421337436588,136.740276209172,-386.122722511444,-42.5893260021934,3.7725853927101,-14.4917317385575,-13.0691805419904,-31.3746684512959,105.535509411867,33.9058608389417,59.7260478687197,-60.2232490492407
-89.6860239354891,-58.3237912781864,86.1255041214001,9.62168970005768,-29.7343586033483,339.908767688476,16.1272148809009,22.5624053418406,-56.6252955459969,-785.303767547672,3.62646123411602,50.3243025242175,18.8935470506356,87.4348282145316,-43.9656689327411
-87.4794883146754,-19.9528449289778,6.16637312152776,-142.815742212674,-39.6870005346451,-469.544413158485,9.36551107450055,43.2121802735399,-22.3934309361952,1118.2460634994,25.8786756696789,20.4182107458893,-121.151381057435,22.6591105682643,-53.5748872387395
-28.6373573837954,-117.087192174024,-34.2882520856806,107.571134066995,80.2805860417256,406.877835827506,-11.8447540647437,-18.7376354427387,-32.3300063070951,601.926551361529,-23.6214159964565,81.5588946283855,-2.59507245550514,34.648531134317,-102.386597684005
-15.9575594032789,-91.9479407437267,-25.4490915980953,-143.003333544293,-79.3995711646635,253.406800367709,-4.59104995254786,17.847452784718,29.2135693534701,-322.575585043289,-35.8346614962874,-55.945153976983,-34.5846503337714,-44.919014984336,-64.5744654473869
3.16626581138239,2.01846461411389,4.50040952264944,82.7662833046186,-36.2349951154044,-32.3248039437899,15.0571162407636,8.78130534214901,68.6849980009325,746.158471608325,-29.7250593456473,35.1596328190159,50.0215641945588,-2.51610134761872,6.75450744877713
-159.935344533217,-11.1401256116977,-280.898483413565,-8.66986608866613,59.2769406629142,-19.2887257002051,40.8369952935834,27.6182241765101,-37.9131180838788,-499.371303519879,-32.0534679376199,-76.2041056628306,-135.447286245833,-70.0937518804911,15.2234455159797
-274.911284721342,-8.54521599978083,84.1558668953442,-94.1801434479123,-49.3781304891082,18.129532814983,-6.5037997550373,-5.45376836338626,-1.6169990110844,-288.081302737927,-47.6491511596105,-7.6863291989473,24.5238515275259,-33.4142696612967,11.3328492580564
81.907520427566,-135.825964295083,31.4045584782316,-252.45665234701,49.1938107115971,53.8209726866024,-11.9928184459113,33.9945913978375,3.23809549342701,745.563623040984,-17.0180611613521,-13.9067306885118,6.53674103677234,5.0174412686984,-109.62003123555
163.719939688833,-23.5953006289251,76.8529766357669,25.8838535615965,-96.4576941919317,-3.08028513072546,-37.4678336608288,2.49311435513252,-18.1823703825136,-250.361358517536,12.4762744888145,74.8550632403367,-37.5059310314245,-10.5494231540863,40.8248528063294
86.4902575306451,-94.2890197218946,-14.0281589739247,-87.3978259862457,4.67479089448315,-48.1464876369321,36.990179536135,25.8130602377792,-60.9614666227615,-698.962758606092,7.70291667538457,-11.1494291275503,-119.179901546005,-31.5395540258088,-46.7712663150879
-80.2694053590661,-88.7046875029597,-2.86756938266088,9.46385385746951,10.3758618726695,-62.8723831719874,1.37649300544136,-65.8736631611802,-7.2334264459555,598.017607790645,-42.5067480581984,-61.9424817762016,8.63510825257839,21.8336841489881,33.6535619358789
-35.8042333583263,109.438941806456,12.6396221926772,235.692648686543,-67.8415758094622,-77.4420511107159,-28.3905798953905,1.15997112565936,-14.991695866295,-58.7036953832715,-13.8955676910145,70.3555870154081,71.7753236589028,37.7690192283638,94.8721768601592
47.9620987225583,156.290649949768,-95.4641170402876,-176.192824863881,-8.37895331492737,-9.79262576031177,71.6457843548918,34.5455382601082,50.4814733342001,22.2509979358075,-11.2594233293035,94.4825414690912,-20.0359770259074,105.621952818134,-3.49842161968856
-34.3262331409778,-18.2678503029018,-76.7488293374228,-20.3365393221045,96.8426591698553,-12.3637086504315,-49.4704503908224,53.0546540784923,16.7179831199915,-45.1339004482586,19.596813597249,99.3172533511127,41.9004516143965,60.6093806488053,-28.3029234698254
-3.91726811441219,-38.5095378836663,-129.818677728716,-46.6649603569148,-9.21084593546034,-9.96482487311202,-4.37567787362443,641.184472838216,14.9448876468115,72.5232436007649,0.515079672032027,-106.985923991166,-15.725268929995,3.85634867937808,1.72941195078743
-186.948285977282,83.1588671330867,143.443138050603,-0.496358131468797,-67.5493638884461,8.89189433915089,-18.9496590753923,-505.038833729095,15.0317922172767,5.70880582494053,-11.3656081382931,-112.970432863608,26.0927310227974,46.4166920037104,88.9023031491205
22.2511851627706,-16.3396338875268,-43.9221300851757,-88.5792170756252,-9.16291679209577,-4.599432406691,-17.6164501671841,-632.79060291339,-9.5376182498432,47.8071483473973,20.7781695573637,-35.3659160482195,62.5299477284292,8.8781807010581,37.6368719742517
152.401431550765,74.1886823598689,6.43084841295475,-132.631491797901,-52.57587183324,69.9726607849641,59.5832129231685,38.1541228903104,-10.4727298488884,-18.7077457656334,-16.1705291452737,-12.1698049839076,-44.102060296685,-19.1456706260229,16.5252445117715
-78.8343445683602,-237.292578100361,-16.6339322440276,64.6839914198529,-9.3680977520636,2.88681236737622,-6.28902386221844,-376.28520587506,-49.1442132657795,61.1553196898543,38.0167007251615,29.3291197960175,114.594625694888,24.9981533479004,135.788050129141
-113.313226473133,-32.8054252104376,149.125829023342,-86.7140088755157,-41.8156082397058,84.7383032894439,53.4324410937533,832.5269576597,116.381140032439,-38.8219461619468,-50.777764430118,46.8721408784242,-80.7211154913007,14.5692251299054,-3.35184880806931
42.3735449053734,-16.6846282078732,160.558603092437,-132.864661966833,-5.59308772996972,15.1793591644971,-74.0665302744132,-160.554554794224,-3.99016936024003,-7.80259349498159,-48.9534788937308,-65.0029885851976,41.8288343263138,-16.824118810748,-14.9744385133578
51.8611747607262,147.094598161317,-92.612418906496,-23.2633962678214,-108.523563418777,16.5925384960563,-8.71249479690263,-491.529855162227,41.9287096313734,-71.2207243967185,30.4065183942471,-26.9539652595792,-27.4389006285086,-10.835564087803,-35.7798174993048
83.6976299374092,101.399250501299,-174.630511706575,19.4758064647657,73.1389462662915,-6.55742723914975,4.08026550266425,-521.195176019824,27.3220280287216,12.8802144106466,4.09653183914589,19.5076738022835,-209.902252069313,-50.2386468025621,-33.4471920539515
9.72491356507387,57.9433016968176,-54.1543472510217,-94.4754850964875,52.2337822503469,31.1002181799282,-53.0422773901499,472.978725953521,-1.6727861349197,-52.9544392680938,9.53889872374394,34.2920788709518,14.4796746866264,13.1497856942085,37.5272656474899
85.9480196075824,-31.8465637773046,85.7876014637967,-52.1360383753217,16.520241928016,31.3681308032533,66.773840050153,-854.654248700336,10.205084908706,-38.2025576810341,3.30294362518373,-25.0939038758557,-44.4025422282512,-11.9901779475994,17.2478783162047
-28.6618859464681,-31.2622869212473,24.5073639911823,-108.359918060116,-27.9623498341126,-20.4771443605604,41.0642998167823,-469.294920077918,-22.0480834331057,-11.4542052319407,-2.16314066412082,10.2827755157836,-76.8474694652229,-32.92539779798,15.5096725131101
-87.146234442385,-127.45133104387,-78.9072863491029,-164.682688623994,51.0194680705461,-11.4342623349536,13.1482312756493,216.886498135257,49.2787494901099,56.1185713906953,15.4471442410192,-37.5110173818749,-20.8455484825751,40.0548342162041,-2.14460080740264
-1.87085358601077,160.261526079494,122.590206327513,30.9476675576831,30.8911493330167,13.2761908864217,21.5593941245851,267.0796087485,-27.5764597244587,0.933734005745277,39.7920198926079,3.46998896880211,22.6894347470912,-42.8200941482052,-166.530706144965
21.8866357450698,107.780333627233,-105.372218801104,-28.5757308377794,68.5471554085053,15.8628248820308,48.0160912073449,-341.989715369845,-27.9017360719914,3.32157617229373,-29.1724626585405,-4.55220996239922,-75.7218093377589,-71.4904683876398,-75.0461793636378
104.17215632618,-143.942367426611,101.263115692152,-64.1402005969814,-86.7154342276508,38.9044628877968,17.3919889192651,-363.619438698313,-3.82325041598217,62.4596293363279,-16.2748157266124,-60.6686647779313,11.4213476075672,18.6686393842766,-78.1115012867665
-59.1781807185711,18.8777491848008,-167.442010264036,-6.09068834364154,26.4914713598334,-15.6285665326359,-1.52095781239958,-265.540158489416,86.3836067868354,-11.3919950919603,12.0737363369762,2.86471371390989,-57.7200669178512,-53.1870486603825,87.0417490720252
74.5567502463409,-50.1058165926358,133.98729986318,45.7711413348471,12.0944711949756,7.95416879356192,-26.8708481859824,389.8955612885,12.7685200890148,-14.2264118426401,-36.7568136660403,-82.9708322385656,-30.731480905246,-4.8611944315203,-216.125512057867
-7.46336674837281,124.085437310396,159.985624997826,-98.3282518802747,-36.7128783297477,72.4442885078333,-4.87629117368745,-407.896742639044,90.6464616221744,-69.0836738999112,-22.8641763658122,-20.978591338192,-18.7916797013805,-28.9115650728009,48.64334461146
-158.395716693508,148.664364891023,-74.3453381212898,199.834703896385,36.9649660629915,-34.3016931274504,36.8532523132678,17.3462701307793,-87.8502184313191,-41.6091193810602,52.8017124347915,-6.85497019218812,-11.6341875740694,46.3099087532928,-51.6113691651707
-92.0985792114683,-176.614533213206,-180.511003837344,47.2572678939955,-53.1086260204956,46.8970987778913,-21.8955965171179,-42.923884017879,19.6281572484145,-15.8724600642555,7.91448221814569,-48.7640591251709,-70.13838211269,-4.5949955666211,78.4849754955516
-25.2779775770393,66.5824003942054,2.75121329559732,26.6571848682208,-39.4843202832644,24.3684503412817,-75.7162970178419,85.1251013595431,-50.1097037139738,-1.01896102631156,-5.77304260704824,24.4561008990025,85.0123096344247,-81.1196024762864,31.0318957627672
125.254542631592,162.29193559309,-51.54564034472,-135.593132872359,-42.8401695163845,-10.6049912577993,-57.2131394485569,18.9151954672429,-32.0634240115901,-2.25563531748984,11.598607525161,-9.71992760358143,101.057611767729,-30.7600998017759,-44.5499447632103
72.4983388359455,-106.525629307233,10.0650443259316,-34.0419447707436,44.0586500747755,9.33552788068867,32.3335427184424,-95.2820640661289,39.2605551014479,-9.05598309700162,31.7008409957046,-38.6944282289146,-70.4347591709492,33.3570833319407,-78.038338807272
28.7777892800202,-11.0706125812801,238.933396780152,62.7928051942922,48.6333857759238,-26.3385849078822,-46.5727246116419,-15.7589846349191,-71.5366861102674,-53.677967632264,37.0492690552433,70.5212808145663,12.820225651964,-9.31613904093014,-11.8661604117848
165.700324459069,-35.6072438010073,86.3868986081829,-25.4698841136323,18.6097450660535,-30.8104033286524,-31.4727526778321,34.3536303421915,-31.7900336727534,1.63003413208422,-8.79532121729324,40.2349756710908,-72.196695334466,4.5519348067104,-29.5696539086422
-41.7358683228316,-6.85303227208065,-211.664335121153,7.72140602594235,-15.035809849997,12.1051653249496,-28.0996165379048,-83.3352122873113,-94.2712249898511,56.8329233781426,1.87469620426697,-37.9717904371862,-34.2496707698193,-97.8799790323531,21.8132740126564
21.274802920988,87.8066942618785,176.578896741542,962.337989483269,-13.1471300293398,0.627627189794177,-5.52855997006244,-33.6792588827748,-2.94533050815388,28.6560921987857,52.437363806982,47.0620042272995,-49.2722428038399,11.5602904115286,88.2419564785107
-9.22623849473442,-17.2763949578394,-6.49964585478189,-41.4574638643442,-31.1482555451916,-15.5374505063543,11.6828944228373,-24.785571016911,-21.7955834858693,-43.3721330367568,10.7135124408454,-124.659352503423,-56.6815530051627,-21.0671679874396,82.3862255143289
-137.058587885167,-45.973970276875,72.8207067972506,-715.068329654672,-31.0292617896558,28.592037352946,61.7317097731684,-113.899193453933,9.07304735330935,2.70031378938087,-67.2871163757262,65.631490977745,29.6980242504315,29.7532125972197,-95.7150699395708
-2.67845655376516,57.602130567949,-58.8978487288139,-1968.15288019273,-38.6708198910922,-23.7524939355463,-112.650932558208,-4.57961332676974,35.8585464363997,47.2540301750687,18.9064157395303,17.2453344062819,77.9562096296793,-24.5822528068318,10.9983774354051
-64.3817016657978,-30.2287897036573,33.8876285037071,1532.19275162242,-18.8172141777367,-41.9781675787401,-20.4918735718159,-71.7898108106618,45.2029078618878,93.6615812604157,-15.7745656638407,52.5610770972997,-47.0107588721291,-81.0694910755762,124.713056291095
-135.670135070884,-153.99827695537,49.3700709877007,392.632548290968,-115.633021364763,-45.1046239341698,1.08267030430121,65.4828518884902,157.986734034713,-30.9710648107377,17.5794220171911,12.2802339622853,15.4823090159668,-52.7026627402767,25.5583160860868
-58.8965128003994,66.2069334037585,-42.4352238823213,-1510.31723807322,17.6672771416049,80.2526982304381,-12.4889802764629,-48.1877538190805,60.2658455220404,63.7669238822607,84.7266665239594,68.1069478113007,-96.7844377268721,-15.8642571384063,32.0124401107372
30.4002084642856,121.146639122046,142.202003452653,2341.50464795147,4.00124973867764,5.79205792043292,-61.5953332874986,25.8022845690501,59.9598320994396,-25.5493123089915,-6.29266754694957,-114.096614586902,56.1957221811053,-0.206277300481281,-59.1024557285765
-81.4930490522636,209.266315489436,-28.1987392404094,561.006808944018,-46.6662912699247,-13.5417735020672,-36.484195401086,-73.6886473265997,-92.4046010430868,21.2061855885193,12.1031614659398,-17.7391260812695,4.09751307230711,43.9533397821477,-19.1248638747785
146.374545706707,161.627717524693,126.849657613723,-1215.08705220518,-11.3208445148804,-20.2250667984658,27.7876860590186,-24.4859199373465,-35.1593460290828,50.9708972135938,-52.2791795635774,10.9007939698297,-67.0772892293351,8.71124770219307,93.4372131053263
53.5280661777907,-86.5136228456517,-63.9261369099959,868.192111522209,40.1590154950319,26.1667352965769,73.0361630197468,18.9584156845874,-66.5041458601589,-40.5233173264026,-11.5393147963503,-18.1494333921366,-13.3316705226259,25.2563910276694,22.4188999093427
60.2406652941717,58.8400858859118,21.1924287452154,1119.82946993622,-29.5180794657754,64.3029320652918,11.8955972121745,18.8970883768669,0.486892107062338,-73.7561042340612,-0.386202637679141,39.7192561625592,-19.8986247297256,-12.2860655387647,-106.422197828208
22.4389771620755,-31.8926127277818,9.97256651701845,-1529.73620095616,65.4091385311826,57.3075691649956,0.0982162104219823,-19.4301634510185,-35.3823994004231,-31.6381408723313,38.9639676444232,48.3898256682162,72.190345440148,-16.3545371819797,23.9875933175842
-71.7587245965211,-71.972150481148,107.085458483232,-516.016026772939,44.4765760678891,-14.7702178924032,80.5227319309199,47.7801471189276,39.0415610120729,-116.428592219318,-23.7991968317088,-58.8807391552011,-143.707092659585,49.4027766991311,-68.2641210454303
-54.2537729518989,37.3799238524635,40.9758557627624,767.583047782253,-1.08799304295455,-1.78911281770477,-51.887468171517,8.23584483536575,-15.7183320650163,27.9493028414805,12.1931957622836,-38.1848691129597,-17.2678481879904,17.0132961759791,77.7482037869483
27.2544196850179,-75.1668982081672,-77.1763662188354,508.928751145891,5.72953554336465,31.2019863984004,-8.57301078657343,41.9146800467676,-7.98520166031972,1.99047191263493,7.71280438376768,-98.43512968421,4.10491303706132,-51.3264468724999,-119.618136457731
88.9893854805914,85.9950916957383,-19.3494487722597,-726.517062680885,-111.741246920476,-23.4134555116718,-39.039054492704,-67.1512770084207,0.706819052629732,-16.6890918933682,-22.8275668615623,31.7855043228261,-61.5104456155835,6.01716382151993,-47.2885664282114
107.357756458886,9.93037042722628,-1.62129483571789,1152.60763794057,44.0988918388367,-4.10271475205492,11.7335536664553,-23.3554614272592,24.0734480230922,61.4536659131418,32.6520592482647,-23.0816687316192,-43.7204529693254,-10.9895108246295,47.3840790363335
65.0257119370684,89.8451377395463,-25.629001280732,275.087481302249,-7.54067946219306,-42.1906261908878,3.33566635970783,-14.0861720396525,-16.890319256903,16.0338218461559,-18.5203509971333,110.875541814065,59.1329834899505,60.6844517411217,-21.0300297200091
106.219258545531,11.2199839638252,19.4059051353328,-1440.12592794924,52.8836909941368,-4.31705534474956,-68.1008397506598,6.40643668768087,0.84852402390226,15.3113436094958,13.5162094534005,-35.5057617497138,-30.2451315938571,-11.2866471926326,11.6911210645206
52.4846598074607,209.1011781009,-46.5268695018329,229.716853988455,80.7609504145123,-34.0082133358474,55.4453315679925,-15.2008344684932,-28.5371689725155,-20.7675395260674,-3.68061380243015,47.1492315314553,-13.5308352296803,-29.7754142711911,80.2499969765335
61.2891835936391,51.9267659020287,-178.645137759408,163.785172810015,50.7863837781726,18.4745026489146,-33.1955666023946,42.2364729691826,89.7073002124758,79.7803660145721,16.797333683986,44.6949487616798,-24.2853982725034,-29.6940506885791,-47.1369419781332
84.1584359644963,14.6193604554058,203.951682365183,-90.688212615495,-108.343525215595,37.3053889611625,-3.34695200519957,-59.3049100292448,36.038421515076,12.8970043736442,-30.7311841762472,67.2521988972623,-66.3122207506067,70.6239650990934,-78.4619784764214
4.94353065938898,-155.772812174369,91.3862822832406,-77.9081826724006,21.856581173893,37.9874836184656,-48.6895364305021,-40.2988881162825,-2.73303354492198,-32.9239093468691,25.2801720615363,106.255026778725,-39.0320956413645,-8.5463466112277,-60.8013495032897
-29.545213815504,236.285926150804,-118.663772227612,-141.536615157909,37.6319622263466,-0.783818175982839,29.8701925655953,108.380013960026,38.7330902319626,0.0797841149364961,44.1588230935389,-52.2118681809735,-61.1326022616939,76.1665938439897,37.7907325884041
75.5921182214106,-130.049399567477,-96.6876901886154,-68.0186875393426,-105.828479361287,55.1328668973384,24.3442372586936,55.9397482807199,-106.021206163291,37.5704706605248,30.4448257591929,-50.7660435173077,40.0624657631148,2.47314626857932,92.7730121514717
129.497667881339,27.2202022915243,-22.3377104181133,-11.4758903800446,71.0757488821477,-101.202894562969,-24.3292845542964,-12.3882947563165,62.0815243502959,1.11578972299918,7.30438047370751,-26.9204875398183,-63.8044863324702,76.2061140674894,-19.1675588124306
-17.2958029214986,-96.3448596346033,-74.1177653891506,-119.032485570206,36.4601671475039,-41.7700138060755,-4.17920516515273,-42.4970845976914,-54.6987176521879,64.5977436869977,-13.1257706330714,5.74094720774925,-40.615704803922,32.773543546997,-95.5698933546958
157.443232547965,-164.115328429329,26.0312668538401,-235.901673912479,-4.39898017997446,14.2931056373287,-37.4333110322328,-9.72897068743488,-14.9697604157648,12.0264842752294,-54.8178478729251,7.07701760291895,118.828199621136,29.0744450197214,13.2140227146719
-207.525069004106,25.3443654679632,61.8020476473066,-156.999538619379,-105.354739418436,41.2911377514084,3.57233542453924,18.6952400133201,24.6100916350635,-144.690283869575,-5.96969883204593,10.7399108631177,-46.173098352266,-14.6951280901295,18.5125706170067
83.5178980959885,-0.293926932341305,-66.7178965966116,96.1377944539352,-23.3024564862869,23.2068206821348,24.2619033301457,-27.304563761839,-11.5106778566875,30.7119468028379,20.0207939018571,109.344140187903,-8.96114516145297,72.3895792219112,31.2372821004322
-181.244740863724,-47.5813437370569,-39.9770533648235,-193.374652266438,-71.6676595591997,5.64616192519069,-23.3381189931782,-66.7516056777746,12.1668525076427,11.1769471619308,26.7594074747748,-40.2179858017541,-18.3198264307635,52.3005881165433,-119.170000544024
89.3647177536749,136.611524757733,-79.3591340168981,-168.970881013669,16.7555090501637,-15.9504253241628,-41.7572652616263,-24.9429230268742,-82.7755529005513,84.7752962834991,-41.3117907640733,15.0272860769317,-8.74646389094637,11.8313386923579,33.5433619489833
