 10.186
11.2727
6.90203
10.6785
3.62313
12.8444
10.8896
14.9711
10.1403
9.52467
7.52296
15.6818
8.68781
14.3145
4.45525
15.7223
8.19871
11.2869
15.5241
4.80907
12.1729
10.6141
  8.865
15.1039
4.35554
7.61642
 10.974
8.61713
 19.014
17.4363
14.1215
14.0708
8.99861
10.6694
15.3557
18.7609
19.0382
10.9077
16.1187
23.8469
10.4956
17.4963
7.10274
13.5106
14.2385
 12.726
11.7107
4.38226
23.7321
9.73037
9.54903
6.59193
6.97787
17.3837
4.81268
2.66491
5.60997
11.8153
9.53313
16.1517
16.3667
9.34728
9.66388
4.64847
6.15767
14.8087
15.8123
13.8118
 10.684
14.8362
20.7013
13.7969
8.07396
12.2017
 14.055
12.2426
7.76464
14.8126
12.5032
13.4231
8.47625
3.41958
15.8404
5.66751
5.42971
4.84509
7.31731
12.9222
8.28194
15.6804
7.38736
14.0611
4.60574
12.2206
1.94277
11.6166
11.9956
12.2585
9.87853
 6.1977
15.6381
8.88966
13.0351
16.0585
11.7465
7.10701
5.80574
7.82945
6.07008
3.40507
14.7775
7.65342
13.9453
6.99289
17.3664
12.3379
10.3392
 12.506
 8.7899
15.5088
  15.39
15.8409
5.69088
 7.0674
10.4344
8.88293
6.05348
7.05572
8.29422
7.55261
12.2263
5.10094
8.09578
11.4843
15.6839
8.73563
4.45821
13.7229
13.9924
6.90369
10.2592
8.10951
8.73723
15.0267
 12.378
14.9658
6.97833
7.05294
6.52562
9.92085
15.8497
9.64339
6.30165
5.48729
6.45232
10.7823
16.0942
12.5537
9.90738
13.5784
8.29975
13.4905
20.7574
4.65546
7.85231
14.3345
10.2745
11.1553
9.39237
13.9807
8.60212
5.80332
11.6856
14.4583
13.4019
16.1586
11.8465
10.0897
9.99526
11.2404
18.4828
 12.322
13.1183
24.2093
7.45721
25.4875
10.2394
10.9408
12.0323
14.2724
11.1581
11.2159
16.4059
 8.0195
 11.973
10.0653
16.5914
 10.285
7.07937
14.4884
26.4836
12.2952
7.97113
12.0575
11.1564
21.6763
17.2375
12.2754
12.3917
 9.7718
8.09032
6.28587
8.29009
15.0814
9.96939
8.78983
14.8584
13.4866
13.9012
13.0217
8.71286
12.7321
6.28626
10.4385
11.1841
11.9468
8.57954
6.25765
5.35546
15.5533
 8.3202
16.5512
10.7961
10.9371
7.19754
6.05993
13.9392
 15.184
11.7373
8.73557
8.04876
6.78004
 6.7834
26.4995
43.1497
21.2025
32.1734
41.5803
19.3242
26.4883
 6.4282
33.8995
15.8185
24.7014
26.1059
17.5546
17.1581
24.8117
22.0784
46.5917
25.0125
 43.599
23.2936
 28.632
48.8633
18.3791
28.4815
27.3473
39.2171
21.4933
25.0913
23.4044
7.79565
14.5363
6.14934
11.2744
7.99063
 10.005
9.55147
8.33757
11.0927
8.18048
 6.6476
6.17972
8.22611
2.65949
 18.956
 10.381
10.7063
6.35313
13.3852
10.4812
16.6483
19.5078
17.4431
15.0214
9.15113
9.96241
12.0932
7.97816
13.3506
10.3455
9.38893
7.79987
8.12364
 9.6598
12.1754
12.3295
11.2063
13.6433
18.0647
8.63983
7.77199
21.2755
7.67353
10.5846
9.53338
6.86029
14.1322
5.05167
6.76762
9.17802
7.53778
 3.1474
6.59794
8.47127
21.4008
11.3488
10.4288
7.89846
13.0796
10.4932
3.62557
2.64542
 10.432
7.46777
12.0236
11.4142
4.56574
5.81611
6.18589
18.8033
9.00629
16.5932
7.53379
10.1963
4.33198
9.69246
8.42792
8.83643
8.75104
5.92271
12.6511
16.6851
4.63111
5.71823
10.8525
5.81612
10.3342
13.0315
12.4581
7.62992
2.73659
20.8419
9.59061
10.5855
7.31454
10.3913
6.50203
9.53759
6.47568
6.30265
10.3187
4.91327
3.62625
 9.5194
9.36929
11.7546
 18.984
14.5676
9.50922
11.4334
6.56078
10.2909
15.3812
9.87913
9.64867
11.7822
10.6462
19.5874
16.2238
6.91197
17.7516
  6.961
4.58227
13.7737
6.52118
13.6116
 7.8863
 9.4874
 8.4977
5.22872
5.63417
 3.6784
13.1571
 11.205
9.24512
6.29367
15.4051
13.8668
12.4358
11.3452
9.67357
10.5295
10.0701
3.86164
5.06014
 8.8211
13.6786
10.2439
13.9352
23.2019
 16.332
26.1277
15.3972
17.3541
6.15065
15.8458
14.1998
15.7899
 15.957
13.4395
5.70961
19.6007
14.8418
12.3904
15.6106
10.2949
13.2894
15.4063
14.0433
19.3848
 6.4897
 12.201
8.07276
18.9746
12.8537
7.99632
 16.442
15.3096
17.0071
13.3859
17.1446
14.6568
13.5768
21.1827
10.4204
 12.154
 11.328
12.4373
13.5341
 18.212
14.8094
15.4338
16.2319
12.1052
13.5593
17.0327
4.66453
6.64685
10.3486
  12.03
9.15964
4.55691
10.0651
9.58805
15.0649
14.2347
8.62667
15.5024
 9.6341
3.87101
7.94542
18.2456
 9.3796
 16.986
7.96582
6.28734
4.75895
8.88967
7.34012
9.59205
13.7844
11.8216
18.7493
12.5328
16.7209
6.63857
7.37647
19.8763
6.27361
7.00868
8.37844
1.53187
14.5787
15.4539
7.29289
13.9642
7.21464
16.6332
11.6973
10.8596
11.7932
 24.558
10.2449
5.67652
10.0307
7.86911
9.68935
9.77766
17.4523
13.7982
16.6101
 14.478
4.09063
 7.9088
9.50064
9.52658
15.2016
14.9274
18.5144
13.4847
9.45017
 12.473
11.5206
 9.0271
7.67792
15.7604
15.6775
10.7284
10.5521
9.59364
5.93731
10.0303
 13.199
13.4594
13.2212
12.0061
12.9212
10.3399
7.95522
9.62143
16.3841
8.45754
9.62477
14.3429
10.2412
9.42726
15.2811
10.1773
 7.0185
5.77569
7.84071
 4.6314
7.31059
2.94596
13.1248
3.01762
4.09846
17.5542
5.27755
  8.265
6.84804
14.4875
6.36592
8.43599
11.4977
6.57049
9.35403
8.62186
 6.0145
3.62929
10.2108
6.34685
15.3403
12.7085
8.47064
10.6623
7.18692
11.2705
6.41884
8.02599
8.26792
5.46677
 8.9401
4.79177
3.88698
18.1916
7.39958
10.5027
4.80377
2.92521
15.2953
14.6279
14.1851
12.8615
8.33801
16.8811
17.6708
8.37834
3.57075
5.19741
 10.415
11.5803
9.07795
13.3119
9.97586
 16.037
12.6673
9.32717
10.1646
11.1988
 9.9924
9.61262
6.84976
16.0931
7.08286
14.0372
14.1794
11.3392
2.96928
14.0527
9.76991
9.47298
15.9298
13.7362
10.1126
14.4802
13.5133
12.8889
8.62807
5.61499
7.77043
11.4322
13.6795
17.2544
10.1564
13.5842
8.55256
9.74935
13.8846
11.9262
10.8581
8.49242
10.1002
8.62141
10.8874
7.94035
 6.4506
14.1962
15.3322
6.63098
3.12328
10.8939
16.9571
17.9754
10.6732
10.3382
13.3917
16.5958
22.5592
13.6711
6.53248
8.57525
15.8454
8.39517
5.06544
8.99463
6.23253
4.20304
9.87286
7.83548
3.75769
19.8422
7.87011
12.5515
4.22379
10.9607
13.8856
15.1525
11.4915
8.64714
6.01503
8.16708
15.9966
6.14435
11.4646
5.31545
 10.884
8.31296
11.2296
15.3345
11.3146
12.6949
10.4375
18.4489
6.50697
5.61756
5.16234
5.71049
16.5913
9.73384
13.2611
13.9897
10.6359
11.9844
5.03906
9.28068
2.79123
16.9096
3.37391
9.49334
15.6273
 11.695
12.7824
17.8342
 9.6101
8.42204
22.8662
8.53893
11.0398
10.7865
11.9398
4.90345
8.30004
4.26866
11.3123
10.8051
11.9064
  10.07
6.58295
11.2892
10.7899
12.0849
10.9308
11.9379
8.93882
7.16784
16.5353
15.0018
8.51773
7.53985
6.11016
12.1274
8.91494
17.0549
7.77135
 7.0531
17.6716
 5.0254
12.7417
15.2775
14.0564
19.4062
16.5672
5.15185
14.6918
12.9862
6.22394
12.9262
9.55031
22.3095
13.2644
15.4818
16.7119
7.95558
 13.402
6.88017
11.1206
3.85355
7.92456
13.9977
 12.524
9.02512
 6.6652
7.58865
7.29288
9.31073
17.6924
9.71561
9.14646
14.9168
6.53749
10.3722
10.0946
9.68522
5.41064
7.09877
7.32995
14.9252
 10.872
7.00033
20.2652
5.26941
23.2324
18.3312
11.7371
12.6548
16.0863
18.4818
15.1581
5.75056
9.69408
6.62824
8.70278
11.2279
10.7271
8.23419
7.96528
16.4092
8.26926
4.82563
 9.3798
10.6254
16.0832
 15.343
2.59425
11.7205
5.14554
8.69424
4.71957
4.67617
9.83965
5.58229
18.7514
12.1966
7.19074
7.40818
9.78958
5.56745
6.77084
10.2067
14.6028
12.0633
6.00265
7.21658
12.5561
9.48673
11.2839
7.29196
3.39472
6.96145
9.92371
5.32687
4.48461
13.2799
19.5817
4.54094
8.92671
17.1459
 12.616
9.65138
 16.281
7.21681
5.52975
11.8365
3.91161
13.9053
9.62335
13.2823
14.9737
8.96537
12.9458
13.0571
9.16765
 12.135
14.2497
10.4807
13.5865
13.1294
12.3105
20.2089
12.4139
5.59457
14.2625
7.96843
13.7167
8.51084
12.1887
9.66324
11.0518
9.15964
12.5478
10.0548
 4.8103
7.50047
10.4577
9.89671
18.0744
 5.6278
9.32107
 12.991
11.6368
10.7102
12.8352
10.9228
14.0488
 17.684
7.52569
8.59009
19.4125
9.01356
12.2982
17.5902
11.2347
13.1552
9.78182
11.4532
8.22258
5.86734
6.43372
10.3829
7.74448
9.23362
9.92168
 9.7682
9.48925
13.5106
12.8451
 12.032
12.8651
12.1851
13.2552
13.3667
9.10004
12.5288
6.40127
6.39686
  5.948
9.49323
11.6297
7.66018
6.50434
20.0837
22.6092
18.4596
13.9642
13.6183
7.67025
7.21735
9.85188
7.39389
8.88147
 10.261
11.0107
8.95056
5.70628
9.64747
11.0809
10.9532
10.0806
9.97899
6.62089
13.9605
10.3419
7.85579
15.2845
13.9863
6.56583
6.95359
16.3769
8.34709
7.21795
12.1525
 11.109
17.4653
8.96071
5.76077
  10.56
7.98249
7.49997
10.0246
 4.5719
9.79513
9.07646
16.4451
 9.2176
18.7141
10.8232
 12.123
10.7841
13.2206
6.76509
6.62216
9.56232
5.42708
9.02847
9.42216
8.41656
9.99146
