          0    -5.18761    -17.1656     -4.1755    -9.15078    -5.14715
          0    0.345867    -12.6774    -11.2876    -27.0156     1.82728
          0    -15.1907    -5.93071    -14.8196     1.86402    -1.60505
          0    -1.61725     11.4791    -37.5404    -18.2605     5.57927
          0    -5.30289     3.83506    -20.1383    -15.9898    0.184125
          0    -8.07638     15.0466    -22.1408    -16.7203   -0.760352
          0    -15.1151    -6.62043    -21.6348    -13.3513    -9.50991
          0     6.18754    -5.24973    -16.1297    -15.0587    -1.68704
          0    -6.70013     -9.5254    -6.21519    -21.1238    -9.58103
          0    -6.05134     6.95828     10.8089    -15.2528    0.766786
          0     7.69172     1.08771     -62.813    -14.2687     8.39459
          0    -3.34582    -3.68387   -0.938575     -33.446    -3.20774
          0    -9.68197    0.934243     -20.537    -8.63572     8.33141
          0    -25.5589     4.15804    -13.9688     1.03703      1.4745
          0    -17.0992      6.1377     4.72713    -9.83504     7.04466
          0    -14.0397    -3.56339    -25.9376   -0.127908     1.83657
          0    -4.97804     6.27631    -23.8471    -7.74915    -2.64129
          0     4.99447    -13.8108    -26.0801    -10.0199    0.445632
          0     -15.839     7.73803   -0.796176    -8.68709     9.65241
          0    -4.47217     -10.129     -41.486   -0.573187   -0.514016
          0    -36.2988    -20.5695     10.5248    -8.11654     2.97898
          0     17.7181     4.39636    -40.3722    -23.8097     6.61287
          0     7.88275      -28.91    -27.0755    -8.91628    -1.69296
          0    -35.5927     15.0786    -35.2626     15.3324     4.03532
          0    -9.88384    -1.81436    -11.3934    -5.37366   -0.872927
          0    -11.9256    -27.0434    -18.3181  -0.0812872    -8.07232
          0    -32.7219   -0.565086     14.2774    -21.7967    0.316087
          0    -14.9625    -4.73672     -12.963    -1.47357     6.48037
          0    -10.1469    -13.5824    -10.4501    0.286967     -3.5582
          0     17.5838       3.137     -45.512    -16.7409     9.02061
          0    -5.58451     8.55766    -70.8281      -2.191   -0.189969
          0    -3.12865     8.63485     9.14391    -25.5564    -3.08775
          0    -8.64383    -16.0182    -22.8131    -19.6671    -5.40871
          0     -15.645    -4.63481    -4.86414    -7.92014     9.67137
          0     11.2995    -38.2667    -40.2931    -7.90836    -1.79121
          0     -4.0302    -8.59333    -21.4172     -8.1428    -3.37401
          0    -12.9639    -15.3623    -28.9352     4.91663     1.48464
          0    -16.3407    -11.4475     1.60513      -18.71    -2.59155
          0    -47.5985    -2.94148    -8.09893      7.7839     7.01304
          0    -8.86599    -31.7913    -54.3795    -8.48533   0.0532668
          0    -3.81396   -0.546056   -0.641715    -4.20033      2.2136
          0    -10.1976     4.52648    -15.7587     3.39293    0.362533
          0     -37.909    -1.53812    -6.33831    -12.1954     -0.5865
          0    -16.3128    -4.70134    -27.4659     7.59798     1.17986
          0     -1.0128     -23.211    -23.1471    -2.52049    -1.84732
          0    -19.7899     4.89664     -35.169     13.6121     1.13084
          0    -5.57058     1.22269    -7.82243     -6.6099    -1.75513
          0    -4.02041     2.48531     -2.7179    -4.53842     2.84229
          0     1.42138     2.53232    -26.7241    -31.0643     10.1322
          0    -9.96455      13.259    -63.8918    -36.3534    -13.1002
          0    -2.21589    0.524268    -23.6495    -20.1816     3.73336
          0    -17.9957     5.50439     4.37977    -12.7771    -1.81895
          0     -4.2818     8.85026    -62.3972    -1.26227     8.75562
          0   -0.653894     -6.7094    -16.8579    -31.8933    -1.88231
          0    -15.4021    -6.87052    -19.2246    -1.68654   -0.324658
          0    -16.2984     13.7627    -54.5787     2.76888     2.02769
          0    -13.5015     5.31163    -4.90174    -3.34246     2.71405
          0     1.16715     17.9997     -62.028    -26.9406      9.0033
          0    -14.1929     9.06889    -5.63028    -8.70534   -0.740244
          0     9.50384     -22.001    -33.0766    -13.5498     2.21518
          0      2.2589     7.69194    -47.8915    -18.9563     6.25984
          0     2.80132    -1.11559    -28.3527    -4.92791     3.98886
          0     1.18352    -13.2139    -32.1906     -8.7484    -2.73247
          0    0.741228    -11.7583    -37.7292   -0.890667     1.83099
          0    -7.18514     3.27953    -0.45982    -6.73726     6.32024
          0    -14.4056    -6.87421     5.39134    -21.8829      6.4217
          0    -2.84998     5.19469    -7.33277    -33.1887    -4.48926
          0    -10.8971     6.21197    -4.97311    -23.4587    -2.97501
          0    -7.88231    -13.8152    -37.5056    -13.3993   0.0306942
          0    -1.64698    -4.98548    -20.3336    -19.2966    -2.63852
          0     7.43493     8.15105     -18.847    -38.6149     4.16823
          0    -10.6926    -28.6245   -0.978174    -5.00637     9.85065
          0     13.3218    -23.2484    -61.3718    -7.93024    0.381246
          0    -23.2036     12.1054    -26.8144    -3.03821   0.0127835
          0     5.58869    0.026015    -32.1622    -6.04621     7.81744
          0   -0.416879     1.63858    -12.5364    -37.4043     7.00907
          0     4.04745    -16.9554     -31.993    -5.32831     1.26546
          0    -8.74219    -4.67958    -30.4522    -4.42637     -1.8147
          0    -26.9736    -8.48389     10.4031    -12.2624     2.08258
          0    -6.94264    -23.2695    -1.55179    -8.89597     -4.7872
          0    -6.73055     -35.096    -71.8209     9.38549   -0.865828
          0     -10.844    -7.06304    -19.9099    -6.38156     4.12193
          0     20.1805    -8.70877    -59.9195    -15.4966     17.0675
          0    -12.8841    -8.15935     24.1945    -11.8796     9.18628
          0    -10.3423     6.47738    -55.9552     2.03059     6.53259
          0     9.95728    -8.75882    -30.6967    -4.49216     7.73108
          0   -0.741248   -0.588818    -1.03574    -20.5678     3.06072
          0    -1.73116    -17.9388    -17.0275    -12.0327     14.6388
          0     6.70974    -14.0327    -58.2807    0.809485     8.43431
          0    -2.49877    -5.46047    -50.9964     -11.341     2.57125
          0     1.49896      3.8897    -14.9205    -28.3235    -5.78777
          0    -9.74917     8.71793    -2.53635    -19.8391    -5.55795
          0    -8.62021      5.2807    -4.36415    -15.7989     7.89911
          0    -3.85405     9.50469    -55.0496    -3.93504     9.72328
          0    -6.59336     4.26065    -18.8134    -10.7129     1.29503
          0    -8.63816    -11.3138     0.68696     -2.2565    -2.26867
          0     15.9789    -3.73712    -42.1231    -12.5487     17.5719
          0    -9.88518    -23.7432    -15.6082     -7.8389    -12.9806
          0    -38.5129    -5.76707    -5.91624     5.18723     6.10916
   -3.14198    -8.89148    -4.62194    -7.09963     1.55287    0.704887
   -1.92613    -8.49848    -17.1399    -12.2329    -14.4079    -12.2621
   -1.70768    -9.72468    -10.4915    -25.6051     4.06398     7.75039
    -3.0242    -4.67002     4.18257    -48.6009     -1.0211      9.4124
   -0.81868     -7.7846    -1.82985    -9.71378    -13.9004    -1.60932
   -1.76867    -11.0781    -7.46838    -1.59227    -9.74865     4.43038
   -2.54325    -9.33954     5.61074    -44.9199    -16.8309     -1.4728
   -2.28721    -41.0898    -17.3359    -22.2924     1.02739   -0.626502
  -0.692399    -5.19799    -32.4007    -13.8163    -10.2015   -0.809295
   -1.68413    -7.06017    -11.0259    -2.57107    -12.6552     3.81075
   -2.70125    -19.7373     -6.3749     12.4071    -1.23082     3.85421
   -2.81271    -2.67401     7.72479    -36.3652    -6.82296      5.7834
   -1.68321    -10.2825     5.89797    -10.8915    -12.9761    -1.08885
   -2.33828     5.78774    -3.23674    -14.4444    -16.5527    0.780214
   -1.21841    -2.22691     16.7266    -28.3779    -28.7847     3.01565
   -2.88904    -15.5902    -21.5802   -0.374991    -16.1782    -7.97493
   -3.94816    -28.7428     8.24775    -33.7344     7.49752    -1.92944
   -2.53992    -6.37306    0.447637    -7.31438    -5.84356    -1.40653
   -2.38698    -3.39243    -8.55461    -29.1734    -17.4178    -2.69435
   -1.71702    -7.69651    -5.48573    -16.3475    -4.52772     2.94862
    -2.5956    -13.6102      -10.77     15.3501     -9.4831   -0.261055
   -1.80274     3.62401    -10.2889    -28.6809     -10.264     1.93655
   -2.23995    -3.09925     9.62146    -39.0636    -4.64436     2.25275
   -2.62915     10.5967      3.0317    -51.5404    -14.7747     1.48044
   -1.92819    -7.68817   -0.282351   -0.489187    -21.2569    -5.08056
          0    -4.23651    -5.82878    -38.5184   -0.220083     7.46321
          0    -4.57412  -0.0137872    -37.0893     6.41857       7.981
          0    -14.7341     9.21271    -13.0734    -12.7805     3.53471
          0    -12.5719    -12.4313    -30.1938    -7.59831    -4.10093
          0    -11.4773    -23.0139     4.43284    -4.46782    -3.73495
          0    -7.52816     25.3505    -12.4168    -31.0186    -9.42337
          0    -6.64597    -13.3798    -25.0795    -13.2713    -7.06305
          0     11.3879   0.0346192    -20.8478    -16.7767      7.4821
          0    -16.9356    -34.6239    -3.44472     -9.5457    -3.45133
          0    -18.4334     3.49295    -5.40271     -5.3829    -1.18727
          0    -4.27932    -29.6009    -24.6546    -15.8773    -8.82928
          0    -12.8545     12.8705    -20.2022     -27.944     6.85573
          0    -23.7729     10.4813    -12.1581    -15.9225   -0.962099
          0    -3.79838     15.4707    -37.6992    -32.6841    -5.40516
          0    -27.5424     3.79909    -24.7893    -8.59403     10.2373
          0    -2.99916    -3.24305    -31.5451    -3.62202     2.99448
          0    -2.06859     1.71224    -30.8437    -1.06116     3.70063
          0    -20.2915      16.083    -47.7813      1.4028      3.3132
          0    -35.0612    -1.15915    -44.0197     8.96696     7.01541
          0     -7.9676    -29.1142   -0.417208    -6.71806    -6.63223
          0    -40.8403    -16.1626      2.4492    -6.16945  -0.0971837
          0    -22.7405    -4.54938    -32.2909     1.96349    0.746571
          0    -14.9709    -17.9114    -32.9363    -12.0764    0.349832
          0    -2.11773    -28.3696    -39.1606     3.15722   -0.255521
          0    -17.3197     -46.729    -28.7527    -4.96817    -9.26558
          0    -10.7224     7.53245    -24.8366     2.18243    -1.64239
          0    -1.66487    -8.13128    -14.4601    -7.65852     6.51659
          0    -21.0501    -5.30428    -12.3697     5.79653   -0.313971
          0   -0.789314    -12.7739    -65.1406     7.29799     3.78864
          0    -13.9336   -0.381374    -23.5215    -2.32569     4.31033
          0    -9.60274    -1.22363   -0.639904    -1.78515     3.38041
          0    -10.6911    -15.2452     8.37792    -12.7703    -1.34219
          0     9.68993    -1.96128    -54.0052    -1.29255     5.26223
          0    -19.3463    -3.24084    -30.9461    -3.80152    -4.17751
          0    -11.7191    -1.36207    -11.5169   -0.570225     5.19343
          0     -35.788      17.814    -46.6939    -2.54994    -7.71216
          0    -3.95018    -9.07268    -14.2215    -9.46866     1.11758
          0    -9.54508    -23.5599    -26.4025    -5.11536     6.05124
          0    -30.5487     15.2407    -29.9041    -21.6331     -12.761
          0    -28.9865     7.18951    -26.9864      5.5657   -0.497166
          0    0.174654     3.33721    -62.6584     2.96104     9.01173
          0     3.51093     7.25821    -20.9214    -49.0811    -4.51528
          0    -18.1369     18.7623    -22.1198    -10.4376    -5.17229
          0    -13.5009    -3.44468    -12.1617    -4.07589    -4.27527
          0    -2.89339     3.97352    -29.7215    -10.4385   -0.948031
          0    -17.5962     2.78041    -33.7418     10.1013     9.71428
          0    -15.2499     18.8813    -40.8842    -5.14867    0.404814
          0    -3.05428      6.2827    -3.41379    -15.6109    -2.12495
          0    -27.4129     10.3958    -9.25062     -20.355     2.81197
          0    -21.2966     5.26962    -17.3478     10.9923     2.34862
          0    -15.5845    -11.9137    -8.79717   -0.519726  -0.0347678
          0    -20.9656     9.34681    -15.1753    -6.72593     12.7332
          0     10.5626    0.597907    -45.6264    -20.3753     2.98638
          0     16.7534    -1.36009    -34.3709    -9.10258     9.01657
          0       11.53    -10.5438    -57.6592    -4.97634     5.42278
          0    -22.8696    -10.8771     31.6625    -12.1484     14.0082
          0     0.62071    0.028361    -26.3295    -7.83024    -5.25554
          0    -13.3685    -3.58826    -56.6617     8.76465     4.35112
          0    0.685708    -6.40806    -27.7159    -11.3292    -2.99935
          0     15.6587     9.51675    -45.8965    -18.1976     4.57597
          0     10.6303     4.94151    -49.3132    -15.9536     1.47843
          0    -3.46257    -12.2727    -20.1089    -3.62902    -4.55623
          0    -26.6047    -6.47498    -50.2277     5.05437   -0.237735
          0  -0.0672592    -1.85076    -66.0014    -13.1504     3.46762
          0    -16.1477   -0.013793    -21.1714    -3.94959     6.86578
          0    -24.6728    -34.2578     6.12354    -27.1826    -10.2933
          0     -3.0827     2.65206    -42.1355   -0.682201     1.82212
          0    -6.59743    -17.5079     5.68025     -5.5832     5.37133
          0    -4.43214    -3.07158    -51.4353     -17.843    -5.80132
          0    -10.8822     7.61367    -23.1197    -15.6002     -6.6847
          0    -22.9606    -50.9825     -46.569    -7.04307    -20.2518
          0    -8.89145    -12.4669     3.14897    -8.63606    -1.62116
          0    -30.2981     9.61972    -53.0738    -7.12802    -2.97695
          0    -14.6607    -19.9683     4.67797    -9.88092    -2.57881
          0    -11.8364    -6.40272    -15.4885     2.73407    -0.90074
          0    -18.6949     -13.273     9.31329   -0.494267     3.97529
          0    -14.0991     12.4107    -18.0578    -20.6992    -12.3698
          0    -3.72603     12.1131    -26.6361     -12.993    0.732801
          0    -10.1578   -0.401264     -2.2451    -14.1019    -4.14715
          0      4.7565     -11.371    -44.2934    -11.2623     3.70417
          0    -22.1157     12.5504    -69.3088     3.93171     1.43065
          0    -14.7465    -23.1899    -57.9083     7.01289    -1.36074
          0    0.452984    -4.13314    -11.3627    -18.0007   -0.136912
          0    -2.56256    -17.6157    -17.1722    -17.3053    -7.92095
          0    -18.8252     4.27039    -11.8699     7.59076     7.43025
          0     2.12978     1.16631    -23.3458    -6.53814     7.26064
          0     6.39457    -4.53581    -24.3245    -7.04368     4.81957
          0     5.24794    -14.8617    -48.1901     1.29816     7.49844
          0    -11.4088      7.7661    -40.9896     -24.327    -3.19937
          0     12.8589    -2.26977    -44.4343    -3.47671     7.65869
          0    0.680086     6.70584    -19.8447    -7.18414     1.63651
          0     5.99102     5.98743    -23.3121    -30.1787     12.2526
          0     -19.967    -15.9323    -27.4453     5.45142     -3.5319
          0    -15.5097     21.3151    -51.3022    -8.48413   -0.548852
          0    -10.2936    -3.92695    -7.30308    -18.8882      2.5398
          0    -17.1716     6.80383    -30.1373    -21.7784    -9.48501
          0   -0.383818     13.8931    -1.98549    -23.9715    -2.85412
          0     9.45984     8.33512     -76.916    -1.77103     11.5041
          0     -3.3902     1.76731    -15.9932     3.22697     3.95098
          0     -20.902    -3.89518     41.0219     -26.895     7.80679
          0    -8.94313    -5.66381     9.82151    -7.79045     11.2599
          0     8.82743    -8.69621    -48.9714     -2.3066     11.0643
          0     7.15459      5.7911    -66.5457    -15.9915     8.16196
          0     2.58619    -11.4865    -12.9193    -6.29424     10.8435
          0    -22.0841     5.02067    -22.0851     4.11875     1.85985
          0    -15.2856    -3.00268    -11.7875     5.52864     6.37245
          0    -2.35319    -5.29438      1.5638    -4.37642     3.99238
          0    -7.28447    -23.0033    -24.3037    -6.15875    -1.56552
          0     -2.8597     -7.8874    -7.61371    -7.20939     4.12932
          0     -34.392     -17.125     7.04201    -1.80793      9.4674
          0     12.9813     5.44169    -52.8113    -11.3253     5.54357
          0    0.945518    -1.54526    -38.9959     1.68805     5.54397
          0    -15.3119     12.1286    -38.6049     9.17222    -1.17609
          0     -12.516   -0.446311    -7.57229    -11.3781    -6.08731
          0    -1.18984     4.15652    -32.7252     4.77655     2.99953
          0    -29.2566     24.1017    -47.6925    -7.21885    -2.33847
          0    -18.7568     11.2332    -41.3442    -28.0868     3.79739
          0     2.10465    -20.2796    -41.4101     3.19372  -0.0515396
          0     3.97176     1.38912    -7.56275    -8.32553     1.94731
          0    -36.1154    -3.53355    -55.6913     9.29079   -0.955189
          0    -5.28843    -9.40602    -1.41743     -9.0968     2.06567
          0     1.85853     4.09648    -10.8847    -9.10916     2.35066
          0    -6.27766    -9.49776    -58.6532    -8.46056     5.01147
          0    -17.7817    -1.97935     19.2499    -4.71399     14.5795
          0     1.21066    -26.8595    -25.1864    -11.2591    -4.05159
          0    -14.5648     13.0225    -19.9496    -12.4482   -0.493905
          0    -15.5489    -1.98511    -16.4518     9.28702     -1.2376
          0    -6.63818     -8.0111    -42.8987   0.0288617    -3.61543
          0     2.77962     8.88767    -49.7678    -8.01566     2.91055
          0    -4.83651     -2.8111    -47.4519     4.47914      10.073
          0     5.64612     -3.0279    -47.9202       2.472     5.37995
          0    -20.6087    -5.21496     5.41376    -26.5414    -4.99971
          0    -12.7797     6.85639    -50.2569     4.02174     1.02776
          0    -21.9413     16.7747    -9.71733    -25.5148    -2.21146
          0    -4.04899    -7.60417     0.13416     -17.994    -3.12224
          0    -5.32174    -3.12987    -2.23665      -23.98     1.78644
          0    -10.0318     10.3266    -28.8741    -2.82899    -1.34854
          0    -11.7583    -23.3637    -3.49282    -9.85247    -4.34031
          0    -15.9413    -7.80789    -34.7388    -15.3283    -10.9944
          0    -1.49048     6.18855    -26.8514    -15.4524   -0.466695
          0    -16.6078    -1.87485   -0.420577    -1.61358     7.48176
          0    -19.0968    -10.4321    -15.0025     5.22414    0.632533
          0    -46.8985     9.75232    -82.1026     26.6771    -2.40638
          0    -6.19665     8.31337    -3.16927    -16.5103     13.4177
          0     8.59012    -19.8064    -36.1882    -5.87039       3.512
          0    -15.6414    -1.87062    -29.3909      10.537    -3.32249
          0    -1.49774    -11.6853    -19.7609    -9.18864    -3.09754
          0     -14.214    -10.2623    -23.3851     7.59591    -4.52284
          0    0.538733     14.8187    -9.01915     -24.673    -3.90138
          0    -9.44805     10.5706    -39.7304    -24.9156     2.64195
          0    -7.05589    -23.1507     5.90946    -10.5932     7.81695
          0    -12.8183    -17.6248    -15.9548    -22.6378    -1.46833
          0    -4.39384    -1.49369     -15.983   -0.660593     2.77699
          0     12.6608    -1.09114    -42.7959    -12.4288     4.49316
          0       7.881    -25.4536    -50.9029     -1.6752     5.95343
          0    -13.1271    -17.5534    -29.9644    -1.19756  -0.0112221
          0     4.53857    -12.5696    -73.9849     6.15155     9.36758
          0    -6.44335    -8.66061    -9.08443    -16.6361    -5.05406
          0    -29.3197    -23.1534    -30.9567     4.99406    -7.98158
          0    -3.62435    0.193479    -45.3447    -8.55448     3.05279
          0    -29.9941   -0.269892     27.3505   -0.825492     13.8742
          0     -18.553    -4.39215      12.424    -24.7278     6.17573
          0    -8.15209    -4.67299     -30.367    -9.92654    -1.01907
          0    -24.9475     2.65274     -1.0693    -22.0333    -4.23657
          0    -7.29733    -14.4194    -12.0263   -0.610201   -0.413908
          0    -13.9917    -8.60389    -11.8158      4.3349     -0.5866
          0    -2.35024    -2.79279    -5.44796     -5.7732       6.486
          0    -27.7165     11.6056    -3.22579    -14.2977    -1.14032
          0    -25.5366      5.9463    -82.6351     17.9137     3.20957
          0   -0.577308    0.643816    -25.5716    -10.7596     4.17779
          0    -11.4636    -1.06325    -6.48595    0.501309     2.52954
          0    -16.3144    -3.35461     7.73699    -6.82219      8.4221
          0     7.09718    -3.95234    -31.2387    -6.07276     3.64964
          0    -24.0196     13.2476     -10.198    -10.0571     3.22361
          0    -7.44992    -19.0125    -40.9578     4.38464     5.28428
          0    -13.2822     1.41793    -12.8982    -30.5611    -1.10492
          0    -13.4411     9.50998    -11.8882    -17.5099    -5.68838
          0    -5.13913  -0.0788584     3.60693    -17.5436    -2.93594
          0    -39.7727    -6.91933    -35.8389     5.63261    -3.32937
          0     39.5647     -22.102    -115.033     -24.596     11.8368
          0    -4.63319    -4.22452    -13.5321    -10.5739     1.16048
          0     9.97928     13.0943    -27.2317    -37.3002    -2.67511
          0    -1.23908    -21.2041    -10.4396     -13.346    -6.84947
          0     1.72171    -20.4615    -34.0079    -21.4911     1.47503
          0    -22.5457    -30.4893     18.3168    -30.5274     -4.5686
          0    -13.7099    -32.9887     12.1754    -7.81545      7.5401
          0     6.36589    -31.7527    -23.1851     -15.776     1.97473
          0     13.4961    -8.39114    -49.2698    -12.0741     3.76962
          0    -7.98793    -20.4499    -39.5978     1.39584    -1.16622
          0     22.3111    -9.44364    -56.8034    -11.6611     5.98234
          0   -0.640891    -13.1144    -11.5604    -4.05115     2.55917
          0    -5.48652    -17.4989    -7.56402    -24.1244    -5.54129
          0     4.78007     1.66993    -79.9106     8.29872      11.306
          0      6.8925    -19.1265    -46.2058    -2.95051     8.39847
          0    -8.43375     -3.4741    -3.50101    -10.8974    -2.97095
          0    -17.7151    -27.3627     21.3924    -6.98649     2.68349
          0     -5.4782     3.77493     6.57296    -19.8859   0.0313618
          0    -3.70331   -0.570947    -20.6081     2.61521     2.55758
          0   -0.710339     0.30737    -66.5905    0.442677     6.03808
          0    -27.6815     2.21189    -25.4275     11.0679     4.10849
          0    -12.2484     8.77408    -47.2611     1.33737     8.90174
          0     2.74855    -11.8961    -21.7301    -35.1684    -6.05691
          0    -18.7753     11.9907    -24.5943     1.63057     3.01542
          0    -22.1913    -9.03132     -10.697   -0.105821    -2.17174
          0   -0.932204     -36.597    -27.0461    -6.94909    -7.58164
          0    -3.79365    -4.68817    -2.47896    -7.44571    0.699263
          0    -27.8694     1.98209    -12.6653     2.73717     2.62377
          0    -18.5862     28.5452    -14.0279    -33.7318    -6.23305
          0    -2.80868    0.877633    -28.4461    0.619561     6.86229
          0    -15.9309     11.1907    -26.0639    -9.22169    -3.51167
          0    -3.64389    -5.90029    -42.9975    -1.49433     5.61843
          0    -39.8752     11.2518    -40.4162     4.53698    -1.48311
          0    0.550965    -4.72652    -18.3404    -7.32106    -2.72731
          0    -21.2825    -5.15736    -31.7455     10.3829    -3.34949
          0     1.70623    -7.79786    -43.9587   -0.811086      1.2758
          0     3.17832     2.62248    -41.6156    -6.21503      4.4787
          0    -14.9566     6.40712    -46.1263     2.13545    -2.22131
          0    -4.64663    -3.80924     4.88469    -11.3106      3.8097
          0     10.3507    -3.80809    -29.8015    -30.4227     4.27585
          0    -7.29634    -12.2272     3.63141    -6.35303     14.1632
          0     18.3872     -21.512    -61.9161    -4.45562     10.5928
          0    -23.2371     6.78384     7.35436    -8.43458     6.65356
          0    -11.7138    -2.10784     -23.145    -16.6695    -10.3357
          0    -12.2454    -8.61416    -24.7506    -1.44038     3.86499
          0      4.4509    -7.42217    -81.2805     1.27542     6.98137
          0    -3.24903    -22.5186    -19.0381    -8.68045    -8.07102
          0    -16.0245     7.01072    -35.9149     5.27772    0.322493
          0     7.92659    -12.1113    -53.5771    -8.78551     3.56891
          0   0.0522915     6.07382    -33.4081    -20.6752     3.84826
          0    -19.7443      -2.075     4.17123    -11.4673     8.27967
          0    -8.33287     -9.7254    -2.80108    -10.2215     4.09509
          0     -17.367    -1.45314    -36.1558    -14.8169    -3.98278
          0      17.172    -8.53827     -50.808    -8.96105     5.77726
          0    -17.7117      12.448    -18.9257    -11.5509    -5.52733
          0    -2.44196    -2.05557    -9.02038    -2.64556    0.236922
          0    -30.3163     14.6317    -13.6356    -2.28912      5.1198
          0     12.4367    -11.2856    -75.3357     3.26479     7.94925
          0    -8.34944    -9.08791    -2.95434    -8.37147    0.957294
          0    -2.34729    0.477007    -49.7349     -6.6728    -2.98614
          0      -23.01     11.9025    -33.7715    -5.14402    0.546725
          0    -5.67233    -3.90781    -30.0894    -7.95597     7.87063
          0    -20.4315    -2.99915      21.914    -13.6623     6.94357
          0    -25.6642    -13.5812    -29.6574     1.95414    -10.0033
          0    -1.36161     10.0407    -6.78173    -17.7107     3.35064
          0    -9.26174    -11.9759     -37.381     5.85355   -0.659879
          0  -0.0164187     -4.5308    -20.8143    -12.1134    0.916782
          0    0.725083     7.84116    -25.0915    -27.7944    -5.07994
          0    -8.52115    -25.6063    -23.2442   -0.335831    0.804325
          0    -3.80447    -20.9586    -8.87531    -11.9338    -9.17065
          0    -29.4578     3.74479    -39.5853     15.1689     -2.1775
          0    -16.6052     9.75058     8.19917    -19.6721     4.01991
          0    -1.68454    -4.44748    -13.2315    -30.4946    -3.06151
          0    -15.8876     5.91938     3.55409    -4.85883     3.48227
          0    -19.6467     -23.976     6.39388    -2.57922     1.70963
          0    -12.2714    -7.51406    -8.49853    -31.1141    -1.40837
          0    -16.6052    -11.5149    -3.63625    -4.92594    -1.37006
          0    -7.40576     3.75264     -19.117    -11.9756     3.89007
          0    -14.5504    -5.70901     -24.852    -1.12125      4.1086
          0    -20.6052     3.47535     4.82529    -15.4126     2.35778
          0   -0.431214    0.655231    -4.18766    -19.5608     8.48888
          0    -7.07104    -1.77385    -12.2349    -8.32332     2.16055
          0    -1.57906    -9.41758    -34.4199    -7.12593      3.8755
          0    -2.88963    -5.52232    -84.6596     7.21555     3.64299
          0    -5.34991    -13.4213    -14.1337    -3.90357    0.720938
          0    -17.4791        1.17    -8.09356    -5.31248     1.12581
          0    -3.80147    -2.43092    -36.3875    -2.14008     19.4483
          0    -11.8052    -4.62849    -6.28701    -13.8889     10.9129
          0     4.42745      14.502    -60.6221    -22.4776     6.40789
          0    -18.1477     2.97289    -10.8491    -24.0478     -9.7251
          0     14.7418    -3.82983    -46.3371    -29.9267     1.05161
          0    -10.2255     7.98489    -18.8441    -8.72522     3.62124
          0    -3.41387     1.05876    -22.1258     1.30856     11.2732
          0    -6.31867    -33.7099     -16.875    -12.4939    -1.67181
          0      5.6497    -1.64434    -32.7164    -19.5743     9.89258
          0    -12.3611    -24.3014     12.6119    -8.25771     3.46682
          0       10.85     -9.9344    -26.8178    -11.5134     7.62797
          0     7.16566   -0.863253    -77.5689     3.30886     3.77818
          0     -16.407     8.23031    -61.5193     17.3623     2.92778
          0      11.204      1.5657    -43.8894    -1.83029     6.49841
          0     -5.9568      4.8666    -66.7628     4.12533     6.54299
          0     1.93345     10.0024     -15.229    -16.8304     0.64678
          0    -9.09908    -3.75591    -37.7875    -1.70212     3.27793
          0    -24.0472     9.76157    -17.0732    -9.35268     6.66332
          0    -18.8998     3.90117    -35.5422    -3.28816    -4.96996
          0    -5.27041     2.87128     2.52306    -17.1948     3.51356
          0    -34.9821    -14.1121    -7.95177     3.89524     7.71565
          0    -17.9113    -10.2491    -38.0773      9.3713    0.277542
          0    -12.5231    -14.7513    -21.0607     1.02269    -4.03096
          0  -0.0603074   -0.948284    -14.8743    -1.54078     9.20262
          0    -14.5319     -12.239    -18.1139     2.68908   -0.543547
          0     1.89251    -10.3297    -11.3354     -5.4488    0.948501
          0    -3.84148    -7.26885     3.36025    -16.9591     8.31074
          0    -3.46311    -7.52011    -5.78077    -12.9247     3.84946
          0    -16.5331     7.36378    -29.0232    -33.0294    -9.16322
          0    -11.3297    -1.46163    -25.0518     -4.0517     3.57702
          0    -16.6791     2.09138      7.8604    -13.7143     5.07166
          0    -2.59352    0.147477    -49.5947    -2.22859     4.68965
          0     38.1356     6.07827    -75.6341    -29.1824     17.8646
          0    -13.6726     4.64552    -35.5298     1.60152     10.2157
          0   -0.653627     -48.068    -19.6828    -12.3012   -0.219218
          0    -22.2907     4.51218    -82.9519     10.1061    -1.86187
          0    -11.4976    -8.90036    -35.3072    -2.11889    -5.90492
          0    -11.7323     10.0769     19.9168    -29.8009     6.65021
          0    -1.55036    -3.33248    -18.8067    -9.69527     9.23907
          0    -2.31907    -8.47071    -41.3927    -12.2147    -1.30213
          0     1.05141     10.6637    -42.7967    -27.2668     7.94049
          0    -6.46576     -17.022    -11.6092    -6.06002    -4.76674
          0    -16.4904    -18.3864    -15.8807   -0.612192    -3.05968
          0    -12.4847     4.59544    -15.2007    -15.9785    -4.49668
          0    -8.56327     -10.109    -70.1268     1.59407    0.388595
          0    -4.13583    -4.24824    -16.9046    -6.03371     9.83726
          0    -8.29465    -12.4799    -11.7246     2.45274   -0.735515
          0     9.48623    -16.8081    -50.8351     -7.2255     4.88181
          0    -10.6075     -4.9853    -8.83894    0.705741     5.84345
          0    -1.79204    -3.25756    -11.4936    -13.8348     4.80878
          0     12.7384    -15.3373    -37.4184    -11.9984     18.1748
          0      -6.439     5.54469    -7.94723    -28.6953     2.77757
          0    -32.4193     7.00597    -37.4834   -0.117749    -1.94456
          0    -5.48844     1.15563    -42.1524    -6.50134    -3.87745
          0    -12.6899    -20.5661    -20.8571    -2.85007     -1.5026
          0    -7.60724  -0.0675418    -6.68693    0.765936     2.17749
          0    -5.31208     11.9201    -6.62861     -29.083    -1.94353
          0    -15.4466    -2.40707    -10.2803    -11.8309    -5.32025
          0    -7.39196    -7.52381    -1.23987    -1.36988     6.20585
          0    -12.7253    -3.73252    -7.08183    -34.8395    -6.51113
          0     3.05909    -10.3407    -57.5019    -11.0486     4.02819
          0    -12.2911     4.70573     1.05344    -8.06085    0.852119
          0    -14.3254    -2.25421    -8.91444    0.112158     1.63904
          0    -6.20468     5.41437    -28.9882    -2.14719      8.8189
          0    -7.69777     -5.4397      -7.168    -8.20334     8.45314
          0    -7.01882     -7.3847    -23.3117   -0.954219     4.37386
          0     11.1813    -4.78482    -42.2335    -1.89518     9.13495
          0     5.33196    -11.8844    -21.6667    -13.4848   -0.760723
          0     6.82052    -32.0432    -46.8107    -9.65778    0.383583
          0    -25.5438     11.2892    -35.7091     8.18137    -3.14222
          0    -13.6657    -3.60706    -39.3577    0.821672     4.95814
          0     2.42844    -17.1586    -33.4494    -1.94472     2.84507
          0    -18.6838     4.77937     9.83282    -12.0297     5.71647
          0    -30.8021    -4.01708    -8.85188     2.71357     1.99776
          0    -6.78487     -12.843    -53.0172     2.59807     1.97705
          0    -21.4389    -20.3938    -22.2677    -4.61255    -6.74048
          0    -0.54963    -28.0044    -9.36372    -19.1581      8.4677
          0     2.32654     10.0912    -8.43313    -29.3012    -2.46892
          0      2.8959    -12.3901    -30.3809    -9.05136   -0.340798
          0    -17.8624     17.6057    -5.00181    -26.9047  -0.0322569
          0    -7.74723     6.07888   -0.749917     -9.5264      4.6476
          0    -2.86326    -2.17987   -0.767422    0.292739     1.30318
          0    -11.0784     7.02545    -11.9278   -0.629002    0.106505
          0    -12.2573    -1.00519    -8.40404     2.04985     2.56538
          0    -14.5772     2.73467    -17.3373    -26.8466    -9.36427
          0    -7.37419     -1.8331    -8.40817    -8.64934     4.47206
          0    -1.61969     3.12683    -34.1006     4.44483     4.26422
          0     -6.1712    -16.6379    -53.7275    -2.78116   -0.260889
          0    -29.9083     9.25669    -71.3998    -2.29643    -11.5459
          0   -0.304062    -5.83179    -53.0831     1.47211      8.7681
          0     12.9813    -20.5324    -63.3196    -16.9595   -0.958877
          0    -24.3241     5.91059    -17.1668    -11.9023    -4.87059
          0     7.88301    -2.61568    -30.2806    -13.8926     1.70789
          0     -7.0446    -10.6846    -19.2525    -15.0975   -0.707575
          0     7.75367     -5.8382    -27.7499    -4.28191     9.50928
          0    -13.2816     -2.7795     3.81866    -38.4122    -8.54729
          0    -25.6437     20.3193     -50.543      3.2965    -5.06347
          0    -12.4092     -31.817    -24.0394     2.53324    -11.7639
          0     3.33605     7.36085    -39.8042    -31.8075    -3.64952
          0    -9.92642     10.6982    -23.3872    -10.9571    -5.79848
          0     -22.764       33.47    -28.4731    -41.5472    -8.22692
          0    -8.47418    -24.4353     2.98953    -14.6364     12.5921
          0     2.98567    -3.67186    -20.4421    -1.49847     2.41712
          0    -28.9981      4.9001    -16.6083     2.38665     2.23935
          0    -17.9075    -8.90748    -7.06428     4.06798     3.01346
          0    -11.0205    -15.0823    -42.7094     3.64238     -1.4635
          0     13.7515    -26.0677    -53.1729    -4.73332     8.44725
          0    -23.9632     18.9973    -49.6176    -6.48014     2.48334
          0    0.645795     5.93128    -69.4527    -7.06452      10.642
          0     13.9931    -6.13535    -43.7216    -2.97124     7.14742
          0    -13.5813     12.4552    -29.6083     -32.422    -5.92052
          0    -10.4394     8.81571    -1.00791    -35.3565    -2.97763
          0     -9.0288     7.76393     7.30507    -42.6956    -4.76505
          0    -16.5776     16.4152    -27.7346    -5.56208    -3.72044
          0    -6.28615     10.2146    -51.0606     4.15561     3.90303
          0    -11.1343     -11.683    -24.6197  -0.0133847    -5.36278
          0    -2.75804    -13.6061    -4.25189    -7.33856    -2.61867
          0    -22.6268     17.8054    -12.5444    -14.5822    -1.84183
          0    -4.80907     8.38075    0.562387    -15.3111    -2.99904
          0    -9.06524     1.32806    -12.3034    -23.9935     1.43139
          0    -43.8092     18.1709    -52.4581     28.3105     1.21726
          0     8.67367    -7.48981    -37.9966    -13.6992     3.75979
          0    -26.9711    -7.20149    -23.1682     10.6544      2.6191
          0    -18.8036     20.3165    -36.7342     1.72491    -4.02302
          0     -6.2487   -0.376108    -13.4787    -5.99075     6.26306
          0    -7.61278    -13.0574    -13.0152    -19.6088    -4.02317
          0    -5.98692    -13.0303    0.371308    -6.95559     12.7633
          0    -21.2515     6.29401     15.4318    -13.1553      6.3869
          0    -7.87825    -10.9564    -24.6218     2.56566    -1.67861
          0     1.50198    -8.11783    -45.7658     2.00729     11.7673
          0     6.61628    0.354378    -59.4911    -4.11995     10.9782
          0    -3.47878    -12.4326     -56.254     5.47091     1.14315
          0    -1.53043      7.0181    -10.0799    -18.5249    -0.01394
          0     -15.772    -6.24202    -19.4788    -10.3757     8.08673
          0    -31.5355     16.6549    -63.2927     10.8287    0.773228
          0     12.5148    -5.04297    -45.3554    -8.61085     4.90441
          0    -16.2695    -11.7484     13.1815    -4.04735     9.12973
          0    -2.84167    -10.2866    -35.4127    -4.96563     2.15895
          0    -4.64301     11.0998    -14.8064    -26.9079   -0.852344
          0     -15.894      6.8016    -22.1825    -11.5645     1.57194
          0    -7.30067    -6.35444    -32.5729    -3.18335    -1.31253
          0    -15.6339    -38.1985    -4.54251    -2.36192   -0.758439
          0    -15.9346     11.1253    -25.6544     1.83066   -0.372394
          0    -16.3164    -11.8183    -4.70269    -3.94704     3.67241
          0    -11.8644    -5.82357    -13.1188    -12.6879    -5.37763
          0    -18.7709    -18.3448     5.27315   -0.112151       2.662
          0    -1.72777    -2.64597    -24.2142    -6.26548     1.49633
          0    -21.4308     6.23164    -30.9036     4.30922    -2.56789
          0     10.5667    -24.1596    -38.3136     -11.415    0.194245
          0   -0.650473    -12.5449    -17.4797    -4.76066     15.7218
          0    0.968515       -4.68    -84.8604     4.44292     7.93865
          0    -13.0793    -4.81917    -38.0358    -14.3597    -9.99527
          0    -19.3372   -0.137244    -30.7543     12.0724     9.88263
          0    -16.1765    -35.8634    -36.7897     8.88525    -3.14252
          0     1.58491     22.2529    -36.0252    -30.4452    -1.96539
          0    -17.7792    -4.26421       -8.42    -2.81955     15.9823
          0    -4.64296    -10.0156     -50.963     4.39815     3.49636
          0    -22.6609    -26.8132    -1.42894    0.316833     5.07356
          0     3.56091     1.38994    -27.5012   -0.174975     5.07201
          0     -26.949    -23.9565    -37.7406    -10.5659    -12.3094
          0     1.28779    -2.33054    -18.8444    -3.49824     16.6323
          0    -4.58667     10.0994     -4.3807      -25.13    -4.07777
          0    -13.1165     15.5113    -9.94495    -19.8726     2.30553
          0    -26.0081     7.54947     -34.247     12.2493     2.15569
          0    -16.2527    -13.8714     3.14932    -12.6266    -5.05411
          0     2.22158     9.14848    -42.7022      -31.92     2.55573
          0    -5.04956     9.10174     3.50227    -43.3486    -13.7024
          0    -20.1607     13.4564    -33.3037    -8.30482     14.4436
          0    0.391205    -14.9382    -14.1679    -3.48703     8.33485
          0   -0.352941    -39.9457    -35.9239    -4.05502    -2.78575
          0    -31.8167     19.4185    -4.88812    -24.4307    -0.93185
          0    -7.84083     -16.455    -12.7362    -3.71681    -5.62368
          0    -8.48347      1.2267     4.18035    -9.65052     1.24445
          0     -20.551     9.85982     -9.2567    -31.7869    -7.21125
          0    -15.2894    -12.8861     3.55505    -1.70971     1.31948
          0    -14.3138   -0.489427     28.2006    -21.8692     12.7925
          0    -4.22238     3.32752    -29.6418    -7.35146     3.87233
          0    -16.7318     9.07955    -12.9403    -14.2014     -1.5175
          0    -9.43308     9.19371    -0.91666    -13.3157     4.84694
          0    -8.86225    -3.92306    -15.1586    -8.42187    -1.54113
          0     -7.3425     19.0105    -1.22047    -38.6293     6.29808
          0    -9.50638    -5.15621    -4.24038     -11.521    -4.91948
          0    -29.1486     -27.332    -13.9493    -7.30185    -5.11788
          0    -1.73263     7.18544     -17.677    -8.53018  -0.0241886
          0    -6.00943     13.1759    -39.1269    -13.5383   -0.695314
          0    -3.42839  -0.0404445     -15.104   -0.362966    -0.65783
          0    -30.2254    -15.2232    -11.9807    -1.49318     4.05507
          0    -23.4046    -5.94252   -0.434862      4.5942     11.2387
          0     -9.2267    -1.42551    -57.3974     5.67129     4.32673
          0    -11.8007    0.757862    -44.4649     9.03272     10.8617
          0    0.650565     -13.857    -42.8828    -1.47541     6.86157
          0    -13.8368    -1.88132     22.3555    -28.1625   -0.353539
          0    -30.9751    -1.87554    -21.4807     13.2891     8.95233
          0     7.13204    -15.5404    -23.8445    -7.67838     2.20914
          0     -13.813    -26.2131    -22.7356     1.89422   -0.555474
          0     6.62415     3.06651      -31.97    -8.48584     2.91788
          0    -21.7712    -3.02538     9.46776    -3.00544     7.65438
          0    -7.97739     9.85695    -8.41614    -20.2267     3.12664
          0     11.3351    -10.8351    -52.6793    -15.0551   -0.581555
          0    -6.22529    -40.5729    -8.31425    -17.3628    -9.91436
          0    -26.3471    -8.88772    -35.0749     -1.7257     6.99085
          0     4.71912     7.69571    -19.0112    -26.5456     3.03033
          0    -2.28767    -5.28462    -14.0727    -2.76833      9.6616
          0    -4.59734     4.01631     2.90411    -29.9395     11.2472
          0    -5.32177     1.39563    -40.9375    -4.94822     4.81532
          0    -6.09517    -5.77003    -11.6842     -20.011     1.25169
          0    -14.0209     13.2406    -5.54516    -20.7169     7.35405
          0    -6.43638     -34.332    -8.25149    -10.7802     7.23182
          0    -2.24909    -15.6489    -54.6937     -19.046    -1.19969
          0   -0.651174     -41.826    -14.6861    -14.6303     4.31209
          0    -4.41308     4.44493    -38.0404     4.65476     6.51147
          0     -20.082     12.7881    -24.1637     2.50922     -2.3311
          0    -16.0436    -2.88081    -39.3497    -15.1404    -2.69956
          0    -3.03881    -4.86854    -14.1146    -32.1786     2.91223
          0     11.1543      -37.13    -46.3259    -5.76815   -0.143273
          0    -15.2756   -0.836706    -15.6028    -13.0807    -2.42397
          0    -5.39084    -8.78578     6.09094    -2.99129     1.80754
          0    -11.2335    -23.5619    -15.8156    -2.47442      -4.904
          0     2.30839     11.6639    -21.0351    -22.4794     4.27908
          0    -11.2178    -3.66369    -12.0188    -4.41019    -4.12078
          0    -10.6163    -12.8747     1.16504    -7.77002      2.5486
          0     -4.5502     11.4495    -72.0153     3.31471     4.61567
          0     21.2838      3.0369     -74.532    -14.3764     11.9321
          0     5.28919     7.28966    -14.1264      -22.35     1.25032
          0     14.2421    -14.8024    -49.7592    -21.9253    0.992875
          0    -4.77527     7.06114     5.92381    -22.2376   -0.158719
          0    -8.27781    -7.32836    -1.85328    -20.5125   -0.838264
          0    -18.8539     3.15416    -20.0501    0.503522     5.53606
          0    -0.27564    -7.86867    -33.6061    -2.21266     2.70289
          0    -20.8603    0.946191    -48.4982     4.69868    -3.57263
          0     2.91452     7.85823    -23.2692    -26.5807     3.93544
          0    -32.7725     5.29502     -69.134     8.25271    -1.29744
          0     -5.3333     6.32651    -23.8635    -18.4589     1.46011
          0    -7.51659    -6.30589    -26.1705   -0.798267     7.00533
          0     -28.514    -4.30761     1.25257    -1.97166     2.96459
          0     9.06209     17.0945     -20.618    -55.3638     2.22665
          0    -22.9924    -8.29128    -10.5879     4.80412   -0.918329
          0    -10.1198     12.1185    -30.2107    -1.70716   -0.507559
          0     2.06291    -1.34874    -37.0706     1.39192      4.4193
          0    -15.2934     24.8903   -0.629241    -38.7006    -2.38747
          0    -10.3349    -33.1819     0.74831    -22.4426    -8.53491
          0    -16.1026    -3.19348     11.7312    -7.80975     14.7653
          0    -24.2522     11.9439    -17.9694   -0.878568     3.81731
          0    -23.5494    -28.3151     36.1918    -14.3078     6.99085
          0    -27.9429    -14.7072    -32.0401  -0.0117159    -1.77841
          0    -20.7104    -11.0524    -59.4553    -13.4363    -1.73747
          0     8.12791       1.058    -24.6895     -21.833     1.51588
          0    -5.32064    -3.83164    -18.9829    0.806446     1.13782
          0    -43.1949     2.78358    -50.7907     14.5849     1.53506
          0    -2.88142     13.0047    -31.2987    -18.3057     -1.7652
          0    -17.7344     6.63574    -29.5644     5.44461     8.72548
          0    -25.1786    -21.2803     27.6329    -6.78358     7.38606
          0    -1.91203    -5.36088    -9.74345      -18.23     6.26558
          0     -15.402     4.05284    -26.2562    -11.4447    -5.73244
          0    -33.9857     6.97135      8.4923    -5.51106     5.21451
          0     13.4937    -18.4524    -38.9584    -17.1833     5.83165
          0    -12.2456    -6.10497    -18.8671    -18.8693     10.0604
          0    -25.2276     15.4639     -37.473     5.31884    -1.16863
          0    -8.95406     -14.645    -11.4031    -9.63118    -2.22401
          0    -11.0154     9.46941     15.3471    -22.8142  -0.0369186
          0    -1.60112   -0.115005     -24.732    -12.7151     2.10036
          0    -2.53034   -0.432972    -6.82716    -3.88932    0.524184
          0      3.1213    -5.97106    -19.9408    -8.56561     5.00827
          0    -3.55889    -0.86532    -15.4932    -17.2767    0.877754
          0    -11.3277     9.85568    -37.0083    -20.7639    -2.43517
          0     3.29527    0.509588    -32.9999     1.93433     8.86293
          0    -15.2859    -3.18042    -22.9272    -1.89413   -0.371189
          0    -0.23102     -1.8816    -33.4001    -14.8492    -3.31348
          0    -10.0074     5.70581    -18.3933    -3.89982    -2.51033
          0    -13.0816     13.2074    -35.8676    -2.11713     3.60693
          0    -2.76544     -12.538    -24.9504    0.692406     9.49047
          0    -7.79994    -4.53962    -55.7546     5.34284     4.82477
          0    -29.9484    -14.9259    -48.5834     -13.509    -15.0472
          0    -4.43205    -12.3968    -40.0168    -4.31978     2.14133
          0      -1.787    -8.27262    -43.4213    -5.93627   -0.695915
          0    -31.9027   -0.521718    -12.3107    -11.2795    -5.08355
          0    -14.3042   -0.840325    -11.1432    -20.1623    -9.65064
          0    -20.1991    -27.9373    -26.3886    -7.84114    -8.98337
          0     6.98026    0.208933    -17.1219    -13.6749     6.42191
          0    -29.3146     6.36848     -33.845   -0.927175    -2.04076
          0    -2.80404    -11.7515    -11.4112    -6.72597    -4.80511
          0    -19.0928     11.1885   -0.425829    -10.4367    0.356198
          0     4.83615    -28.0605    -24.1948    -9.18839     14.6291
          0    -6.86658     10.3292    -8.21231    -21.4989    -2.59847
          0    -5.96775    -22.0526    -6.41734    -7.44934    -7.24925
          0     5.15202    -12.9213    -20.4951    -6.08216     11.1289
          0    -15.5621     5.60506    -35.0737     4.33583       3.031
          0    -5.76103      1.4131    -15.3592    -2.77887   -0.885273
          0    -11.5412    -14.0942     -29.085    -10.5161    -10.6045
          0    -10.3271    -1.24678    -39.2824    0.878835    -1.48787
          0    -6.91961    -22.9574    -14.5084    -2.21255     4.38758
          0    -3.23418    -7.85885    -26.6658   -0.189696     1.52769
          0     5.62491    -5.12591     -78.261     5.82364     16.3798
          0     -20.449    -1.88222     -39.236     6.74363    -2.37675
          0    -8.31135     4.48826    -18.1948    -11.3199    -6.12996
          0     1.21366    -5.09598    -13.1456    -24.3613    -1.90564
          0    -19.8311   -0.628715    -25.5479     3.65717     6.72089
          0    -2.98018    -16.1753     -11.572    -13.0932    -5.84338
          0    -5.63592     1.09204    -11.0933    0.584873     6.57325
          0    -10.2496    -10.0276    0.946264    -14.1889     -7.8417
          0    -9.60615     10.9314    -37.9512     -1.1477     6.67872
          0    -11.5314    -10.4351     4.39108    -5.85147     4.03008
          0    -15.0407    -13.5367    -71.0703     13.3494    -5.37068
          0   -0.821802     7.64359     -26.114    -18.9932     3.77714
          0    -13.3472    -13.9617    -6.57746    -10.7214    -6.15088
          0     2.54157    -6.46149    -25.1086    -6.59704     0.05965
          0    -5.08782    -7.36004     5.38421    -3.53481    0.766492
          0    -2.44558    -13.1634    -5.61475    -17.0509    -3.49587
          0    -11.7613     17.4229    -11.4984     -19.286    0.457662
          0    -9.52427    -1.37525     11.9179    -12.0317     2.69642
          0    -13.2086     7.74294    -12.4683    -13.1434    -4.82136
          0    -9.33742      14.704    -20.2797    -30.0724    -8.37997
          0    -4.29168    -9.07807     -21.164    -1.76844    -5.54279
          0    -3.07286    -5.20645    -45.7854    -4.67792     1.92796
          0    -10.4036      6.1126    -11.8491    -13.3522     2.20423
          0    -17.2951     -4.2272    -11.8094     2.31874     2.80331
          0    -13.3762    -5.02154    -43.9816    -1.77733    -4.40661
          0     1.67233    -5.21926    -22.8056    -7.40731      3.6738
          0     4.85585    -5.55166    -51.9125    -22.3891    0.149514
          0    -60.8437     22.6852    -66.0748     29.1309     8.27274
          0     -30.281     3.36442    -42.3712     3.54267     2.16949
          0     17.8532     -8.3187    -44.1071    -21.8294     10.7356
          0    -2.39637    -2.55208     -62.138    -15.4707     1.47046
          0    -19.1489     3.04343    -8.80963     -10.698     1.26234
          0     10.4683    -5.93827    -52.8544     -2.1144     7.27185
          0    -9.00859     11.7546    -23.8257    -5.18322    -0.31225
          0     5.62805    -33.1366    -33.1184    -18.9787    -2.93341
          0    -15.9354    -1.95029     6.09576    -18.8099     2.17438
          0    -19.1484    -6.22187    -11.1415    -12.7818    -3.55167
          0    -7.09001     7.20678    -14.9344    -1.73984     1.12656
          0    -3.01094     1.83476    -31.5864     2.96301    -0.57285
          0    -2.29541    -12.7786    -4.24296    -3.65734     1.50603
          0     4.74028    0.960805    -20.6693    -2.40015     2.59818
          0    -1.64111      2.1329     -24.306    -8.39308     10.9277
          0    -2.84227    -21.7185    -29.1895     1.53205     1.32814
          0    -23.1879    -7.73727    -30.1675    -6.23847       14.79
          0    -10.1979     6.13453    -4.26561    -2.09489     2.97663
          0    -3.44629    -7.04318    -2.09965    -20.2099    -3.39727
          0     14.5656     5.24389    -34.7683    -24.4134     5.52914
          0    -13.5677    -3.19804    -38.4405    -4.26716    -3.73598
          0     5.65749    -9.42578    -33.2563    -12.1285     2.16183
          0    -4.61003     9.29422    -8.50478    -27.2922    -3.78346
          0     7.76147     1.01765    -21.0271    -14.4585     6.90668
          0    -16.1911      12.584    -2.00534    -25.1822    -9.00654
          0     1.23089    -3.37255    -36.1932     2.43279     6.71102
          0    -9.22985     5.78867    -14.9849    -6.14472     1.68266
          0    -4.19801    0.437868    -7.13712    -19.2124     5.66429
          0    -0.80585   -0.538408    -25.8728    -1.58021     15.5937
          0    -14.2976     -23.308     2.97814    -23.8839     2.12534
          0    -33.0527     7.93022    -72.4447     21.8919   -0.337437
          0      24.283    -29.5302    -93.9916    -4.75226     11.0363
          0    -21.6857    -5.58855     5.89071    -10.8697     6.20201
          0    -24.3295     2.47052    -35.7808    -2.62744    -4.04744
          0    -6.79143    -8.54976    -15.7312     -15.322     14.2403
          0   -0.912281    -5.17188    -19.3247    -12.6374     0.11802
          0    -16.2176     1.41592    -22.2297    0.677128     6.23224
          0     1.92109    -2.29392    -50.5057    -9.43646   -0.584555
          0    -7.80515   -0.381578     -15.665    -5.05159     1.40197
          0     15.2513    -1.82484    -67.2313    -5.97294     6.15513
          0    -8.20243    -32.3596     -1.8585    -11.1994    -5.48879
          0    -19.8479     -6.7913     10.3616   -0.306998     7.03956
          0    -4.34213    -5.40395    -14.6737    -13.1249   -0.578429
          0    -7.63437    -31.5531    -4.95153    -24.3996    -2.37321
          0    -7.36955    -17.0944    -41.3398    -10.8951     8.88749
          0    -13.8047    -1.31806     -22.955     9.57218  -0.0979899
          0    -12.5081     8.80435    -14.5633    -7.99182    -3.27853
          0     -3.7792     -16.603    -55.5993    -2.00478     7.04873
          0    -11.4833     -20.492     -0.0622    -26.3919    -5.68526
          0    -9.92959     10.1385     10.2384    -41.5623    -5.37038
          0    -7.47871     -23.237    -35.4194    -1.06772     2.38587
          0    -3.48316     -1.3126    -30.1537    -2.34308      1.7093
          0    -10.8011    -30.1384    -8.62906    -2.30931     -5.7724
          0     19.3583    -16.5716    -59.1148    -15.7019       1.977
          0     2.66829     10.3888    -45.8115     -13.112    0.895939
          0    -6.83879    -8.16755     -12.846     -16.822     11.0058
          0    -6.33448     2.39591    -23.8719    -11.1805    0.889537
          0     2.41585    -17.8927    -24.4855    -35.9173    0.757407
          0    -4.17754    0.606783    -56.0174      -4.383     2.40061
          0     2.61953    -2.39949     -37.057    -10.6655     1.32169
          0    -27.4085     -40.752    -4.70324    -19.0897    -6.86868
          0    0.450722     1.05222    -5.61562    -34.4999     8.03839
          0    -6.29199    -2.77679    -20.4519     -18.352     2.07278
          0    -5.24823    -2.80008    -45.0495    -4.06731     9.21817
          0    -3.34302    -10.4926    -18.4749    -15.9968     3.09244
          0      -12.14    0.827639     -23.016    0.574179     5.91554
          0    -27.4138    -1.26872    -25.1089     10.0105      7.8192
          0     -25.985    -2.69228    -57.1542     7.66451    -3.51694
          0    -3.82346     -22.385    -26.7642    -4.98759     6.67011
          0    -22.5633    -1.41658     15.9643    -2.66049     12.2095
          0    -15.1926     21.3183     2.02603    -30.1529      1.1941
          0   0.0961859    -4.15115    -21.0377    -1.63171     15.4868
          0    -19.1667    -18.6499    -33.9653    -1.81214     3.71721
          0    -7.27334     4.82833    -52.2378     1.19612    0.186022
          0    -23.7249     17.3437     9.29048    -21.7026     5.60462
          0     3.92263     3.17674    -32.1796    -29.4927      3.5692
          0    -2.58262    -17.6214     -29.055    -9.14876    -5.68588
          0    -18.9039    -25.4909    -25.0935   -0.270535    -6.64551
          0    -11.3283    -10.7564    -17.8576    -7.83198     5.38068
          0     11.9195    0.224853    -31.6754    -4.34061     2.54946
          0   -0.247038    -5.34354    -51.0074     7.31678     4.90667
          0     9.26267    -16.9119    -74.5709     3.09175     11.9728
          0     4.97526    -7.12777    -35.2727    -4.92907     15.2168
          0     7.06215     13.5097    -18.7384    -29.8105    -1.63612
          0     6.33079    -2.03349    -48.2498    -27.1251    -3.96614
          0    -17.0144   -0.323023    -65.4339    -27.2318    -4.02369
          0    0.809479     1.53719    -5.90345    -21.9673     1.24195
          0    -28.8539     1.45478    -53.7021     16.8316     1.45018
          0    -16.1668     6.98154    -27.5758     9.01204    0.897721
          0    -15.9797     -1.2549    -41.0453     4.04263     3.69272
          0   -0.432261    -2.01919    -4.31739    -11.5939   -0.341624
          0    -7.01503    -7.71366    -15.2395    -2.83345     3.24459
          0    -8.58519    -3.66304     10.7874    -22.5148     3.98571
          0     -9.5399    -10.3031    0.150072    -5.41562    0.628438
          0    -24.0065     9.51192    -43.7221     9.86991     -4.1953
          0    0.693354     2.73374    -34.2458    -12.4657     9.45263
          0    -28.9669    -23.1291    -36.9475    -5.42431    0.705345
          0    -8.94344     12.1267    -17.9968    -18.0511    -3.54224
          0     -11.074     23.8134    -49.8322    -20.0716    -2.01692
          0    -7.93458    -16.4653    -27.2452    -1.27974    -4.45008
          0     18.0464    -20.9723    -57.4594    -25.4624     4.46941
          0    -4.54132    -10.4689    -10.2221     -2.5129     7.03518
          0     1.95879    -8.20522    -74.9452    -7.35689     16.5024
          0    -10.3459     -1.8617    -8.06001    -19.8737    -3.55904
          0     -1.9376    -11.5465    -14.7201    -19.9634    0.218327
          0    -19.2172    -3.70173    -26.7435     -13.282    -6.89032
          0    -3.98702     8.65809    -59.6139    -24.5645     -1.3894
          0   0.0019841    -27.5853    -30.1113     2.13199   -0.652012
          0     -20.444    -20.4359   -0.177254    -5.23381   -0.444682
          0   0.0477959    -7.25869     -49.949    -12.5045    0.212056
          0    -29.3383    -10.7648    -27.3014     2.08008    -11.7904
          0    -1.08901    -12.8435    -5.02752    -21.4205    -10.4432
          0    -13.7441     5.80452    -28.0646    -1.72237     6.55881
          0     0.56665     10.9504    -25.3967    -15.3906    -4.58913
          0     9.17699     -3.8368    -32.5684    -9.72888     8.79173
          0    -21.4269     -4.5314     -55.374     14.3247    -2.81276
          0    -8.29272    -2.45537    -34.5254    -7.98496    -2.95153
          0    -22.9445    -8.85149    -76.5319      18.379     1.05169
          0    -9.24544    -12.3029    -35.2732    -14.9722    -4.71931
          0    -27.9965     10.7575     -38.324     16.2947     1.27223
          0    -8.19136     13.7637    -26.0926    -14.3369    -4.30721
          0     4.21961      9.4894     -59.086    -23.2243     1.87391
          0    -31.7776     11.6794    -52.4173     17.1245     3.13227
          0    -10.9017    -50.0022    -32.9757    -1.63684    -6.63394
          0    -11.1841     1.72769      -16.56    -14.6064     -1.7432
          0    -11.9708     -30.893    -21.4916    -5.91049    -5.37956
          0    -18.0802     15.9046    -6.49034    -19.8144    0.220067
          0    -10.5788    -5.68823    -5.10659    -9.32947     6.47006
          0     -1.5063    -11.2581    -5.39912     -14.476   0.0394855
          0     32.0772    -5.56968    -97.5353    -0.31965     18.3545
          0    -17.9188     5.31574     -38.788     4.16641    -6.93133
          0     5.70055    -3.09791    -16.0188    -4.17856   -0.659392
          0     -2.5257    -6.30602    0.737589    -16.8612      6.6407
          0    -5.45448      -8.627    -63.8091    -10.5165    -5.86187
          0     7.28258    -6.40341    -35.8323    -10.4306     7.54766
          0      7.7167    -2.08161    -20.0693    -7.94465    0.446643
          0    -7.39933     11.6377     3.03687    -35.4064     3.98999
          0     -8.1721     18.3388    -3.96396     -33.346   -0.120695
          0     7.86837     -1.5866    -20.8885     -18.845     11.1184
          0    -10.0129     3.74404    -33.0752     1.85688     8.86845
          0    -13.3886     16.4471     -50.589   -0.243704     6.39195
          0     4.55338    -9.15372    -23.3304    -8.48436     2.27027
          0     16.7961    -14.2631    -47.5239    -4.10478      7.3522
          0    -23.2221     19.6715    -22.4888    -13.2745    -3.71243
          0      9.5991    -10.8031    -25.6174    -11.6571     4.20146
          0    -8.60975    -8.78263    -3.74406    -9.98731    -6.56321
          0    -16.4209     11.7788    -35.8608    -9.04992     5.82273
          0    -2.00367     4.24998    -35.3204    -2.47546      9.2876
          0     -22.212     5.10355    -2.34209    -4.96952     11.5643
          0    -15.6268     11.1314    -44.8341     13.9529     1.41225
          0    -6.81784    -10.0104    -30.6156    -9.22287    -1.28666
          0    -28.5205    -11.0576    -28.7304     10.5891     2.70581
          0     2.20873    -14.9271    -27.3688    -5.72116     2.29727
          0    -10.6829     4.06341    -36.3681    -3.98499    -4.06394
          0    -19.3177    -23.4797     12.0072     -4.7419     7.60391
          0    -7.16399     -12.128    -2.63514    -17.2484   -0.778592
          0    -1.61945     -7.3846    -7.16086    -13.6364     1.73229
          0    -14.7719   -0.625668    -14.7509    -14.8315   -0.926897
          0    -1.56432    -11.9754    -30.8329     -25.116    -7.45832
          0    -38.6063     19.2103     10.5547    -48.8331     5.87807
          0    -9.51405    -30.2821     4.37378    -26.5355     -5.2952
          0     3.54261    -9.46168    -18.7097    -8.04728     14.3434
          0    -19.4486      14.566    -23.4516    -17.8638     2.38739
          0     1.56496    -15.6634    -63.6614     5.34531      2.5035
          0    -14.2815    0.774511    0.503809     -11.231       2.341
          0     17.0456    -13.8982    -57.2303    -15.4023     17.1377
          0    -11.0075    -24.0035    -22.0521    -12.1691     10.7461
          0    -12.9697    -10.7321     -3.2766    -5.68772    -2.08008
          0    -11.4245    -6.47298    -57.8295     9.96707     2.88483
          0    -7.17322    -17.7651    -10.4477    0.318703   -0.941972
          0    -12.3218    -49.1766     5.07182     -17.501    -1.53664
          0    -25.3853     9.53812    -33.6242     9.33972    -1.55239
          0    -16.1135     -8.1702    -70.5405     14.1935    -1.71665
          0    -15.3569    -2.04395     -50.188     3.60347    -3.16389
          0     6.37039     12.2028    -12.8743    -30.7624     3.67708
          0    -18.9233    -1.86067    -15.7123     5.93885     17.3786
          0    -18.3171     1.23832     -35.411     3.58432     -3.2788
          0      -25.62     8.10953    -35.0549   0.0493528    -4.20069
          0    -9.84353    -22.8581    -40.8085     3.28907    -2.45633
          0    -5.76473    0.877065     5.75313    -28.1158     4.65213
          0    -3.54313    -1.71883    -19.9022    -35.5573    -4.42916
          0    -15.9462     1.31482     -18.207     7.07948    -2.63333
          0    -7.27616     8.04681    -26.4063    -5.94643     5.01354
          0    -12.3776     5.58724    -48.8014     8.41976     2.74887
          0    -6.91763     -23.865    -21.0851    -2.91384     0.24624
          0    -9.21944    -4.59231    -15.1542    -5.57269  -0.0210163
          0    -14.4251     10.8008    -48.0692     12.6493     4.75534
          0    -9.71694    -8.34073     4.97127    -13.6435     4.25024
          0     27.4672    -6.80173    -84.1518    -1.94903     11.8856
          0    -5.60483    -17.4083    -9.58426    -24.8769    -2.02078
          0    -22.2316    -24.1314    -32.8874    -17.9347     10.3769
          0     16.9679     -16.462    -52.1204    -10.5205     4.34433
          0     2.38252     24.3787    -11.3535    -41.1543   0.0809746
          0    -15.8306    -9.18512    -10.8753    -20.3033    -2.52474
          0    -20.8473     13.3583    -57.4777    -1.40502     7.72368
          0    -27.0452    -13.9295     9.61192     1.30624     7.11588
          0    -17.8584    -22.1303    -33.4962    -4.22948     4.11719
          0    -19.5747     7.89177     3.42687    -14.2194      7.7804
          0     12.5742    -3.34226    -30.9774    -8.02948     6.33122
          0    -15.5286    -38.9931     2.27632    -12.0736    -5.75301
          0    -43.3416     -10.207    -36.6552     5.77233    -0.76371
          0     12.2677    -9.20555    -58.4104    -24.7046     5.77756
          0    -17.9777    -8.57112    -23.0002    -3.68045     3.20059
          0      18.771    -4.21998    -50.4674    -20.3657     1.55145
          0    -11.3116     20.5569    -72.6563    -7.01666    -3.32264
          0     -13.428    -2.35749    -39.3731     9.25895    0.652493
          0   -0.543498    -8.39021     -2.8134    -6.30227      11.873
          0     1.19114     -13.743    -9.04927     -2.4771     5.42064
          0    -15.3664     19.3075     -91.296     13.9511     5.05257
          0    -9.93565    -17.7195    -19.1859    -11.8414  -0.0114145
          0    -19.9832     12.1209    -44.0782    -2.09444   -0.468251
          0     10.8751    -13.9668    -40.4134     -10.403     5.11253
          0    -4.24399    -1.25648     4.19748     -11.063    -1.99354
          0    -9.08355     6.36696    -24.6656    -16.4715    -1.61865
          0     12.6326     1.45931     -68.833    -17.3427     3.38316
          0     1.06533    -18.3288    -36.3432    -14.7168    -4.64531
          0     -15.567     -7.7492    -24.8158    -6.63119    -6.09479
          0    -11.1947    0.961357    -28.9618  -0.0895603     6.24523
          0    -14.7146   -0.247134     23.8364    -27.8713     12.1569
          0    -17.9058    -14.2348    -5.52522    -4.79767    -1.86944
          0     0.36874     -4.6869    -31.7139    -5.42041     10.8413
          0    -2.87381    -12.8292    -3.47045    -3.55751     4.26101
          0    -3.05669    -6.77955    -29.5357    -4.29108     2.81803
          0     2.83815    -16.6148    -30.8055    -7.11369     10.2858
          0    -4.45047     15.3021     -50.169    -4.10313     0.79033
          0    -10.7458    -39.4701    -25.7274   -0.815519    -8.08299
          0    -25.0228    -14.6401     7.72437    -3.81118     11.6839
          0    -8.98862    -18.2348    -11.7154    -4.56368     6.21974
          0    -21.6179     -18.416    -25.6607      8.7306    -8.21417
          0    -7.02166    -8.90955    -7.27645    -15.9262     3.40639
          0    -39.5575    -19.6224    -9.16673    -2.49499    -3.71414
          0    -6.32678    -2.80533    -4.19638    -10.0355    0.775777
          0     5.44316     7.58828    -48.6721    -8.68101     6.53009
          0    -3.97142     3.61186    -16.5281    -14.4946     6.57626
          0     9.94771     25.6496    -54.9465    -37.8905    -2.40301
          0     1.98325    -18.9712    -28.3424   -0.881809    -2.52514
          0 -0.00437918    -14.1091    -12.2511    -2.34392     1.14482
          0    -13.5493     2.21518     19.7147     -36.197    -3.93585
          0     8.93147    -1.48132    -34.0915    -4.26864     11.2706
          0    -9.25541     7.92645    -18.7983    -8.34435   -0.917588
          0    -12.2095     11.1535    0.892573    -22.0808     2.22573
          0     1.71639     5.26685    -56.1626     -23.801    -3.60388
          0    -24.5458     6.55063    -17.8337    -16.7318    -6.40703
          0     5.81457    -20.9459    -24.8863     -15.819     13.2137
          0     0.90123    -18.1606    -14.3551    -8.88937  -0.0175689
          0     -4.1066      -5.095    -6.08637    -2.43998     4.72283
          0    -19.0717    -28.8677     18.8579    -20.4961     0.52387
          0    -11.2433     12.9509    -38.2326    -22.0166    -8.96419
          0    -18.6251    -18.3757    -26.2455     7.97876    -1.40774
          0    -10.3729    -19.0943     -14.009      1.8382    -5.77921
          0    -28.4152    -4.72967     22.6123     -18.576      9.0917
          0    -1.84389     9.62795    -74.4592     3.20531     9.20008
          0    -2.93104     7.61887    -51.0807    -8.44294     7.49532
          0    -16.9657    -2.65869    -27.8452     3.05372    -2.02152
          0    -9.49287     5.49608    -58.7326     14.4908       8.413
          0   -0.936337    -1.94229    -45.6822    -5.06859    -1.52987
          0     -5.4046   -0.351428    -3.63798    -11.1843    -2.43883
          0     6.29739    -6.54129    -62.7258    0.184608     2.59151
          0    -12.8962     8.37871    -15.7438     -10.354    -6.92129
          0    -28.6572     13.3109    -59.2921     7.56389    -0.89664
          0    -31.5389    -25.3114    -14.7726    -12.5758    -9.17998
          0    -4.64331    -5.29598    -30.3388     -4.4629     6.05717
          0    -11.3809    -7.42174    -1.83322    -10.3699    -4.75545
          0     2.90968    -20.3955    -21.6159    -4.32275     3.57876
          0    -7.47652    -11.2171    -35.1929    -14.4349    -1.31563
          0    -7.35289    -27.9305    -5.37831    -18.5709    -2.86303
          0    -14.7685    -42.5114    -16.6445     1.56297    -9.46374
          0    -5.68066    -8.38824    -41.6264     1.87771     3.67291
          0   -0.980884    -8.92436    -63.3326     -15.279     8.66654
          0    -3.39119    -7.99746    -3.48526    -1.08968      2.9334
          0     -17.851    -8.31486      22.427    -19.6397     6.10085
          0    -17.7098   -0.331981     12.6657    -2.06987     6.68931
          0    -19.6877    -11.9123    -25.0827    -19.1401    -1.17416
          0    -8.96735      6.6854    -24.7386    -11.2671     1.96806
          0    -30.3507     11.6808     -5.8483    -10.4424   -0.151598
          0     -11.252    -5.56247    -63.2444    -1.72775    -3.44152
          0    -10.5771    -33.6617     -8.1704    -2.15456    -2.06665
          0    -7.40428    -19.2753    -5.62866    -12.4346    -5.44137
          0    -22.1082    -12.9058     45.5831    -10.4996     15.5148
          0    -6.19262     4.58971    -21.5709     5.16053    0.534366
          0    -2.08893     14.6942    0.354048    -38.0223    -2.86559
          0    -13.1653     3.91379    -28.3436    -4.56144     2.40424
          0     3.19753     7.97245      -39.33    -18.3781    0.116154
          0    -2.18867    -10.1504    -45.5985     1.93895      4.1242
          0     -9.1755    -2.15309    -32.8799    -13.6742     5.04166
          0      24.818    -6.29222    -69.6586    -15.4752     8.96167
          0    -10.5743    -6.34501   0.0822171     -3.2476     15.5606
          0    -9.53471    -7.91095     3.36698    -11.1632     10.6853
          0    -4.36932    0.432116    -10.5253    0.291098     1.28186
          0    -8.34312     9.77915    -23.5564      -3.121    0.616512
          0    -12.1625    0.397744    -19.8363     2.29976     2.37622
          0    -14.2991    -18.6381     8.78162    -8.02789    -1.43671
