5.92231
11.5448
7.32292
12.3301
11.3008
10.3336
11.5905
8.06997
11.3564
3.07497
16.2042
8.61131
 9.1616
7.95633
6.02264
8.17029
7.05756
10.4254
7.16823
10.4576
12.8257
 9.4107
9.70727
10.9596
6.51666
9.00761
12.2497
7.45459
5.67375
  8.933
14.0461
6.54938
13.2059
8.20409
10.8262
7.48718
9.32783
9.32737
10.9936
20.2128
 2.5394
4.01882
17.6723
7.91467
8.93962
6.93582
5.15228
2.98513
 12.918
21.4349
10.4941
7.02333
 11.948
12.6175
9.26388
11.6245
4.52017
 18.426
6.22588
10.2425
 15.051
5.18286
 9.8322
7.97849
3.75842
9.76043
8.72254
7.65974
15.3226
9.50826
11.1699
7.96834
12.6036
10.5241
6.94064
15.0046
9.03337
10.2875
8.46476
6.96318
17.0666
9.70622
  12.49
3.72433
12.9247
5.95341
  6.208
10.1754
 11.223
16.2563
8.62209
6.88454
7.14868
 11.086
6.56172
5.43781
 10.429
12.6348
12.2165
11.9295
16.1212
12.4529
19.7808
10.8501
11.8986
19.9841
19.3482
12.5378
10.7745
10.3939
16.5952
9.98472
14.2504
14.0584
15.8088
19.5247
 9.5411
16.1715
11.1732
12.8922
12.4945
 15.961
19.4062
11.6024
9.77136
 7.7563
7.37664
11.6677
5.89458
9.35084
10.5084
6.27904
9.30651
6.07825
12.2886
13.1742
 9.7722
 14.154
 12.577
9.87005
8.63659
14.7949
14.8846
7.31838
14.0601
12.7366
14.0744
14.1849
17.3227
7.50882
7.36681
9.19157
12.7786
10.4244
5.91907
8.31297
12.9639
12.2641
5.08929
14.2494
7.26382
11.9443
14.6192
11.3572
10.9799
15.7738
7.54463
7.59096
9.85994
6.72779
13.0127
4.56807
14.4846
3.87597
6.21154
8.02025
12.4176
5.09672
10.0695
5.67873
 5.5727
13.1947
8.41861
9.89452
10.7243
6.75677
14.2945
15.6592
10.6296
16.1934
7.98155
6.46354
 14.673
10.3428
23.1608
4.76063
18.8229
6.62947
5.85437
 4.8484
10.8208
 7.0782
6.22461
 13.926
14.3452
17.4695
7.80214
10.2193
4.55578
5.77416
6.25281
10.7416
18.8814
5.60224
5.43826
13.2165
10.1255
12.5762
8.96279
15.9338
6.08019
11.6283
2.71974
5.93148
4.14203
8.80291
 14.326
5.01024
7.64517
4.41001
1.90223
8.01525
 6.6076
11.8849
 10.273
6.77118
6.13637
7.68303
4.63301
15.7304
20.1856
8.62218
2.82809
13.8997
5.34185
4.32829
14.8569
3.24291
9.95463
10.6415
5.19865
9.81953
10.6217
9.06331
8.66235
10.6155
10.0562
11.5924
 7.3684
8.68986
8.48662
9.32855
13.7624
10.1318
5.46525
6.82954
16.7157
 7.7942
10.4839
7.42183
5.99157
7.25242
7.13874
17.4658
6.18896
14.1144
3.96676
8.37423
12.2871
9.09547
12.5392
 7.8676
12.7135
12.0014
3.59604
9.44594
14.1162
11.1344
7.32004
5.80504
6.00384
11.3802
18.4123
8.14109
6.27065
5.57937
7.56728
 7.7501
10.4539
13.5705
11.2366
7.33719
18.2275
22.9008
9.50537
 13.877
8.33197
20.7638
14.3906
8.63516
14.4762
12.5687
13.4397
 12.622
 5.7952
 10.356
13.2499
12.6534
5.67525
6.20372
6.39127
4.58187
 11.456
8.05105
12.0042
 14.006
8.44299
7.89894
11.2352
4.06653
8.34688
12.9593
  6.616
10.0015
11.9271
14.3946
5.90347
 9.2899
9.64082
10.2244
11.7632
4.52482
11.3012
5.69094
13.6838
7.96307
12.1825
12.0771
14.3036
9.77219
10.6973
11.8075
14.5101
12.2336
7.64112
14.1742
9.75221
 10.708
4.64672
9.61241
13.7995
 6.8563
11.7945
13.5465
10.7136
7.31138
 12.656
7.27264
8.40419
8.51402
9.75683
9.15161
5.69124
9.27056
7.80341
 11.017
4.27777
6.47782
13.8549
7.15602
8.89458
9.37329
6.91129
6.05935
6.56782
9.73567
15.9748
5.97642
6.44213
 10.261
10.3658
16.4428
11.8287
12.8359
6.97023
5.01027
13.3111
11.1749
 6.3627
7.86463
13.1242
 10.504
7.35174
15.3842
7.87977
12.1442
10.7928
12.7672
7.32286
11.3216
8.97887
7.50587
5.13796
9.68872
5.16553
8.15991
  8.519
16.8847
9.03158
8.04619
11.3133
16.9293
11.6446
13.8226
  17.37
10.9848
6.16653
7.65649
17.1956
 23.731
10.6763
19.9302
13.3799
15.3981
9.54842
8.82489
16.2886
8.15532
10.8289
10.8218
16.2946
12.7991
14.8454
11.3625
7.67497
10.4026
12.3715
9.15774
13.4746
20.6017
 8.2102
10.1645
8.04697
 10.953
 13.219
 9.0797
11.0252
12.8252
8.65564
10.5828
7.48876
5.13716
9.51077
10.9854
12.1344
10.9314
7.07521
10.9895
8.83075
4.32552
1.35052
4.29451
4.91997
12.2439
6.69516
4.64878
15.3783
19.6088
10.8217
 16.511
10.0696
  8.171
11.1846
5.65608
11.3227
12.1502
10.3658
14.8997
8.36829
17.7914
10.4869
4.32727
9.19261
4.73611
10.8747
13.1601
16.3333
12.0525
7.05869
17.8346
11.2173
11.4482
8.05744
8.97029
7.63389
4.83585
10.5665
3.97732
10.0116
10.7712
9.97167
8.51453
9.01827
6.35144
10.8715
 5.1418
6.82913
7.55139
9.39993
10.3182
 11.318
5.69138
 11.028
12.9075
8.20459
4.83921
7.59959
10.2909
9.43902
 9.1298
 10.055
 6.6366
6.70404
8.92785
6.95211
8.18987
7.18568
12.6504
9.29572
15.1694
16.8469
8.13926
12.8435
12.2963
9.00258
 10.828
9.78362
5.14246
17.6779
5.92427
7.55776
9.87871
11.5409
13.4123
17.9698
17.5086
15.5192
5.88452
14.1643
 13.908
8.09209
5.10582
14.7221
5.15026
5.68321
9.17061
9.37064
4.50054
8.00063
12.3657
5.91657
14.1336
5.47506
13.3012
4.15673
12.6729
6.24975
12.5587
9.16864
12.4002
8.83907
9.28325
6.33913
8.83674
7.47159
5.18329
8.50552
11.5323
14.9049
13.7021
8.57676
4.86881
10.0287
10.7827
9.24199
11.6457
11.2175
21.7997
12.8642
6.56796
6.88819
16.9521
13.8126
12.7118
9.62106
2.37387
8.09252
8.79187
6.77489
5.74396
15.1203
13.8688
6.95824
13.5638
6.02743
 7.6287
8.53267
  7.555
 13.618
11.3657
17.7732
9.37682
9.16323
10.4268
17.4249
7.08737
6.48089
6.07957
13.0403
13.6466
5.77007
9.83368
7.30384
13.5978
  20.49
9.99308
5.09339
15.9205
 10.163
8.70221
6.50578
 10.518
10.6315
8.99295
9.87731
13.4495
 9.6678
8.48248
4.85477
9.34319
3.23259
7.95329
 9.1797
14.2688
4.74159
9.76086
10.8854
5.25927
8.56069
7.66152
12.3786
 22.147
10.3475
11.9753
13.1222
10.6444
12.7889
6.61559
15.3934
6.71529
6.43336
11.5656
6.83258
7.14675
5.68245
7.67738
4.13906
13.6198
10.0324
7.51277
6.05454
11.8812
10.1083
8.39156
9.62211
7.27065
7.96757
3.93073
7.36237
8.76562
4.98134
15.8408
10.5019
9.21462
6.51481
2.62095
8.08883
8.96155
4.33861
8.43075
14.6331
  5.718
  9.354
8.12079
6.33051
10.5285
7.68432
13.9686
 15.199
14.5652
 12.073
19.0538
8.82136
10.1733
6.00913
   17.2
7.39217
10.7125
4.01342
5.62267
4.48598
3.27971
8.36317
9.27264
16.4997
3.39855
8.47106
9.43248
12.0469
10.5231
8.71732
6.70403
9.38311
6.36306
6.34598
8.11886
7.19523
14.2692
13.8485
20.0103
8.78158
13.4824
 12.688
7.65185
7.64997
12.9947
6.80054
14.0449
8.89859
4.69813
7.98913
12.6013
 15.473
4.90353
6.19506
15.3735
11.2497
11.8626
11.0433
6.57637
7.51054
12.4809
11.3577
9.43942
 6.9984
16.3212
 14.219
9.48625
18.5631
10.8632
12.0821
 10.522
11.4816
7.49427
8.34222
17.8765
11.5546
4.55332
10.1871
5.47638
14.7302
 11.699
9.27351
12.9866
8.98479
11.9358
10.9464
4.65861
9.66657
13.1868
8.60134
7.72887
16.6271
30.1528
7.37918
10.6731
 4.4186
10.0453
4.52533
6.86214
9.46133
5.67635
 10.107
10.4066
19.1786
7.49148
 14.023
10.9267
19.5968
7.95983
20.0661
11.5216
13.5294
16.8877
17.4322
8.72727
 10.402
18.6668
16.4239
13.4456
13.0181
8.33929
7.73528
  14.48
15.3434
21.3028
18.5169
 7.3461
8.77113
17.3844
20.4356
15.3149
10.7082
10.5212
 10.161
11.3018
9.72647
12.4944
9.63564
6.32823
 8.5915
17.3009
13.8724
 6.4402
 8.8597
9.99463
7.22469
8.02367
11.7861
6.86073
6.66476
13.8993
8.62724
6.20278
11.0543
8.04732
7.58901
6.36656
 11.873
10.8305
8.36772
9.56407
7.29803
8.44184
6.73465
10.9147
13.1486
19.4001
12.8032
8.13373
12.8154
11.9914
6.37929
13.7847
13.9121
6.97762
12.1166
6.56292
9.54807
7.50106
11.9019
11.6966
8.49155
7.60276
 8.9239
10.2017
 13.682
 10.995
17.1226
5.61966
10.6681
9.35662
10.2768
8.71533
9.10747
9.54848
16.6395
12.4081
24.0061
11.4042
13.1671
 15.083
18.4044
6.98115
13.8038
 9.6155
7.97064
12.2947
18.8477
17.4173
10.6857
13.3444
14.8947
8.61111
6.81273
4.38875
15.5632
13.8395
11.6698
9.36365
6.40653
11.3965
15.1764
16.5219
9.35379
8.82356
7.86502
11.0276
 8.1722
 5.0384
8.89924
9.26958
9.37923
10.4155
7.36084
9.03665
9.99025
 9.1618
16.7257
5.61337
 10.235
7.65545
17.8972
6.66743
4.96832
11.3635
6.55089
7.33468
7.50261
16.0148
12.6575
11.4439
7.05573
 3.5316
9.86268
 11.771
  8.467
5.04185
 9.2006
15.6762
12.2921
8.99793
 9.5235
7.77135
5.44908
12.6266
8.59637
12.7375
16.5888
9.27512
6.48834
7.15265
14.1023
9.72448
9.04558
9.59426
20.3384
 3.2055
7.35203
2.89472
16.6233
9.49976
10.3417
15.7922
9.33855
8.31974
2.22798
2.76884
11.6064
9.57635
14.4842
11.0994
10.9937
13.7214
5.14574
7.35937
3.57724
6.35454
5.05534
5.73094
