 0.50273
0.476762
0.504687
0.636376
0.690543
0.806802
0.568509
0.813162
 0.69023
 0.52359
0.455054
0.686572
0.601517
0.541962
0.537429
0.532481
0.579801
0.591941
0.973384
0.933584
 1.84429
  1.2881
 1.32978
 1.37209
0.598145
 1.20887
 1.55201
  1.8387
0.985654
 2.34789
 1.11823
 1.58964
   1.386
0.689323
 1.60977
 1.41788
 1.88907
0.739179
 1.67621
0.891051
0.885385
 1.07034
 0.97121
0.865859
 1.23502
 1.57018
 1.32261
 2.38367
 2.49637
 1.46099
0.893751
0.793341
 1.53934
 0.43402
0.624808
0.595499
0.998321
0.585121
0.522227
0.596741
0.646383
0.488862
0.387695
0.616444
0.698805
0.480632
0.373704
0.595698
0.378202
0.767173
0.309585
0.501891
0.640441
0.643215
0.571219
0.543048
0.691312
0.532876
0.449588
0.477274
0.454365
0.529904
0.486891
0.719943
 0.74731
0.969452
 2.16531
 1.14589
 1.32853
 1.91665
 1.29779
0.977425
 3.51802
 3.84487
 3.81828
 4.66926
 1.84156
 4.30966
 2.19753
 2.22818
 4.43249
 2.04762
 3.52512
 7.10878
 1.97418
0.880066
0.593428
0.884986
0.632377
 0.43763
0.355993
0.696472
0.607428
0.621464
0.729714
0.575139
0.768075
0.738639
0.362979
0.823967
0.627233
 0.35955
0.520837
0.507701
0.379818
0.788054
0.495235
0.346073
0.683921
0.419406
 1.17918
 1.26566
 1.58645
  1.0034
 1.66646
 1.11134
 1.72899
 1.75569
 1.29186
0.932664
 1.15138
 1.02203
 1.69462
 1.31564
0.962019
0.855868
 1.29278
 1.83228
 1.23137
 1.19447
0.990914
 1.23798
 1.03665
 1.45602
 1.10021
 1.04759
 1.51247
0.712538
0.837053
 2.02751
 1.29665
 1.36099
 1.24624
 1.82852
 2.01266
 1.05315
 1.36297
 1.22558
 1.98572
0.851014
 1.12476
 1.84929
 1.03167
0.456173
0.788165
0.678207
0.560217
0.417957
0.784907
0.605269
0.639489
0.491649
0.443245
0.625892
 0.47118
0.560312
0.489895
0.547506
 1.06252
 1.10045
 1.49336
 1.88647
 1.05966
 1.30608
 1.37593
 2.76096
 1.42742
 1.17704
 1.29712
 2.00135
 1.24954
 2.19103
 1.60024
 1.42822
0.606098
  0.4826
0.962223
0.988222
 1.65139
 1.18334
0.816934
  1.1266
 1.40452
 1.45153
 2.39482
 1.29723
 1.61426
 1.05031
  1.4313
0.633582
 1.52048
0.987019
  1.2304
 1.65182
 2.09728
0.835429
  1.4355
  1.2326
 1.63835
 0.94918
 1.50094
 1.86542
 1.16701
 1.87438
 1.64873
 1.47864
0.465756
0.469472
 0.34125
0.561999
 0.28704
0.495813
 0.65356
0.607753
0.715839
0.262674
0.577657
0.565163
0.401723
 0.70492
0.721162
0.450714
0.441875
 0.59996
0.755661
0.528713
0.730799
0.409032
 0.44088
0.727224
0.531063
0.564706
0.510519
0.469178
0.369003
0.829464
0.638178
0.602854
0.557877
0.738013
0.719886
0.507528
0.963449
0.492972
0.656793
0.532686
0.538322
0.539222
0.663966
0.434184
0.702538
0.574394
0.457898
 0.55992
0.611359
0.605379
0.511761
0.459682
0.471855
0.694753
 0.72527
0.263296
0.489327
0.564851
0.620994
0.570108
0.585377
0.762162
 0.51432
0.245751
0.662527
0.594346
0.576135
0.395088
0.685961
 1.44006
 1.41285
 1.12253
 1.59264
 2.65173
 1.82294
 1.14868
 1.20139
 1.66018
 1.95076
 1.74651
 1.21047
 1.10705
 2.79832
 1.21391
 1.74477
 2.10047
0.943538
0.805445
 1.26109
 1.67467
 1.55481
 1.36922
 1.57786
 1.11417
0.945465
 1.72214
  1.7726
 1.89093
 1.77395
0.427209
0.672523
0.717306
0.528823
0.466085
0.511053
0.683463
0.368671
0.508224
0.667604
0.653919
0.505514
0.528246
0.548233
0.521249
0.745033
0.530023
0.808481
0.616305
0.681855
0.525354
0.764592
0.490192
0.377838
0.404036
  0.3982
0.472156
0.495588
0.425884
0.439276
0.449389
0.538609
0.580153
0.567005
0.690647
0.676251
0.876951
0.456696
0.384788
0.568074
0.484715
0.426764
0.578153
0.583196
0.588079
 0.76872
0.513236
0.542782
 1.27121
 1.57198
 1.39949
0.818292
 1.69514
 1.35553
 1.54117
 1.19115
0.861481
 1.17604
 1.72263
 1.37131
 1.04356
 1.02303
 2.26784
 1.22335
 1.70144
 1.05272
 1.30148
 1.64651
 1.32497
0.851677
 1.46214
 1.03207
 1.57153
 1.29262
 1.56258
 1.94063
0.949526
 1.62032
 1.50142
 1.09754
 1.04981
 1.88935
 1.74573
 2.43251
 1.00117
 1.17514
 1.48873
 1.57706
 1.02794
 1.12452
0.854332
 1.84085
 2.08935
  1.3599
 1.35684
 1.36852
0.575837
0.501801
0.406487
0.541125
0.429709
 0.60379
0.529559
0.564497
0.344358
0.370069
0.692099
0.498192
0.399909
0.561019
0.836839
0.356407
0.766138
0.564619
0.449655
0.568323
0.725968
0.609903
0.494967
0.583543
0.614723
0.488635
0.436308
0.558571
0.490494
0.422834
  0.5568
 0.38132
0.724588
0.754099
0.717713
 1.02558
0.563031
0.605365
0.346223
0.594192
  0.2581
0.514292
0.499109
0.481435
0.587795
0.472127
0.560798
0.348056
0.603143
0.831232
0.705916
0.455757
0.505144
 0.76848
0.908054
0.614966
0.585277
0.616192
0.527494
0.623941
0.719026
 1.27947
 1.62071
0.903947
0.808779
 1.83897
 1.16115
 1.05209
 1.54808
 1.54471
  1.3347
 1.40932
 1.13579
 1.32989
 1.63955
 1.18115
 1.16836
0.952425
 1.32551
 1.70169
 1.36542
 1.04159
0.631191
0.839574
 1.11792
 1.31838
 1.30912
 0.93579
 1.37912
 1.32332
 1.34467
 1.58132
0.814388
0.778748
 1.07379
  1.2711
 1.76953
  1.3433
0.563613
0.589209
0.422385
0.715178
0.437376
0.477419
0.684368
0.498387
0.598806
0.530382
0.752534
0.469252
0.591361
0.587562
0.407699
0.528142
0.487209
0.295338
0.367278
0.711905
0.666027
0.432125
0.557885
0.387124
0.487503
0.584022
  0.3986
 1.54789
0.821003
  1.1086
 1.40353
   1.029
 1.35443
 1.43901
  1.6237
 1.29816
 1.03555
 1.71449
 1.36891
0.919296
0.817405
 1.17396
 1.63995
 1.30372
 1.23446
 1.39049
0.908564
 1.30277
  1.1146
0.794055
 1.18157
 1.19999
  1.1232
  1.3245
0.770166
 1.62945
 1.07423
 1.83861
 1.29647
0.818094
 1.48017
0.971631
 1.15253
 1.39162
 1.18583
 1.39606
 1.13819
0.755928
0.479436
0.417779
0.437516
0.455267
0.396471
0.261429
0.942329
0.441001
0.424079
0.537887
0.865697
0.628615
0.624752
0.820841
0.759568
0.448071
0.539865
0.575742
0.465416
0.502829
0.582161
0.425065
0.494411
0.520625
0.363238
0.544922
0.442441
0.395466
0.899849
0.596881
0.512304
 0.51906
0.775457
0.393169
0.556516
0.651187
0.573094
0.374915
0.524486
0.445096
0.717801
0.386298
0.739565
0.555681
0.606469
 0.54824
0.666014
0.368637
0.405095
 0.39295
0.481401
0.655393
0.675667
0.805123
0.494169
0.496572
0.469936
0.470486
 0.51203
0.788002
0.526043
0.563272
0.537594
0.463234
0.361052
0.487793
0.477107
0.499192
0.419798
0.523475
0.428969
0.607574
0.729743
0.365369
0.348688
0.472648
0.519517
0.408721
0.729131
0.548231
0.507684
0.519917
0.519237
 1.62043
 1.41778
0.858407
 1.38761
 1.15951
0.686507
 1.20873
 1.08166
0.875828
 1.40696
 1.56474
 1.04172
 3.02544
 2.90031
 2.51899
 2.59564
 2.03197
 1.72353
 2.37689
 3.96309
 1.55857
 2.88927
 2.49134
 1.73443
 1.98796
 3.40131
 1.56233
 2.98762
 2.03428
 1.27579
0.999911
 2.75657
 1.54252
 1.31145
 2.93234
  1.6035
 1.78516
 1.50863
 1.96891
  1.9692
 1.96322
 1.45965
 1.18251
 2.12944
 3.21928
0.588815
 0.68021
0.631369
0.528435
0.566212
0.667514
0.621493
0.597571
0.512628
0.654385
0.858566
0.671183
0.524179
0.767682
 0.68308
0.650555
 1.03077
 1.25696
 1.28657
  2.3407
0.708051
 1.38598
 2.09508
 1.05914
 1.21972
 2.16016
 0.74196
0.678606
  1.3627
0.926831
 1.94976
0.874398
 0.72952
 1.46333
 1.05515
 1.05115
 1.03235
0.711624
0.664793
0.823648
0.926337
 1.49774
 2.19517
  1.3938
 1.10583
   1.394
 1.60752
 1.31125
0.781488
 1.73269
 1.55194
 1.19787
 1.53637
 1.33148
 1.25156
 1.21046
 1.10062
 1.17864
 1.30292
0.897647
  1.8426
 1.41835
 1.04799
 1.72683
0.894587
 1.12683
 1.66325
 1.37064
 1.31788
 1.34136
 1.56217
 1.97835
 1.19697
 1.65602
 1.39023
 1.27989
 1.24613
  1.6871
 1.22738
 1.55462
 1.55723
  1.0958
 1.47627
 1.25566
 1.38183
 1.03891
 1.16419
 1.08626
 2.01669
   1.361
 1.35981
 1.63423
0.800278
 1.30387
 1.74729
 1.36722
 1.31011
 1.50026
0.633249
0.854619
0.442985
0.758436
0.823052
0.604426
0.671814
0.826865
 0.59686
0.641878
0.789019
0.550092
0.920439
0.460386
0.742141
 0.71751
0.542892
0.345186
0.408549
0.403456
0.659823
0.794026
0.656775
0.574152
0.485684
0.485361
0.586645
0.528942
0.811711
0.734304
 0.66322
0.552012
0.645444
0.778199
0.490198
0.709028
0.847041
0.994618
0.750647
0.605224
0.361604
0.506396
0.402936
0.579202
0.480523
 0.50589
0.601963
0.500518
0.418795
0.581941
0.799714
0.806663
0.387138
 0.40101
 0.72547
0.489909
0.676442
0.475915
0.485237
0.458588
0.822563
0.476632
0.525445
0.652208
0.449205
0.480205
0.686783
0.470535
0.426569
0.813633
0.546444
0.675982
0.566744
 0.50901
0.635615
0.651933
0.701955
0.619765
0.749147
0.491695
 1.35278
 1.91258
 1.31242
 1.22904
0.750262
 1.43002
 1.61252
0.999315
  1.6584
0.930747
 1.17283
 1.38605
 1.50671
 1.00793
0.781772
 1.30663
0.946009
0.996142
  1.8555
 1.32883
 2.24537
0.691227
 2.65642
 2.00662
 1.45525
 1.53776
 2.04502
 1.40835
 1.03373
 1.02914
0.764404
 1.01168
  1.9294
0.795924
 1.73329
0.863657
0.929684
 0.65801
0.409518
 1.27059
 1.70294
 1.26003
 1.04816
 1.06929
 1.19201
 1.14264
 1.53414
 1.20501
  1.5836
 1.14299
 1.23677
 1.56821
0.859684
 1.93286
0.906438
 1.21939
 1.18241
 1.30861
 1.29913
  1.0638
  1.6942
 1.52876
 1.98369
 1.54903
 1.37236
 1.17083
 1.32734
 1.12986
  1.6869
 1.17434
  1.4775
 1.52854
 1.13148
 1.23282
 1.26987
 1.53014
 1.28031
0.588728
0.552977
0.544264
0.682695
0.771358
0.462103
0.605592
0.511649
0.417377
0.731498
0.407871
0.613411
0.519152
0.516594
0.571625
0.514178
0.409717
0.675266
0.651213
0.827321
