    816.744
    12.2371
    474.199
    165.832
    314.295
    4465.65
    5184.56
    92.5007
    357.913
    32.0577
    4.44852
    1489.31
    1.09003
    37.4557
    15.7334
    495.565
    444.746
    40.5431
    19.4333
    16.8154
    89.9033
   0.268984
  0.0859936
    20.6009
    1694.83
  0.0207238
   0.471645
     2.7956
       3.64
    1.51815
    145.801
    35.0764
     1.9571
   0.140902
    288.074
   0.203179
    124.018
    4.62765
    2.39611
    5.89572
    40.5766
    1.64762
   0.538486
    1.43204
   0.631846
  0.0702184
    17.1216
  0.0422221
   0.305536
    7.06093
    65.0886
    37.3257
    3.32135
     5.0801
    25.0454
       3.29
    7.81571
    385.482
    18.1059
     1.0802
    162.672
    801.245
 0.00479466
    281.845
     1.5569
    1.87581
     72.261
     2.4998
    65.3202
    32.2569
    23.6431
    156.135
    6.39482
    30.6251
     3.9526
    17.6241
    3.46217
    31.2139
    19.1906
    763.548
    9.58894
   0.130099
    116.014
  0.0842088
    2.91961
    1.10113
    178.716
    27.7927
    385.835
   0.104111
   0.332903
    49.1889
    5.68891
    5923.81
    1.43051
    34.7801
    35.6694
    2.69157
  0.0766558
    8.72446
   0.214192
    8.88062
    15.2395
    308.431
   0.985115
    4.12665
  0.0973679
 0.00248555
    6.21664
 0.00808288
    4.06626
    3.72041
    14.6748
    279.093
    5.18414
    529.737
    73.2311
    4.40302
    407.521
      1.965
    7.08894
    5.07164
    7.35495
    221.994
   0.487794
  0.0929429
    12783.7
    3.86368
   0.571779
    32.1745
    4.96695
    2.73869
     88.085
    355.704
0.000902214
    0.27823
   0.468783
    12.1088
    1.46015
    26.9248
    1.63263
     9.2915
    8.69868
    23.9244
    6.84665
  0.0460983
    2.96447
   0.908452
      1.236
    7.43947
   0.357094
   0.177778
    4.18825
  0.0141422
    15.6529
    0.37269
    2.36974
    67.7517
    31.5918
    62.1549
    4.39318
    2.04607
    8.89723
   0.141137
     2.2636
    1.21072
   0.142983
    39.6599
    7.18419
   0.105895
  0.0779005
   0.634199
     9.7634
    5.52055
    24.7438
    1.22855
    561.845
  0.0546777
    3.68898
    61.2091
    109.805
    1.04846
   0.314476
    7.62128
    79.7568
    42.4512
    1.88227
    10.4446
    4.62241
    2.70327
 0.00210043
    8.86109
    1.51635
   0.164328
    86.3228
     2.4587
    4.22722
    16.4278
    1.95223
    1.31821
  0.0552518
    11.1816
     2.8936
    1.97343
    1.59383
    3.19693
     7.9923
     49.056
    1.86411
   0.732002
    11.1537
    11.7747
    2.96086
   0.874059
    182.334
    152.544
     8.2789
   0.818067
   0.376086
    3.76876
   0.309233
   0.735349
    1.37555
    1.56564
    63.6485
   0.016932
    3.23788
  0.0546667
    10.6586
    12.0764
    1.85047
    2.24206
     51.242
    64.0234
   0.052029
    3.32273
     2.9115
     1.8339
    2.89172
    3.50518
    8.05874
    26.4171
    30.2123
   0.912653
 0.00871329
 0.00725632
    27.3671
    4.25715
    44.7708
    5.50836
    18.5404
    1.34414
   0.891744
   0.023046
    11.0751
     4.9625
     2.5697
  0.0201157
    10.2854
    0.35743
    4.99085
    21.9902
    1.60717
    8.27013
    4.65404
    23.6619
   0.160913
   0.381222
    12.2112
    1.98441
  0.0952439
    1.99124
    6.70308
    111.435
    25.1635
    101.858
     15.914
   0.362154
0.000886192
  0.0621601
    25.9623
 0.00457615
    10.0729
    125.224
    2.67471
    4.23458
    15.5003
   0.615198
    2.75148
    12.8774
     8.1321
    6.36234
    430.922
    1.28352
   0.477208
  0.0268852
    12.4316
    28.1727
    2.34092
    2.61791
   0.356892
     15.019
 0.00101758
    1.71108
    169.466
    2673.14
    3.12907
    868.594
    9.98001
    6.52255
   0.303604
    4.77822
    7.36192
    12.9379
    2.08115
  0.0223537
     11.984
    2.90425
    4.31199
    10.9836
     19.296
    1.49587
    9.51929
   0.466911
    3.19269
    0.77326
    0.40164
    1.05389
    6.85464
    16.4634
     2.2849
    8.30384
    948.419
    21.3646
    4.85152
    1.47707
    2.38301
    5.51488
    22.1574
    11.0602
    14.4797
    7.49292
    2.61226
   0.522738
 0.00516507
   0.672372
    7.84582
  0.0304145
   0.304491
    12.6225
    3.06005
    105.643
    1.71836
    1.55106
    27.5662
   0.538366
   0.253952
     22.077
    27.0053
    18.8225
    4.62779
    6.90759
   0.102103
   0.128489
   0.747921
  0.0287157
   0.456563
    6.93577
    1.42026
 0.00110775
    10.1314
   0.343746
 0.00984546
    1.89196
    3.83043
     1.6081
   0.400274
    5.30477
  0.0747241
   0.166647
    32.4234
    11.7429
    51.5939
    61.5294
    3.87561
    29.3335
    20.8657
    1.93896
    1.26616
    8.95179
    6.94707
    8.21727
  0.0588005
    15.4719
    2.54552
    14.5719
    1.37544
   0.698355
    7.04377
    19.8465
    1.94073
    0.72753
   0.862814
    19.4857
    8.85491
   0.932773
    3.31626
    1.53724
    71.1325
    8.88132
    11.3752
   0.189671
   0.911769
   0.449141
    5.28331
   0.975041
    5.44591
    30.1373
    37.2672
  0.0225358
    4.05357
  0.0264167
     3.1295
       92.6
  0.0249678
    107.796
    72.4514
   0.298338
    51.6051
 0.00431902
   0.144831
  0.0291436
   0.372602
    1.36098
      38.48
   0.843343
    8.23675
    2.23667
    8.07339
    2.21371
     1.4152
    26.5687
    3.26084
    4.12009
    1.62398
    1.79114
    7.52407
    9.70315
    8.86345
    4.02739
  0.0529192
     1.1044
    5.01171
    5.46634
    33.2438
     7.5114
    4.60946
  0.0161309
   0.898864
    3.22645
    2.21483
   0.862308
0.000878448
   0.673652
   0.425776
  0.0101328
   0.614875
     2.6405
    4.54443
   0.204186
   0.603566
  0.0115055
    6.37263
    5.10108
    1.03852
    12.4402
    24.9319
    5.41183
   0.765128
    2.82667
  0.0176331
  0.0369592
   0.121445
   0.611853
    6.86382
  0.0257058
   0.390267
   0.805773
    1.13888
    3.10481
    6.94951
    41.9205
   0.235989
    12.0148
    0.55477
  0.0586146
     12.182
   0.915084
    1.44177
    1.60118
   0.770781
     22.247
    6.65751
    2.24424
    8.96411
   0.416765
  0.0102121
    2.28816
    3.08089
    1.46262
    1.58397
  0.0257897
   0.195882
    1.30627
    821.831
    9.34122
  0.0477857
   0.395158
      8.025
    3.74767
    74.7643
    1.78282
   0.379984
    34.5105
  0.0183839
    1.77452
     1.9486
    2.76922
    24.3196
    13.4362
    1.46161
    5.46626
     2.3175
 0.00765526
    8.24871
    228.034
   0.835469
    11.8342
    1.17823
   0.285784
     3.0508
    57.0119
    204.356
    3.45324
    4.90845
    9.58015
    1.96308
    3.34793
    1.92445
   0.334488
    1.60862
    0.91366
    5.87842
    20.5686
    12.8402
   0.141651
    1.24926
    3.29292
    5.42926
    5.01944
    17.1555
    5.42449
   0.897597
    21.8837
    76.5384
    10.3409
   0.461358
    1.05422
    1.07356
       4.47
    1.97428
    8.94216
     1.2714
     2.2223
    8.54566
    5.47683
    38.8957
     18.351
   0.179975
    1.83292
    19.9501
   0.682331
  0.0284126
   0.591286
    5.04714
    11.1788
   0.213478
   0.304942
    1.56975
    34.2262
   0.194589
   0.264996
    6.79178
   0.590486
    10.9635
    5.11835
    4.61147
  0.0234316
    9.32101
  0.0154414
    33.2536
    3.58469
     13.028
     1.4923
    2.92846
    2.68757
   0.123115
   0.687425
    20.5862
    10.8502
   0.685995
   0.435424
 0.00128318
   0.399808
    43.5595
    10.7467
    11.2112
    13.4749
   0.652653
    1.83913
  0.0012407
    12.0245
    1.22687
    2.19009
    43.8772
   0.360149
    4.91537
    10.1141
    38.4507
    3.95709
     14.495
    2.05512
    17.1251
    1.39172
    5.54295
   0.873495
    1.79717
    2.05936
   0.461035
  0.0558617
    7.21302
    2.28539
    62.3999
   0.673037
    4.50543
   0.208485
    3.31242
    6.40566
    14.2949
   0.628363
     6.5118
    1.92816
  0.0631145
    6.35188
    5.42347
    153.779
    15.7002
    6.60071
     9.6981
   0.260934
    4.54416
    5.26973
   0.183668
   0.691311
   0.559097
    11.7169
    61.1624
      373.5
    21.0099
    3.54659
  0.0771311
    6.58717
    2.92897
    1.44941
   0.395809
    57.2218
    11.8423
    161.973
    2.82188
    20.9397
    1.82851
   0.501005
     1.3097
   0.118535
    6.52146
  0.0909139
    45.2257
    45.6083
     7.3901
    0.04271
   0.156639
    3.63593
    1.52519
   0.318242
    2.11492
  0.0137111
   0.701645
    3.40777
    9.43505
    106.466
    2.80071
    43.5753
    7.16147
    2.41936
    4.92058
    17.2516
   0.418302
    5.25948
    9.41275
    4.59637
    1.03335
    5.71371
    1.47218
    1.13295
     5.5782
   0.102517
    2.23339
     6.5794
    16.6247
    14.7395
    9.63708
     6.4793
    2.21866
   0.102022
     3.1239
   0.962536
    43.3104
    4.26694
   0.395133
    0.23714
   0.808557
    2.12439
    1.02065
    189.012
    7.74462
    16.3755
    11.0062
    1.55723
    181.996
   0.109887
  0.0904116
   0.601428
   0.188366
   0.353094
    4.88332
     10.511
    4.87296
  0.0601674
    3.57758
    5.68757
    1.60549
    2.52059
    4.13414
    1.43867
    3.78868
     1.5934
  0.0944511
    1.29935
   0.534085
   0.792456
    2.18276
    4.60056
    10.3588
    7.98235
     0.0869
    7.57492
    1.24187
    0.77055
    11.4755
    52.5119
    14.5336
    1.09854
    16.8916
    3.87057
    3.39058
   0.163534
   0.915419
     50.625
    3.41529
   0.150339
    2.13261
    1.09639
    2.01242
   0.400491
    3.28398
   0.390494
    7.25761
    76.6993
   0.207446
    6.90434
    2.68848
   0.304466
    2.66502
   0.872604
    1.33395
    12.0261
  0.0241166
     1.5852
    9.64689
    5.50869
     1.6501
    0.56545
   0.623342
    3.18064
   0.280511
    2.77831
   0.436417
   0.359199
    2936.69
    0.83978
    2.19446
    1.08264
   0.532877
   0.479943
   0.454108
   0.460376
    2.31132
   0.331426
   0.940022
    1.98341
    1.35315
    3.67686
   0.405059
     4.9272
   0.396992
   0.399569
    3.01765
    1.18635
    8.45139
    1.47193
    14.2753
    123.965
    1.39526
    6.98345
  0.0201538
    1.54704
   0.149187
   0.254011
   0.927444
    17.4015
   0.226115
    40.9727
   0.646966
    6.91928
   0.452219
   0.201853
     22.052
    8.92361
    15.4418
    3.82059
   0.553524
   0.253622
    1.00719
    22.8884
    4.01174
    7.74095
   0.183759
    2.77073
    3.22292
  0.0558229
   0.202393
    2.22464
    32.9583
    12.3917
   0.526233
    2.03261
  0.0458195
      12.59
    2.13896
    1.99945
    0.55935
   0.151313
    2.75151
    7.24592
  0.0923363
   0.573275
   0.155103
   0.330131
    13.9325
    10.3145
    3.35855
    3.20036
   0.230563
    3.80645
    1.23932
    4.95874
  0.0239559
    7.48627
     4.6515
    17.6672
   0.994306
    4.79709
    0.51257
   0.672569
    3.52498
   0.598484
  0.0561682
    0.46988
    1.28969
   0.988225
   0.296077
  0.0991051
  0.0579189
    3.42472
    1.43657
    11.2752
  0.0102285
  0.0853397
    1.73871
   0.376365
    2.76795
    11.4765
    1.49799
  0.0122111
    13.0296
    8.52513
    20.5754
   0.821991
     4.7213
  0.0291515
    2.70312
    8.30833
    13.4998
    1.27394
    1.57344
    0.36405
    0.23237
  0.0944914
    3.96123
    3.04852
   0.532469
  0.0792598
    3.79706
    5.71991
  0.0272256
    7.33028
    1.50274
   0.140103
   0.793026
   0.283102
     3.8372
    6.00787
  0.0019947
    10.2482
   0.484289
   0.122572
    6.70328
 0.00101546
    6.35933
    2.98824
    3.71598
  0.0539632
   0.221016
    24.7625
    6.37968
    1.53097
   0.196449
   0.788562
   0.432917
     2.3048
    4.99571
    1.21754
   0.197527
    6.38578
    23.3497
   0.402751
    2.75304
    2.00562
    5.10112
   0.292038
     6.8947
  0.0484172
    2.65763
   0.136852
     2.4683
   0.597589
   0.738964
  0.0606741
   0.187963
  0.0990947
    3.09179
   0.251592
    0.33235
  0.0887834
   0.105336
    1.32915
    3.29338
 0.00361591
    3.90327
   0.293241
    0.40151
    1.25441
    1.70225
    1.71129
    4.50967
   0.911945
    2.60813
    3.12133
    9.30003
   0.486506
   0.225767
   0.689916
    13.8436
  0.0372693
   0.470948
    5.77307
  0.0804703
    3.52044
   0.555975
    4.40801
    43.9439
    3.76167
   0.111874
     2.9698
    1.39576
    1.64952
    13.9928
  0.0479251
    1.20028
   0.242038
    3.30995
    20.9565
    2.35369
     22.902
    8.14668
    1.34253
   0.256833
   0.816274
    9.13888
    11.5989
    741.426
   0.137847
    8.72596
   0.765509
    2.18325
   0.639518
    5526.27
   0.154371
    3.92597
   0.280568
   0.720511
   0.739609
   0.111079
    3.50777
    2.28482
    3.39551
 0.00754975
   0.202924
   0.581734
    5.98555
    2.40811
    29.2958
    0.67479
    8.40795
   0.154445
   0.227332
  0.0840531
   0.261106
    2.52058
    12.4376
    0.79148
    18.0795
    181.646
    12.0224
   0.373203
    9.23298
    1.87028
   0.227745
   0.261383
    50.0203
    1.11964
   0.107115
    3.18381
    8.68164
     2.0162
    2.02012
    2.20859
    0.14852
     2.5955
    14.7158
   0.916202
    67.0393
   0.411492
    4.35222
    8.20497
     8.3208
    5.82285
   0.540864
   0.639339
   0.246439
   0.367137
    5.71059
    1.04556
 0.00274149
    1.24576
   0.396673
    5.89888
    0.42808
    1.25893
    5.16321
    3.49197
   0.542949
  0.0355241
    4.29499
    4.68183
   0.501319
    1.13592
   0.912074
    3.94418
   0.515035
   0.496785
    18.4479
    9.48528
 0.00502609
    4.06672
   0.466553
    2.26823
    144.478
    2.64125
 0.00131011
   0.397293
   0.638338
    1.19309
    1.15929
    1.48024
   0.720907
   0.120679
   0.898874
  0.0111829
   0.995503
    4.50383
    0.80727
    0.14725
    10.4227
   0.132273
    2.90403
    1.47705
    10.2726
    16.9528
    1.21064
   0.103432
    21.2277
    5.95711
   0.665146
   0.200788
   0.319754
   0.182724
    43.9491
   0.552234
   0.796177
     1.2711
    5.42984
    1.62439
   0.290969
    10.9604
    20.6119
    1.79763
     1.3689
   0.595515
    3.67865
    4.17349
   0.875209
    1.29202
  0.0175782
    4.75757
    23.4271
    74.4659
    10.4428
    6.14756
    2.86722
   0.122502
   0.013073
    6.75309
    87.3799
   0.282039
    6.44737
    6.30591
   0.614428
      2.385
    2.99114
   0.305074
    5.50457
    8.69618
   0.501753
    1.12277
    7.21148
   0.024311
    2.13111
    8.91227
    1.02943
  0.0210841
    6.05554
    10.6109
    1.20374
    0.41943
   0.259053
    4.16219
   0.103818
  0.0950762
     5.8378
    2.15678
    67.3196
   0.294342
    3.10425
    1.47642
    5.03461
   0.573016
   0.170816
    0.38661
     4.4425
    5.55639
    2.53908
    21.0852
   0.690925
    9.47315
    1.28804
    5.51856
    4.20899
  0.0329767
   0.031237
    4.52622
  0.0171621
    4.52032
  0.0618681
   0.983561
    4.65577
    3743.37
    3.37085
      2.256
   0.201321
    2.45487
    2.29339
    1.50891
    2.20077
    114.284
    11.1928
    2.60628
    11.4819
    4.46529
    0.82474
    1.24256
    11.1222
   0.956666
  0.0531811
    36.6703
  0.0453664
   0.409766
    4.84252
    1.99285
  0.0113617
    1.29088
   0.238118
    6.21768
    1.61568
   0.335344
    53.8707
   0.011582
      33.41
    22.6257
   0.249918
    1.41783
    10.1403
    1.01306
    1.10871
  0.0553763
    2.42471
    8.70839
     7.2455
    5.95967
    7.64092
    29220.6
    3.59955
   0.345169
   0.173044
    6.18089
  0.0430121
    6.96577
    1.25829
    1.07904
     9.4938
   0.122763
    2.41604
   0.791223
    1.48739
  0.0532591
     4.1917
    5.01218
   0.792528
    1.52093
   0.729953
    1.00975
   0.377843
     3.8542
    6.24237
   0.968371
    22.5918
    112.737
    4.26158
    2.31907
    4.59641
    2.39068
    3.06773
    3.30964
    0.63768
    1.81328
    10.4602
    2.29344
 0.00494734
   0.805191
    1.22536
    12.7629
  0.0228547
    1.01203
  0.0911155
     11.435
   0.405138
    1.41938
    11.5902
      11.03
   0.152473
   0.937975
    6.08084
    1.87323
  0.0163013
    3.74509
    2.58669
    5.51692
    3.40329
    2.15167
   0.584751
    3.73252
  0.0562863
   0.368879
    2.41376
  0.0485721
    27.8344
    13.2991
   0.515023
  0.0308154
   0.101874
   0.888379
    1.85903
    1.23788
    2.26407
   0.799063
    10.1697
    5.86388
   0.812083
    1.88085
    7.37182
   0.731747
    1.13499
     1.3144
   0.662443
    53.5253
    1.50536
  0.0316093
   0.595667
    1.16967
   0.247684
   0.868697
   0.250851
    4.67855
   0.985803
   0.896864
  0.0501634
    10.7708
    5.47402
    4.99554
    6.68838
    33.4481
    3.91569
   0.326226
  0.0150457
    0.78701
   0.296373
   0.819541
   0.653499
    5.55192
   0.538318
    47.6542
     1.1133
   0.609375
   0.976954
    9.67063
   0.254814
  0.0182932
   0.370536
     0.4536
  0.0363071
    13.6201
    1.98514
   0.916154
    1.14751
   0.286878
    1.08641
    2.88775
   0.801124
   0.858957
   0.524174
    10.6601
   0.143353
  0.0653227
    1.73389
    1.29329
   0.131258
     1.0164
   0.163543
     0.5384
    1.44856
    1.97572
  0.0363863
    57.9616
    8.13696
    11.5105
    2.74533
   0.560669
   0.446261
    1.17721
    34.8077
    22.6265
   0.308343
    3.94588
    10.0837
    4.55617
   0.597883
   0.135871
    62.6265
   0.157292
  0.0148686
   0.658967
   0.236242
    5.75526
    13.0755
     1.4981
    18.9132
     3.2085
    5.29996
    5.54647
     1.3511
  0.0889792
   0.875054
    3.47201
  0.0907262
     4.5973
     2.4552
    1.42251
    0.33246
   0.108626
   0.948075
    2.04326
    17.6961
    13.3522
   0.786474
    4.51382
    14.3815
    3.65673
    1.73295
    4.28033
   0.288942
   0.443664
   0.486649
   0.138399
    3.88575
    1.25749
    5.06053
    10.1504
     7.6921
    76.4123
   0.290198
   0.149796
   0.205356
  0.0584321
     1.4632
    3.39625
   0.895417
   0.617712
   0.482797
    1.10053
  0.0334208
    14.6693
     3.9438
   0.182198
   0.211534
  0.0558678
   0.157306
    5.79723
   0.184086
   0.161703
    2.69942
    17.0247
    46.3929
    0.84182
     3.5321
   0.145005
    8.95312
   0.211489
   0.443631
    7.17192
    12.2292
    0.65933
   0.343389
    3.93892
   0.146392
    7.30753
    1.76408
    26.7288
    0.39564
    94.0398
    2.54065
    4.69525
   0.586671
  0.0605303
   0.340553
     5.3634
    0.88019
    41.4594
    2.72941
     1.0454
    3.82794
    4.77355
    6.59292
   0.048213
     3.4633
   0.374293
  0.0224741
    36.9838
    1.69442
     3.8237
   0.014468
    0.28584
   0.209022
    3.37434
  0.0463826
   0.224808
   0.632159
    17.7812
    1.38143
    10.1843
    4.14413
    13.7321
 0.00277628
   0.891321
    6.44242
    1.94573
    3.40431
   0.365134
    2.12751
    1.56466
    34.6763
   0.158216
   0.184283
     2.9779
    1.35242
    1.51546
    4.70659
   0.815692
    7.96576
   0.413838
    1.38933
    5.71764
   0.291535
   0.152077
    27.1541
    4.20077
    3.48506
  0.0532492
   0.882922
     4.3953
     1.3234
    8.07001
    6.17131
   0.324351
    5.17603
   0.944707
    2.11786
  0.0521963
    2.23001
    7.44623
    1.12887
   0.675467
    5.24311
    5.91539
    4.06466
    2.52154
    1.42431
    2.33447
   0.295086
    4.74721
    6.83766
   0.356027
    2.28914
    1.10418
  0.0475998
    0.32038
   0.393978
   0.435079
    2.05884
    2.10123
    1.59586
   0.661374
   0.443359
   0.573516
  0.0287663
    33.6919
    34.1521
   0.457805
    3.49255
    2.28229
   0.617419
    2.22188
    8.09939
   0.102522
  0.0255604
  0.0153091
    0.47294
0.000975684
  0.0143625
  0.0121748
    5.81925
   0.703854
    5.40247
    2.37322
   0.321056
    7.72613
    2.97235
    8.94578
    1.75882
    3.99892
    16.5416
    0.55046
       6.99
   0.858769
    4.15983
    39.0124
    3.44939
    2.77792
    3.14013
    319.858
    6.10898
   0.227729
    31.4248
    5.65005
    3.61175
   0.127328
    2.24417
    1.04555
    6.03549
    1.60299
    15.4853
    4.16412
    4.56932
  0.0888708
    3.66437
    2.91111
    1.42523
   0.707491
    1.54325
    9.01296
   0.684212
   0.278724
   0.730022
    3.03321
    31.6886
    1.26314
     1.3549
   0.950273
   0.789345
    3.11301
    8.32819
    9.03572
   0.289268
   0.283855
    1.58276
    3.21354
    2.47154
    7.57675
    6.62543
   0.260959
    0.33783
    4.00403
   0.129635
    9.55563
   0.180002
   0.125805
    6.34467
    3.99272
   0.171215
    1.32398
   0.756771
   0.563757
   0.198599
   0.419096
    6.27227
   0.399415
    6.50217
   0.170559
    2.44495
   0.485604
    3.27969
   0.176658
   0.309913
    1.38866
    2.67357
    7.49729
    87.5487
   0.556794
    3.58964
    12.3651
    10.5638
    1.48336
    2.43054
    7.66444
     2.6856
   0.141479
   0.727127
    0.55437
  0.0629969
    1.26606
   0.156209
   0.273649
  0.0491242
    2.44507
  0.0743848
   0.372982
    3.19372
    1.73653
    3.25333
    25.2799
    7.27967
    4.22796
    2.41242
   0.544087
    6.32968
    0.47658
    2.24011
    3.19407
    5.98153
    1.39496
   0.300066
     4.9604
    2.21889
  0.0419193
    23.6919
   0.513162
   0.105502
     1.6042
   0.268665
     3.4346
   0.711243
    9.57452
   0.129202
    1.35416
   0.223287
   0.313299
    7.75319
    4.94859
   0.128573
  0.0328364
    2.21259
   0.114095
  0.0116247
   0.792996
    2.38171
    0.83774
    1.59505
 0.00786397
    2.22205
   0.881185
    10.0079
   0.934338
    38.0286
    7.65461
   0.351167
   0.607901
   0.516228
   0.228603
  0.0461696
  0.0309865
   0.734212
    0.42303
   0.353818
    2.95457
  0.0402263
    8.77375
   0.030964
   0.335693
   0.173179
    1.65402
    2.54654
    4.46511
   0.151564
    2.35155
   0.777642
   0.293731
     0.6556
    21.0403
   0.442389
   0.649953
   0.226793
    4.03305
    81.1983
   0.084946
   0.339151
     1.8659
   0.363288
 0.00413256
   0.110452
    27.5116
    10.5181
    15.6442
  0.0385003
   0.746301
    2.36863
   0.641853
   0.655336
    0.89714
   0.758174
   0.364417
    1.24742
    10.8991
   0.261183
    0.73919
    5.11747
    5.89915
    1.60471
   0.292033
    30.9585
    2.60561
  0.0145496
    7.11439
    4.93629
   0.153797
    18.7656
   0.221553
    16.7943
    6.70685
   0.253852
    1.12963
     2.5976
    2.80323
    3.68345
   0.132057
     1.1883
    2.60229
    1.69172
    2.28481
    3.97827
    1.75872
    5.53276
    6.04093
     1.2407
   0.312207
    5.88791
    10.0341
    3.32744
    10.1067
   0.498599
   0.978683
    59.4316
     6.4039
   0.058242
    1.09994
  0.0381456
    12.7694
   0.134128
    9.72467
   0.194454
   0.415787
   0.811969
    11.8166
   0.420466
   0.728848
   0.992894
   0.346184
    1.07791
    2.39367
    3.86294
    2.52801
    5.35738
    10.1354
    2.07467
    1.96505
    1.31778
    8.44531
    174.014
    2.62517
   0.780465
    1.12938
   0.513034
     1.4134
   0.155035
   0.568429
    3.35779
    3.44296
    1.76814
    2.42336
    15.2466
     1.2314
     1.7981
   0.154913
    10.5878
    12.3421
    18.7411
    2.82747
    1.37847
     6.7618
    1.08755
  0.0099268
  0.0785023
   0.456204
    1.10261
   0.534027
    12.7416
   0.734317
   0.360785
   0.107959
     1.0093
    1.56686
     0.6218
       8.03
  0.0872902
    1.18054
    3.94115
    11.8144
    7.47355
    1.46161
  0.0315405
  0.0159513
  0.0900297
     5.2649
    3.06349
   0.927028
     1.5935
    1.09422
    11.2786
   0.411336
    5.65241
    5.48784
    2.05743
    17.8466
      0.547
    1.53024
  0.0470224
    3.62581
    3.95431
  0.0748693
    1.37144
    4.37176
   0.903737
    869.781
   0.244291
    1.20073
   0.493688
    7.73116
    1.07332
   0.731539
     14.845
   0.239843
    4.84331
    83.0738
    15.3176
   0.780918
    1.48892
    11.2037
   0.425052
    3.15821
  0.0138666
   0.187656
    1.48104
    2.62714
    1.21319
   0.797054
   0.275656
    5.68637
   0.938625
    1.78068
   0.132493
   0.167888
    1.35101
    2.11801
    11.2658
   0.648413
  0.0190183
    10.8751
  0.0799672
    2.69821
    2.37503
    1.27491
   0.152098
    15.0674
    5.42756
    1.52931
   0.475828
    8.78404
   0.255633
   0.448273
   0.304804
   0.835931
    1.87154
    169.495
    2.18855
  0.0352811
    23.2464
    10.6154
    75.3425
     1.2834
    2.93555
    12.3777
    24.9664
   0.215185
   0.117802
  0.0431459
   0.750539
  0.0392804
    2.21495
    4.21199
   0.597891
   0.478452
   0.168196
    2.50201
    1.53679
    14.8434
   0.347611
    11.0617
  0.0113636
    2.08952
    1.09437
   0.578059
    1.06284
    0.69551
    1.48349
 0.00784604
    10.4195
    1.53813
    1.15892
   0.172197
   0.866569
    1.73084
    3.52111
   0.133237
    1.24577
   0.985623
     4.4374
     3.9454
   0.848071
   0.938173
    1.81948
    5.29463
   0.424134
    594.515
    6.36726
   0.804888
    3.88689
    6.89673
   0.403533
   0.429366
   0.383248
   0.266611
   0.271269
   0.323915
     1.4128
   0.861379
     1.2302
    9.16774
    17.9762
   0.341004
    12.6318
   0.681983
    1.10309
  0.0961296
     4.5079
    8.05949
    4.40153
   0.510491
   0.191486
     2.0155
   0.582348
    2.16346
    3.51312
    2.48784
    10.0384
    7.70539
   0.956863
   0.277303
    1.61955
   0.185681
    7.29958
   0.503026
    23.7745
   0.313754
   0.251347
    19.9302
   0.113698
   0.445111
   0.778357
    83.1938
   0.538625
    1.66367
    10.3129
   0.246178
   0.524068
   0.209208
    2.29657
    4.81195
   0.536304
    4.19293
   0.253283
   0.060944
    6.54732
    1.96535
     2.1058
 0.00320624
   0.342849
     4.2053
    1.01646
    7.15466
    10.1355
    1.01883
    8.55056
    1.64068
    0.10684
    1.64971
  0.0383217
    3.76369
   0.109363
   0.827436
   0.121348
   0.442772
    4.60928
    6.27121
       1.41
  0.0574075
    8.58286
    1.35082
  0.0132199
    6.24403
   0.733622
   0.893272
    6.47868
   0.243488
   0.315796
  0.0936227
   0.203417
    1.45151
    3.55563
   0.440104
   0.300009
    1.74816
   0.559124
    3.07474
   0.387179
    4.44661
    8.25656
   0.244563
    4.56981
    4.58506
    2.70913
   0.113062
   0.146903
    2.90338
     5.4292
    5.15236
   0.496994
  0.0723497
    1.36889
   0.968782
   0.220109
    36.3366
    1.60298
  0.0608484
    1.32234
   0.115412
    2.42346
   0.277505
   0.216954
   0.357294
    16.3096
  0.0622221
   0.754916
    1.43247
    5.34555
   0.101056
    1.78134
    88.5011
   0.414018
    17.4382
   0.576471
     4.3605
   0.251132
     4.4363
   0.365956
    26.2398
    11.1049
   0.528993
    2.29629
    6.98844
   0.365592
    1.61934
    2.94381
    2.17689
    4.51457
    1.12801
   0.116332
  0.0121426
    1.04423
   0.244287
    2.55756
    0.24096
  0.0375487
    6.08133
  0.0124302
   0.320264
    6.13552
    10.1206
    1.60078
   0.568469
  0.0928395
   0.639541
    4.77329
   0.896822
    1.77359
     3.5461
   0.254364
    12.7508
    5.07822
   0.859918
   0.089443
    1.32543
    40.0115
  0.0076784
    1.62289
    4.90162
    1.81845
   0.529028
  0.0572586
    2.81847
    1.63819
   0.864821
   0.129646
    4.17203
    1.00493
   0.418006
    28.3871
   0.154901
   0.122516
   0.454338
    3.75986
    4.11037
   0.405659
   0.364259
    1.36659
    4.25155
    3.18375
    4.57695
    1.66605
    13.1625
    2.05718
   0.908961
    3.52103
   0.024837
    3.93077
   0.492002
    2.76586
    1.34217
    387.968
   0.137892
    1.93104
    9.63246
    0.35089
   0.204199
    3.86885
    0.30204
    1.29271
   0.392195
     33.496
    2.81112
    1.35426
   0.224561
    5.84861
    1.82339
    1.80448
    2.33248
    4.62042
     1.8055
    1.95433
    4.32836
    10.7947
    6.40632
    15.7075
   0.339024
    1.88334
  0.0224138
    2.05462
    5.65775
  0.0491413
   0.955107
    2.07946
    2.48477
   0.321228
  0.0445827
  0.0154939
  0.0817222
   0.805561
    3.23781
   0.190893
    2.66282
   0.306715
   0.530207
    1.32177
   0.566974
    1.45168
   0.072218
  0.0506923
    4.69162
     0.3063
   0.463653
    10.2385
    1.86239
    5.76132
    4.79803
   0.303218
    3.14927
  0.0924381
   0.904497
    1.93136
    2.58291
    1.75198
  0.0453875
    1.54077
   0.177124
   0.363607
   0.107083
   0.136244
   0.127554
    0.10415
    3.67805
  0.0713283
    4.38899
   0.700161
    2.98893
   0.132917
    8.45242
    3.40037
    4.55993
   0.501311
   0.112079
   0.453266
    0.12499
   0.472742
    11.1421
    2.26959
    2.72823
  0.0844884
    1.43501
   0.556557
   0.113588
    2.00799
    3.69566
   0.651722
     3.4269
     4.9882
  0.0607378
 0.00256211
   0.762398
    2.09799
   0.387471
    2.41926
  0.0899067
    2.67365
    2.06013
    1.19226
    0.51318
   0.700195
  0.0435592
    1.95195
    20.9948
    15.8922
     4.3784
    4.39478
    2.60273
    5.93521
    3.33193
    4.19608
   0.651163
     1.3059
    3.15333
    1.17029
    5.59372
   0.705951
    5.16951
   0.974837
    3.26313
   0.386833
    0.42196
     1.1622
    1.33803
    1.68819
    25.2338
   0.213667
   0.745191
    1.69996
    5.60483
    9.19541
   0.694124
    2.22897
    2.85971
   0.742211
    1.97625
     5.7034
    11.8654
   0.702657
   0.633913
   0.309465
    1.65653
   0.735237
    4.27902
  0.0184691
    7.08126
    2.26971
   0.674322
    4.13961
   0.074564
  0.0596728
   0.489937
   0.147006
    0.31101
    3.12887
   0.638457
    1.20015
    1.73196
   0.940365
    2.63978
    0.48056
   0.579002
   0.414465
  0.0876401
   0.527993
    5.66884
    1.09889
     2.9039
    0.10341
    1.08238
    9.18745
   0.546552
    1.05485
    2.53266
  0.0543076
   0.266485
    8.99612
    11.6876
    1.63918
    1.70627
    7.63141
     2.6952
    4.31995
    1.12017
    3.64952
   0.797402
   0.126443
     1.5843
   0.729074
   0.127742
   0.343828
    1.02564
    2.98522
   0.405763
  0.0206995
  0.0783256
 0.00793712
   0.173023
   0.452719
    18.0698
   0.078157
   0.419862
   0.427594
   0.277247
   0.643495
    5.77674
     19.194
    11.5157
    3.14639
   0.176883
    6.83979
    11.4106
    1.77586
   0.127148
    8.02915
    2.79112
   0.131364
    8.58267
   0.344385
   0.690849
    1.73236
     2.2142
     1.9397
  0.0144556
    2.11937
   0.237188
   0.481378
    1.62767
   0.802047
    1.21968
    2.49512
    3.99579
   0.870384
   0.644322
   0.903423
    5.59515
   0.860296
   0.285512
   0.403464
    4.51079
   0.593124
  0.0954944
     4.6896
    4.99968
   0.653467
   0.760106
    1.94551
  0.0293215
    0.18412
    6.76257
       2.52
    4.16906
   0.863081
   0.503023
    0.21671
    1.20089
      3.207
    9.33569
    1.71136
    3.85579
   0.406583
     2.1017
  0.0582821
  0.0550382
   0.160721
   0.515104
    2.68104
    7.44022
    4.46843
    0.18114
    5.62984
   0.855551
    7.55019
    26.6409
    3.15404
     1.1857
    1.16341
    2.90566
   0.714715
    3.81632
   0.756693
   0.822671
    3.72846
     1.0787
    1.38893
   0.435466
    10.5447
  0.0745475
  0.0587485
    100.802
    3.69931
    2.60033
   0.579296
     1.7752
    1.46523
    1.67318
   0.096466
    0.41623
   0.857434
    3.45407
    5.22286
    3.58151
    3.03997
   0.157588
   0.198798
 0.00184127
    10.7474
    2.12224
  0.0611004
   0.312559
   0.589234
    0.81338
   0.354995
    3.62656
     10.304
   0.185505
    4.99074
     6.6953
    7.38402
   0.112762
    22.2022
    1.19393
   0.129933
   0.170503
    0.18556
    1.69416
   0.607738
    10.3958
    3.03859
  0.0244423
   0.113946
    0.16418
    1.34703
    1.60526
    7.18175
    3.86378
    4.21255
   0.251637
   0.525253
     2.0518
    2.86843
    0.87504
   0.292805
    2.10321
   0.656015
    1.57057
   0.115313
    3.20813
    1.26416
   0.631708
    1.59771
   0.569755
  0.0740726
  0.0345518
  0.0261297
   0.269775
    9.91636
    1.05463
    3.63728
   0.734262
  0.0235871
    0.29973
    2.05639
    2.93629
   0.571646
    3.14953
    5.07614
    0.60086
   0.676871
   0.399448
   0.816563
    5.78814
    14.2541
  0.0777231
   0.755983
    8.71531
   0.263487
    1.66805
  0.0109141
  0.0689124
    2.86289
   0.140673
   0.170409
  0.0613383
   0.157838
 0.00611621
    0.25207
    17.5045
   0.603661
   0.434146
    1.42134
    1.41875
    6.95485
    1.99985
    3.19485
    5.51243
  0.0248218
  0.0385404
   0.390576
   0.696973
   0.505594
   0.938974
   0.107657
     7.0732
    2.29605
    17.1919
   0.374621
 0.00304074
   0.283106
   0.580945
   0.553414
    1.58827
   0.143024
    8.09516
   0.912934
   0.769983
    4.49627
   0.126044
  0.0877816
    0.11865
  0.0486064
    2.27469
   0.280052
    1.17012
    3.39069
    2.51956
  0.0105523
    4.88727
     2.4867
   0.623617
    4.19059
    1.86129
    20.0928
     1.7747
   0.780988
    6.35512
    3.83646
    1.87827
   0.585031
   0.016568
    1.59612
    19.1304
    3.91642
   0.147982
   0.403047
   0.113449
   0.257786
   0.840391
    4.23671
   0.214294
    1.15124
    1.55044
   0.878552
   0.246342
   0.463581
    28.4859
    1.02027
    2.84321
    1.31155
    9.84422
   0.294898
   0.439174
   0.229162
    4.23475
   0.394299
   0.124442
    1.30017
   0.494909
     3.1592
   0.220826
    4.05407
   0.652051
    3.44816
   0.235926
    4.19049
    3.60942
   0.202836
   0.170585
    7.35161
    1.25694
    3.14802
   0.741098
    12.3588
    2.07103
    9.12074
   0.958277
    1.36338
    2.16529
    4.66081
    0.98561
 0.00509381
    1.99541
   0.765128
    37.9297
    3.67935
    6.41047
  0.0718352
    3.06803
    6.03464
   0.224261
    1.63085
   0.446115
    3.36647
   0.136258
   0.100515
  0.0220013
   0.227344
   0.195575
   0.251768
    10.0043
   0.211128
     1.0538
   0.362241
    6.99514
    1.98759
   0.989147
  0.0769775
   0.402312
    7.00223
    1.05865
   0.837842
  0.0346155
   0.980217
    5.09175
  0.0520797
    3.12559
    2.24658
    1.52456
    1.00204
   0.282079
    2.52533
   0.163178
   0.295424
  0.0285014
    2.45655
   0.321155
   0.842595
     431.57
    2.46001
   0.658059
    6.72806
    3.33097
    3.42117
    1.59467
   0.635407
   0.935661
   0.686657
    1.13282
   0.155411
    3.60982
    2.87706
    5.38069
    2.69236
    0.14763
    23.8729
    2.89587
  0.0878256
    4.93871
  0.0945391
    15.8771
   0.232534
    2.78845
     8.0492
   0.157862
    22.5212
    1.42973
    3.41194
    4.67701
   0.405114
   0.553101
    4.71315
    3.73318
   0.171161
   0.245584
   0.120687
  0.0249205
    10.4452
   0.360706
   0.123175
    3.01387
   0.492116
   0.833249
   0.114051
   0.954123
    3.25349
    2.45758
    1.46087
   0.508921
    6.02648
 0.00996382
   0.340531
    0.54714
   0.357119
    6.80481
    49.1289
   0.564589
    5.55982
    0.54475
    104.109
    4.16059
    1.33978
   0.278518
   0.560692
    1.79245
    2.61362
   0.787968
     4.2849
   0.891871
    1.14831
    2.70555
   0.158939
   0.263746
   0.397704
    2.22999
    3.74021
    10.0783
    5.07445
    3.33501
    2.65227
     1.2568
   0.516205
    1.67784
    5.65295
   0.133271
   0.532096
    17.6606
   0.369547
    1.50097
    1.08013
   0.453731
    0.49106
    4.52045
   0.137072
   0.736507
    2.23738
    2.45848
   0.256369
     63.045
    3.16239
   0.720309
    1.61759
    4.79963
  0.0849018
   0.376006
   0.170501
    7.53411
    1.03459
   0.803763
    1.22649
    1.32375
   0.133042
    4.25664
   0.975147
    2.62236
   0.117762
  0.0137733
  0.0273407
    1.99487
    1.33025
   0.632506
     1.1534
   0.331069
   0.276425
   0.417982
    1.48485
    5.49294
    0.11634
    1.34045
    3.21828
   0.236412
    2.57798
    7.72795
    2.71051
    13.0203
   0.189048
    2.04338
   0.278074
    1.05089
    4.84378
    1.18273
  0.0834535
  0.0625996
    1.70743
   0.436785
  0.0910531
    4.65656
   0.946402
    1.37697
    4.72223
    3.04748
    3.22642
    7.81954
    4.47441
    14.9864
    1.43277
  0.0596644
   0.498382
    3.08011
    1.18612
  0.0722937
   0.413461
     3.5946
    2.68157
    3.93733
    2.71956
   0.759801
   0.303779
    2.28797
   0.209193
  0.0638577
    8.50651
   0.154423
   0.112698
    7.27398
   0.136152
  0.0588086
    2.32771
    1.07049
     14.295
    4.30357
   0.317019
    4.73667
    2.77845
   0.838896
   0.414662
   0.172535
    5.28329
    2.06677
    13.5769
    1.76194
   0.209967
   0.361097
    20.1491
  0.0149098
    0.41889
   0.228028
    1.08547
   0.815038
    7.57266
    10.0246
   0.616277
  0.0963258
 0.00570623
   0.971979
    0.39159
    2.06639
     60.938
    1.43874
    1.74552
   0.152768
    8.38296
    1.69524
   0.649083
   0.538525
    2.88624
   0.893978
    1.11049
    14.1273
    2.43033
   0.155521
  0.0512111
   0.663275
    2.36668
   0.692339
    0.89568
    2.42769
    1.30725
   0.629838
    2.32957
    4.24745
    6.71962
   0.431233
    74.0736
    2.10836
     3.4691
   0.446879
    2.01977
   0.561072
    1.64427
    2.38015
   0.577112
    1.90189
    3.39826
     2.0145
 0.00606733
  0.0068944
    2.17116
   0.026613
    1.07555
   0.641302
    1.97161
   0.136352
   0.588254
     1.1006
   0.218576
    4.53926
   0.309319
   0.998789
   0.835839
     5.8581
     1.5655
    1.44012
    5.49828
   0.827763
    1.21465
     4.0181
    1.68373
    3.86771
  0.0310028
    61.7848
      2.425
   0.851206
    5.05674
    1.51275
    0.57934
   0.545453
   0.780739
    0.25104
    1.46472
    0.24933
   0.591511
    10.2243
   0.624934
    6.71487
    2.13011
   0.462674
   0.045008
   0.307977
    0.17428
    1.58694
    1.59103
   0.268403
   0.243188
    0.15978
    11.5282
   0.104019
    1.02289
   0.738104
   0.889899
    2.80478
    0.24039
    13.8831
   0.739409
   0.279713
   0.128609
    9.50363
    6.04533
    1.05084
   0.314333
    2.71613
   0.781494
   0.310754
    1.29994
   0.266686
    3.79447
    0.11611
   0.914019
    0.45444
    18.5694
   0.618397
   0.560579
     1.6258
    5.52277
   0.488396
    3.32839
   0.247719
    26.4891
    1.33401
    2.96405
    13.5299
    5.20347
    1.98319
    2.01713
   0.589867
   0.933481
    0.20226
   0.462536
    1.78725
     2.8146
      6.225
    4.41925
  0.0814937
    1.28019
    1.04831
    50.9941
    3.13223
    0.23643
  0.0831302
    1.23025
     1.2898
    0.74741
    4.06594
   0.232099
    1.27416
    1.72231
   0.064079
   0.810229
   0.319543
    1.17121
    1.17889
   0.117641
    1.57164
  0.0638822
   0.196569
    4.53927
    2.07493
    0.22596
   0.356968
   0.146499
    8.44374
   0.177783
    608.956
    4.82884
    1.56359
   0.315534
    2.94278
   0.242507
    4.54037
   0.550181
  0.0327152
  0.0675214
    2.42574
    9.69839
   0.101366
   0.275897
   0.109687
    0.98101
    1.70242
    32.1725
    1.33592
   0.475984
    15.6023
   0.415021
   0.415957
   0.299536
    40.8073
    1.26125
    3.84811
    1.08915
   0.235851
    21.0317
    1.42694
   0.975563
    1.93134
   0.296681
  0.0199234
    2.57807
   0.814487
  0.0629334
 0.00718653
    1.04365
    2.61071
    12.2412
   0.876409
   0.494462
   0.343489
    10.0628
    24.9467
    3.87289
  0.0384825
    1.86226
    0.22023
    132.316
    4.14792
    2.77643
    3.17443
    1.76366
    0.33375
     4.2519
    4.10561
   0.374647
    1.72872
   0.516935
    1.77719
    7.36008
    1.65403
  0.0121108
    3.60721
   0.239428
    5.32921
  0.0999823
    11.5292
   0.390118
    10.1627
    18.5147
    3.30559
    530.811
   0.298109
    2.32956
    2.70393
    1.72788
     2.8804
     2.2249
   0.324329
   0.521759
    7.77258
     1.7114
   0.210247
   0.658047
   0.755762
   0.691571
   0.162703
   0.872683
    5.86556
   0.123585
    20.7679
   0.996964
    1.27708
   0.584763
   0.212689
    19.2862
   0.251353
    2.11489
   0.520879
     1.5473
    9.11009
     1.3356
    16.3142
  0.0228313
    3.23011
   0.951609
   0.845471
    13.1033
   0.162927
   0.928159
    1.91804
    3.06393
  0.0477082
    2.45547
    6.23281
   0.129733
    4.40818
    0.41222
    3.66322
    1.10311
    1.00821
    5.06897
 0.00691879
   0.780538
    8.73434
  0.0985217
    0.15644
    10.5451
   0.462949
   0.246941
     9.9571
    16.8849
    3.06173
    6.69042
    1.31843
    1.27588
    2.51487
    1.24343
    5.48377
    1.42463
    2.82387
    3.05351
    3.48581
    11.2995
     1.8642
    10.0592
    1.39268
   0.421318
   0.412888
    2.93816
  0.0803713
   0.551464
    0.48521
    1.13113
    1.01263
    1.91924
    19.3643
   0.211337
    1.39317
   0.772516
   0.745764
   0.673022
    2.30415
    2.02633
  0.0611144
    12.6389
    1.95425
     3.0961
     2.6625
    5.55444
  0.0809702
   0.198164
    1.67589
     1.1746
    2.43188
   0.923876
   0.443019
    0.17797
    1.58665
    1.26875
  0.0446096
    3.28551
   0.601194
    4.46351
    2.61525
   0.241576
   0.395857
    0.81753
   0.505356
    4.42379
  0.0272529
    7.64265
    12.2447
    8.47042
   0.261749
   0.121182
    1.06053
   0.429938
   0.578477
    3.01196
   0.683481
    1.35682
    9.52021
    5.82115
  0.0151902
    10.2492
   0.268198
   0.363458
    3.09209
   0.201171
   0.190552
   0.989475
   0.310014
    2.16886
 0.00710105
    51.6465
     4.0576
    1.00596
    1.32026
   0.802245
   0.551297
   0.419845
   0.382224
    3.15929
    1.51039
    8.20748
   0.631763
    2.88319
    1.30103
    2.02326
   0.246117
    4.16074
    0.61063
   0.949286
    3.76455
    2.19389
   0.358861
   0.706777
   0.774737
    0.70078
   0.408954
   0.428657
     7.5951
    3.67668
   0.492194
     2.9761
    5.64654
    7.27178
    7.42104
  0.0645791
    1.35955
    2.60905
   0.548778
    3.31481
   0.819183
    1.51988
    1.21598
    4.13361
   0.634473
    3.01691
   0.260605
    2.27146
    0.33723
   0.828891
   0.379926
    1.74069
      3.317
    1.19674
   0.527639
  0.0951983
    1.02951
  0.0811353
    10.8036
    1.57467
   0.804135
    1.68079
    1.34316
    1.68895
  0.0480682
    5.73643
  0.0897184
   0.715077
   0.533945
    3.32937
    3.76778
    1.75059
  0.0826241
    7.25618
   0.285551
    7.11326
  0.0218613
   0.471498
    0.82035
     2.6292
    2.33419
    4.65978
    3.03585
   0.412246
    1.82527
    3.86355
   0.234463
    1.50579
  0.0811769
    8.79216
    1.15483
   0.988408
    36.2685
   0.305348
   0.926698
    17.6939
   0.341709
   0.807448
    3.08274
    1.66306
    1.05818
   0.737503
    1.51996
   0.144799
   0.333282
    24.2771
   0.348044
    2.20672
     6.4326
   0.403843
    1.21079
    4.25915
   0.866943
   0.123099
    2.63202
    1.68037
    7.41919
    2.94266
    0.91719
   0.285917
   0.348813
   0.311432
    1.01647
  0.0564091
  0.0364524
    0.76534
   0.379103
    6.60802
    8.19582
   0.361475
    0.10638
   0.443015
    7.05656
    21.4662
   0.399197
    6.10031
    4.70312
   0.182401
    1.05105
  0.0785762
    1.92941
    2.23138
   0.129165
   0.628694
    1.66241
    1.28707
    1.50563
     2.1878
   0.226661
   0.895506
   0.230471
  0.0960788
   0.187658
    2.55683
    1.16345
   0.875056
    1.02409
  0.0344807
    5.38862
    8.62978
   0.655188
    11.1742
    2.47328
   0.860933
   0.583324
    1.33501
    4.80296
    3.26055
     2.8064
   0.105618
    29.0923
     5.9854
   0.342407
    5.43835
   0.387368
    6.51915
   0.263173
    1.64471
   0.550147
    1.17891
    7.13375
  0.0242604
    3.26737
   0.977667
    5.25963
    2.39318
    0.69413
    1.45252
      17.85
   0.212968
    5.01399
    1.88338
  0.0421837
    9.00509
  0.0615755
     2.4459
     1.8785
     1.2806
    0.34575
    1.57356
  0.0310707
 0.00848486
   0.246121
   0.045415
    1.62806
  0.0322952
   0.649656
    3.18414
    1.66685
  0.0326886
  0.0788966
   0.382674
    1.82063
    1.35959
    3.99771
   0.329137
   0.438109
   0.291299
    3.00447
    0.31874
   0.635198
    1.12215
    2.94635
    1.02156
    1.62289
   0.360894
    17.6351
    1.64559
   0.153367
    2.56759
    1.30061
   0.533614
    2.59246
   0.278952
   0.343411
    1.72184
    0.32255
      10.79
   0.497418
    2.78566
     2.4275
    1.35255
    3.31204
   0.258715
   0.812016
 0.00431751
    0.13188
  0.0074502
    1.88501
   0.675032
    7.46575
   0.926434
    2.00625
   0.562485
    6.29633
     1.5921
   0.723181
   0.516223
  0.0640605
    7.10013
   0.560676
    3.54236
   0.229915
   0.308426
   0.532381
    1.19127
   0.114984
    1.96639
   0.241206
     5.7098
    77.0735
  0.0645934
   0.199367
   0.672119
    36.9828
    1.51769
    3.29922
   0.498216
   0.443463
     1.2266
    1.36084
    3.18722
    4.47087
   0.526352
    1.22124
   0.254218
    2.70045
    1.67883
   0.367402
   0.631696
   0.240452
    1.60958
    1.10589
    1.38471
   0.830708
  0.0876357
  0.0353516
   0.565968
   0.534218
    1.98598
    3.09065
  0.0531726
   0.985182
    5.41506
    2.04152
    3.38882
   0.625412
    2.82746
    15.1251
    3.15303
    3.03071
    1.45749
   0.525092
    2.31777
    2.05525
    4.16116
  0.0349045
    1.43906
    5.63141
   0.633645
     2.3669
    1.80902
    1.36182
    3.70463
    1.06311
    1.22185
    4.21701
   0.645854
     1.1165
    3.54362
    1.62885
    2.95113
   0.144453
    0.13572
  0.0483766
    14.9365
    3.40465
    2.25812
  0.0926203
    8.02348
   0.757572
    2.70934
   0.286292
   0.326352
     11.072
   0.149848
    0.09361
   0.480503
   0.221026
   0.109354
   0.338506
   0.788276
    1.16007
   0.621725
   0.433582
   0.626757
  0.0354737
  0.0391497
    15.7345
    0.61648
   0.466339
   0.680947
    3.20922
    6.48644
    3.25189
  0.0919399
    6.27444
    4.53464
     0.8691
    3.71206
    1.44765
    6.11582
   0.902367
    1.65888
    1.29709
  0.0267851
  0.0273175
    1.79177
    0.26663
   0.132661
    3.21541
   0.149506
    0.48161
    3.69588
    12.2439
    3.18105
    1.00442
     1.5779
    0.74718
   0.460007
    5.15287
    4.55709
  0.0970949
    3.57037
    9.37537
    5.31498
   0.363657
    4.21053
    11.2995
     42.752
    0.47516
    0.23244
     1.8511
    5.94925
     1.1316
   0.382107
    1.91338
    1.25115
   0.315943
     1.8039
   0.939757
   0.691471
   0.573428
    1.51842
   0.577322
    1.93327
    4.22099
     0.8199
    3.51986
   0.134383
    8.53119
    1.36442
   0.646818
    3.72783
    2.50637
    3.64363
   0.286677
     1.1974
    5.45408
   0.568881
    10.5128
  0.0116402
   0.505078
    4.42556
   0.453687
     1.1337
    1.39106
    2.46665
    4.70012
    3.47729
   0.541363
   0.973188
    3.05309
   0.910663
    4.51736
   0.900438
   0.975132
     2.0666
   0.504351
   0.101389
    9.09791
   0.166347
   0.877629
    3.43547
   0.168955
   0.249583
    2.03418
     14.089
    1.08071
  0.0245956
     1.3141
   0.693355
   0.310853
    8.84774
   0.249634
    8.05257
    1.62724
  0.0135756
   0.335216
   0.126152
    4.27729
    10.4019
     1.2872
    1.70159
   0.129479
    2.90731
    5.67751
   0.182047
   0.767168
    1.08851
    2.23635
   0.978394
    1.50756
    1.70865
   0.405282
    0.64032
    3.19829
  0.0283754
    7.06441
   0.639311
    3.45625
   0.774171
    1.90387
    2.43689
   0.334244
    1.31449
    2.99261
    2.65948
    1.62998
   0.411023
  0.0916363
   0.121927
     2.3705
    3.74407
   0.776509
    16.4042
    3.08057
    1.30927
    1.60862
   0.376013
    2.14139
   0.150115
   0.343618
    2.61807
    6.46713
   0.580501
    2.35013
    0.66015
  0.0127172
  0.0197992
    1.26129
   0.546783
  0.0185511
    1.26544
   0.461102
    11.4058
    6.06941
     2.9624
     1.2788
   0.519061
    0.89412
    0.34162
    1.08334
    1.67036
    4.15666
    2.71004
    14.7042
    2.95526
   0.533636
   0.239895
   0.353696
   0.191601
   0.988143
    2.49352
    8.22001
    1.53412
    4.16324
    1.76696
    2.56721
    1.44721
    1.09045
   0.105171
   0.589807
    8.55688
    1.01198
    6.63083
  0.0218498
      1.665
   0.278036
    3.73614
    1.04553
    2.60275
    1.64067
    1.30466
   0.401695
    2.20046
   0.538288
     9.7667
   0.160264
    1.01497
    0.30748
    1.50621
   0.745273
  0.0467736
     1.4104
    1.57259
   0.265286
   0.915879
    9.26612
    1.21184
   0.452894
    0.28522
     3.8592
  0.0362584
    9.93312
   0.127183
    1.58056
   0.404484
   0.748561
      2.342
   0.201095
    1.16947
    1.72893
    1.79175
  0.0752909
   0.858166
     0.6503
    1.36355
   0.181869
     3.2397
   0.430553
    2.69159
   0.481927
   0.400466
   0.792268
    5.60185
    1.64865
   0.656863
    9.81077
    9.19053
   0.150034
   0.465363
    2.75188
  0.0643494
     6.3559
   0.307357
    2.65165
    2.21779
  0.0513654
    3.37954
   0.219866
    2.26363
    7.19128
   0.290527
    3.88406
   0.539451
   0.208649
    8.53067
   0.605076
    1.25019
   0.332717
   0.380037
    5.27254
    4.41196
   0.302243
   0.412184
    3.53882
    1.59893
   0.924895
   0.591931
    1.44126
    1.43241
   0.428647
  0.0836498
    2.32812
    1.46173
   0.128357
    1.37881
   0.397786
  0.0887246
    1.40736
    2.31074
    1.12406
   0.332231
   0.219186
   0.309324
    2.19439
   0.768723
   0.573647
    2.32709
   0.734328
    1.21185
   0.140896
    2.17537
     1.6079
  0.0373447
    1.21906
    9.34085
    5.41436
    5.77236
    1.18237
  0.0114973
    0.46593
   0.194605
  0.0415989
  0.0337012
  0.0287223
  0.0626352
    1.51399
    1.90784
    1.94091
  0.0302326
  0.0296225
  0.0463212
  0.0686797
  0.0281284
  0.0195436
 0.00901601
    1.58297
    1.72612
    4.60611
    4.06247
    3.43645
   0.500669
    8.09672
    3.13448
   0.609245
   0.582247
    1.19217
   0.120397
    1.04489
    2.78873
   0.982192
   0.569811
   0.781939
    2.80648
    1.44224
   0.352651
    2.02834
   0.223056
    15.1467
  0.0375126
     7.5951
    3.10617
    1.22386
    1.28497
    2.25122
    3.17543
   0.830574
    0.36654
   0.253999
     2.1584
  0.0214238
   0.235459
   0.141513
    4.31689
   0.200341
   0.535778
    2.65713
    3.63892
    2.12046
    644.304
    5.58557
    7.16403
    1.49832
    1.01913
    2.18445
   0.707338
   0.271224
    2.63413
    1.31888
   0.539752
    1.46876
    6.38578
    6.74946
   0.501969
   0.481942
    5.06544
    2.14354
   0.962465
    2.75662
    10.6968
   0.370318
    3.26447
    8.39746
    1.99421
   0.159282
    1.50542
    4.71003
    0.18121
   0.066489
    0.28735
   0.430074
   0.211063
    7.78486
    3.41677
    3.51795
    3.92698
   0.141622
    19.7882
   0.131879
   0.106556
    2.85532
    1.29247
     1.7226
    1.30792
    3.96539
    1.55708
  0.0759047
  0.0933748
    0.88218
   0.640001
   0.563018
   0.599628
     43.135
   0.660964
    37.2939
    1.01598
    2.42073
  0.0398339
    1.75254
   0.246088
    8.36206
   0.128256
   0.425412
   0.339258
   0.196912
    1.82594
   0.500135
    1.14971
    4.34133
    17.8708
   0.829723
    1.17374
     2.6417
    1.57514
   0.338361
    1.23748
    1.44435
    4.64457
  0.0168435
    2.74235
    1.37058
   0.654473
   0.810203
   0.600889
    1.62746
    1.18622
    83.3865
    1.58733
   0.809424
  0.0305564
    1.18289
     1.8734
   0.957761
    0.24219
    1.74585
    3.43816
   0.595689
   0.567929
   0.868117
    6.88239
    1.07196
    1.79497
    2.85713
    1.26377
    3.10645
   0.360943
   0.625224
     1.2905
    4.18975
    1.43394
    4.01956
   0.258652
    1.02193
   0.751857
    1.61305
   0.313694
   0.936905
    2.89983
    1.66358
    1.27979
    2.92817
    0.29407
  0.0377298
    1.69388
    2.33971
   0.744413
    1.34444
    1.20208
   0.174647
    11.9203
    1.74412
    0.06023
  0.0195303
    1.27228
   0.281661
    1.20778
    2.26631
   0.261371
  0.0238014
    2.74758
   0.632378
   0.484304
    2.94661
   0.213466
   0.654574
    1.04029
   0.531449
    1.57099
   0.394792
    5.70921
     3.2822
  0.0971365
  0.0281916
  0.0533547
    1.63834
   0.728826
   0.159815
    8.14027
    6.83835
   0.611883
    1.44671
    1.78022
   0.784911
    4.57204
    3.45049
    2.83647
    0.50551
   0.413855
    2.39352
   0.850812
   0.735736
    2.63837
    1.15035
   0.121122
    7.21663
   0.807542
    2.36467
    1.38986
   0.405073
    0.73069
    4.77938
    2.67926
   0.654148
    2.33185
   0.146343
   0.164879
    8.19395
    1.08031
   0.859439
   0.392408
    2.39663
    8.40818
    1.86435
   0.545692
  0.0624501
   0.800832
   0.671285
   0.670841
   0.351102
   0.318789
    2.77767
      1.019
   0.240467
    2.80026
   0.422962
    0.44361
    8.37414
    0.64972
    2.04018
  0.0539126
   0.187353
     0.5007
     3.6854
   0.267501
   0.176166
    1.41119
     1.6805
    57.6904
     1.1895
    2.46486
  0.0905104
    5.20141
   0.215014
    4.69715
    10.4456
   0.669076
   0.276422
    2.05233
    26.8985
    17.1189
 0.00727121
    3.08664
    2.14479
    12.1614
   0.537344
    2.02432
    2.14798
    1.07869
    7.27225
   0.117824
     2.4334
    8.14303
   0.699664
 0.00811559
    1.16334
    2.06571
    2.59771
     2.3673
    1.18636
   0.145704
    1.79364
    3.23427
    2.10989
    9.17642
   0.174957
    1.51562
    2.33186
    2.38384
  0.0641338
    1.20643
   0.104511
   0.915366
   0.382594
   0.147768
    1.33284
     6.6893
   0.173478
   0.349708
    9.26107
     3.3716
    6.80374
   0.927913
    1.65485
   0.969938
   0.196931
    3.24231
    3.03919
    1.02777
    1.46909
  0.0463233
   0.519114
    2.22936
   0.637696
    19.5904
    3.85762
    3.29721
    3.15268
   0.746782
    4.96624
   0.691044
    1.10118
    2.93783
    3.83736
  0.0195947
   0.984509
    0.98265
    2.67002
   0.781927
    1.34655
    1.78249
    1.49526
   0.618718
    8.65626
    1.81768
   0.600714
    3.41715
     4.2755
    4.02086
    2.13708
   0.199559
    2.80699
    1.29309
   0.913467
  0.0649349
  0.0317212
    1.63122
    1.71359
    1.36425
    2.29525
   0.959736
     3.3044
    1.99868
    2.01766
   0.106319
    1.23118
   0.485548
   0.160463
    1.13603
    0.34934
  0.0263754
    3.56911
    4.70641
   0.330898
    1.11782
    3.86757
    3.39774
    2.94138
    2.34615
    1.95096
     5.4616
   0.292335
   0.174506
    2.50825
   0.281777
  0.0464539
    1.64116
   0.393814
    1.48626
    3.76186
   0.479877
    5.83532
    2.76609
   0.196129
  0.0275826
   0.220117
   0.530552
    0.27368
   0.945724
  0.0278908
   0.327001
    17.8762
   0.321856
     1.2258
    1.31656
   0.637448
    3.05003
    3.56699
    0.34433
    1.24638
   0.980794
    1.68361
    1.22006
    1.99662
   0.687692
   0.337463
   0.271368
   0.611605
    1.50028
    3.38226
    1.00672
   0.801846
    4.40374
   0.177719
       9.11
    3.12297
    2.29817
    5.42195
     3.1373
   0.872243
   0.301031
  0.0303303
    2.89674
     3.1185
    0.67204
    5.04299
    1.77773
    30.6626
   0.215545
    8.63335
   0.827841
   0.377226
    2.78743
    5.03525
   0.100829
   0.771917
    1.58742
    2.64236
   0.537782
   0.408884
   0.693248
   0.158317
    2.21993
    2.43172
    1.54835
     1.2493
    4.46666
     3.9156
  0.0217233
   0.789027
    2.08416
    4.11463
   0.454449
    4.17443
    9.22578
   0.506634
    1.04074
    1.13003
   0.213333
    1.36986
   0.111187
    0.26824
    0.80802
  0.0790036
   0.701105
   0.514179
    1.50493
    5.66679
   0.721916
   0.147275
    9.04498
    2.47025
  0.0172506
   0.841975
    1.26515
   0.942922
    3.43565
    1.41681
   0.959888
     4.1589
    5.46967
    1.91335
    1.07676
  0.0744615
     3.1547
    1.43706
    1.23655
   0.140712
    1.42457
    9.60352
    1.03541
   0.276128
   0.848072
    2.03543
    4.41675
     0.3385
  0.0127643
     5.3639
    0.31531
    0.76906
    18.2037
    3.85392
   0.291591
    1.63839
    1.14112
    1.68426
   0.821526
    7.84075
   0.884242
    6.04201
    4.36129
    2.00763
    2.57791
     5.9127
    1.89561
  0.0435254
   0.959112
    0.94002
    2.90307
   0.219084
     1.3719
    1.48402
   0.760291
    1.93301
   0.923367
    0.36819
    2.06955
  0.0473509
  0.0453763
   0.472763
   0.123626
   0.108181
   0.333621
    6.38195
   0.813139
   0.735142
    0.76127
     2.1028
    2.08457
   0.511372
    1.85271
     5.3659
   0.709273
    1.71402
    1.13055
    1.18784
     2.6408
   0.689632
   0.174808
    5.93068
     3.7144
    3.56102
    1.73479
    5.83146
   0.740398
    8.62248
    8.85379
    2.09383
    2.61301
   0.482677
    3.62237
   0.393394
   0.332739
    4.78131
    4.83981
    1.07306
   0.415071
   0.906473
    2.33835
    1.22178
    5.43836
   0.444614
   0.262628
  0.0104279
   0.431083
   0.638887
    1.94585
    4.74354
    2.04172
   0.111606
    1.91529
     2.3561
   0.185344
    1.07261
    1.34516
   0.567944
    10.8261
    1.40061
    4.20172
   0.693666
    9.56972
   0.929491
    5.56544
    4.99697
  0.0768862
    1.03717
    1.70993
  0.0629391
  0.0839272
   0.503126
    7.20351
    71.2442
 0.00810019
    1.55931
   0.164202
    1.52015
     5.0549
    3.05824
    0.46073
    1.94366
   0.475257
    1.25788
   0.918613
     1.3755
    3.99646
   0.773877
   0.618881
    1.23415
   0.025776
   0.621275
    1.52981
    6.26503
    2.30624
    1.94754
    2.75773
    1.70745
    1.24999
    1.58971
    4.22047
    3.45379
   0.452274
    1.24062
     0.7088
    1.64213
   0.594856
    1.29727
   0.719535
    2.14442
    3.23866
   0.240864
    2.23008
    3.10207
   0.978652
    2.87022
   0.495445
    1.18791
    3.76268
   0.010225
  0.0261203
    2.73676
     0.8482
    3.69798
   0.544469
   0.791797
    2.07845
    0.62374
     1.8181
    2.69269
    2.66196
    12.4424
    1.18103
   0.432856
   0.914083
    1.34996
    3.59543
    1.31499
   0.643944
     2.4175
    5.59816
    2.00576
    6.88905
    1.62902
  0.0663332
    8.57258
    2.02352
    1.49207
    3.12918
    1.51892
    1.98699
   0.418271
    1.48811
    0.24939
   0.851975
   0.847809
     5.2224
     2.4875
   0.876962
    1.00122
   0.442512
   0.713124
    2.19568
    4.17086
     1.1998
   0.363957
   0.732495
   0.317204
    1.46453
   0.633205
   0.957453
      5.351
  0.0196184
    6.14003
    1.13436
    1.11629
    4.12955
   0.204834
    1.80821
    11.0792
    0.43353
    5.29061
    6.07558
   0.661555
    3.42157
   0.513453
    2.06725
    1.24764
  0.0677011
  0.0631399
   0.850481
    1.58257
    3.22703
    1.27842
   0.999049
    1.51868
    0.37275
    1.23988
     1.8031
  0.0272337
   0.718597
    2.53529
    1.16287
   0.472655
   0.661986
    4.06566
    1.08577
    2.99188
   0.456549
    2.87309
   0.612995
    0.83343
    3.38744
   0.986086
    9.92027
    1.85987
    2.42811
    1.49569
    1.69674
    6.03488
    1.31101
    15.4932
    2.63107
    18.4949
    2.29893
   0.418028
    1.07608
   0.892062
   0.539589
   0.218465
    3.55904
    11.4566
    1.46884
    1.19059
    1.86629
    0.86275
     2.1303
    2.35526
   0.529828
   0.904797
    0.79628
    0.75015
   0.984259
  0.0116425
  0.0966275
  0.0303474
   0.190227
    2.21375
    1.72193
   0.428366
    1.62756
    1.24371
    3.09162
    1.22201
   0.306868
    10.1908
     1.2485
    1.57751
    1.00752
   0.764539
    4.67293
    3.54511
    1.76024
    2.80782
    1.12525
    2.35632
   0.251775
     1.9987
   0.108675
    9.52572
    1.70293
    1.76571
    2.49205
    0.53949
    10.8618
    2.88189
   0.926399
   0.743842
  0.0853234
       3.08
    1.08975
    1.79521
   0.202205
    10.7847
    2.73794
    1.58788
  0.0197674
    1.65539
    5.09733
     3.0196
    1.55472
   0.947049
     1.3033
    2.11432
    4.01355
   0.392679
    3.87845
   0.150059
   0.247781
  0.0424376
   0.715951
   0.434571
    2.43381
     9.0213
  0.0577143
    1.92372
   0.298948
    4.08213
   0.838734
   0.633026
    3.09836
    59.7976
     2.0023
    7.72268
    33.1152
     2.2628
    1.06438
    1.64505
    1.21985
   0.748742
   0.126646
    1.41253
    1.46442
    2.99169
    7.22914
    8.07255
    3.57084
    1.93389
    2.10458
   0.756701
    1.79208
   0.876837
    2.17598
    2.25495
   0.742237
    8.98195
    3.53996
    1.44631
   0.743205
    4.20878
    2.61757
    2.68816
    2.38598
    1.68796
   0.820401
   0.504941
   0.498791
    3.20078
    3.95774
   0.546146
   0.479271
   0.346167
    2.41413
     7.3779
    6.45257
    2.04399
    0.36567
    4.22899
  0.0296387
  0.0632726
   0.188378
    2.51127
   0.312302
   0.873738
    1.53313
    22.1005
    3.69584
     1.5034
    11.0113
