    816.744
    12.2371
    474.752
    165.863
    314.309
    4479.45
    5230.07
    92.4457
     358.35
    32.1632
    4.44852
    1485.28
    1.07431
    37.4263
    15.6809
    494.899
    443.903
    40.5702
    19.4309
    16.8295
    89.8821
   0.268984
  0.0863487
    20.4998
    1666.71
  0.0204715
   0.472821
    2.79561
       3.64
    1.51811
    145.929
    35.0557
     1.9571
   0.141988
    288.261
   0.203179
    124.934
    4.62857
    2.38294
    5.89631
    40.5895
    1.63023
   0.538486
    1.42818
   0.631724
  0.0704976
    17.2539
   0.042281
   0.305536
    7.12627
    65.2598
    39.4539
    3.32135
    5.08469
    25.4594
    3.32706
    7.83222
    386.755
    18.1225
    1.08401
    161.506
    812.104
 0.00512643
    283.394
    1.52559
    1.88073
    72.3074
    2.50063
    65.5617
     31.971
    23.6698
    157.306
     6.3947
    30.9753
    4.05496
    17.6585
    3.44955
     31.259
    19.2189
    769.473
    9.57232
   0.130407
    115.914
  0.0841971
    2.92553
    1.10039
    178.987
    27.8528
    399.785
   0.104368
   0.332882
    49.0034
    5.69044
    6137.29
    1.43135
    35.0937
    38.7007
    2.74965
  0.0758616
     8.7259
   0.214192
    8.94579
    15.1091
    346.059
    1.06176
     4.1366
  0.0973679
 0.00248552
    6.25648
 0.00808614
    4.07377
    3.71452
     14.668
    289.029
     5.1574
    518.964
    75.0518
    4.45162
    410.653
    1.96687
    7.16276
    5.17824
     7.3423
    252.131
    0.49037
  0.0924045
      12729
    3.84833
   0.572733
     32.646
    4.96995
    2.73571
    88.7598
    355.489
0.000902038
   0.278455
   0.468404
    12.1075
    1.46046
    27.0175
    1.63859
    9.32158
    8.73289
    24.0007
    6.85317
  0.0461807
    2.96287
   0.911274
    1.25047
     7.3472
   0.359593
   0.177591
    4.20203
  0.0142008
    15.6453
   0.372598
     2.4183
    68.4149
    32.3289
    65.0659
    4.40305
    2.04577
    8.89378
   0.141124
     2.2738
     1.2712
   0.142972
    41.2596
    7.18928
   0.105895
  0.0778675
   0.633807
    9.78437
    5.61235
    28.1296
    1.26943
    585.709
  0.0544707
    3.68952
    61.6061
    113.008
    1.03035
   0.314296
    7.64021
    79.8311
    42.6601
     1.8824
    13.1434
    4.64298
    2.70523
 0.00205351
    9.70943
    1.51543
   0.165139
    86.4653
    2.52546
    4.22739
     16.451
    1.94993
    1.31822
  0.0551976
    11.2945
    2.87185
    1.97935
    1.59648
    3.24092
    8.02707
    51.3582
    1.90841
   0.732815
    11.2433
    11.7936
    3.01063
   0.874101
    180.067
    153.327
    8.27143
   0.819506
   0.376445
    3.77884
   0.308529
   0.735563
    1.37107
    1.56683
    63.6682
  0.0167624
    3.24034
  0.0544053
     10.693
    12.2302
    1.91772
    2.24322
    52.3117
    74.9797
  0.0520192
    3.32412
    2.90106
     1.8316
    2.92225
    3.47629
    8.06443
    26.5714
    30.4945
   0.920242
 0.00869328
 0.00697183
    27.2579
    4.26411
    45.3924
    5.56144
    18.8203
    1.33811
   0.891643
  0.0229898
    11.1182
    5.02501
    2.58654
  0.0201074
    12.7597
   0.357608
    4.99946
    22.7812
    1.60491
    8.36127
    4.84776
    23.6443
   0.163281
   0.381222
    11.6142
    1.98267
  0.0952439
    1.98307
    6.70074
    111.353
    25.1735
    100.419
    16.0532
   0.373234
0.000880164
   0.061859
    27.0276
 0.00426324
    11.0235
    126.548
    2.72896
    4.23488
     16.192
   0.615633
    2.93063
    13.5655
    8.15546
    6.35892
    427.018
    1.33543
   0.477722
  0.0279928
    12.7017
    28.6342
    2.34116
     2.6158
   0.356972
    15.7338
 0.00101916
    1.71022
    174.389
    2760.55
    3.12894
    897.763
    9.99281
    6.66997
   0.303604
    4.76132
    7.80403
     12.936
    2.06889
  0.0228468
    12.7753
    2.90317
    4.56727
    10.9806
    18.4276
    1.49344
    10.1177
   0.466497
    3.19337
   0.778373
   0.402129
    1.05389
    6.82817
    16.8782
    2.29327
    8.35655
    993.587
    21.3013
    4.85825
    1.47778
     2.5016
    5.57293
    22.4553
    11.1084
    13.4475
    7.58507
    2.61052
   0.522648
 0.00514871
    0.67347
    9.20936
  0.0302952
   0.304441
    12.7394
    3.04844
    105.853
    1.72357
    1.56168
    27.6091
   0.538128
   0.254331
    22.8936
    27.0053
     19.087
    4.77253
    6.90663
   0.101939
   0.128167
   0.745394
   0.028628
   0.455825
    6.93981
    1.42255
 0.00111197
    10.2165
   0.343746
 0.00976718
     1.8945
    3.90985
    1.61283
   0.399716
    5.64314
   0.074593
   0.166647
    34.5975
    12.3386
    51.7577
    61.2783
      3.891
    29.3299
    20.8488
    1.97305
    1.28635
    8.94628
    6.87551
     8.2416
  0.0589897
    15.7143
    2.56334
    14.4576
    1.37349
   0.702505
    7.38299
    19.9106
    1.94426
   0.761035
   0.862122
    19.5978
    8.82404
   0.932911
    3.31389
    1.53711
    73.7556
    8.86665
    11.3459
   0.189671
   0.910502
   0.451501
    5.29083
    0.97525
    5.44502
    30.4178
    37.7341
  0.0225358
    4.08524
  0.0259919
    3.16329
     94.339
  0.0250934
    106.861
     79.643
   0.298243
    50.8307
 0.00425603
    0.14486
   0.029228
   0.373047
    1.36119
    39.1341
   0.843343
    8.18537
    2.27882
    8.17154
    2.23998
    1.41449
    26.6463
    3.26791
    4.10565
    1.62286
    1.79102
    7.53644
    9.70877
    9.99993
    4.60782
  0.0530443
    1.10611
    5.01459
    5.46914
    34.8656
    7.50299
    4.74919
  0.0157654
   0.899389
    3.22951
    2.21537
   0.857244
0.000876292
   0.673726
   0.425102
  0.0100422
   0.616933
    2.64158
    4.83681
   0.204849
   0.603151
  0.0114909
     6.4564
    5.08253
    1.03746
    13.0911
    25.2769
     5.4065
    0.76545
    2.90641
  0.0177626
  0.0369604
   0.120635
   0.612597
     7.6367
  0.0257058
   0.390523
   0.805773
    1.13229
    3.09818
    7.17299
    43.5752
   0.238574
    12.6423
   0.553794
  0.0586146
    12.2086
   0.913975
    1.44174
    1.60134
   0.777209
    22.7329
    6.94178
    2.35482
    8.92943
   0.416442
  0.0102096
    2.26829
    3.47279
    1.49481
    1.58462
  0.0259029
   0.195882
     1.2929
    814.429
    9.34157
  0.0477951
   0.395158
    8.06244
    3.74385
    75.1658
    1.78046
   0.380765
     34.777
  0.0185161
    1.76987
    1.95055
    2.75278
    24.7543
    13.6036
    1.46176
    5.47402
    2.31606
 0.00766175
    8.25998
    224.491
    0.83467
    12.8842
    1.16897
   0.291329
    3.05701
    58.1823
    206.963
    3.45548
    4.89769
    9.62564
    1.98388
    3.36102
    1.92368
   0.334616
    1.61052
   0.912384
    5.88866
    20.7213
    12.8296
   0.141697
    1.24896
    3.30025
     5.5052
    5.01173
    17.6182
    5.47131
   0.896847
    22.2683
    78.2849
    10.3059
   0.461358
     1.0498
     1.0714
    4.45861
    1.97671
    9.07087
    1.27114
    2.22247
    8.71441
    5.63966
    39.1502
    19.8295
   0.180132
    1.90967
    20.8516
   0.722484
  0.0284139
   0.591285
    5.03482
    11.9215
   0.213478
   0.305106
    1.57182
    34.5142
   0.194383
   0.263452
    6.79136
   0.590314
    10.9434
    5.05819
    4.60638
  0.0235242
    9.66146
  0.0152644
    33.2528
    3.65604
    13.3215
    1.49025
    2.93736
    2.68891
   0.123117
   0.688847
    21.0451
    11.0036
   0.690365
   0.435422
 0.00129842
   0.399559
    44.3795
    11.0408
    11.1716
    14.2278
   0.659573
    1.84047
 0.00133412
    12.0136
    1.22249
    2.18883
    45.5707
    0.36012
    4.87736
    11.3656
    38.5813
     4.6365
    14.7296
    2.05526
    17.0828
    1.39269
    5.93008
   0.874847
    1.80016
    2.04287
   0.461167
  0.0557685
    7.51398
    2.28013
    62.7967
   0.670212
    4.60691
   0.208405
    3.31498
     6.4051
    14.7504
   0.626581
    6.69577
    1.91427
  0.0631401
    6.36355
    5.44064
    154.905
    14.2622
    7.03327
      9.954
   0.260934
     4.6301
    5.59829
   0.183668
   0.689966
   0.559097
    11.7576
     61.963
    377.229
    21.0953
    3.54798
  0.0771465
     7.4914
    2.93443
    1.44793
   0.395149
    57.4876
    11.8169
    166.029
    2.82244
    20.8786
    1.82715
   0.501463
    1.30146
   0.118471
    6.50665
  0.0909437
    45.4123
    44.8389
    7.37931
  0.0427197
   0.156613
    3.63594
    1.51897
    0.31817
    2.11919
  0.0137292
     0.7028
    3.40852
    9.64382
    109.631
    2.89777
    44.8836
    8.05144
    2.42705
    4.90898
    16.7289
   0.423023
    5.34872
    9.54064
    4.62813
    1.03501
    5.73369
    1.47513
    1.13297
     5.5435
   0.102517
    2.23496
    7.63099
    16.8864
    15.3716
    9.63253
    6.69271
    2.20821
    0.10203
    3.12833
   0.960847
    43.2758
    4.28028
   0.394414
   0.237387
   0.823585
    2.12577
    1.02011
    190.582
     7.7677
    16.5793
    10.8577
    1.56715
    190.055
   0.109817
  0.0903826
   0.601045
   0.188418
    0.35342
    4.86464
    10.2686
    4.87144
  0.0601746
    3.56836
    6.20138
    1.61183
    2.61534
     4.1207
    1.44119
    3.78976
    1.59351
  0.0944622
    1.31824
   0.533792
   0.797801
    2.18421
    4.61631
    10.3162
    8.83881
  0.0870191
    7.66874
    1.24705
   0.770425
    11.4739
    53.2038
    14.5729
      1.098
    16.7304
    3.87001
    3.40777
   0.163495
    0.91533
    50.0842
    3.42473
    0.15117
    2.18089
    1.09492
    2.14453
   0.399873
    3.28361
   0.390497
    7.35985
    80.6453
   0.208549
    7.08599
    2.68951
   0.304466
    2.67914
   0.872579
    1.33106
    12.2883
  0.0241031
    1.58551
    9.72635
    5.50591
     1.6481
   0.577431
   0.629304
    3.17989
   0.275477
     2.7835
   0.436593
   0.358324
    3122.06
   0.838141
    2.25626
    1.08288
   0.532862
   0.480612
   0.455422
   0.466305
    2.31469
   0.334468
   0.938758
    1.98341
    1.34551
    3.66673
   0.406111
     4.9289
   0.396992
   0.399273
     3.0243
    1.28501
    8.53249
    1.57369
    15.4309
    124.151
    1.38604
    8.19558
  0.0201423
    1.55813
   0.149187
   0.254164
   0.930381
    17.9814
   0.226115
    41.1728
   0.647341
    7.59582
   0.451732
   0.208156
    22.9877
    8.98453
    15.4429
    3.82545
   0.560823
   0.253617
    1.00637
    23.4578
    4.00947
    7.74438
   0.201327
    2.86528
    3.24471
  0.0558229
   0.202082
    2.21234
    31.8287
    12.6716
   0.525542
    2.04737
  0.0457981
    13.0928
    2.13921
    2.00671
   0.559032
   0.151353
    2.78898
    7.29789
  0.0923265
   0.572721
   0.155065
   0.330266
    14.0169
     10.819
    3.34849
    3.20299
   0.230625
    3.80445
    1.23885
    5.08077
  0.0237408
    7.91319
    4.64743
    17.7335
    0.99445
    4.82621
   0.512086
   0.671752
    3.52344
   0.596142
  0.0562003
   0.470667
    1.28515
   0.988225
   0.295008
  0.0998246
   0.057917
     3.6772
     1.4367
    11.3401
  0.0102378
  0.0855422
    1.73916
   0.372233
    2.78739
    11.6078
    1.49799
   0.012125
    13.1105
    8.57013
    24.2102
   0.820889
    4.75205
  0.0291664
    2.78101
    9.47395
    13.6229
    1.27387
    1.57652
   0.364045
    0.23701
  0.0947367
    4.06017
    3.04117
   0.532543
  0.0792598
    3.95812
    5.71579
  0.0272022
    7.32948
    1.49324
   0.140103
   0.791472
   0.283102
    3.82031
    6.00348
 0.00199603
    10.6414
   0.484289
   0.121908
    6.94032
 0.00101152
    6.28625
    2.98508
    3.77499
  0.0536996
   0.221029
     25.809
    6.48242
    1.53113
   0.194951
   0.784928
   0.432567
    2.50943
    4.97462
    1.21581
   0.197544
    8.13352
    23.6926
   0.403083
    2.75589
    1.99791
    6.02215
   0.292037
    6.89598
  0.0483741
    2.91162
   0.136919
    2.46402
   0.596952
   0.735908
  0.0606665
    0.18784
  0.0985009
     3.2797
   0.251581
    0.33882
  0.0887834
   0.105336
    1.32827
     3.2726
 0.00347155
    3.99808
   0.292517
   0.401404
    1.25359
    1.69887
    1.70955
    4.59197
    0.91201
    2.61015
     3.1376
    9.32954
   0.487328
   0.226383
    0.70298
    14.1155
  0.0372626
   0.470657
    7.04359
  0.0804747
    3.73474
   0.560143
     4.9624
    44.8802
    3.83769
   0.111844
     2.9701
    1.39734
    1.64518
    14.0129
  0.0479251
    1.20015
   0.242311
    3.65371
    21.5458
    2.37653
    22.6063
    8.22889
     1.3378
   0.256801
   0.816286
    9.04139
     11.354
    735.765
   0.137894
    8.81644
   0.766342
    2.17564
    0.63981
    5668.38
   0.154371
    4.01146
   0.298668
   0.721267
   0.743701
    0.11109
    3.65318
     2.2886
    3.39282
 0.00743024
   0.203822
   0.581372
    5.99085
    2.41049
    30.4626
   0.673469
     8.4391
   0.154431
    0.23458
  0.0841231
   0.261132
    3.05657
    13.1823
   0.791905
    18.0255
    179.646
    12.3259
   0.373156
    9.62991
    1.87036
   0.227822
   0.261655
    54.1552
    1.12147
   0.107165
     3.4882
    8.82335
    2.09354
    2.21691
    2.20859
   0.148496
    2.69785
    14.7009
   0.937117
    66.9977
   0.411168
    4.36077
     9.2607
    8.52584
    5.97599
   0.540864
   0.638601
   0.246537
   0.367248
    5.89986
    1.04511
 0.00275314
    1.24575
   0.402543
    6.12418
   0.428364
    1.25724
    5.28202
    3.63669
   0.543279
  0.0350603
    4.42232
    4.70831
   0.499675
    1.14758
   0.914563
    3.94418
   0.515035
   0.496785
    19.6336
    9.79774
 0.00501858
    4.11171
   0.466553
    2.27561
    144.589
    2.82063
 0.00128843
   0.397293
   0.638259
    1.19341
     1.1586
    1.48346
   0.720454
   0.120552
   0.898643
  0.0111856
   0.994915
    4.57768
   0.806418
   0.147204
    10.6557
   0.132273
    2.90782
    1.47244
    10.3406
    17.8149
    1.20977
   0.103432
    20.6739
    6.02358
   0.650471
   0.200789
   0.319684
   0.182835
    44.7403
   0.550022
   0.796151
     1.2711
    5.58564
    1.60409
   0.289503
    10.5634
    20.6742
     1.7974
     1.3689
   0.595592
    3.67428
    4.31852
   0.880683
    1.29244
  0.0175783
    5.00889
    23.7108
    72.2906
    10.6936
    6.60483
    2.86754
   0.122499
  0.0130968
    9.41843
     88.258
   0.282039
     6.4447
    6.50011
   0.615662
    2.38205
    2.98278
   0.305074
    5.56935
     8.7715
   0.500055
    1.12195
    7.52085
  0.0242783
    2.07147
    8.86717
    1.02985
  0.0211415
    5.97833
    10.3925
    1.20444
   0.419754
   0.259048
    4.05618
    0.10404
    0.09532
    5.88637
    2.12868
    67.1047
   0.294696
    3.05285
    1.47642
    5.19309
    0.57279
   0.170902
    0.38661
    4.49756
    5.83275
    2.52432
    21.6674
   0.690191
     10.155
    1.28827
    5.89672
    4.24207
  0.0329856
   0.031241
    4.70779
  0.0176343
    4.73952
  0.0618839
   0.981281
    4.78551
    4014.54
    3.37139
    2.34849
   0.201304
    2.45377
    2.29334
    1.50911
     2.2018
    116.766
    11.2688
    2.58696
    11.5765
    4.49854
   0.817518
    1.24277
    10.8682
   0.957641
  0.0580615
    41.8322
  0.0453594
   0.409683
    5.17275
    1.99285
  0.0113699
    1.29076
   0.240799
     6.2423
    1.62702
   0.342084
    53.4656
  0.0115782
    33.4938
    22.2452
   0.250792
     1.3915
    10.2839
    1.01308
    1.10854
  0.0553755
    2.71646
    8.96207
    7.34797
    5.98737
    7.74783
    29220.6
    4.10912
   0.346111
   0.173161
    6.32554
  0.0430087
    6.94429
    1.25465
    1.07842
    9.57023
   0.122882
    2.46095
    0.78998
    1.48692
  0.0532591
    4.21308
    4.95825
   0.792422
    1.51861
   0.740468
    1.00975
   0.377746
    3.89622
     6.9756
   0.971057
    22.8817
    112.723
    4.26693
    2.39379
    4.65026
    2.56539
    3.07104
    3.87626
   0.637561
    1.81932
    11.4768
      2.285
 0.00490939
   0.828207
    1.24578
    13.8537
  0.0229211
   0.995443
  0.0914042
    11.9664
   0.403018
    1.41711
    11.5846
    11.1627
   0.152479
   0.937933
    6.08849
    1.87323
  0.0163013
    3.73886
    2.81587
    6.14528
    3.38627
    2.11107
   0.583763
     3.7323
  0.0562863
   0.368886
    2.45561
  0.0486069
    28.2758
    13.3783
   0.514424
  0.0308448
   0.101874
   0.887132
    1.85849
     1.2379
    2.26367
   0.800322
    9.94349
     5.9071
   0.812115
    1.93023
    7.35617
   0.735541
    1.13588
    1.30856
   0.662443
    54.3102
    1.50528
  0.0315899
   0.621253
    1.16401
    0.24771
   0.869524
   0.250049
    4.67984
     0.9845
   0.896631
  0.0511059
    10.8763
    5.53038
    5.55103
    6.78055
    34.2881
     4.1514
   0.326291
  0.0150543
   0.784168
   0.302875
   0.819389
   0.653495
    5.66266
   0.538126
    47.9947
    1.11229
   0.609375
   0.975357
      10.09
   0.254818
  0.0183961
   0.370402
   0.469477
  0.0363071
    14.5558
    1.97438
    0.91772
    1.14455
   0.286878
    1.07943
    2.89304
   0.800331
   0.860614
   0.524174
    10.8527
   0.143335
  0.0654798
    1.81027
    1.29933
   0.130603
    1.01547
    0.16341
   0.545719
    1.44431
    1.97576
  0.0363863
    59.1637
    8.21529
    11.5304
    2.79779
   0.561924
   0.446128
    1.18621
    34.8645
     21.333
   0.308343
    3.94075
    11.8029
    4.56918
   0.597771
   0.135871
    62.3988
   0.157292
  0.0148686
   0.642476
    0.23684
    5.95122
    12.8658
    1.50189
    20.1262
    3.20717
    5.68663
    5.52813
    1.53286
  0.0889756
   0.875658
    3.55411
   0.090716
    4.60448
    2.55223
    1.50328
    0.33378
   0.108626
   0.947337
     2.2028
    17.3741
    14.9788
   0.785607
    4.51812
    14.7777
    3.70259
    1.84838
     4.2464
   0.288982
   0.443774
   0.487071
   0.138389
    4.08593
     1.2574
    5.13913
    10.3914
    7.68551
    74.9611
   0.293452
   0.149832
   0.205344
  0.0583089
    1.46252
    3.39216
   0.895906
   0.616325
   0.482873
    1.09999
  0.0333563
    14.6682
     4.8349
   0.182205
   0.211854
  0.0560088
    0.15732
    5.97059
   0.194558
   0.161386
    2.70065
    18.0213
    46.6986
   0.844785
    4.15205
   0.145005
    8.99862
   0.211315
   0.446587
    6.79228
    13.0089
   0.661681
   0.342787
    4.25571
   0.146631
    7.26032
    1.79407
    26.1612
   0.415345
    94.9466
    2.54116
    5.03767
   0.586677
  0.0604178
     0.3404
    5.36174
   0.880424
    41.6519
    2.73033
    1.04567
    4.34642
    4.77344
    7.55782
  0.0482228
    3.47105
   0.397048
  0.0224803
    36.8356
    1.68724
    4.21576
   0.014468
   0.285727
   0.208721
    3.36877
  0.0465851
   0.224788
    0.64475
    17.7459
    1.38068
    10.1799
    4.38162
    15.0596
 0.00274527
   0.889852
    8.16789
    2.03534
     3.7045
   0.364746
    2.14883
    1.56531
    35.0643
   0.158249
   0.184486
    3.01417
    1.34438
    1.51818
    5.19076
   0.815054
     8.0185
   0.413586
    1.38245
    7.33794
    0.29147
   0.151949
    27.2862
    4.28415
    3.48645
  0.0532592
   0.881212
    4.46619
     1.3245
     8.2273
    6.28144
   0.323621
    5.69776
   0.937582
    2.43276
   0.052119
    2.23012
    9.40825
     1.1291
   0.675404
    5.25027
    5.91496
    4.12984
    2.52789
     1.4357
    2.72754
   0.295027
    4.75375
    7.15824
   0.356027
    2.27896
    1.09825
  0.0477792
   0.329084
   0.394539
   0.435092
    2.05531
    2.09051
    1.59878
   0.652898
   0.446345
   0.573516
  0.0287759
      32.92
    34.7023
   0.458261
    3.49177
    2.28274
   0.617271
    2.22108
    7.89327
   0.102669
  0.0255505
  0.0153185
   0.473244
0.000975464
  0.0143625
  0.0121748
    5.91648
   0.703045
     5.4082
     2.4307
   0.321838
     8.1508
    2.99117
    8.94241
    1.75314
    3.99957
     16.681
   0.550111
    8.31477
   0.858704
    4.13249
    39.1042
     3.4548
    2.88108
    3.21885
    370.283
    6.09255
   0.227687
    31.2663
    5.65002
    3.68248
   0.127346
    2.24072
    1.04546
    6.03222
    1.60307
    15.9143
    4.18048
    4.56848
  0.0888708
    3.66712
     2.9662
     1.4069
   0.706369
    1.79823
    8.99736
   0.683761
   0.278724
   0.730022
     3.1751
    31.7739
    1.26352
    1.35119
   0.944439
   0.789851
    3.12049
    8.71162
    8.98917
   0.288046
   0.283855
    1.59013
    3.20353
    2.56171
    7.55169
    7.16101
   0.260935
   0.337772
     4.3267
   0.129855
     9.3905
    0.17992
   0.125827
    6.61919
    4.05235
   0.172912
    1.41574
   0.757421
   0.562485
   0.198653
   0.418965
     6.6571
   0.399542
    7.38652
   0.170559
     2.7998
   0.487478
    3.50343
   0.176203
   0.310072
    1.38491
    2.78688
    8.94155
    89.1816
   0.557331
    3.70674
    12.3836
    10.6367
    1.48366
    2.60881
    8.06792
    2.68612
   0.141699
   0.726617
   0.556437
  0.0629956
     1.2657
   0.156187
   0.273822
  0.0491394
    2.63837
  0.0744185
   0.372913
     3.5394
    1.73819
    3.25855
    25.9422
    7.27527
    4.34191
    2.41179
   0.544183
    6.31686
   0.476589
    2.23979
    3.20677
    6.01584
    1.43941
   0.299475
    5.00111
    2.16811
  0.0419193
    23.7475
   0.509865
   0.105466
    1.59532
   0.268387
    4.12151
   0.711243
     9.5491
   0.129218
    1.35428
   0.223354
    0.31335
    7.65138
    4.94832
   0.128573
   0.032971
    2.64202
   0.114084
  0.0115848
   0.795177
    2.38168
   0.838123
    1.72164
 0.00785553
    2.42074
   0.884118
     10.015
   0.934338
    39.0514
    7.63378
   0.358934
   0.607994
   0.516167
   0.228603
  0.0461696
  0.0309268
   0.734212
    0.42255
   0.352758
    2.96163
  0.0402339
    9.75885
   0.031038
   0.335625
   0.183306
    1.71095
    2.55298
    4.67418
   0.151603
    2.42268
   0.779315
   0.293731
   0.655596
    21.1507
   0.442518
   0.650511
   0.226561
     4.0295
    83.6287
  0.0849057
   0.339018
    1.92281
   0.390759
 0.00411819
   0.110438
    28.0218
    10.5127
    16.5237
  0.0385051
   0.746301
    2.35882
   0.641082
   0.654916
   0.893173
   0.797455
   0.365308
    1.24915
    11.5751
   0.260999
   0.741616
    4.72369
     5.5729
    1.59622
   0.292037
    31.1211
    2.64778
  0.0145471
    9.09069
    5.41119
   0.153797
    18.6936
    0.22152
    17.5642
    7.28394
   0.253852
    1.13252
    2.91881
    2.82932
    3.76767
   0.133372
    1.18848
     2.6014
    1.68994
    2.29464
    3.99916
    1.75872
    5.64092
    6.39779
     1.2407
   0.312207
      5.835
     10.293
    3.33091
    10.1081
   0.498319
   0.976962
    60.8465
    6.80528
   0.058242
    1.08327
  0.0381329
    12.7948
   0.134111
    10.6774
   0.194141
   0.415787
    0.81068
    12.8615
   0.420299
   0.727925
   0.992748
   0.345603
    1.07935
      2.543
    3.87445
    2.71244
    5.48954
    10.1319
    2.07426
    1.96683
    1.30748
    8.59791
    173.293
    2.61871
   0.785471
      1.129
   0.512959
    1.41187
   0.155035
   0.568728
    3.33993
    3.44165
    1.85441
    2.59826
    15.2448
    1.23112
    1.79811
   0.154913
    10.6303
    13.0206
    21.9209
    2.82331
    1.36302
    6.75354
    1.08839
 0.00987319
  0.0777609
   0.456204
    1.23588
   0.535124
    12.7459
   0.734891
   0.360853
   0.107789
    1.00582
    1.53663
    0.62194
     8.7963
  0.0871956
    1.19114
    6.12223
    12.6916
    7.40471
    1.43974
  0.0315378
  0.0159513
  0.0899625
    5.43852
    3.14424
    0.92056
     1.5979
    1.09518
    11.2683
   0.411104
    6.16679
    6.01635
     2.0658
    17.7917
   0.543828
    1.52888
  0.0470121
    3.80747
     3.9501
  0.0751717
    1.38888
    4.38512
   0.935727
    881.029
   0.239568
    1.20333
   0.491563
    7.72236
    1.20396
    0.73284
    16.5983
   0.239933
    4.94594
    83.2897
    15.7161
    0.76792
    1.55316
     11.692
   0.424837
    3.46481
  0.0138554
   0.187656
    1.48105
    2.96836
    1.21346
   0.794062
   0.275655
    6.86164
   0.931702
    1.91497
   0.130737
    0.16783
    1.36092
    2.11858
    11.4447
   0.650641
  0.0188926
    13.1448
  0.0799672
    2.69829
    2.51958
    1.25273
   0.152098
    16.2608
    5.29516
    1.52931
   0.475861
    9.43774
   0.254959
   0.448013
   0.304626
   0.836132
     1.8717
    164.499
    2.34214
  0.0352725
    23.2386
    10.5995
    76.6159
    1.27135
     3.0354
     12.948
    25.5527
   0.215133
   0.117802
  0.0432855
   0.770283
  0.0392804
    2.24481
    4.17486
   0.598088
    0.47568
   0.168357
    2.50112
     1.6194
    15.1172
   0.346203
    11.2276
  0.0112627
    2.09036
    1.09422
   0.578059
    1.07848
   0.695355
    1.67184
 0.00794459
    10.3206
    1.54005
    1.15574
   0.178124
   0.866482
    1.73167
    3.69093
   0.133219
    1.24478
   0.989193
     4.2237
    4.01311
   0.848071
   0.931528
    1.82166
    7.09872
   0.423058
    591.146
    6.37564
   0.804906
    3.86908
    7.00372
   0.403328
   0.432461
   0.383248
   0.267348
   0.271794
   0.323854
    1.41004
   0.861817
    1.20625
    9.51958
    18.0288
   0.340977
    12.8573
   0.672314
    1.10294
  0.0960886
    4.49332
    10.2262
    4.55174
   0.510693
    0.19137
    2.21993
   0.579048
    2.16309
    3.39487
    3.16168
    10.0707
    7.84508
    0.95621
   0.277667
    1.69516
   0.185681
    7.26954
   0.505499
    23.6221
   0.313416
   0.251244
    20.1912
   0.113735
   0.444832
   0.778265
    84.3203
   0.538625
    1.66342
    10.3728
   0.245191
   0.524068
   0.209159
    2.28623
    4.74821
   0.536213
    4.16511
   0.253265
  0.0609752
    6.61517
    2.08717
    2.13835
 0.00320938
   0.342832
    4.31274
    1.01648
    7.21249
    10.8518
   0.998659
     8.4766
    1.67024
   0.107003
    1.64536
  0.0383183
    3.76987
   0.109279
   0.819009
   0.121275
   0.441842
    4.61133
    6.63537
    1.39999
  0.0573923
    8.63563
    1.43314
  0.0132636
    6.25464
   0.733744
    0.89362
     6.7578
   0.243796
   0.315796
  0.0936183
   0.203313
    1.45131
    3.55587
   0.439826
   0.300266
    1.74816
   0.559321
     3.0756
   0.387181
    4.43544
    8.28804
   0.244625
    4.56127
    4.70811
    3.15003
   0.112746
   0.146903
    2.90912
    5.49336
    5.25044
   0.496067
  0.0779808
    1.37273
   0.969887
   0.220081
    36.0874
    1.59971
  0.0607464
    1.32055
   0.115481
    2.44121
   0.277293
   0.223254
   0.358409
     16.257
  0.0622639
   0.754824
    1.58628
    5.34555
   0.100981
    1.78133
    98.4435
   0.412646
    18.0464
   0.571514
    4.40519
   0.251105
    4.43504
    0.36604
    27.1713
    11.1767
   0.528945
    2.29979
    7.15418
   0.370575
    1.84497
    3.43453
    2.22987
    4.51948
     1.1279
   0.127274
  0.0121372
       1.03
   0.244287
    2.55876
   0.240812
  0.0375024
    6.16767
  0.0124109
   0.320507
    6.24502
    10.6788
     1.6254
    0.57793
  0.0926509
   0.639532
    4.87242
   0.894618
    1.77543
    3.65498
    0.25426
     13.045
    5.07608
   0.859918
  0.0894758
    1.32541
    40.9427
 0.00764997
    1.62289
    6.09436
    1.81298
    0.52889
  0.0572626
    2.79583
    1.63249
   0.864368
   0.130266
    4.30716
    1.00241
   0.418008
    28.1835
   0.162854
   0.122464
   0.460226
    3.89252
    4.16531
   0.406207
   0.364835
    1.36666
    4.20849
    3.51234
    4.60651
    1.72488
    13.0755
    2.12161
   0.908088
    3.52409
  0.0248736
    4.28867
   0.492025
    3.62345
    1.38474
    391.554
   0.137881
    1.94692
    9.63347
   0.350605
   0.204199
    3.86434
   0.300615
    1.29776
   0.392016
    32.4415
    3.14439
    1.35465
   0.224565
    5.94733
    1.82155
    1.80241
    2.32489
    4.69028
    1.79391
    2.07513
    4.69127
    10.8263
    6.44886
    16.2528
   0.338909
    1.92369
  0.0224002
    2.04496
    5.66487
  0.0491017
   0.955107
    2.14638
    2.55637
   0.321938
  0.0445905
  0.0154939
  0.0816946
   0.805868
    3.48494
   0.190673
     2.8449
    0.30683
   0.527366
    1.31603
   0.566974
    1.45093
  0.0722151
   0.050621
    5.56342
   0.305903
   0.463653
    10.2224
    2.00211
    5.74459
    4.76755
   0.303218
     3.1494
  0.0933358
    0.90391
    1.92992
    2.59158
    1.75198
  0.0453875
    1.54077
   0.177019
   0.363437
   0.107055
   0.136244
   0.127675
   0.105462
    3.77866
  0.0712892
    4.36473
   0.698645
    2.97303
   0.142115
    8.82731
    3.53166
    4.65614
    0.50381
   0.112079
   0.454207
   0.125059
   0.472777
    11.4278
    2.99363
    2.76842
  0.0844829
    1.43097
   0.559997
   0.113588
    2.00799
    3.69722
   0.651722
    3.67739
    4.98069
  0.0607284
 0.00256234
   0.760763
    2.18007
   0.394223
    2.65044
  0.0902503
    2.70952
    2.06326
    1.19359
   0.513966
   0.700425
  0.0435109
    1.95094
     22.142
    16.0841
    4.40078
    4.64405
    2.59841
    6.62434
    3.31348
    4.33801
   0.648472
    1.29732
    3.21826
    1.17028
    5.56125
   0.705389
    6.10968
    0.97616
    3.25998
   0.386729
   0.422108
    1.17114
    1.32438
    1.68829
    25.4617
   0.213667
   0.744936
    1.76353
    5.59112
    10.4997
   0.685359
    2.24457
    2.87262
   0.741539
    1.97237
    5.93816
    11.6176
   0.702884
   0.633677
    0.30883
    1.65485
   0.735237
    4.99763
  0.0184281
    8.53584
    2.42974
   0.674322
    4.39753
  0.0744063
  0.0597043
   0.489861
   0.147006
   0.310557
    3.28157
   0.639377
    1.19853
    1.77696
    0.94108
    2.61853
   0.484414
   0.609961
   0.414465
   0.087593
   0.527806
    5.66656
    1.09649
    2.90363
   0.103185
    1.08238
    9.24808
   0.546955
    1.05323
    2.48962
  0.0542063
   0.266609
     9.2289
    11.7427
    1.63943
    1.85669
    7.81956
    2.67801
     4.3715
    1.11962
    3.63463
   0.803256
   0.126462
    1.58116
   0.728812
   0.127742
   0.343766
    1.02543
    3.24738
   0.405729
  0.0206995
  0.0783212
 0.00800301
    0.17729
   0.457152
    18.2682
   0.078493
   0.419509
   0.426927
   0.277404
   0.643508
    5.73672
    21.1811
    12.1122
      3.156
   0.176785
    6.66357
    11.8316
    1.98049
   0.125969
    7.93468
    2.79135
   0.131306
    8.59289
   0.344996
    0.68859
    1.74876
    2.39685
    1.94003
  0.0144556
    2.29667
   0.237217
   0.481113
    1.87617
   0.801089
    1.22153
      2.497
    4.51797
   0.861753
   0.644457
   0.894063
    5.65809
   0.860587
    0.28548
   0.403735
    4.52332
   0.586541
  0.0955044
    4.87346
    4.99222
   0.652975
   0.744701
    1.94551
  0.0293451
   0.184153
    6.67815
    2.52687
    4.25598
   0.862723
   0.502828
    0.21676
    1.20419
    3.33458
    9.44984
    1.74481
    3.85579
   0.406702
    2.10189
   0.058496
  0.0546661
   0.160896
    0.51264
     2.6819
      7.315
    4.51106
   0.181269
    5.67601
   0.854994
    7.65665
    26.5329
    4.07395
     1.1857
    1.15861
    3.09234
   0.714715
    5.39397
   0.749128
   0.822671
    3.71783
    1.06906
    1.38858
   0.435558
    10.5675
  0.0745063
  0.0587485
    104.114
    3.73791
    2.73913
   0.579296
    1.85305
    1.47465
    1.69301
   0.100807
   0.416237
   0.857436
    3.45554
    5.88362
    3.88602
    3.03794
    0.15758
   0.198798
 0.00184968
    11.0961
    2.24998
  0.0610924
   0.324344
   0.579783
   0.807941
   0.354995
    3.61304
    10.5088
   0.184809
    5.30062
    6.63281
    7.39783
   0.112734
    22.3476
    1.19327
   0.129896
   0.175153
    0.18556
    1.69424
   0.602394
    11.1306
    3.03492
  0.0244452
   0.113946
    0.16418
    1.34689
     1.6268
    7.36917
    3.84398
    4.21255
   0.251689
   0.524604
    2.69916
    3.10888
   0.874602
   0.293013
    2.10028
   0.656015
       1.58
   0.115346
    3.67565
    1.26412
   0.631896
    1.59636
     0.5639
  0.0740726
  0.0346238
  0.0262028
   0.269775
     9.8841
      1.051
    3.87636
   0.734262
  0.0236031
   0.299577
     2.3205
    2.97277
   0.571512
    3.66829
    5.07338
   0.598457
   0.676308
   0.399433
   0.823546
    5.82053
    14.7611
  0.0776672
   0.755916
    8.64507
   0.263459
    1.66248
  0.0109095
  0.0704198
    2.99101
   0.140641
   0.171022
  0.0613431
   0.157838
 0.00607865
    0.25207
    17.1608
   0.608743
   0.434176
    1.45203
    1.41872
    7.72385
     2.0118
     3.6484
    5.41301
  0.0248348
  0.0385183
   0.390576
   0.696973
   0.505554
    0.93854
   0.107657
    7.07213
    2.30859
     17.403
   0.374754
 0.00307599
   0.283061
   0.581033
   0.553385
    1.63434
     0.1431
    8.56932
    0.91067
    0.77361
    4.52777
   0.125965
  0.0877724
   0.119306
  0.0486699
    2.47324
   0.279995
    1.17157
    3.39069
     2.5189
  0.0105281
    5.31151
     2.4654
   0.623692
    4.23838
    1.85973
    20.5575
    1.77479
   0.780526
    6.37326
    3.97686
    1.87846
   0.588992
  0.0168758
    1.59612
    18.9538
    3.85877
   0.147982
   0.397486
   0.113438
   0.257697
   0.837968
    4.52032
   0.217131
    1.15147
    1.57123
   0.878552
   0.246516
   0.463543
     28.391
    1.02027
    3.28022
    1.31135
    10.4975
   0.295044
   0.440975
   0.229162
    4.26105
   0.394749
   0.122967
    1.32879
   0.506314
    3.09455
   0.224915
    4.10583
   0.651093
     3.4647
   0.235926
    4.63239
    4.71337
    0.22166
   0.170322
    8.05655
    1.25714
    3.58347
   0.741307
    12.7098
    2.41594
    9.15052
   0.958277
    1.36339
    2.45648
    4.98861
     1.0008
  0.0051223
    1.99636
    0.76358
    39.0498
    3.76798
    6.35531
  0.0717272
     3.0639
     6.1749
   0.224261
     1.6307
    0.44594
    3.36789
   0.136243
   0.100515
  0.0219948
   0.227659
   0.195889
   0.251749
     9.6993
   0.211224
    1.05366
    0.36233
    7.13333
     1.9927
   0.987462
  0.0768675
   0.402313
     7.3455
    1.05949
   0.830435
  0.0344197
   0.972822
    5.19431
  0.0520797
    3.10551
    2.24661
    1.52499
    1.09514
   0.281683
    2.52533
   0.174232
   0.295343
  0.0285317
    2.45427
   0.320898
   0.842715
    437.715
     2.4518
   0.654934
    7.63356
    3.33097
     3.4759
    1.59048
    0.63582
   0.936882
    0.68664
    1.24106
   0.154792
    3.61304
    2.88828
    5.57054
    2.71495
   0.147503
    24.2731
    2.96833
  0.0878256
    5.42507
  0.0945391
    16.1475
   0.232527
    2.76593
    8.27679
   0.157924
    22.4846
    1.43013
    3.42385
    4.67928
    0.40381
   0.553101
    4.71326
    3.75341
   0.170747
   0.245474
   0.120673
  0.0248979
    10.8928
   0.361347
   0.123595
    3.00939
   0.492116
   0.832842
   0.114012
   0.947187
      3.517
    2.48856
     1.4575
   0.507512
    6.12641
 0.00994194
   0.340531
   0.547122
   0.361551
     6.9102
    50.4969
   0.568383
    5.61205
   0.545966
    101.995
    4.15102
    1.33958
   0.278301
   0.560678
     1.8984
    2.61999
   0.787761
    4.26959
   0.891871
    1.14817
    2.69854
   0.158939
   0.263797
   0.397448
    2.23045
    3.75223
    10.2182
    5.54267
    3.36528
    2.82636
    1.25685
   0.516177
    1.87598
    5.66058
   0.136202
   0.532049
    18.7282
   0.367467
    1.49742
    1.08013
   0.449318
    0.49106
    4.52448
   0.141007
   0.736369
    2.27232
    2.43513
   0.256305
    63.8221
    3.16305
   0.720309
    1.59758
    5.96113
  0.0848482
   0.376006
   0.170277
    8.72327
    1.04197
   0.803429
    1.22382
    1.32444
    0.13308
    4.49925
   0.975207
    2.63118
   0.117726
  0.0137733
  0.0273605
    2.25761
    1.32798
   0.632506
    1.20845
   0.331036
   0.276379
   0.418288
    1.49741
    6.60715
   0.122695
    1.37922
     4.7343
   0.236407
    2.61984
    8.07276
    3.12762
    13.1466
   0.189025
    2.04154
   0.278539
    1.04831
    5.56135
    1.18274
  0.0834342
  0.0627073
    1.70737
     0.4572
  0.0910732
     4.6479
   0.946601
    1.37691
    6.13809
    3.20165
    3.64649
    7.90101
    4.52023
    15.0122
    1.43388
   0.059664
   0.498691
    3.29832
    1.18644
  0.0722295
    0.41696
    3.66024
    2.67568
    3.93282
    2.84819
   0.759624
   0.303294
    2.28797
   0.209201
  0.0638084
    8.69079
   0.154513
   0.112769
    7.48391
   0.136152
    0.05881
    2.32771
    1.07032
    14.0763
    4.54585
   0.318495
    4.89002
    2.77474
   0.838827
   0.415667
   0.173826
    5.28329
    2.06573
    14.1316
    1.88215
   0.210003
   0.361029
    21.4021
  0.0149104
    0.41851
   0.227652
    1.08541
   0.810636
    7.57284
    10.2132
   0.616516
  0.0965102
 0.00566379
   0.961471
    0.39159
    2.09641
    61.1552
    1.44613
    1.74552
   0.152812
    8.49108
    1.68228
   0.648313
   0.538428
    2.88855
   0.893978
    1.11036
    14.2756
    2.50232
   0.155939
  0.0511472
   0.663591
    2.36373
   0.692339
    0.97892
    2.43396
    1.32429
   0.629838
    2.42353
    4.30983
    6.91261
   0.431233
    83.6641
    2.14826
    3.46446
   0.446867
    2.01707
   0.561047
    1.64002
    2.48642
   0.581516
    1.89351
    3.38188
     2.0194
 0.00606932
  0.0068944
    2.19671
   0.026613
    1.07555
   0.641302
    2.77807
   0.136378
   0.588245
    1.10063
   0.218276
    4.60387
   0.309992
   0.998789
   0.835839
    6.04743
    1.57454
    1.43778
    7.11265
   0.830055
    1.21763
    4.04512
    1.68415
    4.36108
   0.030923
    62.3918
      2.425
   0.849173
    6.21725
    1.55425
   0.579737
   0.545433
   0.780779
   0.251099
    1.46441
    0.24933
    0.58987
    10.1001
   0.624934
     6.7211
    2.13394
   0.462551
   0.045008
   0.308008
   0.174267
     1.5872
     1.5909
   0.267867
    0.24321
   0.159878
    11.4996
   0.104056
    1.02882
   0.737289
   0.890778
    2.80044
   0.251462
    13.7431
   0.721645
   0.279378
   0.128488
    9.46585
    6.09091
    1.05076
   0.314177
    2.70114
   0.781494
   0.310951
    1.28833
   0.266131
    3.77856
   0.116138
   0.914019
    0.45443
    18.5738
   0.619199
   0.559776
     1.6258
    5.47467
   0.500086
    3.49362
   0.248148
    26.6156
     1.3342
    3.19657
    14.1168
    5.20164
    1.95655
    2.01775
   0.589697
   0.933602
   0.202373
    0.45715
     1.7708
    2.86242
    6.91451
    4.41907
   0.081494
    1.28586
    1.04838
     51.068
    3.12117
   0.236562
  0.0828331
    1.23064
    1.28749
   0.752067
    4.23579
   0.232084
    1.26767
    1.79156
  0.0640587
   0.812385
    0.32211
    1.17112
    1.18006
   0.117641
    1.78939
  0.0656451
   0.199337
    4.75462
    2.13549
   0.227098
   0.356823
    0.14623
    8.63621
   0.188599
    639.586
    4.84245
    1.68093
   0.315542
    2.94319
   0.242347
    4.77567
   0.550257
  0.0327152
  0.0675562
    2.73956
    9.71706
   0.101396
   0.273427
   0.109672
    0.98101
    1.82934
    34.2375
    1.34396
   0.475652
    16.3272
   0.414997
   0.415957
   0.299596
    43.0634
    1.26125
    3.84811
    1.08915
   0.244631
    21.1113
    1.42581
   0.975826
    1.93651
   0.296655
   0.019932
    2.57799
   0.830159
  0.0629308
  0.0071198
    1.04362
    2.57909
    12.5669
   0.876533
   0.494588
   0.350227
    10.5922
    25.4157
    4.47717
   0.038479
    1.85477
    0.22023
    134.076
    4.15452
    2.77643
    3.19009
    1.76364
   0.333791
    4.24816
    4.08994
   0.373622
    1.69441
   0.516935
    1.85186
    7.13817
    1.77799
  0.0121108
    3.82392
   0.239431
    5.76869
   0.099978
    12.5479
   0.394966
    10.5592
    18.6531
    3.37125
    532.033
   0.296052
    2.34183
    2.68899
    1.87605
    2.94036
    2.52738
   0.324409
   0.521888
    7.75391
    1.71172
   0.210134
   0.658047
   0.759065
   0.690445
   0.162692
   0.870145
    6.07006
   0.123583
    21.5966
   0.997073
    1.27708
   0.584663
   0.212689
    20.0143
     0.2513
    2.11477
   0.520921
    1.53633
    9.90258
    1.33549
    16.5806
   0.022813
    3.23021
   0.951609
   0.845471
    12.8126
   0.162927
    0.92687
    1.93688
    3.06638
  0.0477102
    2.43176
    6.70385
   0.129548
    4.40753
    0.41222
    3.76868
    1.11291
    1.00538
    5.04521
 0.00688068
   0.780531
    8.70303
  0.0986616
   0.156469
    11.4999
   0.462439
   0.246941
    10.7944
    17.5248
    3.06173
    6.71489
    1.32505
    1.27958
    2.52032
    1.24368
    6.06983
    1.42463
    2.82192
     3.0532
    4.00364
    11.3566
     2.0251
    10.0654
    1.39268
   0.421384
   0.412888
    2.93632
  0.0802631
   0.550403
   0.485379
    1.13461
    1.01679
    2.08191
    19.5361
   0.220389
    1.39439
   0.772408
   0.754192
   0.670783
     2.6549
    2.13669
  0.0611096
    12.6291
    1.95425
     3.0939
    2.63129
    5.68658
  0.0807612
   0.198164
    1.67589
     1.1746
    2.43001
   0.930532
   0.443137
    0.17797
    1.59788
    1.26875
  0.0446941
    3.28569
   0.601194
    4.68522
    2.81982
   0.241597
   0.395857
    0.81753
   0.505488
    5.03796
  0.0272529
    7.66118
      12.82
    10.4368
   0.261753
   0.121211
    1.06053
    0.43007
   0.578246
    3.24028
   0.683554
    1.35582
    9.44666
    5.77364
  0.0151463
    10.3487
   0.268171
   0.363385
    3.40117
   0.201124
    0.19049
   0.989475
   0.310403
    2.29064
  0.0070968
    56.4018
    4.05924
    1.00592
    1.31998
   0.804591
   0.552817
   0.419796
   0.382224
    3.53875
    1.56367
    8.17232
   0.632455
    2.89722
    1.34324
    2.02354
   0.246068
    4.16074
   0.610741
   0.950295
    3.77823
    2.18778
   0.358796
   0.706777
   0.772356
   0.701051
   0.408954
   0.428657
    7.71008
    4.07598
   0.491489
    3.06474
    5.66321
    7.33892
    7.42046
  0.0645998
    1.36922
    2.93052
   0.548778
    3.36505
   0.818228
    1.51988
    1.21598
    4.14213
   0.635361
    3.15766
   0.260605
    2.36988
   0.337119
   0.828891
   0.379871
    1.72767
     3.6821
    1.19709
   0.521374
  0.0951921
     1.0384
  0.0808899
    11.5402
    1.57851
   0.804135
    1.67452
    1.33986
    1.69243
  0.0484386
    6.07101
  0.0896105
   0.710482
   0.536921
    3.45859
     3.6719
    1.82212
  0.0826298
    7.25482
   0.285532
     7.0719
  0.0218621
   0.471518
   0.884303
    2.62881
    2.33394
     4.6718
    3.03553
   0.413142
     1.8562
    3.88769
   0.234897
    1.50219
  0.0811643
    8.68791
    1.15773
   0.990703
    36.5316
   0.305664
   0.926698
    17.7174
    0.34692
   0.877142
    3.17265
    1.66701
    1.05818
    0.73743
    1.68535
   0.144383
   0.333282
    25.2952
   0.348044
     2.7006
    6.48745
   0.404069
    1.32796
     4.2396
   0.866938
   0.123099
    3.10625
    1.68037
    7.48983
    2.94066
    0.91719
   0.279992
   0.349388
   0.311665
    1.18243
  0.0563841
  0.0378504
    0.76534
   0.379021
    6.58563
    8.40199
   0.361457
   0.106706
    0.44303
    7.13965
     21.572
   0.399807
    6.21884
    4.72513
   0.182401
     1.0349
  0.0785762
    1.93019
    2.28457
   0.129105
   0.628818
    1.66241
    1.28707
     1.5057
    2.18822
   0.226661
   0.895651
   0.230452
  0.0960029
   0.187454
    2.55683
    1.16288
   0.875056
    1.02409
  0.0343247
    5.42022
    8.66318
   0.655188
    11.2407
    2.65499
   0.856021
   0.583332
    1.33577
    4.80787
    3.26083
     2.8092
   0.105634
    28.9499
    6.02208
   0.342404
    5.43369
   0.387368
    6.93592
   0.263221
    1.64452
   0.549647
    1.17942
    7.22274
  0.0242613
    3.49782
   0.977819
     6.5468
    2.52652
    0.68445
    1.45439
    17.9108
   0.212968
    5.84522
     1.8931
   0.042177
    9.78675
  0.0615755
    2.63156
    1.93228
     1.2809
   0.345828
    1.57439
  0.0310803
 0.00848551
   0.246121
   0.045415
      1.628
  0.0322952
   0.649093
    3.31238
    1.75882
  0.0326889
  0.0788838
    0.38293
    1.89802
    1.36478
    3.97707
    0.32921
   0.438109
   0.291519
    3.00494
    0.31874
   0.632038
    1.12222
    2.93299
    1.02156
    1.65302
   0.360838
    18.0429
    1.64393
   0.154684
    2.56759
    1.29445
   0.536752
    2.59288
    0.27981
   0.344009
    1.72221
   0.324406
     11.504
   0.497556
    2.78144
    2.42746
    1.34903
    3.66456
   0.259016
   0.813458
 0.00430999
   0.131885
  0.0074502
    1.88519
     0.6748
    7.40073
   0.913452
    2.00625
   0.562771
    6.29633
     1.5819
   0.723488
   0.516247
  0.0640605
    7.30977
   0.560676
      3.541
   0.230033
   0.308249
   0.532059
     1.1927
   0.115524
    1.96572
   0.241278
     5.7373
     80.069
  0.0645771
    0.19938
   0.672145
      39.36
    1.51301
    3.97271
    0.49817
   0.443463
    1.22828
    1.36802
     3.1795
     4.6601
   0.525853
    1.22205
   0.254369
    2.78341
     1.9015
   0.368183
   0.631696
   0.240209
    1.60807
    1.10564
    1.38471
     0.8242
  0.0876302
  0.0353161
   0.565968
   0.534218
    1.97793
    3.62382
   0.052967
   0.979142
    6.06019
    2.04152
    3.38844
   0.624513
    3.25034
     15.218
     3.3362
    3.02475
    1.45729
   0.525134
     2.3222
    2.04033
    4.16266
    0.03494
    1.43906
    5.63472
   0.635645
    2.47628
    1.80902
    1.36184
    3.70659
    1.06287
    1.22184
    4.23098
   0.643729
    1.11823
    3.54375
    1.63494
    3.02872
    0.14447
   0.137872
  0.0483651
    16.2511
    4.11547
    2.25812
  0.0931321
    8.17745
   0.757579
    2.72888
   0.286105
   0.326352
    11.1674
   0.149845
  0.0935757
   0.480551
   0.221026
   0.109354
   0.338305
   0.788276
    1.21926
   0.619996
   0.433582
   0.626756
  0.0354802
  0.0406181
    15.9883
    0.61648
   0.466325
   0.680759
    3.52204
    6.48388
    3.33758
  0.0919944
    7.11586
    4.73669
     0.8691
    4.34441
    1.44775
    6.20721
   0.902939
    1.66045
    1.42784
  0.0267851
  0.0271477
    1.79392
   0.267616
   0.132653
    3.43314
    0.14876
   0.481069
    3.63131
    12.3026
    3.18111
    1.00483
     1.5779
   0.744752
   0.460007
    5.24038
    4.55387
  0.0970753
    4.02826
    9.37304
    5.30944
   0.363657
    4.21069
    11.4091
    42.9721
    0.47516
   0.232441
    1.87944
    5.96664
    1.12307
   0.382106
    1.93523
    1.25115
    0.31619
    1.78415
   0.935154
   0.691471
   0.573428
    1.51865
   0.577322
    2.04118
    4.23596
   0.819968
    3.62171
     0.1347
    8.66351
    1.36958
   0.646863
    3.94382
    2.47875
    3.76566
   0.286454
     1.1983
    5.98809
   0.568857
    10.6003
  0.0116391
   0.505078
    4.42815
   0.449707
     1.1337
    1.38931
    2.89014
     5.4238
    3.47776
   0.541833
   0.973462
    3.09023
   0.908078
    4.50918
   0.900438
   0.974074
    2.10442
   0.505297
   0.101389
     9.0958
   0.166391
   0.875478
    3.43547
   0.169006
   0.249789
    2.07607
    14.6488
    1.08072
  0.0246216
    1.31432
   0.693355
   0.311993
    8.87514
   0.249621
    8.07929
    1.60636
  0.0135786
   0.335295
   0.126128
    4.27166
    10.9187
    1.29326
    1.69885
   0.129514
    2.98628
    5.67548
   0.180999
   0.767215
    1.08833
    2.57606
   0.974037
    1.50753
    1.70865
   0.405282
   0.640951
    3.19829
  0.0283716
    7.06922
   0.627261
     3.4518
   0.774024
    1.90412
    2.43689
   0.334233
    1.29933
    2.99261
    2.68515
    1.62998
   0.411023
  0.0915713
   0.150664
     2.3705
    4.13699
   0.777649
    16.8501
    3.08065
    1.30927
    1.59862
   0.376013
    2.22381
   0.150109
   0.343618
    2.60417
    6.37583
   0.581878
    2.42521
    0.65607
  0.0126747
  0.0198022
    1.43055
   0.546786
  0.0185363
    1.26803
   0.461575
    11.8471
    5.97344
    2.95104
    1.35932
   0.518907
   0.885906
   0.341626
    1.17491
    1.67036
    4.21041
    3.58545
    15.0664
    3.23454
   0.533585
   0.240196
   0.353766
   0.191592
   0.988143
    2.48936
    8.42932
    1.53432
     4.2681
    1.76796
    2.56698
    1.44548
     1.0928
   0.105207
   0.601693
    9.04385
    1.01198
    6.71864
  0.0218023
      1.665
   0.277901
    3.74426
    1.04544
    2.93129
    1.64105
    1.31284
   0.401695
    2.20051
   0.538288
    9.76708
   0.160337
    1.01418
   0.307514
    1.50629
    0.74561
  0.0467679
     1.4104
    1.65101
   0.264213
   0.914027
    9.40792
    1.21681
   0.455019
   0.285241
    3.91871
  0.0362584
    10.1146
   0.127219
    1.58056
   0.404449
    0.75022
    2.34516
   0.199958
     1.4185
    1.74855
    1.79179
  0.0753719
   0.858166
   0.648717
    1.39277
   0.181848
    3.69219
   0.432048
    3.39107
   0.481036
   0.405533
   0.792268
    5.68225
     1.6465
   0.656299
    9.80172
    9.13049
   0.150034
   0.465363
    2.72638
  0.0642839
    6.35576
   0.307305
    2.65889
    2.22745
  0.0534169
    3.51087
   0.219907
    2.26363
    7.20693
   0.290505
    3.88278
   0.538879
   0.208034
    8.59542
   0.605076
    1.23572
   0.332717
   0.380037
    5.46787
    4.40941
   0.302243
   0.412184
    3.64004
    1.60392
    1.01832
    0.59202
    1.44145
    1.54211
   0.428781
  0.0836197
    2.33412
    1.45076
   0.128367
    1.50921
   0.397805
  0.0887246
    1.40736
    2.31136
    1.12087
   0.332231
   0.218831
   0.309462
    2.19439
   0.767693
   0.573853
    2.32709
   0.736798
    1.21185
   0.142173
    2.17537
     1.6079
  0.0373747
    1.21906
    10.5547
    6.09983
    6.12956
    1.18227
  0.0114973
    0.46593
   0.194682
   0.041574
  0.0336334
  0.0287167
   0.062642
    1.51399
    1.90608
    1.93816
  0.0302326
  0.0296194
  0.0463661
  0.0703586
  0.0280754
  0.0195436
 0.00901521
    1.58297
    1.72486
    4.61455
    4.20406
    3.43645
   0.500579
    9.05919
    3.13448
   0.609416
   0.582247
     1.2553
   0.120341
    1.04482
    2.78873
   0.982192
   0.568759
   0.785427
    2.80894
    1.44224
   0.352613
    2.02834
   0.228668
    15.2693
  0.0375126
    7.51568
    3.29944
    1.22386
     1.2849
    2.25197
    3.17533
   0.824647
    0.36654
   0.253999
    2.15395
  0.0213161
   0.235459
   0.141513
    4.31541
   0.212779
   0.535778
    2.65713
    3.83178
    2.23652
    663.983
    5.58535
    7.16403
    1.49832
    1.01913
    2.18445
   0.707338
   0.271224
    2.63143
    1.31926
   0.539752
    1.48857
    6.25992
     6.7553
   0.501969
   0.482012
    5.11558
    2.27728
   0.998485
    2.86905
    10.7742
   0.370318
    3.27249
    8.84791
    1.99463
   0.159282
    1.50312
    4.77102
   0.181138
  0.0663298
   0.293719
   0.430081
   0.211105
    7.73188
    3.41605
    3.64521
    3.95091
   0.141257
    20.1758
    0.13184
   0.106519
    3.11629
    1.38029
    1.71541
    1.45703
    4.29624
    1.55571
   0.075944
  0.0933002
   0.878848
   0.639997
   0.560845
   0.599626
     43.548
   0.661665
    38.0605
    1.07092
    2.42064
  0.0398339
    1.75066
   0.245934
    8.40771
   0.128211
   0.425568
   0.333369
   0.196903
    1.99428
   0.500178
    1.17166
    4.35079
    18.4809
   0.828684
    1.27585
       2.63
    1.58375
   0.339115
    1.23766
    1.44435
     4.6481
  0.0168628
    2.74334
    1.37055
   0.654473
   0.810173
   0.600889
    1.67127
    1.19459
    95.0761
    1.58733
   0.809424
  0.0305576
    1.18295
    1.87339
   0.958795
     0.2422
    1.74585
    3.66755
   0.595689
   0.568017
   0.868117
    7.05952
    1.07142
    1.79497
    3.06815
    1.26377
    3.05402
   0.360474
   0.614156
     1.2905
    4.19048
    1.43309
    4.01819
   0.258652
    1.02193
   0.751924
    1.86101
   0.315244
   0.935885
    2.89984
    1.68356
     1.2798
    3.06807
   0.294347
  0.0377181
    1.69388
    2.32669
   0.743332
      1.352
    1.20208
   0.184391
    12.1224
    1.74412
  0.0602479
  0.0195303
    1.27396
   0.281814
    1.22576
    2.24537
   0.263428
  0.0239942
    2.75285
    0.63699
    0.48477
    2.94661
   0.215138
   0.661075
     1.3956
   0.531496
    1.57099
   0.394762
     6.0691
    3.28189
  0.0971474
  0.0281588
  0.0533679
    1.63742
   0.728826
   0.159815
    8.14781
    6.91541
   0.611902
    1.44671
    1.99873
   0.784828
    4.64109
    3.47982
    3.03858
    0.50551
   0.413855
    2.38326
   0.849546
   0.735736
    2.66386
    1.15035
   0.121102
    7.16513
   0.802368
    2.36467
    1.38986
   0.402658
    0.73069
    4.77192
    2.67228
   0.648997
      2.411
   0.146343
   0.164784
    8.28309
    1.08031
   0.859439
   0.392412
    2.58153
    9.18956
    1.87458
   0.545513
  0.0624501
   0.801279
   0.669594
   0.670841
   0.351091
   0.318424
    2.77767
    1.15207
   0.240467
    2.78434
   0.423124
   0.442434
    8.34459
   0.650905
    2.04331
  0.0540844
   0.187353
   0.497789
    4.27213
   0.267489
   0.176296
    1.41119
     1.6805
    58.9308
     1.1849
    2.46488
  0.0905207
    5.20141
   0.215014
    5.32152
    10.4375
   0.668893
   0.276465
    2.05233
    27.4393
    17.1172
 0.00727121
    3.08664
    2.14472
    12.6168
   0.539617
    2.39644
    2.14733
    1.07866
    7.49093
   0.117775
    2.69772
    8.14303
   0.699665
 0.00808947
    1.16334
    2.05361
    2.59771
    2.43777
    1.18636
   0.145787
    1.88788
    3.23427
    2.22364
    9.26772
   0.174959
    1.51562
    2.32085
    2.75249
  0.0641338
    1.20643
   0.104485
   0.915366
   0.382279
   0.147768
    1.34621
    7.14368
   0.174317
   0.349708
    10.4416
    3.39713
    7.05931
   0.928388
    1.65025
   0.969938
   0.196363
    3.42042
    3.24437
    1.34628
    1.46909
   0.046329
   0.519114
    2.35709
   0.787727
    19.3642
    3.87494
    3.29721
    3.54116
    0.74857
    5.13205
   0.691905
    1.10113
     2.9375
    4.05726
  0.0195421
   0.981256
   0.983947
    2.67002
   0.781927
     1.3552
    1.78133
    1.49526
   0.618612
    8.87431
    1.78563
   0.600714
    3.52922
    4.30187
    4.10697
    2.17314
   0.199706
    2.94625
    1.29079
    0.91421
  0.0650371
  0.0317484
    1.63122
    1.71691
    1.36425
    2.29616
   0.959514
    3.27666
    1.99883
    2.01742
   0.106412
    1.23118
   0.485548
    0.16047
    1.13603
    0.34934
  0.0264078
    3.72228
    4.70641
   0.330903
      1.352
     4.3389
    3.36442
    2.94104
    2.34716
    1.95096
    5.46162
   0.292273
   0.173713
    2.75969
   0.281777
  0.0464682
    1.64221
   0.393616
    1.48626
    3.76186
   0.479877
    5.83532
     2.9375
    0.19607
  0.0276477
   0.220591
   0.530451
   0.272772
    0.95256
  0.0278876
   0.327001
    17.8929
   0.322034
    1.22657
    1.31656
   0.638829
    3.04603
     3.5636
    0.34433
    1.24638
   0.980779
    1.68229
    1.22006
    1.98792
    0.68653
   0.337088
   0.271942
   0.611605
    1.49798
    3.94497
    1.02275
   0.802213
    4.40374
   0.177777
    9.16102
    3.35125
    2.29819
    5.42564
    3.13672
   0.872243
   0.300971
  0.0303251
    3.06822
    3.12354
   0.672113
    5.01699
    1.77773
    30.6141
   0.215561
    8.63353
   0.827789
   0.377168
    2.78717
    5.04896
   0.100811
   0.772179
    1.58742
    2.64067
   0.537782
   0.408614
   0.693248
   0.158317
    2.31176
    2.43172
    1.54558
     1.2493
    4.46203
    3.94614
   0.021767
   0.789027
    2.08416
    4.11417
   0.454449
    4.18589
    9.66686
   0.507048
    1.04649
    1.13003
   0.213313
    1.36966
   0.111183
   0.267947
    0.80802
  0.0790015
   0.701105
   0.514179
    1.50491
    5.83206
   0.721064
   0.147263
    9.08512
    2.47025
  0.0172465
   0.841955
    1.26516
   0.942876
    3.43164
    1.41684
   0.975835
    4.19201
    5.48196
    1.91335
    1.07678
   0.075788
    3.15598
    1.52147
    1.23674
    0.14077
    1.42457
    10.2281
    1.03541
   0.275537
   0.847516
    2.05198
    4.40898
     0.3385
  0.0127633
     5.7754
    0.31531
   0.769818
    19.8845
    3.85393
    0.29103
     1.6402
    1.13856
    1.68446
   0.821526
    7.85699
   0.884242
    6.04211
    4.36092
    2.00744
    2.58066
     5.9127
    1.89561
  0.0435252
   0.959112
    0.94002
    2.90307
   0.219062
    1.37253
    1.47237
   0.760286
    1.93301
   0.923043
   0.368202
    2.18948
  0.0468668
  0.0453689
   0.472763
    0.12368
   0.108221
   0.332107
    6.37831
   0.813139
   0.735123
    0.76127
     2.1028
    2.08457
   0.511399
    1.85271
     5.3667
   0.709273
    1.71402
    1.13361
    1.18784
    2.68752
   0.689632
   0.174808
    6.27284
     3.7155
    3.54651
    1.73466
    5.84667
   0.740398
    8.71556
    9.00145
    2.28038
    2.79721
   0.482677
    3.60414
   0.393394
   0.332739
    4.78131
    4.83199
    1.07306
   0.415144
      1.016
    2.33682
    1.22178
     5.3987
   0.444517
   0.262776
  0.0104221
   0.431084
   0.638758
    1.99078
    4.75977
    2.04172
   0.112212
    1.91594
     2.3561
   0.185344
    1.07271
     1.3383
     0.5661
    10.8386
    1.40017
    4.60418
   0.693232
    9.55088
    1.00671
    5.75265
    5.35527
  0.0768862
    1.03745
     1.7056
  0.0629391
   0.086226
   0.503121
    8.08041
    71.9962
 0.00806382
    1.55924
   0.164163
    1.52035
     5.0249
    3.05824
   0.460457
    1.94366
   0.475257
    1.43721
     0.9186
    1.37763
    3.99349
   0.773877
   0.618144
    1.23449
   0.025776
   0.621275
    1.63869
    6.54181
    2.29488
    1.94785
    3.27224
    1.69649
    1.24999
    1.58956
    4.47193
    3.45242
   0.452291
    1.23639
   0.710335
    1.64213
   0.594856
    1.29364
   0.719609
    2.14322
    3.56826
   0.240897
    2.23008
    3.10191
   0.978652
    2.87022
   0.495122
    1.18791
     3.8779
   0.010225
  0.0260985
    2.76046
   0.848196
    3.78606
   0.544122
    0.79182
    2.07845
    0.62374
    1.81838
    2.83457
    2.66196
    12.8709
    1.18117
   0.432856
   0.914094
    1.35542
    3.59704
    1.41035
   0.645364
    2.41754
    5.63091
    2.01031
    6.91299
     1.6258
  0.0663332
    8.60347
    2.02352
     1.4942
    3.12913
    1.51892
    1.98699
    0.41798
    1.48811
    0.24939
   0.851975
   0.847312
    5.30865
    2.48652
   0.876962
    1.00188
   0.442512
   0.712559
    2.19568
     4.1748
    1.19989
   0.364101
   0.734252
   0.323597
    1.46453
   0.633205
   0.955145
      5.351
  0.0196184
    6.29986
    1.13393
    1.11768
    4.12968
    0.20445
    1.80821
    11.0908
    0.43353
    5.29061
    6.79196
   0.661466
    3.42157
   0.513453
    2.06725
    1.24764
  0.0675035
  0.0631347
   0.850481
    1.58254
    3.49593
    1.27842
   0.999049
    1.51845
   0.372755
    1.23988
     1.8031
  0.0272337
   0.718597
    2.81836
    1.16095
   0.472669
   0.663521
    4.06038
    1.08407
    3.30775
    0.45655
    2.87308
   0.612947
    0.83343
    3.39812
    0.98309
      10.04
    1.86516
    2.58985
    1.49584
    1.74114
    6.06701
    1.30293
     15.706
    2.70161
    18.9104
    2.30195
   0.418049
    1.07608
   0.892055
    0.55509
    0.21715
    3.55904
    11.8048
    1.46884
    1.18957
    1.86629
    0.86287
    2.13051
    2.35567
   0.529841
   0.904797
   0.796383
   0.761425
   0.983784
  0.0116425
  0.0967487
   0.030286
   0.190043
    2.42948
    1.72193
   0.428366
    1.62756
    1.24371
    3.09139
    1.22201
   0.306868
    10.1917
     1.2485
    1.57751
    1.00751
   0.765864
    4.63015
    3.54569
    1.75888
    2.80888
     1.1249
    2.28457
   0.251529
    2.00243
   0.108254
    9.41923
    1.70244
    1.76571
    2.49142
   0.537473
     11.672
    2.91233
     0.9319
   0.742219
  0.0916982
     3.1041
    1.08975
    1.79387
   0.202332
    10.7344
    2.73794
    1.58789
  0.0197586
    1.65539
    5.34835
     3.0196
    1.55472
   0.947049
     1.3033
    2.31721
    4.33891
   0.393406
    3.87845
   0.150098
   0.247788
  0.0424496
   0.715951
   0.434251
    2.46878
    9.08783
  0.0577157
    1.92741
   0.298874
    4.13871
   0.837879
   0.633026
    3.26922
    62.5825
     2.0022
    7.81642
    33.2359
    2.26278
    1.06438
     1.6421
    1.21985
    0.74704
   0.126776
    1.41255
    1.46132
    2.99169
    7.22653
    8.08437
     3.5893
    1.94174
    2.10458
   0.757928
    1.79208
   0.876857
    2.17622
    2.34982
   0.742237
    10.4813
    3.53741
    1.52789
   0.742871
    4.25213
    2.75674
    2.68816
    2.38351
    1.68796
   0.820401
   0.504848
   0.498791
     3.2007
    3.93508
   0.546146
   0.480595
   0.346167
    2.41372
    7.37692
    6.43893
    2.04399
    0.36567
    4.20182
  0.0296159
  0.0633643
   0.188378
    2.50861
   0.312221
   0.872994
    1.65256
    22.2496
    3.69584
    1.50403
    11.6702
