    816.744
    11.9968
    453.626
    165.841
    312.884
    4478.82
    5039.86
     91.106
    357.407
    31.9142
     4.3944
    1500.41
    1.07315
    37.8267
     17.826
    492.468
    443.086
    40.5323
    19.4592
    16.3622
    89.8968
   0.268984
  0.0853298
    20.5155
    1662.51
  0.0164005
   0.459948
    2.79708
       3.64
    1.47369
    142.504
    35.0741
    1.92256
   0.131943
    289.214
    0.19036
    121.735
    4.55173
    2.35532
    5.87773
    40.6035
    1.67147
   0.535321
    1.46122
   0.638989
  0.0698026
    15.2908
  0.0414073
   0.305536
    7.09101
     65.408
    36.4068
     3.2011
    5.02399
    24.3245
    3.29616
    7.87277
     389.27
    17.7162
    1.02569
    145.508
    803.256
 0.00492867
    307.214
    1.56489
    1.84426
    70.9687
    2.41513
    63.3925
    31.0579
    23.6436
    157.355
    6.45323
    30.1343
    3.93517
    17.0953
     3.4096
     32.702
    18.6176
    776.629
    9.60187
   0.131675
     116.94
  0.0834737
    2.91788
    1.09819
    177.126
    27.7672
    383.812
   0.103441
   0.332758
    46.3297
    5.16059
    5693.83
    1.42163
    33.8928
    32.1204
    2.68695
  0.0753096
    8.22795
   0.214192
    8.90344
    15.1795
    290.955
   0.956993
    3.92736
  0.0973679
 0.00246856
    6.23553
 0.00815901
    4.05683
    3.72294
    14.4235
    268.533
    5.11821
    550.686
    73.2318
    4.31521
    399.871
    1.85781
    7.08973
    4.85419
    7.37649
    216.291
   0.344054
  0.0919228
    13068.9
    3.87751
   0.570139
    31.8237
    4.74782
     2.7456
    87.3729
    348.002
0.000907914
   0.277686
   0.469865
     12.314
    1.46096
    26.8856
    1.49586
    8.54361
    8.69264
    26.3323
    6.96578
  0.0465674
    2.96696
   0.890529
    1.24425
    7.49139
   0.349875
   0.176044
    4.19748
   0.014069
    16.2838
   0.353742
    2.17695
    65.6583
    30.8935
    56.3646
       4.37
    2.03024
    8.90499
   0.139465
    2.26299
    1.20513
   0.142791
    38.6732
    7.25922
   0.102784
  0.0783634
   0.632561
     9.6985
    5.45197
    22.9779
    1.21404
    561.371
  0.0535485
    3.70047
    60.2805
    102.881
    1.04617
   0.317221
    7.20075
    79.6486
    45.0136
    1.82522
    9.38733
    4.53093
    2.34457
 0.00212152
    8.49338
    1.51591
   0.163139
      86.04
    2.41534
    4.14721
    16.2004
    1.95505
    0.98848
  0.0558196
    9.77118
    2.75411
    1.82941
    1.59478
    3.18406
    7.14827
    45.3346
     1.8627
   0.722064
    9.61488
    12.4763
    2.95565
   0.806779
     173.19
     140.93
    7.39995
    0.82354
   0.373221
    3.76871
   0.304727
   0.734928
     1.3781
     1.5654
    64.0323
   0.017163
    3.20276
  0.0556668
    10.8229
    11.6161
    1.85467
    2.22389
    49.6896
    57.6497
  0.0524598
    3.00667
    2.90543
    1.84873
     2.8922
    3.29943
    8.30331
    25.6061
    29.1891
   0.893907
 0.00875894
  0.0052047
     27.564
      4.073
    44.7397
     5.3924
     18.314
    1.31011
   0.872865
  0.0225801
    11.1338
    4.66215
    2.57045
  0.0186752
    9.79582
   0.355957
    4.99815
    22.3542
    1.56801
    8.08897
    4.51713
    20.9426
   0.156403
   0.381222
    11.9008
    1.99395
   0.094103
    2.00341
    6.08354
    110.969
    25.5932
    101.825
    15.5433
   0.347859
0.000886609
  0.0615656
    25.7669
 0.00495403
    9.65464
    124.808
    2.56233
    4.12586
    15.8636
   0.615593
    2.50758
    12.6882
    6.98563
    6.22448
    433.405
     1.2817
   0.479018
  0.0264274
     12.271
    27.4304
     2.3447
    2.62312
   0.360417
    15.0707
 0.00102582
    1.59208
    163.273
    2559.84
    3.12291
    845.589
    9.79225
    6.21423
   0.303207
    4.79666
    7.21865
    12.8088
    2.07311
  0.0222763
    11.4888
    2.76045
     4.2326
    10.9007
    19.8762
    1.48888
    8.98682
   0.463804
    3.12134
   0.775253
   0.391841
   0.892891
    6.09955
    15.4268
    2.28588
    8.01859
    932.079
    21.1805
    4.72399
    1.40459
    2.31926
    5.30772
    22.1693
    9.98494
    15.9196
    7.06626
    2.46033
   0.522705
 0.00518042
    0.67237
    7.32733
  0.0289846
   0.232751
    12.4639
    2.58361
     119.72
     1.5464
    1.70932
    28.6448
    0.52486
   0.255549
    20.6154
    27.0053
    18.5493
     4.5655
    7.07131
   0.103349
   0.121866
    0.54086
  0.0289059
   0.445632
     6.7816
    1.41977
 0.00109921
    10.0427
   0.288659
 0.00992159
    1.80951
    3.64291
     1.4234
   0.400559
    5.27719
  0.0735454
   0.164328
    31.9239
    11.6433
    50.4384
    61.0965
    3.84853
    29.2483
    20.7563
    1.93504
    1.26595
    9.00591
    6.64428
    8.30102
  0.0587992
     14.925
    2.55709
    13.5607
    1.06859
    0.71351
    6.91688
    19.4952
    1.93586
   0.727313
   0.862653
    19.9863
    8.89849
   0.900326
     3.0453
    1.54452
     66.825
    8.84302
    11.1933
   0.189671
   0.910978
   0.448388
    5.20629
   0.921569
    5.37293
    30.2683
    35.1528
  0.0223603
     4.1344
  0.0242558
    2.88761
    86.8131
  0.0249558
    111.475
     64.741
   0.268807
    49.4875
 0.00415789
   0.144366
  0.0293207
   0.356629
    1.37399
    36.1394
   0.729402
    8.26269
    2.23307
    7.91597
     2.1439
    1.36702
    26.7833
    3.16675
     4.1192
     1.6262
    1.78456
     7.9217
    9.41425
    8.66483
    3.83306
  0.0546133
    1.06638
    4.86697
    5.46392
     33.179
    7.35929
    4.47986
  0.0150308
   0.873572
    3.16162
    2.21374
   0.863669
 0.00088539
   0.639513
   0.434386
 0.00999123
   0.606469
    2.50345
    4.37806
   0.204445
   0.600037
  0.0110451
    6.18232
    5.12042
     1.0359
    12.3935
     24.528
    4.70885
   0.749337
     2.7839
  0.0174866
  0.0369562
   0.119867
   0.614493
    6.85491
  0.0257058
   0.367736
   0.775631
    1.09703
    3.02841
    6.49213
    36.8577
   0.262413
    12.0392
   0.555245
  0.0557442
    11.9864
    0.91568
     1.4423
     1.6157
   0.771061
    22.0829
    6.65609
    2.24123
    8.63595
   0.408384
  0.0101545
    2.14576
    2.97436
     1.4172
    1.52047
  0.0253397
    0.19477
    1.27484
    828.612
    8.77775
  0.0482727
   0.395158
    7.23974
    3.85479
    74.4487
    1.78467
   0.380385
    31.9192
  0.0181048
    1.77403
    1.95341
    2.54386
    23.5307
    12.6616
    1.42629
    5.45195
    2.06623
 0.00740345
    8.30166
      232.6
   0.839019
    9.97002
    1.14784
   0.282264
    3.02167
     56.484
    203.703
    3.42212
    4.75425
    9.19592
    1.87534
    3.31612
    1.85141
    0.33463
    1.59448
   0.885567
    5.82324
    20.7955
    12.8717
   0.142728
    1.08403
    3.30774
    5.44926
     4.7183
     17.247
    5.18882
   0.903676
    22.1169
    73.1223
    10.3533
   0.426814
   0.918437
    1.02969
    4.34021
    1.94456
    8.93612
    1.23485
    2.15949
    8.30062
    5.46002
    38.1786
    17.0945
    0.17946
    1.81496
     19.731
    0.67931
  0.0271064
   0.591543
    4.52909
    11.0992
   0.204719
   0.252068
    1.57386
    36.7606
   0.192436
   0.265179
    6.55595
   0.504195
    10.6178
    5.36213
    4.55277
  0.0214693
    8.81104
  0.0150821
    30.5506
    3.47315
    12.9234
    1.41407
    2.90695
    2.39612
   0.123129
   0.686199
    18.6089
    10.5688
    0.68734
    0.43546
 0.00117007
   0.398882
    43.2467
    10.0353
    10.9931
     12.893
   0.652348
    1.83716
  0.0011656
    11.8746
    1.11517
    2.00551
    43.2689
   0.353564
    4.58912
     9.5976
    37.9111
    3.56155
     13.727
    1.93242
    17.0673
    1.39133
    5.26219
   0.846414
    1.76005
    1.96864
   0.427824
  0.0555178
     6.8242
    2.22538
    59.6884
    0.67423
    4.21409
   0.209258
    2.83362
    5.84883
    14.0453
   0.512199
    6.15664
     1.8235
  0.0617276
    6.22021
     5.2296
    158.793
    14.6548
    6.54996
    9.79199
   0.238906
    4.46283
    5.09861
   0.180473
   0.679509
    0.51833
     11.198
    60.0258
     363.41
     20.096
     3.4187
  0.0769384
    6.13068
     2.9363
    1.21494
   0.396193
    55.3274
    12.7956
    153.677
    2.82629
    19.7158
    1.81548
   0.504558
    1.30006
   0.118966
    6.39597
  0.0901318
    43.2184
    44.8271
    7.49119
    0.04266
   0.156641
    3.21168
    1.46159
   0.318736
    2.11478
  0.0144202
   0.674869
    3.21183
    8.59401
    98.7109
    2.51388
     44.055
    7.00905
     2.3963
    4.69283
    16.7535
   0.417278
    4.93611
    8.66018
    4.47816
    1.02748
    5.65221
    1.36178
    1.05543
    5.01611
   0.102517
    2.22634
     5.9303
    16.7351
    14.2733
    9.37681
    6.33205
     2.0175
   0.102022
    2.50697
   0.964786
    44.0762
    4.22897
   0.387179
   0.236992
    0.80074
    2.03218
    0.92934
    174.845
    7.47603
     16.487
    10.5464
    1.53369
     174.58
    0.10996
  0.0902041
   0.565413
   0.188284
   0.347148
    4.82716
    10.4422
    4.71851
  0.0600682
    3.58972
    5.57239
    1.60579
    2.47314
    3.71897
    1.43806
    3.64591
    1.52492
  0.0918081
    1.27204
   0.506119
   0.794933
    2.16043
    4.39636
    10.1848
    7.17196
  0.0852205
    7.21885
    1.12718
   0.769633
     11.265
    46.7333
    15.2404
    1.09568
    16.2427
    3.83567
    3.33603
   0.148115
   0.914674
    47.0491
    3.38328
   0.147171
    1.97533
    1.06813
    1.70965
   0.401455
     2.7157
   0.382834
    6.93507
    72.6582
   0.208423
    6.66956
    2.52632
   0.302317
    2.63545
   0.831578
    1.13996
    11.1685
  0.0243556
    1.50393
    9.26715
    5.48186
    1.62808
   0.565196
   0.623217
    3.16572
   0.273755
    2.77477
   0.412598
   0.296569
    2940.05
   0.841624
    2.03559
    1.08058
   0.515944
   0.480347
   0.432061
   0.459063
    2.25274
   0.331961
   0.942077
     1.6279
    1.24457
    3.50972
   0.405955
    4.31127
   0.391718
    0.39651
    2.93546
    1.09813
    8.52365
     1.4158
    13.8431
    124.683
    1.29706
    6.63181
  0.0204278
    1.49501
   0.149187
   0.257818
   0.928602
    16.6586
   0.212009
    40.5081
   0.647885
    6.71009
   0.452612
   0.198898
    22.1651
    8.85974
    15.5362
     3.7793
   0.550944
   0.245938
   0.926036
    22.2146
     3.9116
    7.56204
   0.178419
    2.40421
     3.3393
  0.0558229
   0.202961
    2.08317
    30.7809
     11.954
   0.526866
    1.94135
  0.0461532
    11.5548
    2.03732
    1.95508
   0.559575
   0.150329
    2.63733
    7.24337
  0.0923184
   0.573472
   0.155893
   0.327816
    13.5516
    10.1442
    3.28402
    2.24165
   0.230729
     3.7302
    1.21738
    4.74218
  0.0238674
    7.20677
    4.50885
    17.1998
   0.962365
    4.72932
   0.496697
   0.672689
    3.48383
   0.481387
  0.0546943
   0.467859
    1.20644
   0.971648
   0.296851
  0.0982991
  0.0580216
    3.35636
    1.44986
    11.4295
  0.0101554
   0.084842
    1.70992
   0.353849
    2.66417
    11.2534
    1.36863
  0.0117794
     12.483
    8.69639
    17.9462
    0.79655
    4.64599
  0.0288181
     2.6337
    7.70239
     13.084
    1.26163
    1.55921
   0.357704
   0.231964
   0.093026
    3.94505
     2.9007
   0.507491
  0.0784079
    3.60404
    5.65425
  0.0269757
    6.53513
    1.35297
   0.140103
   0.778877
   0.283102
    3.26398
    5.97959
 0.00197929
     9.8128
   0.445182
   0.123185
    5.90795
 0.00102261
    5.92963
    2.86444
    3.72922
  0.0520762
   0.198127
    23.4506
    5.75785
     1.4534
   0.196889
   0.789805
   0.432726
     2.2624
    5.06196
    1.22016
   0.194512
    5.84062
    22.9954
   0.396204
    2.40646
    1.93604
    4.65765
   0.280135
    6.89896
   0.048373
    2.07757
   0.134204
    2.18086
   0.573502
   0.721299
  0.0606225
   0.189417
  0.0978662
    3.05441
   0.248171
    0.31024
  0.0887834
   0.103353
    1.33243
     2.9668
 0.00370201
    3.59819
   0.291095
    0.40215
    1.22263
    1.69091
    1.67551
    4.59221
    0.91131
    2.65264
    3.01823
    9.04513
   0.475435
   0.221166
   0.690998
    13.2249
  0.0375084
   0.438102
    5.39147
  0.0804921
    3.33905
   0.506441
    4.20269
    41.2112
    3.77054
   0.111867
    2.83484
    1.37891
    1.64347
    14.0773
  0.0479251
    1.14136
   0.238732
    3.27577
    20.6651
    2.12506
    23.0569
    7.62651
    1.27041
   0.255366
   0.766577
    8.27211
     11.552
    767.124
   0.138275
    8.69371
   0.738181
    1.89336
   0.617703
    5141.14
   0.135662
    3.73831
    0.27746
   0.701547
   0.717859
   0.111118
    3.36751
    2.27155
    2.96952
 0.00728847
   0.197023
   0.451108
     5.7371
    2.21983
    28.3849
   0.666091
    8.44289
   0.154444
   0.226798
  0.0812979
   0.258649
    2.35389
    12.3828
   0.787512
    17.5196
    179.914
    10.9777
   0.371988
    9.17704
     1.7588
   0.225598
   0.261339
     48.076
    1.07589
   0.107123
    2.93812
    8.61218
    1.88229
    1.95877
    2.06518
   0.148716
    1.98333
    14.3766
   0.886088
    67.7161
   0.411746
    4.13135
    7.80654
    8.09716
    5.59418
   0.521305
   0.640116
   0.246965
   0.367509
    5.37523
    1.02384
 0.00266141
    1.17482
    0.39528
    5.60703
   0.415425
    1.14636
    4.94442
    3.06283
   0.543186
  0.0360993
    4.15259
    4.29256
   0.496155
    1.13053
   0.895039
    3.74673
   0.478671
   0.407376
    17.9677
     8.9693
 0.00502344
    3.90902
   0.417964
     2.2313
    147.703
    2.60424
 0.00142741
   0.368209
   0.637592
    1.16013
     1.1532
     1.3799
   0.722823
   0.120635
   0.899513
  0.0112792
   0.995304
    4.23594
   0.805677
   0.147612
    10.1665
    0.13098
     2.8527
    1.46153
    9.79549
    16.4293
    1.18733
   0.100471
    21.7126
     5.7897
   0.606251
   0.193187
   0.316349
   0.174693
    42.7801
   0.546623
   0.743934
    1.12738
    5.15854
    1.57853
   0.283874
    9.36933
    19.3243
     1.7631
    1.34857
   0.601352
    3.26562
    3.87363
   0.851567
     1.2866
  0.0175782
    4.36614
    21.2423
    72.4238
    10.3966
    5.97128
    2.70228
   0.122225
  0.0130531
    5.07738
    84.7753
   0.241855
    6.16285
    6.19259
   0.615269
    2.38274
    2.96928
   0.292663
    4.75766
    8.39195
   0.477305
   0.899599
    6.79695
  0.0238679
    2.35325
    8.63983
   0.960105
  0.0205901
    5.58958
     10.044
    1.20544
   0.376928
   0.239654
    3.87267
   0.102738
  0.0933207
    5.83376
    1.92915
     67.896
   0.295411
    2.96475
    1.41047
     4.8712
   0.474874
   0.170588
   0.352948
    4.44887
    4.98331
    2.44382
    21.1162
    0.62378
    8.37874
    1.26094
    5.72974
    4.18672
  0.0329677
  0.0311864
    4.35857
  0.0171454
     4.2496
  0.0615014
   0.954765
    4.00601
     3504.6
     3.3673
    2.17413
    0.19937
    2.42491
    2.23807
    1.33172
     2.1708
    119.505
    11.1064
    2.52493
    10.8288
    4.41832
   0.799358
    1.19104
    10.8041
   0.957619
  0.0527473
    34.3979
  0.0453775
   0.373561
    4.78241
    1.85488
  0.0113616
    1.28653
   0.238278
    6.02744
    1.57492
   0.324869
    52.3089
  0.0115964
    32.5768
    22.8743
   0.249686
    1.32625
     10.641
    1.01008
     1.1078
  0.0521389
    2.39589
    8.44164
    6.97982
    5.77162
    7.44738
    29220.6
    3.02026
   0.343833
   0.172637
    5.95709
  0.0427464
    6.87574
    1.22772
    1.01432
    9.07624
   0.089782
    2.22889
     0.7941
    1.36088
  0.0499132
    4.00053
    4.69678
   0.791434
     1.4622
    0.73226
   0.855862
   0.378471
     3.6929
     5.9577
   0.966741
    21.9729
    113.369
    4.26838
    2.19901
    4.55557
    1.78788
    3.00178
     3.1582
   0.634801
    1.71954
    10.2501
    1.97684
  0.0435075
   0.792023
    1.10906
    12.7554
  0.0227339
   0.962479
  0.0898974
    11.5178
   0.405107
    1.37773
    11.1974
    10.9526
   0.152559
   0.901681
    5.94365
    1.62945
  0.0157965
      3.757
    2.42562
    4.32434
    3.41598
    1.85701
   0.586238
    3.71147
  0.0562863
   0.361202
     2.0756
  0.0487301
    27.0751
    12.9124
   0.515607
  0.0306921
   0.101874
   0.874471
    1.65953
    1.20263
    2.10187
   0.770974
    8.19265
    5.82089
   0.600944
    1.63106
    7.91004
   0.721148
     1.0304
    1.23922
   0.600528
    53.1296
    1.31821
  0.0314041
   0.571012
    1.11628
   0.243992
   0.852316
   0.229253
    4.56922
    0.98957
   0.876605
  0.0481122
    10.4495
    5.04918
    4.82725
    6.30677
    26.9492
    3.33081
   0.318409
  0.0146561
   0.737358
   0.295429
   0.820361
   0.580951
    5.65186
   0.500527
    48.0069
    1.08557
   0.560142
   0.922341
    9.11029
    0.24856
  0.0183685
   0.370656
   0.453953
  0.0363071
    13.5602
    1.91463
    0.91321
    1.07118
   0.276234
    1.06151
    2.84371
   0.733571
   0.858422
   0.516137
    10.0413
   0.143346
  0.0653429
    1.53257
    1.21542
   0.131129
    1.01551
   0.163531
   0.508172
    1.44122
    1.97744
  0.0363863
    59.2467
    8.10731
    11.2192
    2.63564
   0.527216
   0.434976
    1.11831
    34.1668
     22.609
   0.277595
    3.89385
    9.72138
    4.48593
   0.588325
   0.133682
    59.7385
   0.152241
  0.0147054
   0.605471
   0.237461
    5.69558
    12.4307
    1.48412
     18.267
    2.81436
    5.16948
    5.16948
      1.284
  0.0892451
    0.77052
     3.4599
  0.0899401
    4.57415
    2.08145
    1.35848
   0.322365
   0.108027
   0.905978
    1.98455
    17.0805
    12.9747
   0.763171
    4.37638
    13.9465
    3.58929
    1.69771
    4.12146
   0.282913
   0.421024
   0.436907
   0.122872
    3.65124
    1.18459
    4.91993
    9.63114
    7.08358
    75.6081
   0.276701
   0.147384
   0.183355
  0.0574401
    1.31266
    3.32584
   0.859867
   0.613564
   0.483171
    1.06498
  0.0331288
    14.0456
    3.80664
   0.174118
    0.20958
  0.0553101
   0.157377
     5.7723
   0.183854
   0.160893
    2.69939
     16.312
    44.3788
   0.820046
     3.2385
   0.139888
    8.73395
   0.211465
   0.444675
    6.38862
    12.0967
   0.660789
   0.343539
    3.85055
   0.077567
    7.23285
    1.59553
    25.6678
   0.373564
    91.5178
    2.47035
    4.67286
   0.565666
  0.0579574
   0.304598
    5.03152
   0.839226
    36.1924
    2.55726
    1.02164
    3.45535
    4.58198
    6.47873
  0.0481104
    3.27179
   0.374497
  0.0225094
    36.6457
    1.50209
    3.77087
  0.0142193
   0.280026
   0.207312
     3.3606
  0.0461117
   0.192871
   0.601516
    17.6167
    1.33242
     9.6609
    4.11288
    13.5873
 0.00269626
    0.88142
    5.93646
    1.78972
    3.32128
   0.362658
    2.02072
    1.34091
    33.8311
   0.157922
    0.18419
    2.94334
    1.31898
    1.50429
    4.27336
   0.769855
    7.76559
   0.401037
    1.30581
    5.26826
   0.284265
   0.153146
     26.678
     3.9735
    3.37971
  0.0518788
   0.858001
    4.35051
    1.25555
     7.8437
    5.42501
   0.322609
    4.58532
   0.769791
    1.97287
   0.051025
    2.14921
    6.89513
    1.05357
   0.621327
    5.14947
    5.89411
    3.87291
     2.3536
    1.34321
     1.9274
   0.292948
    4.61205
    6.46373
   0.341681
    2.27808
    1.02932
  0.0473708
   0.317693
    0.39398
   0.412442
    1.93274
    2.06704
    1.58526
   0.545311
   0.443622
   0.546792
  0.0289527
     31.798
    34.5102
   0.449199
    3.30644
    2.29276
   0.602195
    1.72708
    8.47915
   0.102706
  0.0255427
   0.015055
   0.474221
 0.00097616
  0.0143625
  0.0121748
    5.55431
   0.708132
    5.31934
    2.27272
   0.319863
    7.11615
    2.74902
    8.82742
    1.52574
    3.77688
    15.6954
   0.550084
    6.40878
    0.85635
    3.76543
     38.904
    3.24484
     2.6891
    3.09361
    306.448
    5.69384
    0.22696
    30.6069
    5.66283
    3.46383
   0.125542
    2.13223
    1.01484
    5.73857
    1.54634
    15.4175
    3.86429
     4.1416
  0.0881498
    3.62525
    2.85665
     1.3257
   0.704391
    1.40558
    8.40814
   0.542756
   0.274707
   0.714878
    2.89082
    30.6804
    1.22732
    1.34578
   0.899012
   0.777583
    2.95687
    7.94768
    8.10348
   0.249677
   0.252262
    1.57132
    3.15769
    2.30115
     6.8413
    6.49669
   0.260976
   0.328147
    4.02045
   0.128603
    9.21758
   0.180238
   0.123403
    5.16426
    3.49984
   0.170132
    1.25135
   0.761647
   0.566323
   0.199206
   0.388108
    5.84061
   0.391532
    6.44255
   0.151023
    2.37627
   0.462076
     2.7277
   0.177349
   0.307281
    1.38284
     2.6652
    6.23914
    89.0925
   0.542598
    3.47527
    11.9915
    10.1461
     1.4602
    2.41395
    7.40434
    2.64723
   0.138939
   0.715194
   0.553669
  0.0616509
     1.1874
    0.15536
   0.267499
  0.0486387
    2.33178
  0.0733515
   0.359649
    3.07202
    1.69721
    3.25492
    24.1143
    7.07212
    4.22495
     2.1069
   0.545085
    6.25211
   0.405621
    2.19021
    2.96538
    5.88334
    1.36825
   0.300869
    4.97741
    1.91884
  0.0419193
    23.4627
   0.500709
   0.105687
    1.56311
   0.269298
    3.20105
   0.620801
    9.41727
   0.128989
    1.19329
    0.22403
   0.312284
    7.57685
      4.623
   0.128573
    0.03302
    1.98542
   0.114157
   0.012088
   0.799904
    2.01927
   0.833212
    1.57677
 0.00778438
    2.05364
   0.846818
    10.3481
   0.823445
    36.9306
    7.71791
   0.351608
   0.608681
    0.51452
   0.215072
  0.0461696
  0.0303247
   0.693586
   0.423523
   0.347673
    2.86081
  0.0402253
    8.59774
  0.0311508
   0.325594
   0.170007
    1.58114
    2.38377
    4.15452
   0.152288
    2.17501
   0.754234
   0.288072
   0.621808
    20.7914
    0.43674
   0.649939
   0.226549
    3.88341
    81.4169
  0.0848036
   0.337057
    1.63663
   0.350292
 0.00412143
   0.110803
     26.479
    9.77411
    15.2909
  0.0384295
   0.570247
    2.13213
   0.638888
   0.587718
   0.819382
   0.746643
    0.36451
    1.24958
    9.85437
   0.241704
   0.737438
    4.66178
    5.05283
    1.41188
   0.292335
    29.9357
     2.5733
  0.0145495
     6.8326
    4.77407
   0.152205
    18.2409
   0.213967
    16.5291
    6.01214
   0.249525
    1.06483
    2.44964
    2.38895
    3.58006
   0.132651
    1.13218
    2.50795
    1.50385
    2.15043
     3.7739
    1.35042
    5.44913
    5.58513
    1.14037
   0.304737
    5.76631
    9.73504
    3.25685
    9.67202
    0.50194
   0.957999
    58.0475
     6.5449
   0.058242
    1.01014
  0.0377331
    12.5891
   0.126155
    9.00877
   0.195568
   0.392844
   0.745429
    10.6502
   0.338114
   0.729713
   0.990395
   0.345889
    1.03996
    2.38897
    3.70716
    2.42681
    4.96122
    9.95511
     2.0702
    1.75502
    1.22455
    8.28726
    170.578
    2.58413
   0.763809
    1.12687
   0.515136
     1.3844
   0.149299
    0.56054
    3.32891
    3.20398
     1.7619
    2.42551
    15.2246
    1.17848
    1.51357
   0.153086
    10.4357
    11.8781
     17.094
    2.77522
    1.31958
    6.77575
    1.03857
  0.0097985
  0.0785132
   0.456204
    1.03775
   0.517179
    12.2862
   0.704819
   0.357772
   0.108038
   0.985761
    1.47834
   0.521616
    6.82182
  0.0848685
    1.06151
    3.49923
    10.2667
    6.40484
    1.38974
  0.0315712
  0.0153421
   0.090079
     4.9633
    2.98475
   0.823433
     1.5433
    1.07674
    9.96491
      0.401
    5.26858
    5.09185
    1.89265
     16.595
    0.54463
    1.45254
  0.0466867
    3.37093
    3.68663
  0.0744278
    1.29967
    4.01136
   0.807759
    862.176
   0.229023
    1.20127
   0.448583
    7.01531
   0.975283
   0.719869
     13.339
   0.241067
    4.54029
    81.6374
    15.1371
   0.705866
    1.46463
    11.1967
   0.423983
    2.87152
   0.013871
   0.180215
    1.42697
    2.53852
    1.22518
   0.782292
   0.263497
    5.10274
   0.820128
    1.61992
    0.12877
   0.168407
    1.28385
    2.10943
     11.318
   0.632205
  0.0186642
     10.559
  0.0790995
    2.55098
    2.34126
    1.14005
    0.15028
    14.7941
    4.21046
    1.43769
   0.459593
    8.26105
   0.255347
   0.447272
   0.303106
    0.82244
    1.74537
    167.411
    2.15267
  0.0353805
    22.5571
    10.3285
    69.5402
    1.05673
    2.88358
    10.9815
    25.3223
    0.21537
   0.112652
  0.0429205
   0.714063
  0.0392804
     2.1748
     3.7225
   0.594877
   0.450221
   0.167091
    2.48327
     1.5208
    14.6665
   0.348172
    10.3666
  0.0113134
    2.08912
    1.04562
    0.52601
    1.02467
   0.681826
    1.38192
 0.00801292
     10.544
    1.52874
    1.12517
    0.17198
   0.761456
    1.61747
    3.35109
   0.133076
    1.17734
   0.988355
    3.89797
    3.86546
   0.754764
   0.876957
    1.79575
    4.95127
   0.418533
    596.901
    6.31916
   0.798883
    3.80758
    6.93843
   0.403263
   0.444444
    0.33773
    0.26712
   0.271199
   0.315035
    1.36233
   0.857385
    1.16846
     9.1634
    17.6154
   0.341208
    12.2034
   0.540807
    1.01783
  0.0963382
    4.60301
    7.91092
    4.33357
   0.504341
   0.191641
    1.76982
   0.534606
    2.04686
    2.55771
    2.22975
    9.80022
    6.79887
    0.93617
   0.278438
    1.61407
   0.177821
    6.86982
   0.500584
    23.8772
   0.314001
   0.249509
    19.3746
    0.11387
   0.441484
   0.779857
    85.6799
   0.528022
    1.49829
    9.67644
   0.240988
   0.454117
   0.209183
       2.18
    4.15778
   0.535204
    4.11491
   0.253195
  0.0611158
    6.42097
    1.76112
    2.03526
 0.00350702
   0.342238
    4.11682
    1.01581
    7.09921
    9.40345
   0.963557
    8.39972
    1.55841
      0.106
    1.64428
   0.037665
    3.39716
   0.109457
   0.766726
   0.120775
    0.44311
    4.57869
    5.87453
    1.15051
  0.0528946
    8.49361
    1.34977
  0.0129897
    6.27711
    0.72576
   0.825946
    6.30995
   0.243596
   0.301971
  0.0862574
   0.201823
    1.37793
    3.56553
   0.421558
    0.29972
    1.56858
   0.534766
    3.07001
   0.363817
    4.12309
    8.22376
   0.235421
    4.41562
    4.47336
    2.39871
   0.104165
   0.137022
    2.73371
    5.21095
    5.01666
   0.470488
  0.0700261
    1.16314
   0.939219
   0.218544
    34.0901
    1.59308
  0.0600896
    1.27886
   0.115569
    2.35382
   0.275071
     0.2171
   0.337292
    15.3126
  0.0620386
    0.74756
    1.35332
    5.03838
  0.0994947
      1.676
    80.3379
   0.408465
    17.0421
   0.563414
    4.14047
   0.247251
    4.21645
   0.363754
     24.803
      10.71
   0.499062
    2.29655
    6.85346
   0.365471
    1.53632
    2.54978
    2.20217
    4.29655
    1.12768
   0.116149
  0.0121346
   0.999852
   0.237324
     2.4427
   0.243088
  0.0374678
    5.85955
  0.0122691
   0.321129
    5.84676
    9.98938
     1.5809
   0.532359
  0.0913658
   0.633879
    4.57439
   0.863402
    1.77438
    3.38609
   0.251999
    12.5807
    4.83457
   0.810675
  0.0832889
    1.22793
     39.515
 0.00782124
    1.41652
    4.81757
    1.74633
   0.499767
  0.0573007
    2.73141
    1.58423
   0.866016
   0.123775
    3.92582
    0.98596
   0.391488
    29.7512
   0.156697
    0.11547
   0.454548
    3.68485
     3.9961
   0.406488
   0.362325
    1.16118
    3.75907
    3.13996
    4.54571
    1.56937
    13.4518
    2.00389
   0.841783
    3.48352
  0.0241687
     3.8075
    0.48871
    2.65437
    1.22017
    378.168
   0.138968
    1.87719
    9.51939
   0.347581
   0.197394
    3.50474
   0.298661
    1.22834
    0.39213
    35.8436
    2.73592
    1.35408
   0.224548
    5.45654
    1.81806
    1.70896
    2.30073
    4.53408
    1.74465
    1.95432
    4.17417
    10.5834
    6.12159
    15.5425
   0.337813
    1.78042
  0.0223457
    1.98085
    5.42011
   0.048813
   0.944431
    2.03983
    2.47048
   0.321029
  0.0444979
  0.0152978
  0.0811996
   0.789916
    3.07335
   0.190732
    2.42034
   0.306465
   0.522319
    1.26886
   0.566974
    1.32098
  0.0714979
  0.0499149
    4.65121
    0.30778
   0.448689
    9.12427
    1.72375
    5.61431
    4.65193
   0.290433
    3.01103
  0.0904499
   0.907339
    1.85721
    2.41101
    1.65099
  0.0450325
    1.45126
   0.177542
   0.364748
  0.0942467
   0.135272
   0.127373
   0.101527
    3.59664
  0.0710681
    4.17915
   0.692016
    2.81627
   0.129834
    8.24111
    2.74592
     4.5249
   0.445426
   0.112079
   0.451288
   0.124838
    0.40041
    10.6445
    2.21838
    2.55773
  0.0845334
    1.31266
   0.552553
   0.113588
    1.67773
    3.40892
   0.631992
    3.26627
    4.97365
  0.0607923
 0.00270389
   0.740839
    2.08027
   0.378715
    2.31724
  0.0887557
    2.62082
    1.98545
    1.18922
   0.503479
   0.645961
  0.0433076
    1.90443
    20.6247
     15.838
    4.26686
    4.17689
    2.52301
    4.80782
    3.27196
    4.07836
   0.666453
    1.19424
    3.06633
    1.12946
    5.42237
   0.692736
    4.86212
   0.966249
    3.27195
   0.376232
   0.419082
    1.08517
    1.30204
    1.62298
    24.7636
   0.198509
   0.735038
    1.67308
    5.24315
    8.80091
   0.672263
    2.16852
    2.81957
   0.728686
    1.62927
    5.58865
    10.2524
   0.694223
   0.634686
   0.300953
    1.61516
   0.684247
    4.19303
  0.0183837
    6.80105
    2.27198
   0.667735
    3.67764
  0.0746484
  0.0596894
   0.460287
   0.142451
   0.304038
    2.99111
   0.622817
    1.15327
    1.67209
   0.938029
    2.55174
   0.446263
   0.573182
   0.404446
  0.0853786
   0.515533
    5.26245
    1.05765
    2.65385
  0.0994299
   0.989269
    9.05879
   0.543034
    1.00488
    2.47942
  0.0542741
   0.266951
     8.5216
    11.0323
    1.57736
     1.6605
    7.39603
    2.60593
    4.25776
    1.12153
    3.20348
   0.753237
   0.121608
    1.56569
   0.722969
   0.124002
   0.339248
   0.980821
    2.74343
   0.405864
  0.0202563
  0.0772184
 0.00791053
   0.156629
   0.450245
    17.8278
  0.0781268
     0.4194
   0.400738
   0.272921
   0.619509
     5.3422
    18.7959
    11.0516
    3.09825
    0.17654
    5.76504
    11.2294
    1.75692
   0.127378
     7.3811
    2.79489
   0.131194
    8.33145
   0.344831
   0.697908
      1.692
     2.2139
    1.80818
  0.0144556
    1.97309
   0.237133
   0.481608
    1.51942
   0.703572
    1.22169
    2.47666
    3.83449
   0.773809
   0.574831
   0.892199
    4.57249
   0.849199
   0.285631
   0.402515
    4.18997
   0.583941
  0.0930581
    4.38732
    5.02075
   0.625303
   0.518943
    1.68285
  0.0292538
   0.184082
    6.12979
    2.45794
    4.06596
    0.82356
   0.501983
   0.216842
    1.20477
    3.20842
    8.90599
    1.61671
    3.68216
   0.406518
    1.89044
  0.0568154
  0.0552044
   0.159666
   0.500911
    2.60358
    6.98862
    3.95234
   0.180922
    5.61429
   0.804836
    7.40461
    24.7641
    2.78821
    1.08198
    1.10472
    2.91591
   0.649603
    3.57557
    0.74134
   0.803304
    3.64797
    1.04377
    1.34356
    0.42342
    10.3612
  0.0745543
  0.0578955
    101.179
    3.63795
    2.52452
   0.570131
    1.73058
    1.30202
    1.55227
  0.0964318
   0.398822
   0.813293
    3.36357
    4.94725
    3.35123
    2.85986
   0.124086
   0.196188
 0.00181838
    9.97457
    2.00468
  0.0558464
   0.301819
    0.55862
     0.7871
   0.354995
    3.51995
    10.1645
   0.184007
    4.58913
    6.57711
    6.52461
   0.112718
    22.2451
    1.16092
    0.12967
   0.160831
   0.182888
    1.69334
   0.577708
    9.56499
    2.78875
  0.0244655
   0.110647
   0.163514
    1.32676
    1.56296
    7.15549
    3.70294
    3.19157
   0.248981
   0.518867
    1.75171
    2.78396
    0.85034
   0.276124
    2.01003
   0.656015
    1.52973
   0.115267
    3.15823
    1.16599
   0.581861
    1.49255
   0.549846
  0.0718028
   0.034484
  0.0259656
   0.265359
    9.08327
    1.06035
    3.25795
   0.720087
  0.0236637
    0.29951
    2.03552
    2.78163
    0.56782
     3.0273
      4.378
    0.51882
   0.652351
   0.393988
   0.794189
    5.48765
    13.7487
   0.078032
   0.749465
    8.81692
   0.257251
    1.60156
  0.0109701
  0.0679861
    2.82969
   0.140622
   0.168291
  0.0613844
   0.154143
 0.00610935
   0.233878
    16.1134
    0.58976
   0.432767
    1.39105
    1.32974
    5.83851
    1.98913
    3.10302
    5.02604
  0.0238569
  0.0382536
   0.376732
   0.672044
   0.496012
   0.866008
   0.105959
     6.6011
    2.22475
    16.9107
   0.375243
 0.00323093
   0.283713
   0.543848
   0.530941
    1.49709
   0.143269
    7.65158
   0.874988
   0.745134
    3.96494
   0.119401
  0.0878462
     0.1162
  0.0484677
    2.26459
   0.277755
    1.14368
    3.29778
    2.34279
  0.0109185
    4.70116
    2.47878
   0.623984
    3.99708
    1.81162
    19.6683
    1.72298
   0.762104
    6.15803
    3.54167
    1.76134
   0.569274
   0.016333
    1.30344
    18.8476
    3.65109
     0.1435
   0.358842
   0.113652
   0.256697
   0.819745
    4.00382
   0.214137
    1.13849
    1.53134
   0.848305
   0.235716
   0.432037
    28.4311
   0.964527
    2.77866
    1.24003
    9.72196
   0.277259
   0.431023
   0.229162
    4.08423
   0.361627
   0.124155
    1.21736
   0.491908
    2.80258
   0.221009
    3.33474
   0.651828
    3.43211
   0.204935
    4.09246
    3.12829
   0.201265
   0.170509
    6.86493
     1.1803
    2.92765
   0.740419
    12.5045
    1.81574
    8.85155
   0.879257
    1.25644
    2.11041
    4.56461
   0.972238
  0.0048992
    1.87456
   0.736112
    38.7416
     3.5377
    6.15143
  0.0724018
    3.07568
    5.60224
   0.224261
    1.56854
   0.446992
    3.28768
   0.128682
  0.0938226
  0.0216317
   0.223805
   0.189987
   0.247598
    8.99318
   0.211092
     1.0441
   0.362232
    6.53292
    1.89085
   0.962557
  0.0773683
   0.394789
     6.6165
    1.04345
   0.793317
  0.0333008
    0.92627
    4.98129
  0.0517905
    2.93132
    2.14032
    1.52565
   0.957981
    0.27049
    2.08894
   0.161128
   0.287062
  0.0282158
     2.4419
   0.316273
    0.78105
    429.148
    2.42675
   0.646369
    6.43616
    3.04173
    3.07041
    1.58182
    0.62944
   0.926381
   0.657002
      1.116
   0.153577
    3.29296
    2.65012
    4.98038
    2.59705
   0.147706
    23.6671
     2.9003
  0.0878256
       4.54
  0.0927888
    15.2967
   0.224622
    2.51203
    7.60274
   0.154323
    22.2057
    1.37054
    3.34625
    4.39414
   0.397675
   0.553101
    3.98016
    3.63962
   0.171171
   0.245566
   0.121136
  0.0248627
    10.6521
   0.357321
   0.116822
    2.84146
   0.481607
   0.786662
   0.115143
   0.886443
    3.17525
    2.39679
    1.41568
   0.506088
    5.89564
  0.0100759
   0.330135
   0.548258
   0.353946
    6.60195
    49.2646
   0.555022
    5.27391
   0.527343
     99.851
    4.10641
     1.2581
   0.278929
   0.544135
    1.72174
    2.55711
   0.765918
    3.72997
   0.828598
    1.13957
    2.67939
   0.145171
   0.263969
   0.398081
    2.21713
    3.70359
    10.2509
     4.9024
    3.15295
    2.59039
     1.2245
   0.503448
    1.59645
    5.48395
    0.12672
   0.522208
    17.5203
    0.30576
     1.4761
    1.08013
   0.389953
   0.485233
    4.35734
   0.132069
   0.709357
    2.18288
     2.3966
   0.253659
    60.6792
    3.06067
   0.625853
    1.57919
    4.27948
  0.0848204
   0.376006
   0.166717
    7.51097
   0.979954
   0.803945
    1.15395
    1.30594
    0.13266
    4.04842
   0.975575
    2.51477
   0.117726
  0.0137733
  0.0267995
    1.94361
    1.24997
   0.632506
    1.14432
   0.321437
   0.267882
   0.409447
     1.4573
    4.66575
   0.112951
    1.29915
    3.09383
   0.233192
    2.53313
    7.48752
    2.54431
    12.9361
   0.187906
    1.97125
   0.275163
    1.02984
    4.61965
    1.16233
  0.0822215
  0.0612722
    1.71569
   0.426683
  0.0912062
    4.16597
   0.932239
      1.251
     4.1316
    2.89193
    3.18222
    7.66492
    4.36056
    14.4657
     1.4379
  0.0596687
   0.479387
    3.04692
    1.14974
  0.0726705
   0.415267
    3.60157
    2.60144
    3.90465
     2.7297
   0.724608
   0.300453
    2.18818
   0.209285
  0.0635885
    8.09016
   0.154883
   0.109639
      7.137
   0.134669
  0.0585222
    2.31492
    1.03393
    13.3721
    4.30978
   0.317655
    4.25265
    2.57474
   0.765637
   0.390425
   0.174065
    5.16445
    2.01032
    12.5558
      1.693
   0.209964
   0.361021
    19.3594
  0.0148008
   0.405839
   0.227034
   0.990295
   0.748889
    7.37521
    9.78475
   0.608049
  0.0962089
 0.00555499
   0.965448
   0.382022
    1.97188
    58.2131
    1.38593
    1.73033
   0.152994
    8.06931
    1.58523
   0.608215
   0.526645
    2.85445
   0.893978
    1.10385
    13.8929
    2.41329
   0.155629
  0.0502985
   0.648312
    2.35192
   0.626412
    0.87359
    2.37456
    1.28633
   0.609812
    2.32948
     4.1477
    6.61246
   0.409511
    76.2227
     2.0682
    3.39404
   0.431252
    2.00772
   0.560984
    1.61044
    2.36438
   0.558521
    1.85331
    3.28056
    1.92126
 0.00611016
  0.0068944
    2.07958
   0.026613
    1.00285
   0.629831
    1.84286
    0.13629
   0.563149
    1.06001
   0.218588
    4.49446
   0.300781
   0.987636
   0.772165
     5.7527
    1.50613
    1.31308
    4.77398
   0.821412
    1.19903
     3.9387
    1.67057
    3.84111
  0.0311428
    61.6045
     1.7668
   0.832766
    4.99242
    1.42969
   0.568341
    0.50893
   0.749358
   0.239759
    1.41834
   0.231579
   0.581954
    10.2537
   0.617664
     6.1482
    2.11034
   0.431569
  0.0441864
   0.251286
   0.173948
    1.58026
    1.57783
   0.269406
   0.239391
    0.16001
    11.3653
   0.104013
   0.975078
   0.704405
   0.870651
    2.70715
   0.237197
    13.2386
   0.658383
      0.278
   0.128451
    8.81075
    5.39599
   0.992891
   0.313404
    2.56431
   0.750347
   0.310213
    1.24482
   0.263958
    3.60601
    0.11071
   0.855674
   0.413281
    18.4152
   0.614022
   0.560678
      1.606
    5.21839
   0.488714
      2.953
   0.235561
    26.2798
    1.30215
     2.7793
    12.8595
    5.04273
    1.89684
    1.98055
   0.591124
    0.87045
   0.202613
   0.456281
    1.69838
    2.72439
    5.73874
    4.14153
  0.0816997
    1.19986
   0.960283
    50.6125
    3.11141
   0.223617
  0.0824611
     1.2211
    1.20579
   0.734252
    3.90823
   0.224174
    1.21941
    1.72751
  0.0642979
   0.760553
   0.323573
    1.12699
    1.16233
   0.114097
    1.48055
  0.0635675
   0.195607
    4.09563
    2.01257
   0.224164
   0.353297
     0.1471
    8.56656
   0.178906
     625.47
    4.61359
    1.51663
   0.314128
    2.89253
   0.240441
    4.41387
   0.534636
  0.0327152
  0.0675571
    2.25507
    9.35825
   0.101484
   0.257473
   0.109793
    0.96375
    1.69291
    30.8691
    1.28462
   0.466473
    15.4172
   0.370294
   0.410541
   0.296497
    36.8076
    1.08504
    3.73363
    1.08915
   0.225296
    20.5243
    1.37364
   0.970392
    1.88315
   0.285765
  0.0197902
    2.19245
   0.801141
  0.0629293
 0.00717896
    1.04405
    2.33644
    11.3658
   0.825615
   0.488805
   0.329374
    9.81663
    26.5029
    3.73764
  0.0389149
    1.83704
   0.211178
    127.533
     4.0331
    2.71533
    3.20314
    1.72963
   0.331839
    4.10313
    4.06643
   0.358065
    1.64504
   0.502206
    1.73213
    6.89754
    1.46977
  0.0121108
    3.44711
   0.234184
    5.10046
    0.10033
    11.4268
   0.369974
     9.7135
    18.2208
      2.987
    527.507
   0.301218
    2.31636
    2.59352
    1.65118
    2.86283
       2.06
   0.315208
   0.500379
     7.6589
    1.69129
   0.202369
   0.630552
   0.726804
   0.690621
   0.162731
     0.8338
    5.56708
   0.123673
    20.9757
   0.970238
    1.13627
   0.550745
   0.206934
    18.4799
   0.251255
    2.12248
   0.466285
    1.49878
     8.9573
    1.31401
    15.7162
  0.0229751
    3.14062
    0.90726
   0.830372
    12.1226
   0.161943
   0.915158
    1.88178
    2.99304
  0.0477155
    2.39836
    5.69817
   0.125137
    4.31929
   0.397203
     3.6233
    1.02346
    0.99791
    4.55975
 0.00677733
   0.740501
    8.20016
   0.098575
   0.156727
    9.31539
    0.46101
    0.24478
    9.66357
    16.2569
    2.88552
    6.54724
    1.30583
    1.26103
    2.24763
    1.23057
    5.14932
    1.42463
    2.69899
    2.89196
    3.40478
    11.1126
    1.71911
     8.5278
    1.38029
    0.42144
   0.412888
    2.75788
  0.0802135
   0.547284
   0.479583
    1.12569
    1.01077
      1.892
    19.0901
   0.211192
     1.3296
    0.77287
   0.747213
   0.671138
     2.2186
    1.98041
  0.0611141
    12.1289
    1.88681
    3.09403
    2.43208
    5.41478
  0.0803578
   0.191307
    1.66359
    1.11399
    2.44756
   0.903696
   0.439746
   0.175908
    1.52001
    1.20603
  0.0439984
    3.21305
   0.596369
    4.37246
    2.61368
    0.24173
   0.384352
   0.800566
    0.50558
     3.6263
  0.0260848
     7.0021
     11.737
    8.48061
    0.26238
   0.121208
    1.06053
   0.430006
   0.562913
    2.92513
   0.677549
    1.29259
    9.66716
    5.39491
  0.0148946
    9.69031
   0.268093
   0.359753
    2.88818
   0.198372
   0.191127
   0.989475
   0.310072
    1.92963
 0.00715703
    49.1674
    4.05629
   0.971708
    1.31061
   0.788284
   0.545209
   0.411939
   0.357246
    2.90198
    1.44239
    7.88523
   0.628354
    2.68482
    1.29453
    2.02009
   0.239703
    3.43572
   0.583682
   0.936284
    3.61073
    2.11092
   0.354783
   0.706777
   0.734608
   0.670077
   0.401914
   0.420963
    7.26593
    3.63267
   0.469469
    2.95928
    5.54283
    7.12149
    6.73925
  0.0645934
    1.32199
    2.60985
   0.548778
    3.22148
   0.740652
    1.48303
    1.18616
     4.0133
   0.626545
    3.01793
   0.251452
     2.2675
    0.33793
   0.816309
   0.373788
     1.5269
    2.97007
    1.11829
   0.518376
  0.0951775
    1.02278
   0.081008
    10.5631
    1.57449
   0.746649
    1.63993
    1.32991
    1.69218
   0.045053
    5.41033
  0.0905025
   0.699091
   0.498961
    3.27651
    3.28464
    1.73965
  0.0821699
    6.95102
    0.27667
    6.97885
  0.0219116
   0.469311
    0.77763
    2.58839
    2.28734
     4.5444
     2.9035
   0.409304
    1.79032
    3.79089
   0.234407
    1.49628
  0.0811097
    8.48859
    1.14678
   0.976539
    35.2967
   0.305135
   0.894435
    17.4192
   0.319766
   0.790263
    2.85356
    1.63815
     1.0021
   0.738031
    1.45839
   0.144889
   0.333282
    24.0085
   0.338767
    2.19244
    6.46312
   0.376619
    1.16808
    4.16014
   0.862299
   0.120854
    2.48463
     1.6073
    7.00202
     2.9545
   0.890459
   0.266912
   0.349704
   0.311268
    1.00892
  0.0564085
    0.03608
   0.728501
   0.374354
    5.88068
    8.02191
    0.34673
   0.105169
   0.443447
    6.75262
    20.6421
   0.399963
    5.95796
    4.69945
   0.174454
    1.00341
  0.0752487
    1.92942
    2.09454
   0.129701
   0.628529
    1.66241
    1.28707
    1.47936
    2.10289
   0.220705
   0.878936
   0.223731
  0.0961347
    0.18782
    2.29377
    1.11439
   0.866734
    1.00499
  0.0340416
    5.12711
    8.33955
   0.610707
    10.2395
    2.30042
   0.843299
    0.57344
    1.31344
    4.42914
    3.06759
    2.72293
   0.103106
    28.8802
    5.80891
   0.326853
    5.33709
   0.387368
    6.21753
   0.262362
    1.60722
   0.540621
    1.17892
     6.4153
  0.0242862
    3.05385
   0.943375
    5.17001
    2.39475
   0.644893
    1.39992
     17.742
   0.202899
    4.46313
    1.82539
  0.0417952
    8.94018
  0.0615755
    2.41092
    1.81499
    1.25321
   0.337863
    1.54977
  0.0311955
 0.00843822
   0.246121
   0.045415
    1.53586
  0.0319539
     0.6506
    3.13958
    1.64616
  0.0326875
  0.0791846
   0.382986
    1.59255
    1.32432
    3.40808
   0.329487
     0.4344
   0.286599
    2.83882
   0.307164
   0.632598
    1.07373
    2.91421
     1.0106
    1.54902
   0.362518
    17.5187
    1.54261
   0.151622
    2.50334
    1.19103
   0.533755
    2.57531
   0.269725
   0.343911
     1.6956
   0.322615
    10.1007
   0.490305
    2.75446
    2.24731
    1.33522
    3.17994
   0.258054
   0.811067
 0.00425383
   0.131993
  0.0074502
    1.82547
   0.653742
    7.13941
   0.882961
     1.9284
   0.555875
    6.17106
    1.55398
   0.619686
   0.472968
  0.0640605
    6.63348
   0.556242
    3.30854
   0.221181
   0.308138
   0.535134
    1.18583
   0.115036
    1.84284
   0.238531
    5.46335
    81.5884
  0.0641708
   0.196748
   0.672986
    37.4053
    1.50936
    3.35491
   0.484401
    0.41453
    1.20356
    1.18934
    3.11371
     4.1491
   0.518477
    1.22214
   0.252244
    2.38873
    1.56202
   0.367801
   0.631696
   0.239439
    1.47942
    1.11001
    1.35042
   0.804472
  0.0875657
  0.0352199
   0.551565
   0.507711
    1.98524
    2.54525
  0.0525474
   0.953518
    4.68872
    1.91698
    3.13429
   0.616255
    2.80246
    14.7246
    3.11948
    2.93194
    1.44053
   0.524538
     2.3574
    1.89783
    3.97259
  0.0349286
    1.36569
    5.49382
   0.595889
    2.36375
    1.61115
    1.31498
    3.55553
    1.06329
    1.16078
    3.64772
   0.629753
    1.10706
    3.27594
    1.56264
    2.88778
   0.144313
   0.135606
  0.0483374
    14.2747
    3.47006
    2.17956
  0.0914872
    7.90259
    0.72509
    2.69812
   0.285904
   0.322288
    11.0214
   0.144925
  0.0937003
   0.430116
   0.212507
   0.107839
    0.33212
   0.788276
    1.16249
   0.615922
   0.390619
   0.605948
  0.0355532
  0.0389639
    15.7968
   0.607148
   0.454213
    0.64046
     3.1801
    6.11655
    3.13031
  0.0893497
    6.05703
    4.34031
   0.863668
    3.69811
    1.43338
    5.91968
   0.886394
    1.64973
    1.22634
  0.0266124
  0.0269058
    1.77974
   0.265447
   0.126934
    3.15402
   0.148076
   0.452375
    3.24607
    12.1411
     3.0684
    1.00446
    1.56842
    0.71286
   0.456252
    5.08059
    4.31033
  0.0965469
    3.49823
    7.77062
    4.97812
    0.36192
    4.18028
    11.1606
    42.4125
   0.466777
   0.232438
    1.79136
    5.74772
    1.06866
   0.369622
    1.85397
    1.21856
   0.310861
    1.76015
   0.935198
   0.678828
   0.573428
    1.50707
   0.558233
    1.93573
    3.97925
   0.819878
    3.39763
   0.131418
     8.4642
    1.35439
   0.634291
    3.68008
    2.43098
    3.20316
   0.274645
    1.20091
    4.72296
   0.556966
    9.72787
  0.0116006
   0.496018
    4.33393
   0.445031
    1.12385
     1.3772
    2.45636
    4.73483
    3.43584
   0.532742
   0.974485
    2.76007
   0.827871
    4.23383
   0.877633
   0.970289
    2.04251
    0.50592
   0.101389
    9.22311
   0.150993
   0.839747
    3.36954
   0.166646
   0.247718
    1.99891
    13.5598
     1.0445
   0.024631
    1.31481
   0.668294
    0.30575
      8.415
   0.245453
    7.33981
     1.5827
   0.013646
   0.332042
   0.123811
    4.13918
    10.0351
    1.29077
    1.64112
   0.128483
    2.87126
    5.56067
   0.182495
   0.722686
    1.08854
     2.1687
   0.911656
    1.48639
    1.70865
   0.405282
   0.590908
       2.99
  0.0283763
    6.74877
   0.599095
    3.36543
   0.738443
    1.91041
     2.2143
   0.331858
    1.19505
    2.90688
    2.37886
     1.5995
   0.402678
  0.0904642
   0.121869
    2.25751
    3.75926
    0.76643
    16.1465
    3.03757
    1.22156
    1.50611
   0.361413
     2.0514
   0.136204
   0.326146
    2.43699
    6.16535
   0.576134
    2.33743
   0.653375
  0.0124119
  0.0197854
    1.26799
   0.543695
  0.0182277
    1.26479
   0.427263
    11.3792
    5.32858
    2.91786
    1.24841
   0.518847
   0.796225
   0.330516
    1.07784
    1.62412
    3.96195
    2.48839
    14.3432
    2.84583
   0.494293
   0.240686
   0.340088
   0.176766
   0.988143
      2.427
    7.91563
    1.51913
    3.99922
    1.70329
    2.38019
    1.39771
    1.06843
    0.10537
   0.589441
    8.53824
   0.943588
    6.48424
  0.0218331
    1.59518
   0.280301
    3.59951
    1.03122
    2.40693
    1.63489
    1.27888
   0.401695
     2.0851
   0.534909
    9.76887
   0.159681
   0.939888
   0.307711
    1.50308
   0.748938
  0.0467999
     1.4104
    1.56724
   0.264003
     0.9097
    9.15417
    1.17699
   0.445773
   0.280773
    3.80019
  0.0362584
    9.36576
   0.127279
    1.51099
   0.394631
   0.674949
    2.33904
   0.184733
    1.09502
    1.69741
    1.78236
  0.0755099
   0.800749
   0.632479
    1.32978
   0.170757
    3.03551
   0.421471
     2.6788
   0.471256
   0.399229
   0.762477
    5.55573
    1.64045
   0.575474
    9.11155
    8.90548
   0.147872
   0.395741
    2.66695
  0.0642579
    6.33958
   0.294482
    2.59765
    2.23114
  0.0488942
    3.27257
   0.219959
    2.17323
    6.98445
   0.286991
    3.17994
   0.538787
   0.208468
    7.95119
   0.565168
    1.18877
   0.304332
   0.376653
    5.05688
    4.35655
   0.297839
   0.412184
    3.44282
    1.54886
   0.917921
   0.565959
    1.42428
    1.37858
   0.425473
  0.0806417
     2.2419
    1.43082
   0.127727
     1.3175
   0.375132
  0.0881579
    1.23501
    2.27927
    1.12669
   0.332231
   0.219527
   0.299611
    2.19439
   0.745079
   0.573952
    2.32709
    0.72119
    1.13315
   0.141889
    2.11449
    1.56465
  0.0373104
    1.20606
    8.82592
    5.44399
    5.71384
    1.08798
  0.0113194
   0.428972
   0.194399
  0.0410106
  0.0335654
  0.0281815
  0.0625927
    1.46309
    1.77509
    1.90907
  0.0300287
  0.0295759
  0.0461136
  0.0687462
  0.0280694
  0.0195436
 0.00901776
    1.54111
    1.72474
    4.40823
    3.97109
    3.41779
   0.496818
    7.65079
    2.86217
   0.612005
   0.539582
    1.15351
   0.120424
    1.04424
    2.56143
   0.964389
   0.538782
   0.776095
    2.74698
    1.38231
   0.340831
    2.02834
   0.223081
    14.8248
  0.0368934
    7.43476
    3.09345
     1.1504
     1.2823
    2.22793
    3.12671
   0.811577
    0.36654
   0.250677
    2.10532
  0.0212111
   0.235459
   0.141513
    4.11941
   0.195413
   0.535778
    2.55965
    3.56481
    1.86967
     656.46
     5.4333
    6.66563
    1.45663
    1.01309
    2.10701
   0.698638
   0.271224
    2.63287
    1.30437
    0.53505
    1.42585
     6.6111
    6.47055
   0.483507
    0.47227
    4.68215
    2.10041
   0.940965
    2.58809
    10.3854
   0.370318
    3.25135
    7.89613
    1.99459
   0.157547
     1.4988
    4.62773
   0.179457
  0.0659826
   0.271483
   0.421653
   0.211014
    7.76186
     3.4133
    3.26201
    3.82909
   0.140622
    18.9135
   0.131912
   0.106679
    2.86552
    1.20465
    1.70706
    1.29745
    3.87877
     1.5214
  0.0742301
   0.093474
   0.869543
   0.640106
   0.517686
   0.569211
    42.8172
   0.657795
    38.0482
   0.997048
    2.33722
  0.0398339
     1.7494
    0.24582
    7.92023
   0.126091
    0.41343
    0.32034
    0.19698
     1.7763
   0.467504
    1.14602
    4.30074
    17.7281
   0.668057
    1.14863
    2.57323
    1.54189
   0.335081
    1.23767
    1.41494
    4.57673
  0.0167767
      2.712
    1.37064
   0.618346
   0.803054
   0.596968
    1.60145
    1.16184
    86.4622
    1.41842
   0.798317
  0.0300923
    1.12682
    1.87377
   0.895903
   0.242222
    1.68847
     3.3868
   0.595689
   0.562888
   0.865155
    5.97462
    1.05234
    1.75667
    2.68394
    1.25538
     3.0304
   0.358196
   0.599784
    1.22147
    4.09005
    1.42239
    3.90757
   0.256979
    1.02193
   0.751812
    1.61257
   0.298971
   0.897746
    2.77449
    1.42968
    1.27129
    2.91099
   0.294237
  0.0377539
    1.62654
    2.31775
   0.734941
    1.28311
    1.14412
   0.171961
    11.9512
    1.66537
  0.0603003
  0.0195303
    1.21162
   0.265931
    1.13883
    2.13416
    0.26162
   0.024054
    2.68813
   0.632929
   0.468798
    2.89701
    0.20752
   0.644267
    1.02066
   0.511515
    1.56208
   0.394749
     5.5081
    2.34192
  0.0970686
  0.0281994
  0.0533265
    1.58919
   0.728826
   0.157758
    8.14561
    6.37251
   0.577264
    1.42512
    1.71659
   0.778635
    4.33169
    3.30679
    2.80494
   0.501114
   0.405839
    2.31603
   0.839587
    0.72941
    2.58753
    1.15035
   0.121117
    6.97272
   0.796218
    2.14976
    1.21262
   0.395934
    0.73069
    4.63186
    2.63125
   0.608925
    2.25912
   0.144869
   0.164668
    7.80624
    1.06115
   0.859439
   0.389971
    2.38549
    8.27474
    1.88071
   0.523033
  0.0612888
   0.801155
   0.658694
   0.670841
   0.331519
   0.312099
    2.71608
    1.00851
   0.226259
    2.77062
   0.413161
   0.437508
    8.09701
   0.651022
    1.96333
  0.0537294
   0.187353
   0.481254
    3.60348
   0.238148
   0.176418
    1.37972
    1.62865
    57.8328
    1.15911
    2.39106
  0.0905895
    4.52224
   0.212876
    4.50154
     10.162
   0.669094
   0.277456
    1.97887
    25.8815
    16.8592
 0.00718065
    2.87934
    2.13261
    11.6926
   0.536569
    1.93107
    2.11132
    1.07035
    6.80864
   0.115002
    2.38806
     7.9379
   0.673151
 0.00813858
    1.04717
    2.01536
    2.45406
    2.38042
    1.17083
   0.146245
    1.78357
    3.03995
    2.06767
    9.13293
   0.173919
    1.48171
    2.16505
    2.35599
  0.0641338
    1.20643
    0.10226
    0.90782
   0.378611
   0.143814
    1.30416
    5.99921
   0.173594
   0.346109
    8.16434
    3.34509
     6.3054
   0.900229
    1.65725
   0.943142
   0.195912
    3.09873
    3.03811
   0.880422
    1.45639
   0.046321
   0.515779
    2.22698
   0.628222
    19.7467
    3.86934
    3.13984
    3.13109
   0.717647
    4.80001
   0.691404
    1.03478
    2.87327
    3.77113
  0.0194972
   0.973474
   0.974808
    2.64669
   0.777113
    1.28114
    1.77269
    1.39361
   0.609837
    8.25761
    1.63158
   0.600714
    3.21897
    4.14263
    3.63594
    2.08174
   0.199365
    2.63434
    1.19709
    0.91337
  0.0649173
  0.0319456
    1.63122
    1.70443
    1.31867
    2.28088
   0.955218
    3.10985
    2.00019
    2.00668
   0.105321
    1.23118
   0.483138
   0.159833
    1.13603
   0.349873
  0.0260399
    3.53388
    4.61063
   0.317185
   0.975919
    3.63322
    2.98786
    2.88516
    2.14668
    1.91966
    5.15288
   0.289822
   0.162315
    2.48588
   0.265986
  0.0465718
    1.62676
    0.39329
    1.47501
    3.70545
   0.476045
    5.66803
    2.64781
   0.189798
  0.0274395
   0.219799
   0.531628
   0.259726
   0.932107
  0.0278995
   0.297202
    17.3585
   0.321987
    1.20912
     1.3002
   0.590176
    3.05284
    3.40436
    0.34433
    1.23275
   0.981142
     1.6855
    1.22006
    1.86705
   0.675655
   0.334151
   0.264761
   0.611605
    1.26778
    3.29357
    1.00221
   0.777606
    4.36337
   0.178004
    8.91295
    3.08088
    2.18323
    5.06675
    3.05491
   0.785563
   0.295041
  0.0303547
    2.30683
    3.04597
   0.620675
    5.00806
    1.71488
    29.1609
   0.214911
    8.44064
   0.826234
   0.369156
    2.74835
    4.81246
     0.1002
   0.772702
    1.54799
    2.55368
   0.532375
   0.390016
   0.693248
   0.146494
    2.22092
    2.39141
    1.53526
     1.2419
    4.38664
    3.90066
  0.0221287
   0.777425
    1.80811
    4.11385
   0.391037
    3.93655
    8.62596
   0.490924
    0.96881
    1.09564
    0.21342
    1.37116
   0.111152
   0.266562
   0.792859
  0.0785305
   0.647836
    0.48722
    1.50351
    5.44676
   0.710503
   0.143105
    9.01045
    2.40791
  0.0172668
   0.833071
    1.26576
   0.889961
    3.14776
    1.33274
   0.938021
    4.04787
    5.16351
    1.88057
    1.04727
  0.0735062
    3.01532
    1.42594
    1.19955
   0.138583
    1.41305
     9.3402
    1.03541
   0.262112
   0.833695
    1.96516
    3.93418
   0.333124
  0.0127756
    4.98371
   0.311426
   0.757706
    17.5794
    3.71817
   0.291279
    1.63535
    1.12021
    1.64099
   0.821526
    7.82019
   0.884242
     5.9003
    4.18191
    1.94799
    2.55082
    5.51895
    1.89561
  0.0394617
   0.959112
     0.9248
    2.75832
   0.214108
    1.36813
    1.45468
   0.760412
    1.92089
    0.90102
   0.368317
    2.07781
  0.0473486
  0.0453822
   0.467363
   0.123028
   0.107305
   0.329989
    6.29537
   0.749817
    0.64708
    0.76127
    2.08311
    1.87426
   0.511076
    1.82847
    5.13037
   0.706426
    1.51204
     1.1068
    1.16639
    2.64107
   0.659964
   0.168268
      5.612
    3.35398
    3.50757
    1.70194
    5.65377
   0.740398
    8.26061
    8.06857
     1.9683
     2.5761
   0.482677
    3.19288
   0.377439
   0.330793
    4.40417
    4.70734
    1.07306
   0.414702
   0.821891
    2.30743
    1.22178
    4.94613
   0.434854
   0.263449
  0.0103897
   0.404878
   0.613633
    1.94087
    4.64819
     2.0129
   0.111479
     1.8843
    2.25795
   0.179571
    1.07145
    1.32427
   0.503514
    10.6495
    1.39497
    4.05087
    0.68398
    8.24495
   0.931935
    5.52919
    4.83199
  0.0755833
    1.02049
     1.6853
  0.0597213
  0.0801505
   0.494673
    7.02119
    70.4585
 0.00803484
    1.50882
    0.16547
    1.50661
    4.82851
    3.05824
   0.461401
    1.86473
   0.460231
    1.25014
   0.888217
    1.36544
    3.97471
   0.773877
   0.622686
    1.20927
   0.025776
   0.621275
    1.52194
    6.09636
    2.27707
    1.88356
     2.8111
    1.67854
    1.23276
    1.58137
    4.17921
    3.27236
     0.4522
    1.21846
   0.702186
    1.57823
   0.594856
    1.25439
   0.719567
    2.02261
     3.2262
   0.237953
    2.23008
    2.99532
   0.973066
    2.81066
   0.470992
    1.13966
    3.72421
   0.010225
  0.0261039
    2.67226
   0.841076
    3.62336
   0.493293
   0.792118
    2.06459
   0.547979
    1.73618
    2.64156
    2.66196
    12.5258
    1.13442
   0.430464
   0.914139
    1.33295
    3.54306
      1.311
   0.648889
    2.35508
    5.39133
    1.99147
    6.54505
    1.63392
  0.0663332
    8.54085
    1.77326
    1.49643
    2.87972
    1.46562
    1.81747
   0.407639
    1.46346
    0.24939
   0.851975
   0.835424
    5.05666
    2.46362
   0.876962
    1.00075
    0.43177
   0.706892
    2.17796
    4.05677
    1.17709
   0.361869
   0.728024
   0.317676
    1.43184
   0.633205
    0.96035
    5.16029
  0.0196184
    6.10527
    1.10195
    1.11578
    4.08026
   0.205093
    1.77957
    11.1511
   0.411136
     4.4612
    5.88945
   0.661557
    3.42157
   0.441127
       2.04
    1.23324
  0.0677763
  0.0618979
   0.836487
    1.54778
     3.2174
     1.2708
   0.986582
    1.50839
   0.370871
    1.20866
    1.79154
  0.0270581
   0.711584
     2.5269
    1.12913
   0.472618
   0.631228
    4.09178
    1.07483
    2.98814
   0.432806
    2.80402
    0.56854
   0.807137
     3.3659
    0.94731
    9.57094
    1.84794
    2.36278
    1.46907
    1.64408
    5.94211
    1.27793
    15.0991
    2.60925
    17.9776
    2.25853
   0.418094
    1.05637
   0.879081
   0.507121
    0.21709
    3.30703
    10.8573
    1.46884
     1.1739
    1.80683
   0.864643
     2.0946
    2.31523
   0.529923
   0.853162
   0.788194
   0.716071
   0.893624
  0.0114435
  0.0966909
  0.0300792
   0.190639
    2.21725
    1.72193
   0.428366
    1.57789
    1.20638
    3.09586
    1.19135
   0.306868
      9.629
     1.2485
    1.54347
   0.997733
   0.771142
    4.64162
    3.20066
    1.69263
    2.80275
   0.932895
    2.05674
   0.252047
    1.96993
   0.108663
    9.48381
    1.69601
    1.66282
    2.41988
   0.536592
     10.317
    2.74361
   0.915538
   0.750736
  0.0853162
      2.916
    1.08975
    1.79645
   0.203464
    10.6922
    2.69069
    1.58801
   0.019798
    1.61117
    4.90042
    2.93749
    1.53109
   0.930924
    1.25675
    2.01569
    4.00738
   0.380408
     3.8098
   0.149292
   0.245837
  0.0384466
   0.696743
   0.432286
    2.24348
    8.42954
  0.0577185
    1.91626
   0.258937
    4.04938
   0.825948
   0.633026
    3.09542
    61.7179
    1.97993
     7.6358
    31.4422
    2.19773
    1.05792
    1.62857
    1.19659
   0.715576
   0.125626
    1.37769
    1.46738
     2.9353
    6.84573
    7.78287
     3.4295
     1.7885
    2.09181
    0.75641
    1.75664
   0.876778
    2.10363
     2.2521
   0.742237
    8.87954
    3.53881
    1.42605
   0.709861
     4.0825
     2.5671
    2.63392
    2.35208
    1.59341
   0.780927
   0.503938
   0.491042
    3.15602
    3.79757
   0.546146
   0.470525
   0.346167
    2.25955
    7.27039
     5.8693
    1.92782
    0.36567
    4.17753
  0.0296559
  0.0630883
   0.177908
    2.49564
   0.311866
   0.869425
    1.39032
    20.3555
    3.52896
    1.41845
    10.9327
