    816.744
    11.9953
    473.851
    165.803
    312.871
    4487.94
    5029.23
    91.6846
    359.727
    32.1398
    4.44852
    1478.77
    1.08549
    37.6756
    17.8847
    500.557
    446.832
    40.5025
    19.4671
    16.5979
    89.9127
   0.268984
  0.0860804
     20.482
    1689.18
  0.0195275
   0.464096
    2.79276
       3.64
    1.51813
    141.762
    35.0783
     1.9571
   0.140541
     287.71
   0.203179
    121.133
    4.63541
    2.39107
    5.90289
    40.6115
    1.64808
   0.538486
    1.43726
   0.633095
  0.0702009
     16.911
  0.0419266
   0.305536
    7.07686
    64.9014
    36.2279
    3.32135
    5.04053
    25.0169
    3.28963
    7.83447
    387.693
    17.6867
    1.07373
    155.382
    798.999
 0.00453433
    307.968
    1.56212
    1.87279
    70.8992
    2.47678
    63.6489
    31.9463
    23.6294
    157.524
    6.41447
    30.1189
    3.93274
     17.008
    3.36274
    32.7961
    18.6363
    774.075
    9.59613
   0.130293
    117.023
  0.0840108
    2.92488
    1.09834
    178.606
    27.8946
    382.662
   0.104019
    0.33276
    47.8919
     5.3732
    5811.69
    1.41989
    33.5957
    32.7267
    2.66903
  0.0765662
    8.43548
   0.214192
    8.89231
    15.8876
     285.86
   0.963857
    3.97576
  0.0973679
 0.00248557
    6.22113
 0.00815605
     4.0641
    3.72349
    14.4217
    267.601
    5.12437
    557.836
    73.1568
    4.31298
    396.804
    1.96864
    7.06861
    4.90183
    7.36149
    214.096
    0.33962
   0.092666
    13057.2
    3.86469
   0.571747
    32.1248
    4.69931
    2.74187
    87.4046
    347.761
0.000897697
   0.277528
   0.470084
    12.2996
    1.46065
    27.0056
    1.62668
     8.5519
    8.68289
    26.3899
    6.94813
  0.0464322
    2.96992
   0.907902
     1.2346
    7.46663
   0.351017
   0.176047
    4.18661
  0.0141188
    16.3048
   0.352067
    2.30584
    66.6403
    31.1149
    61.3276
    4.36145
      2.032
    8.90296
   0.140146
    2.26294
    1.20095
   0.143368
    38.7425
    7.21975
   0.105895
  0.0779569
   0.630525
    9.74228
    5.47893
    22.7419
    1.21654
    554.555
  0.0549516
    3.69112
     61.096
    104.326
    1.04902
   0.315028
    7.29699
    80.0106
    45.0432
    1.82217
    9.57094
    4.52472
     2.3455
 0.00211227
    8.81687
    1.51598
   0.164418
    86.1887
     2.4143
    4.14658
    16.1658
    1.95439
      1.031
  0.0553952
     11.207
     2.7416
    1.91626
    1.58749
    3.18304
     7.1259
    45.3274
    1.86338
    0.73274
    10.6904
    12.4579
    2.95359
   0.875416
    187.545
    144.466
     7.4192
   0.818658
    0.37336
    3.76739
   0.303926
   0.734978
     1.3778
    1.56475
    63.9363
  0.0166705
    3.20226
  0.0552239
    10.8459
     11.688
    1.85095
    2.23513
     49.785
    57.9053
  0.0520724
     3.1014
    2.89914
    1.83863
    2.89462
    3.50741
    8.30425
    25.6699
    29.2981
   0.893056
  0.0087161
 0.00710453
    27.2705
    4.06809
     44.466
    5.43629
    18.1051
    1.31899
   0.887247
  0.0230006
    11.1911
    4.63502
     2.5675
  0.0199913
    9.78401
   0.356068
     4.9913
    22.9221
    1.59835
    8.07788
    4.52014
    20.9751
   0.158895
   0.381222
    12.0112
    1.99274
  0.0940891
    1.99477
    6.33015
    110.683
    25.4275
    101.506
    15.7725
   0.363514
0.000890633
  0.0621468
    25.8663
 0.00464389
     9.7001
    124.469
    2.63254
    4.13255
    15.8352
   0.615358
      2.731
    12.6469
    8.05151
    6.35324
    424.846
    1.28247
    0.47798
  0.0268255
    12.3908
    27.7767
     2.3467
    2.61938
   0.355737
    14.9168
 0.00101724
    1.60006
    164.208
     2623.9
    3.13353
    857.214
    9.78547
    6.20779
   0.303505
    4.79429
    7.31833
    12.8135
    2.06823
  0.0222626
    11.4601
    2.76175
     4.2659
    10.6774
    19.7144
    1.51453
    9.14261
   0.466958
    3.16027
   0.773601
   0.400439
     1.0281
     6.3781
    16.0364
     2.2842
     8.0238
    940.898
    21.3164
    4.86642
     1.4778
    2.31472
    5.40455
    22.1501
    10.0001
    16.8706
    7.58433
    2.55489
    0.52282
 0.00517274
   0.669296
    7.44852
  0.0304345
   0.304495
    12.4517
     2.7752
    120.172
    1.54364
    1.55564
    28.6225
    0.52598
   0.254125
    22.2401
    27.0053
    18.5292
    4.59075
    7.08082
     0.1024
   0.123266
   0.539554
  0.0286208
   0.456533
    6.78966
    1.41954
 0.00111258
    10.1585
   0.343746
 0.00977118
    1.89657
    3.64127
    1.55076
   0.401034
    5.22618
  0.0746721
   0.166647
    31.9286
    11.7245
    50.9397
    61.0883
    3.84758
    29.3336
    20.8808
    1.93391
    1.26708
    9.03438
    6.74748
    8.30482
  0.0587511
    14.9992
    2.55852
    13.6009
    1.08902
   0.699846
    6.92889
     19.536
    1.94238
   0.725768
   0.862845
    19.9861
      8.897
   0.922978
    3.31502
    1.54222
    68.0139
    8.84272
    11.2603
   0.189671
    0.91344
   0.447409
    5.20784
    0.92474
    5.37963
    29.9911
    37.0912
  0.0225358
    4.13969
  0.0263359
    3.09191
    89.8654
  0.0249966
    111.015
    65.9662
   0.298086
    51.3488
 0.00408811
   0.144598
  0.0292517
    0.37392
     1.3737
    36.7698
   0.843343
    8.25661
     2.2298
    7.93282
    2.16853
    1.41842
    26.6247
    3.17298
    4.11689
    1.62448
    1.78503
    8.01135
     9.4216
    8.62019
    3.89224
  0.0530193
    1.06823
    4.87045
    5.47866
    33.0253
    7.39647
    4.55799
  0.0161007
   0.894338
    3.16421
    2.21311
   0.867172
0.000872536
   0.669201
    0.43479
   0.010097
   0.605883
    2.58362
    4.45346
   0.203908
   0.600294
  0.0114759
    6.28788
      5.122
    1.03728
    12.3246
    24.8687
    4.65169
   0.749171
    2.81564
  0.0176191
  0.0369567
   0.120207
   0.612251
    6.89893
  0.0257058
   0.379839
   0.775689
    1.15809
    3.02921
    6.73681
    39.3469
   0.239544
    12.3621
   0.554777
  0.0586146
    12.2626
    0.91552
    1.44359
    1.61428
   0.767857
    22.1634
    6.63763
    2.23795
    8.60084
   0.412929
  0.0102037
     2.1403
    3.02383
    1.47468
    1.55368
   0.025856
   0.195882
    1.28606
    827.889
     8.7656
   0.047827
   0.395158
    7.62805
    3.77046
    74.7098
    1.78269
   0.380133
     31.906
  0.0184042
    1.77703
     1.9516
    2.53205
    23.4152
    12.8672
    1.42423
    5.45385
    2.11809
 0.00768107
     8.3052
    223.652
   0.836507
     10.134
    1.14743
   0.284269
    3.00793
    56.4188
     199.02
    3.43099
     4.7576
    9.72836
    1.90328
    3.32929
    1.85229
    0.33453
    1.60045
    0.88717
    5.84201
    20.8316
    12.8477
   0.141939
    1.24822
    3.30851
     5.4298
    4.71173
    17.1366
    5.40874
   0.899419
    22.2856
    73.6153
    10.5207
   0.426925
    1.00253
    1.03018
    4.36251
    1.94116
    8.91237
    1.26097
    2.15998
    8.29201
    5.44739
    38.9784
     17.759
   0.179991
    1.80836
    19.5701
   0.678404
  0.0284176
   0.591383
    4.57992
    11.2381
   0.210392
   0.296793
     1.5697
    34.2848
   0.192741
   0.265017
    6.73056
   0.584348
    10.8919
    5.80595
    4.55423
  0.0229435
    8.90258
  0.0154639
    32.5633
    3.47679
    12.9196
    1.41398
    2.90416
    2.39859
    0.12316
   0.686042
      19.58
     10.628
   0.686777
   0.435377
 0.00124614
   0.399114
    43.4579
    10.4747
    11.0172
    13.3054
   0.652223
    1.83671
  0.0011551
     11.971
    1.23556
    2.00773
    43.2103
    0.35352
    4.62437
    9.61227
    37.9695
    3.66448
    13.9304
    1.93239
     17.046
    1.39212
    5.42365
    0.84585
    1.76078
    1.96838
   0.461902
  0.0558736
    7.17565
     2.2073
    61.1612
   0.673389
    4.42312
   0.208545
     2.8334
    5.88694
    14.0013
   0.595878
    6.40943
     1.8328
  0.0626874
    6.34388
    5.25218
    155.448
    15.6727
    6.52956
    9.76616
   0.260934
    4.45784
    5.30435
   0.183668
   0.677228
    0.51865
    11.8222
    61.3357
    363.239
     19.932
    3.43371
  0.0769378
    6.15228
    2.94081
    1.21448
   0.396201
    56.7191
     12.799
    155.034
    2.82512
    20.8258
    1.81521
   0.502349
    1.29944
   0.119185
    6.39904
  0.0903159
    44.3391
    45.6635
     7.4901
  0.0427072
   0.156641
    3.21415
    1.46153
   0.318501
    2.11565
  0.0139406
   0.688934
    3.24483
    8.97339
    101.537
    2.65482
    43.9095
    7.08534
    2.39601
    4.70261
     16.806
   0.417548
    5.06322
    8.78007
    4.58725
    1.02656
    5.64982
    1.43351
    1.06545
    5.33313
   0.102517
    2.22417
     5.9931
    16.5569
    14.3781
    9.58931
     6.3419
    2.07163
   0.102089
    2.58485
    0.96277
    43.8212
    4.23319
   0.387955
   0.237273
   0.799029
     2.0438
   0.930265
      181.9
    7.43512
    16.2398
    10.4962
    1.53406
    181.867
   0.109816
  0.0903077
   0.565795
   0.188219
   0.353052
    4.80839
    10.3781
    4.72243
   0.060051
    3.58252
    5.74506
    1.60529
     2.5135
    4.02651
    1.43043
    3.78597
    1.52432
  0.0928586
    1.30131
   0.530573
    0.79255
    2.16424
     4.5563
    10.2019
    7.25127
  0.0851854
    7.18102
    1.12675
   0.771718
    11.5161
    48.0428
    15.2266
    1.10463
    16.6082
    3.89837
    3.33309
   0.163537
   0.913546
    47.5402
    3.43094
   0.147586
    2.09888
    1.06475
    1.74764
   0.400844
    2.74796
   0.391033
    7.28743
    72.5298
   0.208127
    6.72425
    2.64686
   0.304466
    2.63533
   0.831393
    1.17113
    11.4493
  0.0241468
    1.58549
    9.50024
    5.48062
    1.62945
   0.567204
   0.622312
    3.16647
   0.274158
    2.77333
   0.437089
   0.358249
    2920.25
   0.840989
    2.02613
    1.08133
   0.516094
   0.479914
   0.432583
   0.459138
    2.25482
   0.331703
    0.94159
     1.6288
    1.30683
    3.51197
   0.405532
    4.37804
   0.392374
   0.399477
     3.0171
    1.18473
    8.51761
    1.41558
    13.8906
    123.152
     1.3139
    6.72273
  0.0201786
    1.53512
   0.149187
   0.258174
   0.927852
    16.9912
   0.226115
     40.763
   0.647084
    6.85848
   0.452273
   0.201337
    22.3474
    8.81713
    15.5311
    3.77663
   0.552732
   0.253998
   0.980201
    22.2069
    3.91229
      7.581
   0.182299
    2.39887
    3.33678
  0.0558229
   0.202654
    2.12783
    31.0139
    12.3652
   0.526563
     1.9797
  0.0460423
    11.7349
    2.03687
    1.95461
   0.559318
    0.15131
    2.72572
    7.21829
  0.0922215
   0.573563
   0.155879
   0.327417
    13.8825
    10.0916
     3.2898
    2.27724
   0.230588
    3.74654
    1.21762
    4.66959
  0.0239371
    7.20487
    4.51659
    17.2617
    0.96084
    4.73713
   0.496969
   0.672209
    3.50241
   0.544463
  0.0561805
   0.468721
    1.24804
   0.971446
   0.296301
  0.0990044
  0.0579454
    3.34963
    1.44891
    11.3431
  0.0102628
  0.0852271
    1.74264
   0.381186
    2.75259
    11.3616
    1.44006
  0.0122503
    12.6917
    8.61835
    18.5542
   0.796698
    4.68768
  0.0292578
    2.63419
    7.72515
    13.3354
    1.26654
    1.55532
   0.357707
    0.23198
  0.0942312
    3.97319
    2.94709
   0.507636
  0.0792598
    3.70486
    5.62661
  0.0270878
    7.28443
     1.3873
   0.140103
   0.780948
   0.283102
    3.29481
    5.97382
 0.00199472
    9.75687
   0.445224
   0.123101
    6.29984
 0.00101978
    6.00083
    2.86777
    3.72306
  0.0538286
      0.221
    23.1617
    5.90004
    1.45382
    0.19632
   0.788936
   0.432716
    2.31497
     5.3228
    1.21929
   0.194803
    5.89771
    23.2997
   0.401937
    2.66479
    1.94076
    4.70057
   0.285444
    6.98095
  0.0485101
    2.25168
   0.134062
    2.18474
   0.573084
   0.697258
  0.0606328
    0.18932
  0.0993982
    3.04652
   0.251673
   0.340267
  0.0887834
   0.103326
    1.33251
    3.02184
 0.00380028
      3.816
   0.290796
   0.401835
    1.24463
    1.69146
    1.67395
    4.76947
   0.911399
    2.65309
     3.1083
    9.06705
   0.475766
   0.221883
   0.690936
    13.1944
  0.0372528
   0.465485
    5.70566
  0.0804588
    3.50056
   0.555432
    4.38622
    43.1882
    3.66618
   0.111962
    2.83422
    1.40072
    1.64366
    14.0218
  0.0479251
    1.14192
   0.242226
    3.27978
    20.8469
    2.39239
    23.3041
     7.7196
    1.30299
   0.256937
   0.795589
    8.38063
    11.5936
    761.521
   0.138037
    8.67158
   0.737971
    1.94075
   0.639157
     5560.6
   0.154371
    3.84931
   0.278564
   0.715516
   0.727097
   0.111161
    3.42816
    2.27042
     2.9707
 0.00761463
   0.197442
   0.553959
    5.85133
    2.21908
    28.8831
   0.667444
    8.41487
   0.154393
   0.226801
  0.0811932
   0.258744
     2.5238
    12.8319
   0.786984
    17.1584
    178.169
    11.5166
   0.374298
    9.19132
    1.75532
   0.225557
   0.261299
    48.1373
    1.08588
   0.107048
    2.95113
    8.64234
    1.96775
    1.99964
    2.14647
   0.148528
    2.06125
    14.6173
    0.89822
    66.8379
   0.411787
    4.13395
    7.82805
    8.41016
     5.6534
   0.521211
   0.639747
   0.246523
   0.367011
    5.60112
    1.02374
 0.00274321
    1.17348
   0.395807
    5.67384
   0.427943
    1.25807
    4.99655
    3.09828
   0.542827
  0.0357487
    4.19662
    4.46232
   0.495731
    1.12827
   0.894625
      3.746
   0.485024
   0.407194
    17.9866
    9.34428
 0.00500636
    4.08459
   0.418179
    2.23384
    148.769
    2.62754
 0.00133853
   0.368288
   0.637591
     1.1608
    1.15331
    1.37756
   0.722802
   0.120736
   0.900351
  0.0111635
    0.99484
    4.33948
   0.806399
   0.147575
    10.2807
   0.132273
    2.87259
     1.4748
    9.82842
    16.8914
    1.18556
   0.102185
    20.8679
    5.85166
   0.649525
   0.199927
   0.316032
   0.178296
    42.0705
   0.545998
   0.765086
    1.20679
    5.28224
    1.57741
    0.29249
    9.68574
    19.4904
    1.76272
    1.34835
   0.601335
    3.59209
    3.93857
   0.868531
    1.28529
  0.0175727
     4.4261
     22.732
    71.4386
    10.3835
     6.1176
    2.77466
   0.122817
   0.013077
    5.16141
    85.3297
   0.264881
    6.49679
    6.28081
   0.615007
     2.3951
    2.98677
    0.29315
    4.68597
    8.56296
   0.504318
    1.05867
     6.8994
  0.0241598
    2.55854
    8.94509
   0.960701
  0.0208693
    5.65259
    10.5331
    1.20465
   0.402293
   0.239568
    4.07905
   0.103735
    0.09453
    5.85746
    1.95782
    67.3404
   0.294892
    3.02487
    1.40962
    5.09808
   0.558776
   0.170812
   0.353086
    4.41804
    5.12249
    2.55667
     20.299
   0.663912
    9.52475
    1.28666
     5.6294
    4.17287
  0.0329788
  0.0312029
    4.49586
  0.0171021
    4.40302
  0.0617173
   0.954406
    4.36291
    3535.31
    3.36543
    2.19509
   0.199361
    2.43417
    2.24867
    1.33265
     2.1697
    114.465
    11.1796
    2.62518
      10.74
    4.43462
   0.808153
    1.19005
    11.0441
      0.958
  0.0526186
     34.181
  0.0453592
   0.373872
    4.91951
    1.85939
  0.0113581
    1.28652
   0.237774
    6.01261
    1.57362
   0.332402
    52.6744
   0.011587
    32.7888
    22.4429
   0.249545
    1.33622
    10.6583
    1.00977
    1.10725
  0.0553707
    2.40177
    8.70658
    6.94103
    5.91234
    7.55194
    29220.6
    3.03205
   0.344234
   0.172727
     6.1247
  0.0429758
     6.9137
    1.22827
    1.06644
    9.01282
  0.0897666
    2.40017
   0.792448
    1.48838
  0.0532591
    4.18417
    4.71239
   0.791655
    1.49443
   0.728287
   0.876145
   0.378543
    3.81557
    5.97855
   0.966255
    21.9029
     112.87
     4.2833
    2.26074
    4.56359
    2.07466
    3.06456
    3.17749
   0.636791
    1.74572
    10.3983
    1.99657
   0.043276
   0.796533
    1.21559
    12.8225
  0.0228488
   0.991173
  0.0901466
    11.4986
   0.405735
    1.37831
    11.5224
    10.9761
   0.152489
   0.901651
    6.07753
    1.87323
  0.0163013
    3.75219
    2.47386
    4.49817
    3.42642
    1.86689
   0.585304
    3.72703
  0.0562863
   0.360892
    2.37348
  0.0485714
    26.4457
    13.1519
   0.515331
  0.0306865
   0.101874
   0.872463
     1.6598
    1.20148
    2.26706
   0.781816
    8.58056
    5.93367
   0.601107
    1.86918
    8.15053
   0.720738
    1.02987
     1.2378
   0.662443
    52.7692
    1.31609
  0.0316239
   0.593885
    1.11465
   0.245075
   0.863151
   0.249804
    4.61856
   0.987691
   0.876823
  0.0503411
    10.5836
    5.11412
    5.03739
    6.58877
    27.7449
     3.6471
   0.321432
  0.0150348
   0.756918
   0.295684
   0.820139
    0.62171
    5.64463
   0.538902
     47.845
    1.10708
   0.560042
   0.921113
    9.19032
   0.248553
  0.0182256
   0.370684
   0.453546
  0.0363071
    13.5538
    2.00712
   0.910424
    1.14018
   0.285514
    1.06569
    2.83821
    0.73282
   0.858389
   0.524174
    10.1874
   0.143344
  0.0653306
    1.67717
    1.29018
   0.131251
    1.01672
   0.163528
   0.527334
    1.44029
    1.97634
  0.0363863
    60.4267
    8.15432
    11.3198
    2.72062
   0.559722
   0.436397
    1.16281
     34.337
    23.9799
   0.308343
    3.89437
    9.87268
    4.51871
   0.588508
   0.135871
    60.0519
   0.152251
  0.0148686
   0.650424
   0.236012
    5.71407
    12.8296
    1.48643
    18.5457
    2.81742
    5.17999
    5.15667
    1.34313
  0.0890433
    0.87392
    3.44512
  0.0906608
    4.57374
     2.2882
    1.42538
   0.332281
   0.107962
    0.90516
    2.01503
    17.3711
    13.0308
    0.78948
    4.43944
    14.4605
    3.65365
     1.7395
    4.04156
   0.284222
   0.426999
   0.484461
   0.136225
    3.78801
    1.18825
    4.92456
    10.0827
    7.16842
    75.0782
   0.292545
   0.147492
   0.205879
  0.0583836
    1.31394
    3.35228
   0.861099
   0.611949
   0.482955
    1.06432
  0.0334358
    13.9508
    3.98046
   0.173807
   0.209416
  0.0554111
   0.157281
     5.7929
   0.184171
   0.160783
    2.70191
    16.7179
    45.0335
   0.839618
    3.26332
   0.140639
    8.89618
   0.211596
   0.445255
    6.55042
    12.0759
   0.656643
   0.343761
    3.85825
  0.0785936
    7.30572
    1.77349
     26.217
   0.391377
     91.885
    2.45678
    4.65297
   0.565589
  0.0607118
   0.325919
     5.0319
   0.849753
    36.1495
    2.63165
    1.02174
    3.49192
    4.65147
    6.67447
   0.048173
      3.468
   0.374484
  0.0224881
    37.1325
    1.62091
    3.80291
   0.014468
   0.280923
   0.207284
    3.35937
  0.0463321
   0.211292
   0.629788
    17.9579
    1.38021
    10.1095
    4.10777
     13.328
 0.00277484
   0.880952
    5.95782
    1.90901
    3.36057
   0.366401
    2.11848
    1.34271
    34.1497
    0.15791
   0.183844
    2.94587
     1.3568
    1.50397
    4.30273
   0.769803
    7.89507
   0.400745
    1.37271
    5.44163
   0.291427
   0.153331
    26.7714
    4.15655
    3.38656
  0.0532408
   0.858087
    4.35965
    1.25541
    7.66434
    5.45514
   0.324999
    4.75821
   0.884142
    1.98331
  0.0520109
    2.14884
    7.17653
    1.08614
   0.622094
    5.39477
    5.88008
    3.88158
    2.46676
    1.34099
    2.34672
   0.292849
    4.70911
      6.668
   0.341555
    2.28247
    1.09813
  0.0476491
   0.320454
   0.394218
   0.412244
    1.93162
    2.07778
    1.58162
   0.628419
   0.443131
    0.55024
  0.0288251
    32.8385
    34.2831
    0.44947
    3.45256
    2.28976
    0.60226
    1.72543
    8.78884
   0.102529
   0.025559
  0.0151863
   0.473491
0.000975961
  0.0143625
  0.0121748
    5.66304
   0.703717
    5.45387
    2.35485
   0.318593
    7.27568
    2.80806
    8.93679
    1.71621
    3.77229
    15.7979
   0.549699
    6.53691
   0.858512
    4.10462
    38.5402
    3.31331
    2.77079
    3.13875
    310.682
    6.29968
   0.227676
    31.0317
     5.6636
    3.62494
   0.125408
    2.22933
    1.01547
     6.0525
    1.55434
    15.5274
    3.83752
    4.19549
  0.0881811
    3.61997
    2.88244
     1.3403
   0.704058
    1.52778
    8.63441
   0.687831
   0.274605
   0.730022
    3.00189
    31.3797
    1.22687
    1.34547
   0.932391
   0.780855
    2.95677
     8.2137
    8.35202
   0.278633
   0.276084
    1.56958
    3.15182
    2.48839
    7.36789
    6.45579
   0.260753
   0.337753
    4.01106
   0.128227
    9.37206
   0.180293
   0.123363
    5.36164
     3.7694
   0.170064
    1.25441
   0.761691
   0.565548
   0.198644
   0.409569
    5.94753
   0.398372
    6.52436
   0.170559
    2.37289
   0.462318
    2.77196
   0.177355
   0.306356
     1.3885
     2.7156
    6.31374
    89.1865
   0.549584
    3.57282
    12.1407
    10.2503
    1.46298
    2.41755
    7.58805
    2.64603
   0.140467
   0.714882
   0.552968
  0.0630227
    1.18728
   0.155364
   0.267149
   0.049001
    2.44149
  0.0727153
    0.35962
    3.09132
    1.72017
    3.25261
    24.2928
    7.20174
    4.21607
     2.1287
   0.544066
    6.30009
   0.452383
    2.21792
    3.20993
      5.826
    1.40545
   0.300934
    4.99903
    1.93654
  0.0419193
    23.7816
   0.513552
   0.105605
    1.56395
   0.268807
    3.43716
   0.711243
    9.45979
   0.129085
    1.19329
   0.223255
   0.312186
    7.51064
    4.82775
   0.128573
  0.0327941
     1.9988
   0.114106
  0.0117047
   0.801122
    2.04152
   0.832468
    1.58302
 0.00787502
    2.10288
   0.867697
     10.043
   0.823525
    37.7708
    7.68352
    0.35138
   0.608176
   0.514408
   0.214956
  0.0461696
  0.0310046
    0.70842
   0.423187
   0.354411
    2.90057
  0.0402168
    8.63891
  0.0309474
   0.335618
   0.173388
    1.59816
    2.54116
    4.46362
   0.152124
    2.35765
   0.776849
   0.287218
   0.624332
    20.8195
   0.441546
   0.649901
    0.22679
    3.87752
    80.4108
  0.0849829
    0.33926
    1.78479
   0.350718
 0.00414786
   0.110471
    26.4293
    9.96346
    15.5011
  0.0385094
   0.570576
    2.15342
   0.642238
    0.58833
   0.847319
   0.746528
   0.364627
    1.25018
    10.3432
   0.259939
   0.736273
    4.92467
    5.42896
    1.40652
   0.292227
    30.2783
    2.63472
  0.0145525
    6.87572
    4.99386
   0.152178
    18.3266
   0.220694
    16.4541
    6.11951
   0.249943
    1.12457
    2.60662
    2.82837
    3.61907
   0.132322
    1.18004
    2.60434
    1.54503
    2.28042
    3.97609
     1.3515
    5.51566
    5.69538
    1.20926
   0.312207
    5.88336
    10.0708
    3.25518
    9.76895
   0.501789
   0.962268
    58.7694
    6.54408
   0.058242
    1.04599
  0.0381996
    12.6644
   0.132561
    9.06679
   0.195147
   0.393617
    0.74584
    10.5797
   0.384774
   0.729875
   0.990168
   0.346316
    1.04799
    2.38323
    4.02427
    2.53897
    5.19492
    10.2316
    2.07086
     1.7547
    1.28818
    8.35281
    171.246
    2.58503
   0.778197
    1.12822
   0.514903
    1.38296
   0.155035
   0.568286
    3.33216
    3.26378
    1.76178
    2.42232
    15.0716
    1.17877
    1.51441
   0.153095
    10.4641
    11.8925
    17.5404
    2.77323
    1.32278
    6.77445
    1.07632
 0.00995127
  0.0785633
   0.456204
    1.05431
   0.533506
    12.4357
   0.708401
   0.357532
   0.107417
    1.00126
    1.49114
   0.522321
    7.06938
  0.0847953
    1.14596
    3.57691
    10.4407
    7.02196
    1.39794
  0.0315343
  0.0159513
  0.0901167
    5.02606
    2.98314
    0.84823
    1.58623
    1.07538
    10.3244
   0.401115
     5.3302
    5.30841
    2.02089
    16.9706
   0.544247
    1.45674
  0.0470059
    3.37262
    3.95145
  0.0745709
    1.35606
     4.1008
   0.891049
    867.164
   0.229889
     1.2013
   0.479564
    7.15892
    1.07583
   0.725339
    13.5068
   0.239796
    4.65785
    82.9622
    15.2564
   0.730859
    1.46793
    11.1483
   0.424378
    2.99696
   0.013876
   0.187656
    1.48129
    2.63233
    1.22523
   0.782067
   0.263643
    5.15408
   0.914872
    1.79433
   0.130706
   0.168391
    1.28546
    2.11799
    11.3931
    0.63772
  0.0188947
    10.8106
  0.0790863
    2.56407
    2.34077
    1.20926
   0.152098
    14.7605
    4.47753
    1.44909
   0.459622
    8.31696
   0.255566
   0.448108
   0.302811
    0.83586
    1.74384
    172.361
    2.16093
  0.0353097
    23.0023
    10.4206
    72.0272
    1.20344
    2.89649
    11.0979
    25.1192
   0.215308
   0.112702
  0.0430764
   0.712799
  0.0392804
    2.21367
    3.78209
    0.59466
    0.45492
   0.167056
    2.50305
    1.52049
    14.8957
   0.348194
    10.1915
  0.0113827
    2.08479
    1.09522
   0.554103
    1.04517
   0.681677
    1.48075
 0.00777372
    10.7812
    1.52754
    1.14718
   0.172167
   0.774259
    1.62641
    3.55328
   0.133146
    1.18038
   0.988854
    3.97242
     3.8817
   0.821051
   0.877498
    1.80401
    5.25269
   0.421753
    577.336
     6.3529
    0.80476
    3.89522
     6.9237
   0.403389
    0.43028
   0.367166
   0.267445
   0.271005
   0.323754
    1.37284
   0.857274
    1.18637
    9.08447
    17.7193
   0.340987
    12.0657
   0.636325
    1.04105
  0.0963312
    4.63721
    8.05197
    4.39344
   0.504681
   0.191556
    1.79619
   0.572888
    2.16605
    2.61784
    2.31417
    9.87588
     7.1491
   0.950593
   0.277442
    1.61201
   0.182321
    7.06856
   0.502385
    23.7821
   0.313957
   0.249668
    19.7749
   0.113742
   0.441322
   0.779029
    85.2008
   0.527875
    1.50331
    9.89974
   0.241403
   0.454117
   0.209275
     2.3067
     4.4432
   0.534753
    4.12167
   0.253224
  0.0610003
    6.44309
    1.96635
    2.04984
 0.00323212
   0.342197
    4.11779
    1.01621
    7.18036
    9.79917
   0.966345
    8.21531
     1.6493
   0.106647
     1.6391
  0.0383231
    3.42528
   0.109432
   0.822405
   0.121326
   0.442897
    4.60806
    6.12202
    1.16864
  0.0559987
    8.57163
    1.34796
  0.0132796
     6.2073
   0.725513
   0.825956
    6.49332
   0.243527
   0.301918
  0.0927427
   0.203512
    1.37706
    3.55837
   0.421246
   0.299569
    1.56951
   0.560256
    3.07833
   0.363962
    4.14173
     8.2318
   0.240624
    4.43264
    4.57714
    2.61694
   0.109595
   0.143041
    2.90716
    5.19165
    5.10046
   0.481557
  0.0717887
    1.16429
   0.939734
   0.220154
    34.5655
    1.59293
  0.0607415
    1.28539
    0.11559
    2.41859
   0.275373
   0.217172
   0.340443
    15.4608
  0.0622594
   0.747235
    1.35926
    5.02038
   0.100346
    1.67434
    80.2788
   0.407336
     16.965
   0.567427
    4.38226
   0.247211
    4.20819
   0.363625
    25.0466
    10.6533
   0.499236
    2.29509
    6.82205
   0.365224
    1.61686
    2.69314
    2.20293
    4.53612
    1.12679
   0.116383
  0.0121731
    1.00035
   0.244287
    2.62895
   0.242659
  0.0375619
    6.05404
  0.0124329
   0.320515
    6.01344
    10.1831
    1.59545
   0.532248
  0.0929315
   0.633769
    4.57488
   0.862664
    1.77368
    3.50766
    0.25193
    12.7496
    5.00573
   0.859918
  0.0893547
     1.2963
    40.0714
 0.00769499
    1.41099
    4.81901
    1.80443
    0.52922
  0.0572657
     2.7367
    1.64034
   0.865993
   0.128818
    4.13369
   0.986185
   0.408141
    29.8044
    0.15533
   0.120617
   0.453947
    3.78163
    4.02185
   0.406004
   0.362308
    1.34722
    3.84255
    3.12934
    4.53424
    1.66225
    14.0826
    2.08242
   0.841642
    3.47834
  0.0246377
     3.8404
   0.491703
    2.78854
    1.33452
    372.749
   0.139016
    1.87714
    9.60499
   0.347678
   0.198405
    3.63189
   0.299087
     1.2565
   0.391712
     35.629
    2.74394
    1.35558
   0.224533
     5.6586
    1.81854
    1.80511
    2.30229
     4.6572
    1.74588
    1.95083
    4.36332
       10.8
    6.49581
    15.6625
   0.337722
    1.87745
  0.0224184
    1.99518
    5.55963
  0.0489755
   0.943878
    2.09284
    2.51207
   0.320662
  0.0445746
  0.0154939
  0.0812315
   0.805578
    3.08882
   0.191049
     2.6701
   0.306036
   0.527548
    1.27088
   0.566974
    1.31921
  0.0713149
     0.0506
    4.63126
   0.306619
    0.46358
    9.58975
    1.86969
    5.63646
    4.67036
   0.303218
    3.03888
   0.092357
   0.906623
    1.87822
    2.56168
    1.64956
  0.0453875
    1.48092
   0.177346
   0.364721
  0.0945855
   0.135231
   0.127563
     0.1033
    3.63806
  0.0714736
    4.18131
   0.691946
    2.91027
   0.132541
    8.26318
    2.95013
    4.55897
   0.451724
   0.112079
   0.451106
   0.124193
   0.406426
    10.9556
    2.25832
     2.7362
  0.0844953
    1.31426
     0.5553
   0.113588
     1.6847
    3.54821
   0.646642
    3.28065
    4.98362
  0.0607875
 0.00257797
   0.738018
    2.07559
   0.381671
    2.41818
  0.0898445
    2.65454
    2.05296
    1.18974
   0.502388
     0.6817
  0.0434941
    1.90379
    20.6454
    15.5626
    4.38253
    4.14342
    2.63418
    5.22155
    3.26763
    4.13122
   0.650581
      1.198
    3.16026
    1.16978
    5.44095
   0.693003
    5.02047
   0.964343
    3.27199
   0.375839
   0.425163
    1.15149
    1.29809
     1.6878
    24.7977
   0.213667
   0.730519
    1.68898
    5.57659
    8.83484
   0.671778
    2.21174
    2.82493
   0.728969
    1.62543
    5.70599
    10.4368
   0.694954
   0.633767
   0.310266
    1.62335
   0.699508
     4.1874
   0.018365
    6.80986
    2.27092
   0.667713
    3.74406
  0.0745708
  0.0596603
   0.460353
   0.142553
   0.303861
    3.10751
    0.62214
    1.15286
    1.66826
   0.938458
    2.55649
   0.449152
   0.573122
    0.40513
  0.0876299
   0.515587
    5.56708
    1.08259
     2.6968
   0.102422
    1.00473
    9.21394
   0.543261
    1.00171
    2.47443
  0.0543605
    0.26712
     8.4972
    11.2178
    1.57949
    1.68019
    7.46995
    2.62645
    4.23873
    1.12146
    3.21085
   0.753373
   0.121673
    1.56511
   0.723351
   0.124893
   0.339128
   0.981563
     2.8514
   0.405825
  0.0206995
  0.0772227
 0.00794626
   0.173408
   0.449058
    17.8004
  0.0781315
   0.419662
   0.423138
   0.277375
   0.618779
    5.53384
    19.0183
    11.1885
    3.11126
   0.175023
    5.85964
    11.4269
    1.77516
   0.127023
    7.41514
    2.79096
    0.13133
    8.42966
    0.34532
   0.698538
    1.71934
    2.21062
    1.83319
  0.0144556
    2.07849
   0.237113
   0.481414
    1.61743
   0.742402
    1.22042
    2.49283
    3.93294
   0.858682
   0.575253
   0.892557
    4.87272
   0.849502
   0.285482
   0.403344
    4.27868
   0.583578
  0.0940215
    4.39316
    5.01413
   0.654485
    0.74801
    1.74289
  0.0292792
   0.184004
    6.34008
    2.45038
    4.14155
   0.822018
   0.502331
   0.216594
     1.2014
    3.20194
    9.12873
    1.64795
    3.72769
   0.406487
    1.93453
  0.0585343
  0.0551359
   0.160768
   0.502029
    2.67854
    7.25239
    4.08085
    0.18114
    5.67542
   0.813728
    7.55211
    25.7346
    2.92564
     1.1035
     1.1087
    2.91693
   0.668909
    3.77228
   0.746893
   0.813001
    3.70135
    1.04136
    1.36694
   0.423453
    10.3428
  0.0746863
  0.0579571
     101.67
    3.62782
    2.63807
     0.5703
     1.7669
    1.47654
    1.62504
  0.0964908
   0.399309
    0.81484
    3.41473
    4.97362
    3.57593
    2.96173
   0.147662
   0.196164
 0.00182198
     10.032
    2.10039
  0.0597608
   0.312661
   0.571688
   0.786335
   0.354995
    3.52585
    10.0971
   0.183854
    4.72523
    6.41373
    6.43714
   0.112685
    22.2035
    1.15992
   0.129534
   0.170945
   0.183963
    1.69403
   0.578574
    9.90476
     3.0337
  0.0244482
   0.113946
   0.163358
    1.32561
    1.61223
     7.1088
    3.81498
     3.2346
   0.248953
   0.519325
    1.77097
    2.80818
   0.876423
   0.275923
    2.07565
   0.656015
    1.56516
   0.115339
    3.18865
    1.16512
    0.58218
    1.56659
   0.556321
  0.0740726
  0.0344547
  0.0261264
   0.266568
    9.30503
    1.06107
    3.46023
   0.719005
  0.0236295
   0.299517
    2.06653
     2.8062
   0.571632
    3.05312
    4.58986
   0.535696
   0.652287
   0.396419
   0.794183
    5.42167
    13.8166
  0.0777296
   0.749718
    9.07012
   0.263534
    1.64958
  0.0109223
  0.0689318
    2.85479
   0.140738
   0.168406
  0.0613593
   0.157838
 0.00612487
   0.233958
    16.1226
   0.599276
   0.432579
    1.41336
    1.42275
     5.8666
    1.99663
    3.09443
     4.9581
  0.0246654
  0.0380746
   0.390576
   0.687616
   0.496006
   0.866366
    0.10673
    6.85342
    2.28068
    17.0682
   0.374763
 0.00305919
    0.28313
   0.554693
    0.53091
    1.53381
   0.143119
    7.93213
   0.910376
   0.756666
    4.12175
   0.119372
  0.0877694
     0.1169
  0.0486223
    2.25836
    0.27767
    1.15858
    3.39069
    2.52373
  0.0105387
    4.73694
    2.48722
   0.624129
    4.19314
    1.85521
    19.7716
    1.74206
   0.764944
    6.27049
    3.80983
    1.81151
   0.567345
  0.0164965
    1.52645
    18.8938
    3.72258
   0.143528
   0.401948
   0.113517
   0.256908
   0.834507
    4.00397
   0.214054
    1.13825
    1.52675
   0.846978
   0.241317
   0.432252
    28.4646
   0.965401
    2.84936
     1.2811
    9.84119
   0.293681
   0.431781
   0.229162
    4.23067
   0.392918
   0.124759
    1.29734
   0.495451
    2.82459
   0.220694
    3.44917
    0.65242
    3.43861
   0.235933
      4.171
     3.4756
   0.200412
   0.170609
    7.10757
    1.17992
    2.93746
   0.740473
    12.5222
    2.03595
    9.03227
   0.877684
    1.31767
    2.10912
    4.62353
    0.98837
 0.00506729
    1.99224
   0.735332
    38.8582
    3.69184
    6.34309
   0.072017
    3.07435
    5.83037
   0.224261
    1.57157
   0.446212
    3.29573
   0.136259
  0.0981728
  0.0220067
   0.222776
   0.196678
    0.25177
    9.10084
    0.21094
    1.04216
   0.362189
    6.77035
    1.88908
   0.958425
  0.0770616
   0.398447
    6.61455
     1.0455
   0.797697
  0.0341283
    0.94138
    5.11139
  0.0520605
    3.08184
    2.15995
    1.52506
    0.96983
   0.280719
    2.10166
   0.161093
   0.287007
  0.0285065
    2.47277
   0.316361
   0.780341
    426.589
    2.42438
   0.647226
    6.70301
    3.11646
     3.2956
    1.57897
   0.629325
   0.935239
   0.669342
    1.12732
   0.154511
    3.45815
     2.7829
    5.21064
     2.6295
   0.147809
     24.119
    2.90071
  0.0878256
    4.66293
  0.0928688
    15.4595
   0.224779
    2.51942
     7.7277
   0.157831
    21.9987
    1.36936
     3.4038
    4.63153
   0.398993
   0.553101
    4.41342
    3.72156
    0.17147
   0.245594
   0.120651
  0.0249321
    10.5672
   0.355194
   0.122504
    2.90024
   0.488122
    0.78629
   0.115168
   0.909261
    3.22146
    2.39759
    1.44109
   0.505842
    5.96322
 0.00998992
   0.330191
    0.54818
   0.353629
    6.87359
    48.6974
   0.555309
    5.28902
   0.534689
    103.325
    4.11147
    1.29827
   0.278815
   0.560118
    1.71991
    2.59396
   0.768421
    4.10233
   0.852528
    1.14731
    2.71069
    0.15528
   0.263931
   0.397988
    2.21546
    3.73205
    10.2545
    4.95213
    3.15972
    2.59626
    1.25556
   0.502172
    1.62131
    5.60977
   0.133528
   0.527037
      17.57
   0.358379
    1.50209
    1.08013
   0.451538
    0.49106
     4.6093
   0.137128
   0.708964
    2.19095
     2.4403
   0.254003
    60.8501
    3.06849
   0.628248
    1.58203
    4.38164
  0.0850198
   0.376006
   0.167445
    7.53973
    1.03236
   0.804375
    1.16341
     1.3098
   0.132637
    4.26908
   0.975237
    2.54096
   0.117775
  0.0137733
  0.0268643
    1.99921
    1.24894
   0.632506
    1.14412
   0.331497
   0.267755
   0.410871
    1.48215
     4.7341
   0.113023
    1.31566
    3.23855
   0.235465
    2.55889
    7.61762
    2.68818
    12.9137
   0.187641
    2.04528
   0.278337
    1.04454
    4.86333
    1.17172
  0.0834702
  0.0612501
    1.70955
   0.436636
   0.091075
    4.49382
    0.93507
     1.2696
    4.18962
    3.06247
     3.2351
    7.69936
    4.37097
    14.7766
    1.43553
  0.0596038
   0.490168
    3.08677
    1.14901
  0.0724882
   0.412298
     3.5949
    2.63159
    3.89306
    2.72203
   0.730108
   0.301537
    2.22304
   0.209237
    0.06355
    8.24915
   0.154503
   0.112634
     7.3044
   0.135583
  0.0584967
    2.31364
    1.03017
    13.6411
    4.30146
   0.317109
    4.50897
    2.57621
   0.825245
    0.41382
   0.172899
    5.15949
    2.01692
    13.1114
    1.69122
   0.209929
   0.361163
    19.3757
  0.0148952
   0.418764
   0.226933
   0.997489
   0.769841
    7.46401
    9.98717
   0.612477
  0.0961769
 0.00564753
    0.97075
    0.39159
     2.0694
    58.5554
    1.41667
    1.74552
   0.152927
    8.08759
    1.66398
   0.608366
   0.527017
    2.85439
   0.893978
    1.11053
    14.0131
     2.4086
   0.155555
   0.050845
   0.648897
    2.35663
   0.628501
   0.896206
    2.42398
    1.31685
    0.61043
    2.32448
    4.21875
    6.69153
   0.417339
    75.5634
    2.06191
    3.43799
   0.432238
    2.00751
   0.561027
    1.61764
    2.36286
   0.557945
    1.91827
    3.31406
    1.93126
 0.00607697
  0.0068944
    2.16572
   0.026613
    1.01449
   0.629759
    1.91443
   0.136347
   0.563343
    1.10019
   0.218615
    4.54735
   0.300884
   0.987164
   0.772408
    5.89472
    1.56718
    1.31941
    5.08316
   0.820682
    1.21794
    4.01425
    1.66393
    3.83127
  0.0310217
     61.146
    1.96599
   0.840679
    4.99772
    1.46064
   0.579462
   0.507831
   0.749373
   0.245388
    1.41807
   0.236046
   0.590427
    10.2737
   0.617183
    6.19914
    2.11325
   0.438123
   0.045008
   0.251415
    0.17419
    1.57905
    1.57846
   0.268747
   0.239399
   0.160124
    11.5027
   0.104003
   0.974029
   0.713253
    0.88952
    2.80766
   0.240758
    13.3556
   0.705823
   0.279665
    0.12861
    9.13598
    5.49173
   0.999713
    0.31329
    2.68198
    0.75376
   0.310028
    1.24748
   0.266896
    3.75075
   0.114133
   0.876824
   0.413276
    18.5683
   0.618018
    0.56072
     1.5997
    5.19037
   0.488435
    3.11213
   0.235352
    26.8632
    1.30132
    2.80485
    12.8246
    5.20521
    1.92057
    1.98057
   0.590718
   0.876748
    0.20227
   0.456078
    1.75352
    2.80029
    5.91657
    4.42623
  0.0815182
     1.2487
   0.967634
    50.9521
    3.11908
   0.224004
   0.083438
    1.22043
    1.22333
   0.748014
    3.94054
   0.224174
    1.21898
    1.72249
  0.0641592
   0.805719
   0.319183
    1.17375
    1.17995
   0.115464
    1.56454
  0.0637115
   0.196469
    4.47328
    2.08215
   0.225524
   0.353639
   0.147069
    8.75588
   0.177627
    609.701
    4.80267
     1.5173
   0.315529
    2.93615
   0.240296
    4.55826
   0.534796
  0.0327152
   0.067633
    2.40137
    9.38441
   0.101401
   0.266211
   0.109682
   0.964039
    1.69437
    31.6928
    1.31047
   0.476343
    15.7501
   0.387298
   0.413455
   0.298258
    37.7135
    1.16267
    3.83042
    1.08915
   0.225641
    21.0499
    1.39195
   0.975927
    1.92588
   0.290731
  0.0199199
    2.38336
   0.812952
   0.062939
 0.00717829
    1.04375
    2.53921
    11.6157
   0.837356
   0.488303
   0.343702
    9.75493
    26.4271
    3.82719
  0.0386101
    1.84251
   0.216753
    126.888
    4.05056
    2.77643
    3.17752
    1.76377
   0.333684
    4.20465
    4.08145
   0.365215
    1.68057
    0.50276
     1.7357
    7.02094
     1.4726
  0.0121108
    3.44727
   0.234405
    5.10252
   0.100057
    11.4039
   0.380978
    9.83595
    18.1935
    3.32503
    533.091
   0.298223
    2.33085
    2.68748
     1.6553
    2.87883
    2.22481
   0.326358
   0.500444
    7.75571
    1.71059
   0.206301
   0.632839
   0.735053
   0.689752
   0.162733
   0.865326
    5.60192
   0.123592
    22.0229
   0.992661
    1.14886
   0.550724
   0.206907
    18.6896
   0.251388
    2.12262
   0.513957
    1.50013
    8.96489
    1.33254
    15.8065
  0.0227743
     3.2305
   0.908918
   0.837715
    12.3092
   0.162927
   0.916154
    1.91602
    2.99764
  0.0477093
    2.40643
    5.70522
   0.125225
    4.34273
   0.402178
    3.64858
    1.09923
    1.00354
    4.60448
 0.00690709
    0.74193
    8.34653
  0.0985276
   0.156593
    9.41054
   0.459876
   0.246941
    9.85332
    16.5096
    2.94656
    6.70423
    1.31684
    1.27577
    2.43321
     1.2435
    5.20125
    1.42463
       2.71
    3.03727
    3.40913
    11.1102
    1.86792
    8.61592
    1.37972
   0.421338
   0.412888
    2.80985
  0.0804166
   0.552282
     0.4849
    1.12278
     1.0125
    1.88946
    18.9073
    0.21136
    1.33856
   0.772734
   0.746324
   0.667643
    2.22765
    2.02854
  0.0611144
    11.8836
      1.887
    3.09539
    2.62118
    5.43523
  0.0809348
   0.193175
    1.66263
    1.11249
    2.44695
   0.921147
   0.439389
   0.175895
    1.51952
    1.22336
  0.0443556
    3.21183
   0.596051
    4.46917
    2.61594
   0.241563
   0.391458
   0.800287
   0.505341
     3.9152
  0.0272529
    7.65309
    12.1645
    8.45464
   0.261755
   0.121162
    1.06053
   0.429943
   0.563313
    3.01734
   0.677581
    1.30962
    10.0168
     5.3734
  0.0151844
    9.77261
   0.268073
   0.359608
    3.10509
   0.197879
   0.190167
   0.989475
   0.309965
    1.92993
 0.00710886
    49.5422
    4.05442
   0.971737
    1.32027
   0.797259
   0.546993
   0.412344
   0.357218
    2.92249
    1.50611
    8.06673
   0.627295
    2.82169
    1.28901
    2.02317
   0.241392
    3.64149
   0.584141
   0.949778
    3.59966
    2.18592
   0.354763
   0.706777
   0.769161
   0.669354
   0.402732
   0.420942
     7.2932
    3.66575
   0.481832
    2.97271
    5.63503
    7.13256
    7.08013
  0.0645834
    1.33792
    2.62322
   0.548778
    3.19208
   0.811384
    1.49337
     1.1853
    4.05064
   0.626629
    3.01444
   0.257695
    2.26309
   0.337895
   0.813162
   0.373977
    1.74986
    2.98125
    1.12866
   0.518785
  0.0951831
    1.02756
  0.0812044
    10.6693
    1.57562
   0.746332
    1.64439
    1.32987
    1.69247
  0.0467253
    5.69735
  0.0897155
   0.709645
   0.498929
    3.32435
    3.26233
    1.75009
  0.0821581
    7.25664
   0.276662
    7.03552
  0.0219117
   0.469416
   0.825105
    2.58762
    2.33519
     4.6343
    3.03685
   0.412087
     1.8375
    3.82202
   0.234576
    1.49273
  0.0811778
    8.20443
    1.15394
   0.986497
    35.0427
   0.305048
   0.897439
    17.4947
   0.338995
   0.818088
    2.87367
    1.66789
    1.01123
   0.737778
    1.47309
   0.144723
   0.333282
    23.8288
     0.3458
    2.21133
    6.41549
   0.377636
    1.16507
    4.17943
    0.86001
   0.121575
    2.61682
    1.68037
    7.28924
    2.94932
   0.904378
   0.277289
   0.348635
    0.31122
    1.01447
  0.0564873
  0.0362516
    0.76534
   0.374185
    5.96673
    8.17079
   0.355616
   0.106374
   0.443028
    6.75112
    20.8907
   0.399169
    6.05049
    4.70515
   0.174491
    1.03023
  0.0773412
    1.92864
    2.24097
   0.129347
   0.628811
    1.66241
    1.28707
    1.48042
    2.18687
     0.2208
   0.895425
   0.230762
  0.0960755
   0.187818
    2.31971
    1.11521
   0.875056
    1.02409
  0.0345727
    5.17601
    8.31313
   0.634096
    10.3509
    2.49337
   0.841893
   0.573146
    1.33403
    4.48773
    3.08492
    2.80446
   0.103411
    28.8655
    5.92361
   0.331592
    5.35694
   0.387368
    6.55053
   0.262341
    1.61034
   0.541536
    1.17848
    6.56149
  0.0242617
    3.21771
   0.953879
    5.25914
    2.39858
   0.644665
    1.45245
    17.7182
   0.202965
    4.68584
     1.8752
  0.0421988
     8.9466
  0.0615755
    2.40996
    1.81742
    1.26323
    0.33789
    1.55451
  0.0311243
 0.00846976
   0.246121
   0.045415
    1.56338
   0.031935
   0.650043
    3.12569
    1.67014
  0.0326874
  0.0789845
   0.382682
    1.60497
    1.32673
    3.60772
   0.329198
    0.43436
   0.291243
    2.95968
   0.306867
   0.631463
    1.07283
    2.90884
    1.02156
     1.5906
   0.362418
    17.6472
    1.54141
   0.153353
    2.54941
    1.23326
   0.533152
     2.5925
   0.270786
   0.343626
    1.72176
    0.32235
    10.2991
   0.491907
    2.75048
    2.42754
    1.33359
    3.32675
   0.258634
   0.812048
 0.00431863
   0.131906
  0.0074502
    1.84076
   0.654393
     7.4005
    0.90774
    1.94244
   0.556089
    6.23717
    1.59481
   0.620032
   0.474249
  0.0640605
    6.84253
   0.560676
    3.37773
   0.223288
    0.30825
   0.533256
    1.18577
    0.11473
    1.87945
   0.241766
    5.48173
    81.6395
  0.0641935
   0.199361
   0.672082
    37.3451
    1.51868
    3.22825
   0.498235
   0.415499
    1.20294
    1.34008
    3.11967
    4.18419
   0.519139
    1.22041
   0.252146
    2.37107
    1.63612
    0.36742
   0.631696
   0.239853
    1.49941
    1.10758
     1.3513
     0.8025
  0.0876983
  0.0353363
   0.561011
   0.507408
    1.98489
    2.74872
  0.0529503
   0.965865
    4.88048
    1.96168
    3.15402
   0.625941
    2.85403
    14.6763
    3.11851
    2.94993
     1.4434
   0.524561
    2.55217
    2.05441
    4.08516
  0.0349013
    1.38306
    5.46232
   0.617648
     2.3625
    1.61711
    1.32613
    3.70275
    1.06251
    1.15302
    3.76022
   0.643996
    1.10654
     3.3182
    1.56564
    2.96124
   0.144301
   0.135559
  0.0483613
    14.4753
    3.33908
    2.25812
   0.092391
     8.0377
   0.735583
    2.70942
    0.28592
   0.323497
     11.046
   0.144952
  0.0936792
   0.467108
   0.212475
   0.109354
   0.340147
   0.788276
    1.16061
   0.616559
   0.399816
   0.616335
  0.0354808
  0.0389497
    15.7854
   0.607258
   0.454355
   0.653868
    3.17593
    6.44778
    3.24784
  0.0893629
    6.14521
     4.5383
    0.86336
    3.77899
    1.43124
     5.9209
   0.886437
    1.65309
    1.22924
  0.0267851
  0.0272322
    1.79132
   0.266736
     0.1299
    3.22356
   0.148107
   0.452375
    3.42175
    12.1123
     3.0963
    1.00439
    1.56822
   0.718111
   0.456336
    5.14199
    4.30518
  0.0970848
    3.50538
    8.02336
    5.24167
   0.363657
    4.21094
    11.1491
     42.605
   0.468649
   0.232439
    1.84582
    5.76096
    1.07316
   0.371571
    1.85725
    1.24462
   0.309961
    1.79261
   0.941456
   0.678576
   0.573428
    1.50981
   0.560487
    1.93304
    4.00595
   0.819848
    3.52004
   0.131024
    8.64842
    1.35277
   0.641643
    3.72089
    2.44194
    3.34764
   0.275159
    1.20084
    4.89224
   0.558668
    10.2756
  0.0116529
   0.496582
     4.2952
   0.445054
    1.12368
    1.37707
    2.45771
    4.72766
    3.47802
   0.542751
   0.973993
    2.92443
    0.89314
    4.23725
    0.87807
   0.967007
    2.04719
   0.503999
   0.101389
      8.937
   0.151197
   0.853143
    3.37083
   0.166312
   0.247189
    2.03657
    13.4373
    1.05466
  0.0245778
     1.3142
   0.693355
   0.304816
    8.62196
   0.247518
    7.52204
    1.59324
  0.0135691
   0.332096
   0.124379
     4.1802
    10.0847
    1.28955
    1.64357
   0.128446
    2.90161
    5.68996
   0.182388
   0.721752
    1.08861
    2.21004
   0.908799
    1.50761
    1.70865
   0.405282
   0.589874
      3.055
  0.0283765
    7.06118
   0.609003
     3.4106
   0.774369
    1.91001
     2.2149
    0.33155
    1.21041
    2.99261
    2.36283
    1.60822
   0.401674
  0.0913893
    0.12209
    2.30075
    3.77018
   0.772464
    16.2549
    3.03817
    1.26677
    1.59593
   0.362003
    2.07854
   0.150114
   0.330596
    2.53904
    6.39606
   0.575862
     2.3537
   0.651984
  0.0127125
   0.019788
    1.26532
   0.546887
  0.0183811
    1.26529
   0.461026
    11.2955
    5.33864
    2.94677
    1.28051
   0.518982
   0.816423
   0.331695
    1.08734
     1.6332
    4.05365
    2.51551
    14.4581
     2.8655
   0.494464
   0.239975
   0.345062
   0.185371
   0.988143
    2.42564
    8.09307
    1.51821
    4.00689
    1.77053
    2.36777
    1.44699
    1.08981
   0.105202
   0.589821
    8.51137
   0.963955
    6.67133
  0.0219346
    1.61269
   0.280319
    3.73843
    1.04563
     2.4093
    1.63621
    1.27453
   0.401695
    2.10788
   0.538288
    9.78019
   0.159921
   0.939809
   0.307543
    1.50309
    0.75073
  0.0467873
     1.4104
    1.57692
    0.26358
   0.909841
     9.1235
    1.17828
   0.452704
   0.280448
    3.79588
  0.0362584
     9.4514
   0.127216
    1.52818
   0.398186
   0.701673
    2.34083
   0.193887
    1.16489
    1.70459
    1.78137
  0.0753117
   0.820567
   0.632498
    1.35057
   0.170541
    3.04123
   0.426694
    2.87956
   0.471408
   0.399299
   0.762114
     5.6188
    1.63881
   0.585905
    9.48158
    8.94882
   0.147887
   0.410727
    2.72327
  0.0643716
    6.33998
   0.294401
    2.64902
    2.22267
  0.0501449
    3.28956
    0.21988
    2.19725
     7.1936
   0.290989
     3.3976
   0.539704
   0.209412
    8.02419
   0.565872
    1.22478
   0.332717
   0.380037
    5.10137
    4.41712
   0.300279
   0.412184
    3.48594
    1.55516
   0.926997
    0.56533
    1.44186
    1.39345
   0.428681
  0.0828805
    2.30935
    1.42869
   0.127665
    1.34852
   0.387898
  0.0887246
    1.31122
    2.31223
    1.12911
   0.332231
   0.219025
   0.299386
    2.19439
   0.752938
   0.573659
    2.32709
   0.720915
    1.15179
   0.140915
    2.11427
    1.58548
  0.0373544
    1.21906
    9.34939
    5.45906
    5.79495
    1.12985
  0.0114064
   0.434237
   0.194284
   0.041156
   0.033739
  0.0287632
  0.0626031
    1.46398
    1.89858
    1.90672
  0.0300366
  0.0296263
   0.046102
  0.0686652
  0.0281594
  0.0195436
 0.00901701
    1.54484
    1.72375
    4.56647
    4.07481
    3.43645
    0.50063
    7.72735
    2.88943
    0.61177
   0.544229
    1.16518
   0.120506
    1.04484
    2.59751
   0.964769
    0.53849
    0.77847
     2.7527
    1.38314
   0.348109
    2.02834
    0.22299
    14.9714
  0.0375126
    7.50166
    3.11709
     1.1659
    1.28232
    2.25172
    3.17545
   0.819377
    0.36654
   0.253999
     2.1135
  0.0212805
   0.235459
   0.141513
     4.1611
   0.199514
   0.535778
    2.59588
    3.64505
    1.93135
    654.165
    5.58711
    6.58114
    1.46271
    1.01913
    2.13423
   0.707338
   0.271224
    2.63487
     1.3041
   0.535923
    1.45087
    6.91458
    6.75137
   0.482998
   0.477126
    5.01314
    2.15216
   0.965401
    2.66601
    10.3378
   0.370318
    3.29472
    8.05878
    1.99435
   0.157676
    1.49796
    4.65766
     0.1795
  0.0658822
   0.287983
   0.430207
   0.210792
    7.83278
    3.41496
    3.29037
    3.79972
     0.1417
    19.0953
   0.131944
   0.106705
    2.85797
    1.28965
    1.70955
    1.31139
    3.87597
    1.55504
  0.0757273
  0.0933927
    0.87744
    0.64001
   0.524919
   0.589154
    42.3905
   0.657405
    38.9137
   0.991573
    2.39085
  0.0398339
    1.75193
    0.24476
    8.01994
   0.128306
   0.413969
   0.331101
   0.197038
     1.8307
   0.467475
    1.14632
      4.337
    17.6172
    0.66766
    1.15965
    2.64964
    1.57429
   0.338102
    1.23732
    1.43347
    4.60267
  0.0168227
    2.71688
    1.36989
   0.616599
   0.802774
   0.596155
    1.61869
    1.17387
    85.4746
    1.46551
   0.809424
  0.0305456
    1.12544
    1.87348
   0.935782
    0.24218
    1.70505
    3.44245
   0.595689
   0.562857
   0.868117
    6.09675
    1.05982
    1.76798
    2.72814
    1.25512
    3.03781
   0.361151
   0.605095
    1.21752
    4.19802
    1.42214
    3.92266
   0.256897
    1.02193
   0.751899
    1.61576
   0.309172
   0.899096
    2.89984
    1.55068
     1.2718
    2.90445
   0.294349
  0.0377484
    1.62942
    2.31658
    0.74584
    1.28369
    1.17016
   0.174584
    12.0371
    1.68876
  0.0602557
  0.0195303
    1.20836
    0.26594
    1.15456
    2.12063
   0.260103
  0.0237623
    2.74575
   0.632356
   0.484501
    2.94661
   0.212756
   0.653138
    1.03003
   0.513123
    1.57099
   0.394761
    5.50059
    2.53307
  0.0970341
  0.0282136
  0.0532879
    1.60782
   0.728826
   0.157764
    8.13741
    6.60845
   0.592931
    1.42586
    1.71591
    0.77866
    4.58906
    3.37591
     2.8476
    0.50551
   0.408521
    2.31485
   0.841414
   0.735736
    2.64263
    1.15035
   0.121117
     7.2388
   0.792478
    2.19092
    1.23792
   0.395704
    0.73069
    4.75618
    2.65761
   0.641784
    2.31613
   0.146343
    0.16497
    7.77987
    1.06195
   0.859439
   0.389729
    2.38208
     8.5023
    1.87363
   0.523078
  0.0624501
   0.800933
   0.657578
   0.670841
   0.331644
   0.314981
    2.77767
    1.02512
    0.22667
    2.78531
   0.414727
   0.444235
    8.26011
   0.649266
    2.03477
  0.0540311
   0.187353
   0.493932
    3.71483
   0.238212
   0.176183
    1.39225
    1.64917
     57.938
    1.19518
    2.46834
  0.0905176
    4.74319
    0.21296
    4.68013
    10.1877
   0.668964
   0.277434
    2.00628
    25.6339
    16.9963
 0.00727121
    3.00964
    2.13104
    12.0145
   0.536325
    1.95836
    2.11022
    1.07137
    7.01229
   0.118076
     2.4344
    7.95944
     0.6722
  0.0080667
     1.0453
    2.02258
    2.59771
    2.37297
    1.18636
   0.146146
    1.79867
    3.11895
    2.10306
    9.23812
   0.174948
    1.49035
    2.25982
    2.35944
  0.0641338
    1.20643
   0.104587
   0.907902
   0.382554
   0.143805
    1.33099
     6.3415
   0.173425
   0.349708
    8.29627
    3.40272
    6.44417
   0.912467
    1.65472
   0.944191
   0.195919
    3.13576
    3.03893
    1.01776
    1.46909
  0.0463294
   0.519114
    2.22462
   0.622525
    19.7996
     3.8629
    3.29721
    3.11766
   0.732516
    4.85046
   0.691342
    1.03493
     2.8646
    3.75401
  0.0196184
    0.97537
   0.975286
    2.67002
   0.781927
    1.28199
     1.7824
    1.41193
   0.610012
    8.51154
    1.76562
   0.600714
    3.29707
    4.18756
    3.78163
    2.14318
   0.199436
     2.6789
     1.2153
   0.913249
  0.0649691
  0.0317698
    1.63122
    1.71574
    1.33821
    2.29468
   0.959697
    3.12925
    1.99848
    2.00536
   0.106228
    1.23118
   0.485548
   0.159685
    1.13603
   0.349783
   0.026265
     3.5628
    4.62267
   0.316001
   0.979069
    3.65345
    2.98368
    2.94223
    2.16286
    1.92999
    5.31725
   0.289778
   0.168843
    2.50913
   0.275462
  0.0464449
    1.62478
   0.393857
    1.47696
    3.73699
   0.479877
    5.78049
    2.71677
   0.190916
  0.0275584
   0.219888
   0.530898
   0.268005
   0.932228
  0.0278828
   0.306667
    17.3792
   0.322006
    1.22618
    1.29881
   0.588839
     3.0523
    3.42926
    0.34433
    1.24638
   0.980815
    1.68515
    1.22006
    1.92159
   0.680178
   0.333949
   0.264582
   0.611605
     1.2597
    3.28031
     1.0135
   0.778988
    4.40374
   0.177759
     8.9792
    3.13034
    2.19495
    5.36347
    3.10806
   0.785819
   0.295601
  0.0303459
    2.37554
    3.04057
    0.63446
    5.00664
    1.71253
    29.7263
   0.214719
    8.46375
   0.826048
   0.369318
    2.78705
    4.91734
   0.100836
   0.771574
    1.54978
    2.55954
   0.532912
   0.389973
   0.693248
   0.146515
     2.2177
    2.39218
    1.53278
    1.24116
    4.46914
    3.90335
   0.021658
   0.775841
    1.80593
    4.11473
   0.424893
    3.95524
    8.70994
   0.507204
    1.00721
    1.09705
   0.213367
    1.37053
   0.111218
   0.266665
   0.796993
   0.079004
   0.660983
    0.49206
    1.50308
     5.6755
   0.722622
   0.143304
    9.02422
     2.4407
  0.0172549
   0.835751
    1.26488
   0.894302
    3.15667
     1.3477
   0.942635
    4.16892
    5.31096
    1.91335
    1.04847
  0.0745227
    3.11769
    1.43785
    1.20001
     0.1385
    1.42457
    9.62762
    1.03541
   0.261688
   0.838776
    1.96562
    3.95803
   0.332471
  0.0127661
    5.04891
   0.312559
   0.756852
    18.2269
    3.85288
   0.291657
    1.63831
    1.13768
    1.63358
   0.821526
     7.8124
   0.884242
    6.03064
    4.24469
    1.96048
    2.55827
    5.71166
    1.89561
  0.0435379
   0.959112
   0.925266
    2.84143
   0.214442
    1.36788
    1.45131
   0.760334
    1.93301
   0.901564
   0.368223
    2.07489
  0.0473702
  0.0453873
   0.470432
   0.122979
   0.107294
   0.329294
    6.43048
   0.754388
   0.670225
    0.76127
     2.1028
    1.86767
   0.511363
    1.82902
    5.22035
   0.705821
    1.60026
    1.12134
    1.18784
    2.65243
   0.679808
   0.171042
    5.67648
    3.35507
    3.54693
     1.7039
     5.8356
   0.740398
     8.3566
    8.57663
    2.02517
    2.62089
   0.482677
    3.36223
    0.37899
   0.332739
    4.37295
    4.80243
    1.07306
   0.414765
   0.829269
    2.33908
    1.22178
    5.00659
   0.434536
   0.262976
  0.0104392
   0.434373
   0.628964
    1.94533
    4.67845
    2.01439
   0.111353
      1.887
     2.3561
   0.180618
    1.07278
     1.3241
   0.522107
    10.5811
    1.39498
     4.1196
   0.683506
    8.29683
   0.934455
    5.50825
    4.83314
  0.0768862
    1.03654
    1.69551
  0.0629391
  0.0840384
   0.495053
    7.24258
    70.5449
 0.00812424
    1.50887
   0.165328
    1.52775
    4.87363
    3.05824
   0.461443
    1.87735
   0.475257
    1.25151
   0.888103
    1.36552
    3.97861
   0.773877
   0.621947
    1.21096
   0.025776
   0.621275
    1.51929
    6.17506
    2.28135
    1.94748
    2.72189
    1.67436
    1.23423
    1.58031
     4.2357
     3.3518
   0.452368
    1.21617
   0.707716
    1.61127
   0.594856
    1.26566
   0.719534
    2.06425
    3.22489
   0.239313
    2.23008
    3.03819
   0.978652
    2.83252
   0.476684
    1.14061
    3.72622
   0.010225
  0.0261415
     2.6964
   0.840552
    3.64193
   0.493742
   0.791817
    2.07845
   0.569187
    1.73786
    2.67662
    2.66196
    12.5403
    1.13582
   0.429775
   0.914025
    1.33345
    3.59379
    1.31613
   0.642496
    2.38176
    5.61505
    2.00259
     6.5911
    1.63462
  0.0663332
    8.69157
    1.95978
    1.49998
    2.96167
    1.47291
    1.83267
   0.409938
    1.48811
    0.24939
   0.851975
   0.835104
    5.23361
    2.48771
   0.876962
    1.00091
    0.43522
   0.705101
    2.19568
    4.12118
    1.19407
   0.361804
   0.733299
   0.317308
    1.43259
   0.633205
    0.95996
    5.27623
  0.0196184
    6.12211
    1.10923
    1.11552
    4.13132
   0.204889
    1.79304
    11.3011
   0.416002
    4.52713
    6.24758
   0.661576
    3.42157
   0.491289
    2.04438
     1.2423
  0.0677909
  0.0618786
   0.839099
    1.54573
    3.23704
    1.27055
   0.987772
    1.51931
   0.372732
    1.21848
    1.79123
  0.0272337
   0.718597
    2.51863
    1.14817
   0.472621
   0.645361
     4.0966
     1.0741
    2.98581
   0.441859
    2.87302
   0.578771
   0.817028
    3.36809
    0.95147
    9.70963
    1.85731
    2.36168
    1.47112
    1.67378
    6.03292
    1.31829
    15.0819
    2.60663
    18.0748
    2.29852
    0.41804
    1.06165
   0.880015
   0.510492
   0.216657
    3.36029
    11.0044
    1.46884
     1.1907
    1.85006
   0.863953
    2.10034
    2.31408
   0.529862
   0.868814
   0.789514
   0.718275
   0.894281
  0.0116425
  0.0965354
  0.0303805
   0.190493
    2.20315
    1.72193
   0.428366
    1.57716
    1.20671
    3.09359
    1.19143
   0.306868
    9.81318
     1.2485
    1.54307
   0.997053
   0.767544
    4.70856
      3.221
    1.69607
    2.80682
   0.933638
    2.21359
   0.251941
    1.96881
   0.108661
    9.78151
     1.7002
     1.6792
    2.41879
   0.536813
    10.5091
    2.79271
   0.924172
   0.750801
  0.0853848
    2.96287
    1.08975
    1.79591
   0.203292
    10.6563
    2.71116
    1.58776
  0.0197792
    1.62806
    5.21883
     3.0196
    1.52991
   0.930261
    1.25365
    2.03999
    3.99838
   0.381685
    3.82979
   0.149229
   0.247707
  0.0424275
   0.697741
   0.431314
     2.3052
    8.63116
  0.0577132
    1.93705
   0.259038
    4.02975
   0.828355
   0.633026
    3.09294
    62.7993
    1.98263
    7.73724
    31.9409
    2.19818
    1.06438
    1.62716
     1.1971
    0.72424
   0.126517
    1.37907
    1.46877
    2.93623
    7.19397
    7.87075
    3.48014
    1.88118
    2.10458
   0.751782
    1.78044
    0.87678
    2.10193
    2.25679
   0.742237
    8.90237
    3.54099
    1.42615
   0.714948
    4.14687
    2.56461
    2.66065
    2.34887
    1.60342
   0.776471
    0.50461
   0.491391
    3.15813
    3.97016
   0.546146
   0.470952
   0.346167
    2.26326
    7.38069
    5.81635
    1.94748
    0.36567
     4.1731
  0.0296495
   0.063239
   0.188378
    2.51497
   0.312174
   0.868304
    1.43477
    21.2114
    3.66137
    1.41758
     10.942
