    816.744
    11.9956
     474.41
      165.8
    312.871
     4502.3
    5046.16
    91.4147
     358.21
    32.0851
    4.44852
    1478.44
    1.08489
    37.6481
    17.8782
    498.308
    446.053
    40.5037
     19.464
    16.4626
    89.8984
   0.268984
     0.0858
    20.4701
    1678.95
  0.0194202
   0.462608
    2.79317
       3.64
    1.51813
     141.69
     35.078
     1.9571
   0.140185
    287.966
   0.203179
    121.125
    4.63564
    2.38756
    5.91541
    40.6159
    1.64754
   0.538486
    1.44062
   0.635037
  0.0701513
    16.4737
  0.0418675
   0.305536
    7.07922
    64.9193
     36.189
    3.21365
    5.03664
    24.5382
    3.28894
    7.83707
    387.502
    17.6858
    1.07182
    155.764
    799.016
 0.00454658
    307.943
     1.5629
     1.8718
     70.891
    2.47558
     63.663
    31.9011
    23.6317
    157.518
    6.44538
    30.0855
    3.93234
     17.008
    3.39246
    32.7926
    18.6366
    777.147
    9.59743
   0.130532
    117.015
  0.0838406
    2.92357
    1.10252
    177.911
     27.842
    383.685
   0.103981
   0.332763
    47.3043
    5.34378
    5801.47
    1.41987
    33.6687
    32.5391
    2.67243
  0.0764997
    8.41105
   0.214192
    8.89247
    15.6443
    286.687
   0.962897
    3.96679
  0.0973679
 0.00248558
    6.22231
 0.00815632
    4.06588
    3.72376
    14.4162
    267.121
    5.12028
    557.377
    72.9531
    4.30663
    396.894
     1.9704
     7.0727
    4.90505
    7.36627
    214.179
   0.339977
  0.0926043
    13072.8
    3.86334
   0.571966
    32.1368
    4.70786
    2.74223
    87.4022
    347.757
0.000897737
    0.27751
   0.471674
     12.295
    1.46078
    26.8364
    1.53153
    8.54876
    8.68475
    26.3813
    6.94767
  0.0464255
    2.96902
   0.908129
    1.23448
    7.47179
   0.350816
   0.176056
    4.18736
  0.0140891
    16.3035
   0.352038
    2.25089
    66.3501
    30.9958
    60.0039
    4.36348
    2.03071
    8.90112
   0.140302
     2.2633
    1.20089
   0.143411
    38.6829
     7.2299
   0.105895
  0.0779772
   0.630441
    9.69014
    5.47094
    22.7047
    1.21612
    553.363
  0.0549752
     3.6905
    60.8973
    103.798
     1.0434
   0.315716
    7.24603
    80.0654
    45.0378
    1.82236
    9.51629
    4.52519
    2.34424
 0.00211526
    8.75745
    1.51588
   0.164471
    86.3124
    2.41591
    4.14627
    16.1655
    1.95467
    1.03855
  0.0554196
    10.9038
     2.7336
    1.85044
    1.58786
    3.18306
    7.12638
    45.2159
    1.86382
   0.731238
    10.5372
    12.4557
    2.95305
    0.82071
    187.397
    143.597
    7.41712
   0.818777
   0.373368
    3.76786
   0.303969
   0.734964
    1.37819
    1.56469
    63.9426
  0.0168128
    3.20216
  0.0553548
    10.8463
    11.6743
    1.85075
    2.23514
    49.7012
    57.6582
  0.0521564
    2.99968
    2.89978
    1.83894
    2.89534
    3.47505
    8.30564
    25.6717
    29.2632
   0.893002
 0.00871715
 0.00707859
    27.0239
       4.07
    44.4933
    5.43458
    18.1533
    1.31894
   0.887357
  0.0230203
    11.1552
    4.64163
    2.56758
  0.0199817
    9.73722
   0.355083
    4.99166
     22.807
    1.59949
    8.07682
    4.51537
    20.9643
   0.158337
   0.381222
    11.9976
    1.99288
  0.0940888
    1.99479
    6.16504
    111.004
    25.4636
    101.333
    15.6902
   0.362595
0.000891174
  0.0620909
    25.8352
 0.00467076
    9.70119
    124.632
    2.64123
    4.13282
    15.7532
    0.61533
    2.58668
    12.6442
    7.83518
    6.27509
    423.403
    1.28269
   0.477982
  0.0267989
     12.396
    27.7181
     2.3465
    2.62013
   0.355781
    14.8888
 0.00101702
    1.59663
    163.539
    2534.85
     3.1335
    855.591
    9.78435
    6.20547
   0.303501
    4.79405
    7.31033
    12.8123
    2.06855
  0.0222148
    11.4405
    2.76141
    4.26053
    10.7617
    19.6303
    1.50836
    9.10098
   0.466932
    3.16047
   0.773681
   0.398108
   0.923123
    6.36918
    15.9082
    2.28423
    8.02263
    945.537
    21.2633
    4.77993
    1.39852
    2.31221
     5.3671
    22.1531
    10.0021
    16.7969
    7.58238
    2.48623
   0.522814
 0.00517387
   0.669416
     7.4161
  0.0304167
   0.239194
    12.4418
    2.70825
    120.173
    1.54401
    1.56522
    28.6166
   0.525666
   0.254164
    22.2209
    27.0053
    18.5345
    4.58846
    7.07918
    0.10301
   0.123168
   0.537762
   0.028577
   0.456518
    6.78806
    1.41954
 0.00111337
    10.1481
   0.343746
 0.00976189
    1.80144
    3.64183
    1.55083
   0.401075
    5.22282
  0.0746286
   0.166647
    31.9117
    11.7275
    51.0229
    61.1613
    3.84722
    29.3081
    20.8967
    1.93391
    1.26676
    9.03651
    6.64865
     8.3018
  0.0587278
    14.9719
      2.558
    13.5869
    1.09001
   0.701697
    6.92421
    19.5616
    1.94202
   0.725664
   0.862847
    19.9824
    8.90044
   0.915231
    3.10761
    1.54191
    68.0902
    8.84197
    11.2445
   0.189671
   0.913199
   0.447536
    5.20823
   0.923875
     5.3791
    29.9735
    37.1009
  0.0225358
     4.1378
  0.0263329
    3.05847
    88.6658
  0.0250004
    110.876
     65.371
   0.297864
    51.9864
 0.00407669
    0.14458
  0.0292497
    0.37311
    1.37376
    36.5544
   0.843343
    8.25503
     2.2294
    7.92992
    2.15292
    1.37659
    26.6546
    3.17213
    4.11755
    1.62466
    1.78508
    7.99736
    9.42098
     8.6314
    3.88817
  0.0530366
      1.068
    4.86962
    5.47809
    32.9964
    7.39051
    4.55659
  0.0160946
   0.889379
    3.16379
     2.2136
   0.866984
0.000871801
   0.670628
   0.434755
  0.0100909
   0.605808
    2.58299
    4.44488
   0.203877
   0.600463
  0.0114656
    6.14574
    5.12185
     1.0374
    12.3344
    24.8106
    4.64161
   0.749084
    2.81282
  0.0176148
   0.036957
    0.12019
   0.612213
    6.84356
  0.0257058
   0.378058
    0.77568
    1.15164
    3.02883
    6.76416
    39.4058
    0.24085
    12.3135
    0.55493
  0.0586146
    12.2256
   0.915595
    1.44333
     1.6141
   0.771271
    22.1871
    6.63766
     2.2373
    8.60005
   0.415046
  0.0102091
    2.14009
    3.04385
    1.46446
    1.55228
  0.0258565
   0.195882
    1.28587
    825.974
    8.76517
  0.0478356
   0.395158
    7.58058
    3.79307
     74.694
    1.78305
   0.380067
     31.873
  0.0183837
    1.77701
    1.95174
    2.53566
    23.6031
    12.8113
     1.4244
    5.45431
    2.11861
 0.00768002
     8.3039
    225.919
   0.836488
    10.0848
    1.14727
   0.283916
     3.0085
    56.3599
    200.944
    3.43005
    4.75648
    9.65724
    1.91295
    3.32949
    1.85214
   0.334495
    1.59983
   0.886487
    5.83872
    20.8292
    12.8496
   0.141942
    1.09071
    3.30833
    5.43401
    4.71117
    17.1901
    5.41523
   0.899934
    22.3056
    74.6785
    10.5154
   0.426894
   0.934171
    1.03028
    4.35462
    1.94114
    8.90999
    1.26121
     2.1596
    8.28752
    5.44868
    38.7988
    17.8626
   0.179994
    1.80804
    19.6362
   0.678375
  0.0284179
   0.591387
    4.54947
    11.1011
   0.210602
   0.299036
    1.56963
     34.355
   0.192648
   0.265035
    6.62325
   0.505784
    10.8679
    5.83371
    4.55525
  0.0223606
     8.9072
   0.015451
    32.5096
    3.47536
    12.8146
    1.41355
    2.90474
    2.39827
   0.123177
   0.686033
    19.3481
    10.6167
   0.686802
    0.43538
 0.00124051
    0.39924
    43.3574
    10.2868
    11.0143
    12.9572
   0.652546
    1.83662
 0.00115248
    11.9726
    1.15397
    2.00738
    43.1542
   0.353499
    4.61129
    9.64288
    37.8635
    3.65339
    13.8817
    1.93261
    17.0471
    1.39212
    5.40715
   0.845725
    1.76049
    1.96806
    0.46158
  0.0560044
    7.19578
    2.21907
    60.9797
   0.673334
    4.41747
   0.208583
    2.83294
    5.88627
    14.0202
   0.601213
    6.40302
    1.83174
  0.0626893
    6.34134
     5.2445
    155.989
    15.5101
    6.53963
    9.76335
   0.260934
    4.45682
    5.29338
   0.183668
   0.677195
   0.518618
    11.7704
    61.2229
    363.416
    20.0301
    3.43387
   0.076939
    6.14747
    2.94049
    1.21438
   0.396238
    56.7843
    12.7965
    153.366
     2.8246
    20.5529
    1.81525
     0.5025
     1.2994
   0.119484
    6.39415
  0.0903512
    44.5332
    45.4205
    7.49086
  0.0427001
   0.156649
    3.21305
    1.46144
   0.318523
    2.11565
  0.0139564
   0.688518
    3.24553
    8.71647
    101.555
     2.6409
     43.918
    7.06491
    2.39655
     4.7011
    16.7615
   0.417545
    5.05393
    8.77478
    4.58888
    1.02666
    5.64813
    1.43293
    1.06519
     5.3301
   0.102517
    2.22439
     5.9818
    16.4583
    14.3498
    9.38335
    6.34392
    2.03798
   0.102084
    2.58802
   0.962928
    43.6305
    4.23217
   0.387835
   0.237036
   0.800543
    2.04338
   0.930317
    181.683
    7.43271
    16.2573
    10.5036
    1.53385
    179.239
   0.109802
  0.0902051
   0.565696
   0.188221
   0.353067
    4.80848
    10.4583
    4.72112
  0.0600522
    3.58263
    5.38326
    1.60527
    2.51034
    4.04743
     1.4299
    3.66455
    1.52392
  0.0928595
    1.30243
   0.532116
   0.792563
    2.16378
    4.38851
    10.1996
    7.25226
  0.0852014
    7.17392
    1.12652
   0.775412
    11.2926
    47.9635
    15.2261
    1.10465
    16.5211
     3.8552
    3.33362
   0.163527
   0.913411
    48.1105
    3.42927
    0.14752
     2.0777
    1.06556
    1.74973
   0.400802
     2.7401
   0.391704
    7.13557
    71.9856
   0.208229
    6.66991
    2.55465
   0.304466
    2.63549
   0.831473
    1.16773
    11.2286
   0.024207
    1.58548
    9.48917
    5.48048
    1.62929
   0.566911
   0.622375
    3.16503
   0.274087
    2.77364
   0.438272
   0.358856
    2901.99
   0.841051
    2.04386
    1.08137
   0.516015
   0.479883
    0.43263
    0.45897
    2.25436
   0.331699
   0.941653
    1.62843
    1.31308
    3.51249
   0.405551
    4.37833
   0.392174
   0.399384
    3.00071
    1.18021
    8.51949
    1.41468
    13.8485
    123.734
    1.31422
    6.73542
  0.0201857
    1.54163
   0.149187
    0.25814
   0.927806
    16.9385
   0.226115
    40.6843
   0.647183
    6.80056
    0.45225
   0.200959
    22.3867
     8.8234
    15.5704
    3.77588
   0.552582
   0.254751
   0.982648
    22.3264
     3.9119
    7.57626
    0.18164
    2.39992
    3.33563
  0.0558229
   0.202661
    2.12917
    30.9492
    12.3201
   0.526549
    1.97143
   0.046083
    11.6567
     2.0369
    1.95446
    0.55928
   0.151303
    2.70293
    7.22422
  0.0922208
   0.573569
   0.155897
   0.327551
    13.8644
    10.0622
    3.28957
    2.27842
   0.230602
    3.74219
    1.21757
     4.6968
  0.0239515
    7.28729
    4.51448
    17.3254
   0.961215
    4.72499
   0.496673
   0.672244
    3.49954
     0.5529
  0.0554747
   0.468987
    1.24877
    0.97144
   0.296305
  0.0990713
  0.0579652
    3.34937
    1.44906
    11.3974
  0.0102746
  0.0852202
    1.74103
   0.380493
    2.76446
    11.3343
    1.38279
  0.0122347
    12.6348
     8.5632
    18.5675
   0.796681
    4.59306
  0.0292299
    2.63305
    7.71074
    13.3297
     1.2665
    1.55532
   0.357637
   0.231979
  0.0942262
    3.98372
     2.9476
   0.507605
  0.0792598
     3.7009
    5.63015
  0.0270847
    7.21861
    1.38599
   0.140103
   0.781138
   0.283102
    3.29056
    5.97478
  0.0019948
    9.76779
   0.445227
    0.12313
    6.34335
  0.0010192
    5.99262
    2.86665
     3.7229
  0.0537812
   0.221427
    23.3203
    5.87859
     1.4536
   0.196271
   0.789012
   0.432739
    2.32145
    5.32147
    1.21923
   0.194722
    5.87205
    23.3705
   0.401345
    2.48287
    1.94035
    4.68818
   0.285516
    6.97919
  0.0484988
    2.24872
   0.134074
    2.18087
   0.573078
   0.696845
  0.0606325
   0.189315
   0.099413
    3.04451
   0.251689
   0.337813
  0.0887834
   0.103308
    1.33242
    3.03299
 0.00380293
    3.66233
   0.290798
   0.401784
    1.24487
    1.69116
    1.67326
    4.77031
   0.911429
     2.6525
    3.10978
    9.05682
   0.475751
    0.22175
   0.690801
    13.1353
  0.0372514
   0.468231
    5.72221
   0.080458
    3.38915
   0.553396
    4.37732
    42.4704
    3.66115
   0.111968
    2.83457
    1.40835
    1.64369
    14.0401
  0.0479251
    1.14173
   0.242401
    3.28208
    20.8972
    2.24332
    23.2384
    7.66549
    1.31066
   0.257385
   0.796307
    8.35432
    11.5886
    768.636
   0.138068
    8.67344
   0.737949
    1.94137
   0.639113
    5454.13
   0.154371
    3.88096
   0.278456
   0.714628
   0.727075
   0.111086
    3.41019
    2.27107
    2.97005
 0.00761119
   0.197456
   0.452142
     5.7247
    2.21941
    28.7882
   0.667433
    8.39398
   0.154391
   0.226798
  0.0811829
   0.258769
    2.45458
    12.5442
   0.787007
    17.2265
    177.468
    11.5137
   0.373858
    9.19013
    1.75492
   0.225405
   0.261292
    47.8643
    1.08537
   0.107051
     2.9446
    8.63697
    1.97754
    1.99428
    2.14268
   0.148576
    2.06435
    14.4557
   0.897969
    67.1701
   0.411901
    4.13324
    7.84764
    8.41868
    5.65713
   0.521198
   0.639753
   0.246548
   0.367019
    5.55714
     1.0237
 0.00274196
     1.1735
   0.395714
     5.6708
   0.427654
    1.17453
    5.01039
    3.05429
   0.542842
  0.0357009
    4.18034
    4.45903
   0.495624
    1.12834
   0.894665
    3.74508
   0.485186
    0.40721
    17.9986
    9.09619
 0.00500901
    3.92145
    0.41817
    2.23266
     148.97
    2.62676
 0.00134024
   0.368301
    0.63761
    1.16067
    1.15321
    1.37764
   0.723086
   0.120729
   0.900382
  0.0111593
   0.994776
    4.20144
   0.806529
   0.147591
    10.2703
   0.132273
    2.87259
    1.47606
     9.8353
    16.9504
    1.18569
   0.102078
    21.2046
    5.84098
   0.650468
   0.199935
      0.316
   0.178748
    42.1386
   0.545916
   0.765978
     1.1466
    5.27804
    1.57774
   0.295226
    9.56539
    19.6788
    1.76235
     1.3485
   0.601313
    3.59773
    3.95678
   0.869318
    1.28539
  0.0175738
    4.42997
    22.5692
    71.5011
    10.3819
     6.1328
    2.77536
   0.122501
  0.0130823
    5.13502
    85.3714
   0.266102
    6.50264
     6.1642
   0.615039
    2.39617
    2.98368
   0.292999
    4.71026
    8.56453
   0.504739
   0.935717
    6.86803
  0.0241686
    2.56887
    8.85365
   0.960544
  0.0207406
    5.64058
    10.4426
    1.20457
   0.402596
   0.239549
    4.10367
    0.10366
  0.0944618
    5.85936
     1.9535
    67.9638
   0.294948
    3.02863
    1.41064
    4.91766
   0.478249
   0.170816
   0.353058
    4.44195
    4.94726
    2.55271
    20.4191
   0.666614
    9.18449
    1.28649
    5.64243
    4.18404
   0.032924
   0.031199
    4.40414
   0.017091
    4.41965
  0.0615742
   0.954518
    4.29115
    3509.95
    3.36605
    2.19591
   0.199369
    2.43248
    2.25035
    1.33248
    2.16919
    115.552
    11.1459
    2.54804
    10.8892
    4.43371
   0.807991
    1.19009
    11.0402
   0.957968
  0.0526084
    34.1535
  0.0453859
   0.373836
     4.7449
    1.85751
  0.0113563
    1.28615
    0.23775
    6.01022
    1.57275
   0.331002
    52.6081
  0.0115899
     32.766
    22.7982
   0.249515
    1.33635
    10.6596
    1.00974
    1.10722
  0.0553709
     2.3997
    8.69903
    6.99334
    5.89074
    7.47759
    29220.6
    3.03736
   0.344257
   0.172718
    6.05376
  0.0429787
    6.91146
    1.22815
    1.06799
    8.89683
  0.0897956
    2.30128
   0.792448
    1.41921
  0.0532591
    4.17453
    4.70981
    0.79164
    1.50578
   0.728551
   0.876401
   0.378502
    3.79073
    5.94112
   0.966152
    21.9876
    113.358
    4.28255
    2.25952
    4.56061
    1.93962
    3.06452
    3.16776
    0.63688
    1.74299
    10.3579
    1.99465
  0.0431694
   0.801908
    1.21351
    12.7473
  0.0228143
   0.988461
  0.0901502
     11.375
   0.405639
    1.37757
    11.2569
    10.9165
   0.152492
   0.901586
    6.07511
    1.68014
  0.0163013
    3.75315
     2.3458
    4.49446
    3.42693
    1.86807
    0.58542
    3.72777
  0.0562863
   0.360863
    2.25312
  0.0485732
    26.4806
    12.8543
   0.515354
  0.0306819
   0.101874
   0.872477
    1.65946
    1.20142
    2.15147
   0.779707
    8.55653
    5.85734
   0.601105
    1.86902
    8.14562
   0.720584
    1.02997
    1.23798
   0.662443
    52.6945
    1.31544
  0.0316257
   0.591163
    1.11444
    0.24409
   0.862738
    0.25017
    4.61161
   0.988045
   0.876851
  0.0502412
    10.6014
    5.09693
    5.06246
    6.36085
    27.3135
    3.38047
   0.320877
  0.0150323
   0.761562
   0.295643
   0.820161
   0.624221
    5.64613
   0.539525
    47.7966
    1.10818
   0.560087
   0.920596
    9.19369
   0.248558
  0.0182185
   0.370671
   0.453617
  0.0363071
    13.5432
    1.95108
    0.91029
    1.14398
   0.285533
    1.06532
    2.83755
   0.732737
   0.858298
   0.524174
    10.2003
   0.143341
  0.0653267
    1.54972
    1.28972
   0.131263
    1.01657
   0.163526
    0.52503
    1.44057
     1.9764
  0.0363863
    60.1415
    8.14499
    11.2988
    2.64431
   0.559703
   0.436618
    1.16152
    34.1228
    23.8596
   0.308343
    3.89371
    9.85279
      4.518
   0.588402
   0.135871
    59.7408
   0.152243
  0.0148686
   0.645026
   0.235877
    5.70382
    12.8937
    1.48604
    18.3545
    2.81677
    5.17542
    5.12745
    1.34382
  0.0890482
   0.797618
    3.44526
  0.0906655
    4.57389
    2.06788
    1.42721
   0.332128
   0.107962
   0.905275
    2.01298
    17.2202
    13.0121
   0.789891
    4.42583
    14.3064
     3.6472
    1.74196
     4.0604
   0.284244
   0.427006
   0.485872
   0.136415
    3.63645
    1.18736
    4.95879
    10.1104
    7.11086
    75.3429
   0.294147
   0.147492
   0.206698
  0.0583795
    1.31324
    3.35025
   0.860863
   0.611783
   0.482949
    1.06419
  0.0334366
    13.9754
    3.93741
   0.173838
   0.209349
  0.0553887
   0.157272
    5.78278
   0.184116
   0.160783
    2.70122
    16.8602
    44.9695
   0.839707
    3.25301
   0.140678
    8.83435
   0.211595
   0.445284
    6.37929
    12.0752
   0.657474
   0.343644
    3.85426
  0.0787097
    7.28171
    1.71868
    26.1835
   0.390202
    92.0098
    2.45817
    4.65009
   0.565541
  0.0608102
   0.327966
    5.03195
   0.851518
    36.1652
    2.62703
    1.02173
    3.47854
    4.63859
    6.57107
  0.0481668
    3.37525
   0.374455
  0.0224878
    36.9715
    1.53039
    3.79969
   0.014468
   0.280934
   0.207297
    3.35929
  0.0463332
   0.213259
   0.627895
    17.9789
    1.38082
    10.0816
    4.10802
     13.425
 0.00277443
   0.880577
    5.94118
    1.79749
    3.35463
   0.365907
    2.11869
    1.34022
    34.1513
    0.15791
   0.183826
    2.94393
    1.35787
    1.50378
     4.2433
   0.769782
     7.8866
   0.400745
    1.37438
    5.43592
   0.291524
   0.153358
    26.9443
    4.03192
    3.38566
  0.0532165
   0.857917
    4.34787
    1.25537
     7.7522
     5.4752
   0.325022
    4.62452
   0.825591
    1.97977
  0.0520107
    2.14841
    7.11838
    1.09207
   0.621923
    5.29614
    5.87893
     3.8829
    2.47168
     1.3405
    2.12196
   0.292793
    4.72306
    6.63305
   0.341492
    2.28142
      1.092
  0.0476501
   0.320448
   0.394276
   0.412065
    1.93166
    2.07616
    1.58185
   0.559109
   0.443133
   0.550303
  0.0288313
    32.8839
    34.1326
   0.449407
    3.44952
    2.29072
   0.602288
    1.72553
     8.8072
   0.102523
  0.0255592
  0.0151811
   0.473455
0.000975957
  0.0143625
  0.0121748
    5.65987
   0.703782
    5.39902
    2.37379
   0.318552
    7.17383
    2.82147
    8.93338
    1.71763
    3.76787
     15.662
   0.549726
    6.51967
   0.858315
    4.10469
     38.686
    3.31221
    2.77294
    3.14141
    307.669
    6.17282
   0.227676
    30.8005
      5.665
    3.52204
   0.125409
    2.22876
    1.01537
    5.78712
     1.5543
    15.4566
    3.86966
     4.1909
  0.0881225
    3.62044
    2.87177
    1.34036
   0.704068
    1.51387
     8.4883
   0.561346
   0.274609
   0.730022
    2.93475
    31.2942
     1.2269
    1.34662
   0.934061
   0.781153
    2.95917
    8.07447
    8.21559
   0.280729
   0.276033
    1.57111
    3.15484
    2.40683
    6.96355
    6.46331
   0.260744
    0.33778
    4.01629
   0.128218
    9.24306
   0.180283
    0.12336
    5.36263
    3.74758
   0.170145
    1.25259
   0.761849
   0.565603
   0.198639
   0.409412
     5.8913
    0.39844
     6.4603
   0.170559
    2.37246
   0.462341
    2.77222
   0.177396
   0.306811
    1.38843
     2.7122
     6.2883
    88.6213
   0.547514
    3.56699
    12.1659
    10.2285
    1.46082
    2.41646
    7.50096
    2.64719
   0.140459
   0.714847
   0.553168
   0.063024
     1.1872
   0.155339
   0.267123
  0.0488576
    2.43822
  0.0726694
   0.359617
    3.08844
    1.72053
    3.25355
    24.2909
    7.06089
    4.21416
    2.12853
   0.543988
    6.29072
   0.453142
    2.21549
    3.06435
    5.87592
    1.39771
   0.300889
    5.00496
     1.9353
  0.0419193
    23.7825
   0.511738
    0.10561
    1.56322
   0.268763
    3.33589
   0.633182
     9.4387
   0.129047
    1.19318
   0.223252
   0.312186
    7.56657
    4.61423
   0.128573
  0.0327962
     1.9926
   0.114105
  0.0117225
   0.801206
    2.03698
   0.832732
    1.58184
 0.00787632
    2.10168
   0.869703
    10.1277
   0.823606
     37.619
    7.72433
   0.351362
   0.608168
   0.514459
   0.214943
  0.0461696
  0.0309892
   0.709617
   0.423174
   0.354483
    2.89261
  0.0402255
    8.62672
  0.0309492
    0.33562
   0.173554
    1.59931
    2.39058
    4.12895
   0.152124
    2.18332
   0.776911
   0.287526
   0.624687
    20.8039
   0.441606
   0.649903
   0.226749
    3.87711
    80.2427
  0.0849725
   0.339272
    1.73542
   0.350678
 0.00414815
   0.110556
    26.4327
    9.92849
    15.1792
  0.0385094
   0.570556
      2.151
   0.644802
   0.588192
   0.851016
   0.746434
   0.364672
       1.25
    10.2611
     0.2606
   0.735633
    4.75244
    5.37317
     1.4053
   0.292242
    30.2635
    2.62982
  0.0145536
    6.86039
    4.90997
   0.152179
    18.3322
   0.220682
    16.4532
    6.01501
   0.249896
    1.12318
     2.5029
    2.63496
    3.56335
    0.13235
    1.18436
    2.51759
    1.53357
    2.21546
    3.97583
    1.35102
    5.50793
    5.67352
    1.21061
   0.312207
    5.77708
    9.95119
    3.25581
    9.64533
   0.501805
   0.961424
    58.4348
    6.55735
   0.058242
    1.04906
  0.0382262
    12.5294
   0.132913
    9.09606
   0.195168
   0.393283
   0.745836
    10.5717
   0.335622
   0.729871
   0.990068
   0.346289
    1.04846
    2.38319
    3.71265
    2.53667
    5.19381
    10.2384
     2.0711
    1.75433
    1.28581
    8.34429
     170.76
     2.5855
   0.778187
    1.12797
   0.514899
    1.38229
   0.155035
   0.568216
    3.32922
    3.25721
    1.76233
    2.42174
    15.1072
    1.18035
    1.51409
    0.15309
    10.4677
     11.791
    17.3492
     2.7734
    1.32176
    6.77505
    1.08433
 0.00997153
   0.078547
   0.456204
     1.0573
   0.533345
    12.3863
   0.708338
   0.357528
   0.107525
    1.00157
    1.49005
   0.521987
    7.03437
  0.0848095
    1.14883
    3.57747
    10.3165
    6.65325
    1.39646
  0.0315398
  0.0159513
  0.0901115
    5.00244
     2.9823
   0.849126
    1.58622
    1.07564
    10.3093
   0.401119
    5.32144
    5.33484
    1.94129
    16.7399
   0.544316
     1.4551
  0.0470056
    3.36979
    3.69165
  0.0745529
    1.35673
    4.04483
   0.886692
    868.154
   0.229814
    1.20133
   0.482181
    7.19265
    1.07481
   0.724725
    13.2885
   0.239806
     4.6553
    83.1454
     15.261
   0.730291
    1.46748
    11.1814
     0.4243
    2.93414
  0.0138766
   0.187656
    1.48117
    2.63208
    1.22492
   0.782358
   0.263596
    5.13227
   0.849412
    1.68484
   0.130619
   0.168386
    1.28453
    2.11445
    11.4038
   0.637822
  0.0188858
    10.7373
  0.0790876
    2.56048
    2.33738
    1.15575
   0.152098
    14.7836
    4.43471
    1.44764
   0.459549
    8.32595
   0.255529
   0.448149
   0.302814
   0.835845
    1.74462
    169.985
    2.15819
   0.035314
    22.9872
     10.411
    71.7727
    1.10106
    2.89506
    11.1533
    25.1825
   0.215302
   0.112699
  0.0429989
   0.712402
  0.0392804
    2.21637
    3.76386
   0.594682
   0.454677
   0.167098
    2.50307
    1.51839
    14.8977
   0.348169
    10.2394
  0.0113913
      2.085
    1.09525
   0.552311
    1.04196
   0.681673
    1.42279
 0.00779236
    10.6288
    1.53026
    1.14579
   0.172136
   0.774776
    1.62487
    3.37863
   0.133169
    1.17939
   0.988636
    4.00929
    3.88032
   0.821256
   0.877445
    1.80388
    5.18503
   0.421355
    577.806
    6.35498
   0.807026
    3.82825
    6.93341
   0.403383
   0.433131
   0.365043
   0.267188
   0.270978
   0.323797
    1.37381
   0.857234
    1.18727
    9.10567
    17.7021
   0.340954
    12.0999
    0.58062
     1.0437
  0.0963316
    4.63576
    7.99094
    4.33369
   0.504948
    0.19155
    1.78972
   0.573094
    2.04992
    2.62633
    2.31028
    9.85738
     6.9272
    0.95027
   0.277493
    1.61125
   0.182085
    7.02403
   0.502043
    23.8277
   0.313963
   0.249631
    19.8052
   0.113751
   0.441337
   0.779003
    85.3329
   0.527112
    1.50271
    9.96214
   0.241374
   0.454053
   0.209257
    2.30821
    4.35012
   0.534699
    4.11902
   0.253218
      0.061
    6.43694
     1.8815
    2.05299
 0.00323889
   0.342238
    4.11548
    1.01651
    7.12897
    9.72542
   0.965987
    8.30341
    1.57777
   0.106652
    1.63926
  0.0383231
    3.42438
   0.109438
   0.826657
   0.121232
   0.442915
    4.60805
    6.10704
    1.16936
  0.0562149
    8.57812
    1.34753
  0.0132781
    6.24006
   0.725535
   0.825953
    6.31295
   0.243507
   0.301881
  0.0924606
   0.203513
    1.37698
    3.55893
   0.421277
   0.299555
    1.56939
   0.560316
    3.07646
   0.363889
    4.14221
    8.23167
   0.240488
    4.43628
    4.56773
    2.50623
   0.109223
   0.143042
    2.90673
    5.20882
     5.0286
    0.48313
  0.0715755
    1.16423
   0.939515
   0.220161
    34.5015
    1.59243
  0.0607346
    1.28543
    0.11553
    2.41711
   0.275449
   0.217173
   0.340399
    15.5365
   0.062265
   0.747294
    1.35693
    5.01851
   0.100332
    1.67375
    80.6245
   0.407284
    16.9107
   0.567386
    4.27734
   0.247191
    4.20541
   0.363646
    25.0128
    10.6334
   0.499178
    2.29594
    6.82688
   0.365206
    1.56765
    2.58464
    2.20364
    4.48326
    1.12682
    0.11638
   0.012174
    1.00019
   0.244287
    2.59853
   0.242733
  0.0375655
    6.05594
  0.0124339
     0.3205
     5.8864
    10.1038
    1.58898
   0.532241
  0.0929469
   0.633732
    4.58567
   0.862634
     1.7736
    3.51266
   0.251943
    12.7182
    5.00818
   0.859918
  0.0893647
    1.29693
    39.8924
 0.00769606
    1.41012
    4.81686
    1.80166
   0.529288
   0.057265
    2.73378
    1.64063
    0.86598
   0.129025
    3.96139
   0.985775
   0.408927
    29.8066
    0.15559
   0.120829
   0.453917
    3.68602
    4.02428
   0.406039
   0.362331
    1.25749
    3.86399
    3.14368
    4.53416
    1.65667
    13.7392
    2.06072
   0.841635
    3.47926
  0.0244348
    3.83336
   0.491601
    2.79532
    1.31881
    374.599
   0.139028
     1.8766
    9.62388
   0.347624
   0.197928
     3.6345
   0.299078
    1.25593
    0.39172
    35.6391
    2.74332
    1.35556
   0.224532
    5.49425
    1.81851
    1.69946
     2.3031
    4.62474
    1.74491
    1.95101
    4.24372
    10.7891
    6.43758
    15.6163
   0.337719
    1.87134
   0.022419
    1.98808
    5.52593
  0.0489697
   0.944675
    2.09266
    2.51009
   0.320636
  0.0445762
  0.0154939
  0.0812092
   0.806023
    3.08362
   0.191043
      2.502
   0.306084
   0.528987
    1.27002
   0.566974
    1.31936
  0.0713089
  0.0505994
      4.627
   0.306589
   0.463581
    9.34776
    1.87256
    5.62914
    4.67349
   0.303218
    3.03895
  0.0925956
   0.906573
    1.88243
    2.55858
     1.6494
  0.0453875
    1.48321
   0.177363
   0.364682
  0.0945744
   0.135227
   0.127564
   0.102967
    3.63408
  0.0714723
    4.17452
   0.691923
    2.84791
   0.132111
     8.2677
     2.8075
    4.56126
   0.452455
   0.112079
   0.451118
   0.124239
   0.406787
    10.8891
    2.26718
    2.67936
  0.0845057
    1.31327
   0.554942
   0.113588
     1.6838
    3.55505
   0.646043
    3.27355
    4.98132
   0.060788
 0.00257298
   0.737306
    2.07741
   0.380884
     2.4208
  0.0898288
    2.66181
    2.05317
    1.18982
   0.502345
   0.682273
  0.0434935
    1.90629
     20.675
    15.6593
    4.38892
    4.17054
    2.63574
    5.01493
    3.26575
    4.12692
   0.659073
    1.19605
     3.1607
    1.16938
    5.43269
   0.691578
    4.84456
   0.964256
    3.27391
   0.375845
   0.424068
    1.15051
    1.29774
    1.68774
     24.778
   0.213667
   0.730595
    1.68725
    5.51534
    8.80663
   0.671979
    2.20588
    2.82272
   0.728801
    1.62544
    5.71132
    10.4807
   0.694841
   0.633635
   0.311825
    1.62326
     0.7009
    4.18639
  0.0183695
    6.83428
    2.26992
   0.667581
    3.74412
  0.0745724
  0.0596566
   0.460347
   0.142495
   0.303859
    3.03723
   0.622099
    1.15297
     1.6688
   0.938389
    2.55419
   0.449422
   0.573123
   0.404775
  0.0876299
   0.515478
    5.34092
    1.08656
      2.701
   0.102771
    1.00488
     9.1013
   0.544768
    1.00323
    2.47477
  0.0543586
   0.267079
    8.54627
    11.0995
    1.57831
     1.6774
    7.38836
    2.62857
    4.23868
    1.12153
    3.20748
   0.752617
   0.121667
    1.56581
   0.723398
   0.124814
   0.339147
   0.981374
    2.85965
   0.405829
  0.0206995
  0.0772155
 0.00793956
    0.17257
   0.449055
    17.8405
  0.0781335
   0.419621
   0.419555
   0.277394
   0.618877
    5.39239
    19.0132
    11.2067
    3.11118
   0.175079
    5.82401
    11.4377
    1.77956
   0.127056
    7.42186
    2.79161
    0.13133
    8.42791
   0.345312
   0.698288
    1.69225
    2.20939
    1.83468
  0.0144556
    1.99725
   0.237114
   0.481419
    1.54392
   0.746394
    1.22053
     2.4926
    3.89392
   0.859108
   0.575144
   0.892757
    4.74237
   0.849126
   0.285488
   0.404159
    4.23933
   0.583385
  0.0940095
    4.38856
    5.01374
   0.654866
   0.590056
    1.72968
   0.029276
   0.184002
    6.27767
    2.44929
    4.16328
   0.822428
   0.502294
   0.216563
    1.20139
    3.20248
    9.12915
    1.64967
    3.73293
   0.406502
     1.9358
  0.0584236
  0.0551411
   0.160949
   0.502183
     2.6801
    7.25693
    4.06474
   0.181135
    5.68021
   0.813562
    7.45702
     25.715
    2.93972
    1.10016
    1.10906
    2.91989
   0.667068
    3.76814
   0.749435
   0.813611
    3.70261
    1.04112
    1.36647
    0.42346
    10.3158
   0.074675
  0.0579414
    101.692
     3.6285
    2.53145
    0.57041
    1.76363
    1.48164
     1.6224
  0.0964888
   0.399115
   0.814358
    3.38918
    4.96869
    3.58836
    2.85754
   0.148656
   0.196154
 0.00181575
    9.98616
    2.08927
  0.0599208
   0.312652
    0.57022
   0.786386
   0.354995
    3.52327
    10.1047
   0.183838
    4.69822
    6.51441
    6.45344
   0.112692
    22.2675
    1.16004
   0.129563
   0.171249
    0.18404
     1.6941
    0.57854
    9.86716
    2.88612
  0.0244448
   0.113946
   0.163329
    1.32574
    1.61459
    7.11764
    3.71692
    3.22516
   0.248944
   0.519373
    1.76353
     2.8053
   0.876622
   0.275928
    2.07145
   0.656015
     1.5766
   0.115338
    3.18729
    1.16539
   0.582067
    1.56541
   0.556108
  0.0740726
  0.0344493
  0.0261269
   0.266572
    9.18659
    1.06136
    3.31433
   0.719088
  0.0236298
   0.299479
    2.07064
    2.80676
   0.571627
    3.06145
    4.56041
   0.534648
   0.652267
   0.396358
   0.793994
    5.40725
    13.7748
  0.0777229
   0.749475
    8.99262
   0.263535
    1.64781
  0.0109295
  0.0689524
    2.84833
   0.140733
   0.168394
  0.0613645
   0.157838
 0.00612247
    0.23393
    16.1942
   0.599155
   0.432572
    1.41168
     1.3452
    5.86092
    1.99655
    3.09644
    4.98072
  0.0246572
  0.0380638
   0.390576
   0.688692
   0.496065
   0.866271
   0.106724
     6.7197
    2.28044
     17.022
   0.374764
 0.00306303
   0.283282
   0.554815
   0.530875
    1.49267
     0.1431
    7.67633
   0.910006
   0.757419
    4.07044
   0.119355
  0.0877615
   0.116869
  0.0485478
    2.25755
    0.27764
    1.15875
    3.30228
    2.35483
  0.0105412
    4.73123
     2.4849
   0.624127
    4.13136
    1.85389
    19.8217
    1.73988
    0.76517
    6.25604
     3.5773
    1.81114
   0.567483
  0.0164708
    1.52938
    19.1861
    3.75107
   0.143519
    0.39822
   0.113521
   0.256875
   0.832148
    3.98804
    0.21531
    1.13825
    1.52682
   0.847367
   0.240982
   0.431921
     28.452
   0.965804
     2.8622
    1.28293
    9.78921
   0.293982
   0.430799
   0.229162
    4.13364
   0.392385
   0.124645
    1.29321
   0.495442
    2.82263
   0.220686
    3.33822
   0.652493
    3.44491
   0.235935
    4.07571
    3.36516
   0.200418
   0.170622
    7.00008
    1.17999
    2.93339
   0.740495
    12.4887
    2.03999
    8.87133
    0.87702
    1.31696
    2.10866
    4.61354
   0.991522
 0.00505744
    1.98523
   0.734887
    38.6181
    3.61852
    6.18923
  0.0720249
    3.07445
    5.72991
   0.224261
    1.57259
   0.446217
    3.29535
   0.136255
  0.0983876
  0.0220161
   0.222737
   0.197127
   0.251755
    9.19514
   0.210938
    1.04248
   0.362197
     6.6224
    1.88964
   0.958338
  0.0770619
   0.398637
    6.61307
    1.04536
   0.797283
  0.0340827
   0.941279
    5.01799
   0.052059
    3.01971
     2.1587
    1.52494
     0.9682
   0.280612
    2.09881
   0.161094
   0.287024
  0.0284975
    2.47476
   0.316347
   0.779905
     427.92
    2.42452
   0.647695
    6.51089
    3.04875
    3.25359
    1.57926
   0.629317
   0.935166
   0.669934
    1.12661
   0.154505
    3.42405
    2.66218
    5.03293
     2.6329
   0.147797
    24.0503
      2.901
  0.0878256
    4.57423
   0.092831
    15.3786
   0.224661
    2.51775
    7.59937
   0.157865
    22.1455
    1.36928
    3.40346
    4.47192
   0.399078
   0.553101
    4.41953
    3.72861
   0.171473
   0.245613
   0.120655
  0.0249338
    10.5884
   0.355272
   0.122538
     2.9088
   0.488135
   0.786298
   0.115162
   0.912321
    3.20724
    2.39584
     1.4368
   0.505732
    5.92703
 0.00999332
   0.330034
   0.548131
   0.353541
    6.80402
    48.7507
   0.554988
    5.29985
   0.534598
    102.845
    4.11144
    1.29963
   0.278821
   0.560124
      1.717
    2.59323
   0.768495
    3.84723
   0.848023
    1.14733
    2.70895
   0.155472
   0.263929
   0.397998
    2.21545
    3.73122
    10.2509
     4.8388
    3.15813
    2.59336
    1.25679
   0.502392
    1.62946
    5.60549
   0.133499
   0.527499
    17.5968
   0.359986
    1.50176
    1.08013
   0.453143
    0.49106
    4.41007
   0.137031
   0.709014
    2.19362
    2.38501
   0.253956
    60.5942
    3.06711
   0.627551
     1.5832
    4.38013
  0.0850233
   0.376006
    0.16743
    7.53991
    1.03563
   0.804416
    1.15934
    1.30943
   0.132642
    4.06087
   0.975246
    2.54125
   0.117768
  0.0137733
  0.0268564
    1.92752
    1.24907
   0.632506
    1.14517
   0.333015
   0.267753
   0.410832
    1.45925
    4.67647
   0.113015
    1.33697
    3.11642
   0.235467
    2.55834
    7.53823
    2.57459
    12.9049
   0.187663
    2.04453
   0.278254
     1.0443
    4.86646
     1.1718
  0.0835136
  0.0612463
    1.70974
   0.433402
  0.0910786
    4.48129
   0.934825
    1.27017
    4.16887
    3.06078
    3.24688
    7.68573
    4.36424
    14.4719
    1.43585
  0.0596109
   0.490693
    3.09331
     1.1489
  0.0724976
   0.412356
    3.59452
    2.62873
    3.89872
     2.7264
     0.7302
   0.301331
     2.2261
   0.209247
  0.0635783
    8.18995
   0.154519
   0.112636
    7.31305
   0.135534
  0.0585038
    2.31379
    1.03036
    13.5033
    4.30306
   0.317076
     4.3268
    2.57518
   0.826222
   0.413855
   0.172892
    5.16022
    2.01549
    13.1555
    1.69119
   0.209932
   0.361168
    19.3659
  0.0148924
   0.418535
   0.226921
   0.996252
   0.772788
    7.37709
    9.85061
   0.612623
  0.0961983
 0.00564124
   0.969685
    0.39159
    2.01298
    58.6584
    1.41827
    1.74552
   0.152936
    8.10155
     1.6642
    0.60828
   0.526909
    2.85406
   0.893978
     1.1106
    14.0335
    2.40886
    0.15555
  0.0508369
   0.648773
    2.35648
   0.628437
   0.897857
    2.42364
    1.31863
   0.610408
    2.32508
    4.16557
     6.6676
   0.417869
    75.9473
    2.06344
    3.43361
    0.43224
    2.00762
   0.561016
    1.61698
    2.36268
   0.558001
    1.91868
    3.31516
    1.93704
 0.00607734
  0.0068944
    2.15814
   0.026613
    1.01439
   0.629762
    1.92022
   0.136351
   0.563385
     1.0999
   0.218647
    4.55091
   0.300865
   0.986998
   0.772042
    5.80585
    1.56939
    1.31744
    4.95799
   0.820739
    1.22569
    4.01423
    1.66475
    3.83309
  0.0310194
    61.2259
     1.8115
   0.840536
    5.00161
     1.4194
   0.579171
   0.507989
   0.749484
   0.245051
    1.41803
   0.235903
   0.593968
    10.3326
   0.617311
    6.19882
    2.11279
   0.438964
   0.045008
   0.251397
   0.174183
    1.57879
    1.57844
   0.268708
   0.239381
   0.160128
    11.3619
   0.104007
   0.974018
   0.712735
   0.889546
    2.72636
   0.241077
    13.3267
   0.703433
   0.279549
   0.128588
    9.04014
    5.46326
   0.999561
   0.313343
    2.67861
   0.753027
   0.310053
    1.24726
   0.268049
      3.756
   0.114236
   0.875329
   0.413206
    18.3393
   0.617848
   0.560704
    1.60192
    5.19608
   0.488425
    3.02574
   0.235354
    26.8976
    1.30108
    2.80595
     12.784
    5.20636
    1.92697
     1.9806
   0.590785
   0.876849
   0.202284
   0.455293
    1.76368
    2.80144
    5.90988
    4.23094
  0.0815448
    1.24549
   0.965472
    50.9575
    3.11492
   0.223236
   0.083469
    1.22044
    1.23435
    0.75014
    3.93311
   0.224157
    1.21881
    1.72564
   0.064166
   0.799444
   0.320049
    1.17411
    1.17999
   0.115421
    1.57284
  0.0637101
   0.196511
    4.48962
    2.07652
   0.225424
   0.353707
   0.147107
    8.65596
   0.177849
    613.523
    4.68095
    1.51688
   0.315528
    2.93565
   0.240183
    4.47475
   0.534769
  0.0327152
  0.0675998
    2.39731
    9.36563
   0.101403
   0.267648
   0.109678
   0.964131
    1.69084
    31.4813
    1.30747
   0.476343
    15.4796
   0.386206
     0.4134
    0.29826
    37.6342
    1.15788
    3.83219
    1.08915
   0.225476
    20.7276
    1.39237
    0.97593
     1.9264
   0.291346
  0.0199174
    2.27061
   0.814737
  0.0629377
 0.00717572
    1.04376
    2.42132
    11.4575
   0.835367
   0.488683
   0.344019
    9.77247
    26.4496
    3.76556
  0.0387547
    1.84237
   0.216808
     127.73
    4.04615
    2.77643
    3.16868
    1.76379
   0.333669
    4.12615
    4.08203
   0.365114
    1.67659
   0.502927
     1.7348
    7.02109
    1.46819
  0.0121108
    3.44325
   0.234357
    5.09974
   0.100067
    11.4065
   0.380597
    9.79661
    18.2104
    3.11062
    534.026
   0.298783
    2.33512
    2.65367
    1.65295
    2.87545
    2.16661
   0.327918
   0.500434
    7.55351
    1.71065
   0.206865
   0.633002
   0.734572
   0.689505
   0.162732
   0.864066
    5.61378
   0.123591
    21.6504
   0.992874
     1.1547
   0.550595
   0.206923
    18.6611
   0.251393
    2.12261
   0.514143
    1.50062
    8.96099
    1.33248
    15.7135
  0.0227675
    3.23095
   0.908021
   0.838201
    12.2037
   0.162927
   0.916249
    1.91797
    2.99795
  0.0476985
    2.40715
    5.70413
   0.125754
    4.34313
   0.401041
    3.64502
      1.105
     1.0031
    4.60169
 0.00690705
   0.740885
    8.32287
  0.0985229
   0.156593
    9.28214
   0.459902
   0.246941
    9.73387
    16.4958
    2.93667
    6.70174
    1.31585
    1.27627
    2.41619
    1.24348
    5.18723
    1.42463
    2.70716
    3.03424
     3.4048
    11.1087
    1.87138
    8.58852
    1.37983
   0.421352
   0.412888
    2.80655
  0.0804236
   0.552521
   0.484553
    1.12259
    1.01235
     1.8905
    18.9447
   0.211445
    1.33879
   0.772742
   0.746364
   0.667317
    2.23049
    2.02837
  0.0611143
     11.955
     1.8868
    3.09545
    2.54018
    5.43469
  0.0809247
    0.19319
    1.66259
    1.11269
    2.44731
   0.920571
   0.439146
   0.175841
    1.51963
    1.22353
  0.0441265
    3.21196
   0.596228
    4.47379
    2.61442
   0.241573
   0.391568
   0.800176
   0.505324
    3.92046
  0.0272529
    7.34928
    11.6862
    8.45351
   0.261742
   0.121159
    1.06053
   0.429973
   0.564202
    2.93863
   0.677648
    1.31719
    9.77265
    5.37343
  0.0151836
    9.78477
   0.268083
   0.359555
    2.93301
   0.197926
   0.190387
   0.989475
   0.310025
    1.93057
 0.00710977
     49.542
     4.0546
   0.971632
    1.32028
   0.797049
   0.546695
   0.412192
    0.35726
    2.91595
    1.47569
    8.12179
   0.627168
    2.81682
    1.29035
    2.02296
   0.240821
    3.65173
   0.584372
   0.950438
    3.60012
    2.18549
   0.354731
   0.706777
   0.768915
     0.6693
   0.402482
   0.420941
    7.28212
    3.66221
   0.482927
      2.971
    5.62338
    7.13159
    6.94776
  0.0645892
    1.33414
    2.62537
   0.548778
    3.19647
   0.807619
    1.49284
    1.18508
    4.05508
   0.626532
    3.01241
   0.257759
    2.26151
   0.337861
   0.814111
   0.373943
    1.63461
    3.00821
    1.13039
   0.518845
  0.0951818
    1.02769
  0.0811908
    10.6135
    1.57586
   0.746271
    1.63815
    1.32942
    1.69179
  0.0466877
    5.51373
  0.0897056
   0.709955
   0.498926
    3.32997
    3.26074
    1.74928
  0.0821583
    6.98539
   0.276657
    7.02823
  0.0219125
   0.469408
   0.828777
    2.58499
    2.33519
    4.63777
    2.91609
   0.412042
    1.78348
    3.82291
   0.234566
    1.49319
  0.0811776
    8.33191
    1.15394
   0.986136
    35.2356
   0.305042
    0.89832
    17.5563
   0.338533
   0.819357
    2.86946
    1.66774
    1.01422
   0.737782
    1.47102
   0.144731
   0.333282
    23.8781
   0.345623
    2.22129
    6.41741
   0.377635
    1.16708
    4.17569
    0.86058
   0.121628
    2.53852
    1.68037
    7.30093
    2.94789
   0.904281
   0.276785
   0.348744
   0.311212
    1.01394
  0.0564802
  0.0362691
    0.76534
   0.374185
    5.93178
    8.15853
   0.355738
   0.106895
    0.44302
    6.75727
    20.8514
   0.399183
    6.04763
    4.70572
   0.174376
    1.02528
  0.0772184
    1.92867
    2.18614
   0.129358
   0.628778
    1.66241
    1.28707
    1.48023
    2.18669
   0.220792
   0.895452
   0.231055
  0.0960604
   0.187817
    2.32647
    1.11429
   0.875056
    1.02409
  0.0345691
    5.12876
    8.32546
   0.634063
    10.1723
    2.41152
   0.842046
   0.573108
    1.33399
    4.40424
    3.08013
    2.80372
   0.103431
    28.9244
    5.91192
   0.331615
    5.35561
   0.387368
    6.44536
   0.262392
    1.60984
   0.540469
    1.17856
     6.5754
   0.024263
     3.0498
   0.954903
    5.16513
    2.40151
   0.646808
    1.45266
    17.7993
   0.202935
    4.55133
     1.8734
  0.0421852
    8.93712
  0.0615755
    2.40773
    1.81654
    1.26293
   0.337855
    1.55395
  0.0311388
 0.00846807
   0.246121
   0.045415
    1.55924
  0.0319352
   0.650017
    3.13601
    1.67283
  0.0326875
  0.0790345
   0.382675
    1.60594
    1.32688
    3.60531
   0.329212
   0.434367
   0.291466
    2.83037
   0.306805
   0.631387
    1.07289
     2.9091
    1.02156
    1.59147
   0.362448
    17.6006
    1.54131
    0.15333
     2.5493
    1.23813
   0.533105
    2.59231
   0.271114
   0.343727
    1.72177
    0.32233
    10.3119
   0.492838
    2.74983
    2.26807
    1.33378
    3.26684
    0.25861
   0.811836
 0.00432182
   0.131906
  0.0074502
    1.84105
   0.654375
    7.33754
   0.906747
    1.94001
   0.556031
    6.16619
     1.5959
   0.620007
   0.473704
  0.0640605
    6.71757
   0.560676
    3.38094
   0.223165
   0.308237
   0.533316
    1.18566
   0.114725
    1.87773
   0.241701
    5.46589
    81.7885
  0.0641983
   0.199353
    0.67229
    37.4125
    1.51863
     3.1755
   0.498237
   0.415788
    1.20276
    1.20169
    3.12128
    4.19165
   0.519563
     1.2204
   0.252132
    2.37075
    1.64838
   0.367436
   0.631696
   0.239859
    1.50016
    1.10779
    1.35286
   0.802418
   0.087675
  0.0353293
   0.561015
   0.507376
    1.98522
    2.72139
  0.0529558
   0.966635
    4.71555
    1.96418
    3.15156
    0.62615
    2.86652
    14.7186
     3.1194
    2.95035
     1.4429
   0.524552
     2.5199
     1.9469
    4.08735
  0.0349013
    1.37992
    5.46618
   0.619123
    2.36203
    1.61143
    1.32736
     3.7007
    1.06243
    1.15383
    3.70064
   0.652469
    1.10629
    3.32148
    1.56534
    2.96408
   0.144301
   0.135562
  0.0483615
    14.4975
    3.28998
    2.25812
  0.0923496
    8.03981
   0.735978
    2.70931
   0.285905
   0.323654
    11.0393
   0.144946
  0.0936818
   0.468275
   0.212466
   0.109354
   0.343646
   0.788276
    1.16101
   0.616728
   0.396546
   0.616602
  0.0354809
  0.0389534
    15.8021
   0.607472
   0.454322
    0.65415
     3.1723
    6.29227
     3.2528
  0.0893692
    6.13209
    4.46169
   0.863464
     3.7824
    1.43093
    5.91805
   0.886428
    1.65206
    1.22753
  0.0267851
  0.0272284
    1.79078
   0.266571
   0.129663
    3.22427
   0.148121
    0.45232
    3.31832
    12.1303
    3.09357
    1.00439
    1.56874
   0.718181
   0.456234
    5.14283
    4.30531
  0.0970955
    3.49945
    7.99202
    5.04921
   0.363657
    4.21178
     11.173
    42.5851
   0.468838
   0.232439
    1.85356
    5.76255
    1.07187
   0.371207
     1.8583
     1.2439
   0.309938
    1.76487
   0.938198
   0.678365
   0.573428
    1.50957
   0.560662
    1.93317
    4.02139
    0.81986
    3.52203
   0.131025
    8.46114
    1.35271
   0.641518
     3.7202
    2.44314
    3.33489
   0.274966
    1.20102
    4.87754
   0.558626
    10.1114
  0.0116811
   0.496651
    4.28658
   0.444961
    1.12286
     1.3773
     2.4533
    4.73661
    3.47797
   0.543029
    0.97395
    2.92348
    0.89505
    4.23644
    0.87867
   0.967538
    2.04532
    0.50402
   0.101389
     9.0965
   0.151218
   0.853217
    3.36976
   0.166462
    0.24719
    2.03547
    13.3838
    1.05505
  0.0245753
    1.31419
   0.693355
   0.304828
    8.61129
   0.247503
    7.51767
    1.59447
  0.0135688
   0.332119
   0.124399
    4.18131
    10.0672
    1.28955
    1.64254
   0.128454
    2.89985
     5.6903
   0.182385
    0.72235
     1.0886
    2.20723
   0.909017
    1.50761
    1.70865
   0.405282
   0.590113
    3.05752
  0.0283764
    6.86877
   0.610513
    3.41381
   0.774972
    1.91055
    2.21752
   0.331556
    1.21355
    2.90357
    2.36804
    1.60902
     0.4019
  0.0913832
   0.122074
    2.30309
     3.7773
   0.771212
    16.2396
    3.03791
    1.26695
    1.59522
   0.362016
    2.07742
   0.150114
   0.331061
    2.53545
    6.38485
   0.575652
    2.35671
   0.652321
  0.0127068
  0.0197878
    1.26682
   0.546883
  0.0184154
    1.26576
   0.460644
    11.3253
    5.33294
     2.9549
    1.28303
   0.518971
   0.816889
   0.331474
    1.08849
    1.63436
    4.05128
    2.50791
    14.4367
    2.86285
   0.494393
    0.23999
   0.345298
   0.185588
   0.988143
      2.425
    8.04626
      1.518
     4.0012
    1.77101
    2.36968
    1.44684
    1.08968
   0.105204
    0.58982
    8.50671
   0.961205
    6.45219
  0.0219354
    1.61207
   0.280331
    3.73936
    1.04563
    2.40863
    1.63514
    1.27409
   0.401695
    2.10922
   0.538288
    9.77559
   0.159931
   0.939897
   0.307561
    1.50317
   0.750613
  0.0467932
     1.4104
     1.5788
    0.26355
    0.90934
    9.13461
    1.17849
   0.452948
   0.280486
    3.79847
  0.0362584
    9.46176
   0.127212
    1.52841
   0.398445
   0.703748
    2.34047
   0.195314
    1.10868
    1.70306
    1.78146
  0.0753208
   0.816169
   0.632451
    1.35517
   0.170562
      3.038
   0.425813
    2.83235
   0.471321
   0.399154
   0.762161
    5.60846
    1.63827
   0.583218
    9.46404
    8.94199
   0.147876
   0.410323
    2.75494
  0.0643683
    6.34006
   0.294354
    2.64774
    2.22083
  0.0502361
      3.298
   0.219881
    2.19663
    7.04905
   0.290988
    3.39093
   0.539589
   0.209335
    8.02858
   0.566672
    1.22662
   0.332717
   0.380037
     5.0964
    4.41789
    0.30017
   0.412184
    3.46591
    1.55315
   0.929108
   0.565533
    1.44181
    1.39389
   0.428598
  0.0827799
    2.30783
    1.42847
   0.127647
    1.34352
   0.388601
  0.0887246
     1.2491
    2.31227
    1.12877
   0.332231
   0.219014
   0.299408
    2.19439
   0.756503
   0.573658
    2.32709
   0.720766
    1.14859
   0.140889
    2.11571
    1.58532
  0.0373534
    1.21906
    8.88382
    5.45433
    5.71418
     1.1329
  0.0114044
   0.433932
   0.194268
  0.0411548
  0.0337394
  0.0287794
  0.0625986
    1.46426
     1.8987
    1.90619
  0.0300328
  0.0296253
  0.0461043
  0.0686727
   0.028168
  0.0195436
  0.0090171
    1.54396
    1.72428
     4.5671
    4.01249
    3.43645
   0.500588
    7.71419
    2.88749
   0.611942
   0.544403
    1.16987
   0.120497
    1.04481
    2.59099
    0.96473
   0.538497
   0.778521
     2.7521
    1.38286
   0.348376
    2.02834
   0.223004
    14.9143
  0.0375126
    7.50667
     3.1216
    1.16665
    1.28224
    2.25145
    3.17546
   0.817861
    0.36654
   0.253999
    2.11204
  0.0212686
   0.235459
   0.141513
    4.16419
   0.198867
   0.535778
    2.59392
    3.64963
     1.8972
    655.353
    5.58731
    6.62285
    1.46141
    1.01913
    2.13357
   0.707338
   0.271224
    2.63468
    1.30379
   0.535838
    1.44703
    6.80283
    6.65384
   0.483132
   0.474859
    4.93844
    2.15821
   0.969519
    2.65853
    10.3684
   0.370318
    3.28554
    8.01814
    1.99442
   0.157607
     1.4977
     4.6628
   0.179493
   0.065857
   0.288178
   0.430306
     0.2108
    7.80297
    3.41553
    3.28646
    3.79851
   0.141729
    18.8564
   0.131939
   0.106709
    2.85997
     1.2362
    1.71007
    1.31374
    3.87939
    1.55436
  0.0754398
  0.0934017
   0.877516
   0.640017
   0.525172
   0.587719
    42.8277
   0.657389
    38.3816
   0.992984
    2.39307
  0.0398339
    1.75108
    0.24482
    8.00219
   0.128314
   0.413565
   0.330425
   0.197037
    1.83956
   0.467185
    1.14632
    4.32984
    17.6037
   0.667574
    1.15528
    2.65002
    1.57358
   0.338104
    1.23732
    1.43402
    4.61196
  0.0168197
    2.71599
     1.3699
   0.617125
   0.802571
   0.596211
    1.61495
    1.17331
    85.5606
    1.46456
   0.809424
  0.0305439
    1.12571
    1.87353
   0.930892
   0.242183
     1.7055
    3.44517
   0.595689
   0.562606
   0.868117
     5.9993
    1.05826
    1.77085
    2.71789
    1.25548
    3.01568
    0.36118
   0.607686
    1.21873
    4.10944
    1.42218
     3.9226
   0.256959
    1.02193
   0.751895
     1.6161
   0.308973
   0.898681
    2.89984
    1.54079
    1.27138
    2.90151
   0.294352
  0.0377481
    1.62909
    2.31775
   0.746134
    1.28221
    1.17115
   0.174745
    12.0389
     1.6905
  0.0602563
  0.0195303
    1.20821
   0.265838
    1.15121
    2.11427
   0.260411
  0.0237706
    2.74436
   0.632439
    0.48486
    2.94661
   0.212766
   0.655638
    1.03405
   0.512807
    1.57099
   0.394758
    5.50206
    2.38712
  0.0970408
   0.028212
  0.0532903
    1.60652
   0.728826
   0.157745
    8.17813
    6.56876
   0.594076
    1.42585
    1.71534
   0.778652
     4.4922
    3.39124
    2.84933
    0.50551
   0.408363
    2.31619
   0.840152
   0.735736
    2.64077
    1.15035
   0.121117
    6.97456
   0.792633
    2.18019
    1.23922
    0.39575
    0.73069
     4.7571
    2.65603
   0.642817
    2.32025
   0.146343
    0.16496
    7.77496
    1.06164
   0.859439
   0.389695
    2.38308
    8.29315
    1.87226
    0.52305
  0.0624501
   0.800941
     0.6575
   0.670841
   0.331639
   0.315653
    2.77767
    1.02895
   0.226508
    2.78812
   0.414107
   0.444442
     8.0816
   0.649376
    2.02685
  0.0541064
   0.187353
   0.494334
    3.56371
   0.238214
   0.176187
    1.39325
    1.64938
    57.3996
    1.19759
    2.46832
  0.0905038
    4.70068
   0.212935
    4.51219
    10.1548
   0.668978
   0.277459
    2.00494
    25.7662
    16.7908
 0.00727121
    3.00758
    2.13294
    11.9602
   0.536097
    1.96632
    2.11117
    1.07128
    7.04115
   0.118602
    2.43972
    7.96061
   0.672443
 0.00805856
    1.04509
     2.0216
    2.59771
    2.37491
    1.18636
   0.146131
    1.79971
    3.03514
    2.09914
    9.10228
   0.174963
    1.49014
    2.26921
    2.35856
  0.0641338
    1.20643
   0.104676
   0.907059
   0.382749
   0.143792
    1.33092
    6.20835
   0.173424
   0.349708
    8.26543
    3.39719
    6.43262
   0.912644
    1.65482
   0.944291
   0.195985
    3.13963
    3.03817
   0.931563
    1.46909
   0.046326
   0.519114
    2.22348
   0.624815
    19.7699
    3.86163
     3.2337
    3.12697
   0.730058
    4.77912
   0.691298
    1.03475
    2.86841
    3.75659
  0.0196247
   0.975165
   0.974852
    2.67002
   0.781927
    1.28156
    1.78223
     1.4049
   0.610122
    8.41645
    1.65594
   0.600714
    3.30827
     4.1415
    3.75912
    2.14837
   0.199416
    2.68544
    1.20884
   0.913121
   0.064991
  0.0318149
    1.63122
    1.71593
    1.33863
    2.29471
   0.959721
    3.12429
     1.9985
    2.00431
   0.106235
    1.23118
   0.485548
   0.159673
    1.13603
   0.349803
  0.0261766
    3.55959
    4.62022
    0.31603
   0.977133
    3.63899
    2.97838
    2.94223
    2.16421
    1.92911
    5.31034
   0.289768
   0.168338
    2.50689
   0.275695
  0.0464908
     1.6243
   0.393745
    1.47677
    3.73757
   0.479877
     5.6663
    2.73085
   0.190431
  0.0275571
    0.21988
   0.530871
   0.268864
   0.932231
  0.0278858
   0.305084
    17.4061
   0.322007
    1.22649
    1.30012
     0.5884
      3.053
    3.42892
    0.34433
    1.24638
   0.980823
    1.68554
    1.22006
    1.90707
   0.680195
   0.333965
   0.264547
   0.611605
    1.26105
    3.28321
    1.03061
   0.778772
    4.40374
   0.177766
    8.99785
    3.13445
    2.19048
    5.34748
    3.10875
   0.785777
   0.295567
  0.0303459
    2.35896
    3.04172
   0.631357
    5.00826
    1.71225
    29.6146
   0.214735
    8.46072
   0.826081
    0.36935
    2.78702
    4.82665
   0.100836
   0.771546
    1.54843
    2.55902
   0.532636
   0.389989
   0.693248
   0.146519
    2.21662
    2.39332
    1.53359
    1.24105
     4.4667
    3.90088
  0.0216594
    0.77618
    1.80694
    4.11474
   0.426261
    3.96995
     8.6748
   0.507435
    1.00668
    1.09722
   0.213375
    1.37052
   0.111221
   0.266629
   0.797212
  0.0790033
   0.659824
   0.491992
    1.50313
     5.6596
   0.722387
   0.143145
    9.01973
    2.44165
  0.0172588
   0.835515
     1.2649
   0.895834
     3.1529
    1.34917
   0.941378
    4.08885
     5.3162
    1.91335
    1.04706
  0.0745371
    3.11659
    1.43868
    1.20002
   0.138527
    1.42457
    9.53656
    1.03541
    0.26192
   0.839077
     1.9663
    3.95056
    0.33261
  0.0127663
    5.04247
   0.312664
   0.756776
    18.1279
    3.85291
   0.291662
    1.63812
    1.13636
     1.6331
   0.821526
    7.81378
   0.884242
    6.02782
    4.19163
    1.96209
    2.55729
    5.58208
    1.89561
  0.0435388
   0.959112
   0.925421
    2.75794
   0.214581
    1.36794
    1.45234
   0.760353
    1.93301
   0.901193
   0.368228
     2.0794
  0.0473618
  0.0453863
    0.47041
   0.122936
   0.107295
   0.329119
    6.43448
   0.755277
   0.671863
    0.76127
     2.1028
     1.8686
   0.511337
    1.82866
    5.19038
   0.705791
    1.59852
    1.11898
    1.18784
    2.65104
   0.680083
   0.171156
    5.65621
     3.3492
    3.54719
    1.70252
    5.64958
   0.740398
    8.38216
    8.36754
    2.03533
    2.62205
   0.482677
     3.2355
   0.379363
   0.332739
    4.37584
    4.71543
    1.07306
   0.414766
   0.827544
    2.33902
    1.22178
    4.90722
   0.434524
   0.262972
    0.01044
   0.434669
   0.628499
    1.94298
    4.66255
    2.01427
   0.111382
      1.887
    2.28947
   0.180738
    1.07265
     1.3238
   0.522567
    10.5053
    1.39492
    4.12295
   0.683289
    8.26915
   0.933044
    5.50776
    4.82471
  0.0768862
    1.03647
      1.695
  0.0629391
  0.0841014
   0.495249
    7.04494
    70.5931
 0.00812728
    1.50844
   0.165359
    1.52781
    4.86609
    3.05824
   0.461355
    1.87971
   0.475257
    1.25179
   0.887997
    1.36539
    3.97993
   0.773877
   0.622096
    1.21077
   0.025776
   0.621275
    1.52091
    6.19251
    2.27878
    1.94759
    2.67101
    1.67595
    1.23393
    1.58001
    4.17831
    3.28817
   0.452375
    1.21625
   0.707752
    1.61149
   0.594856
    1.26743
   0.719539
    2.06478
    3.23277
   0.239379
    2.23008
    3.03731
   0.978652
    2.83377
   0.477171
    1.14018
    3.72378
   0.010225
  0.0261435
    2.69655
   0.840761
    3.64228
   0.493677
   0.791823
    2.07845
   0.567436
     1.7372
    2.66603
    2.66196
    12.5461
    1.13303
   0.429908
   0.914028
    1.33256
    3.59418
    1.31796
   0.642467
    2.38254
    5.44212
    2.00269
    6.59773
    1.63468
  0.0663332
    8.68449
    1.95768
    1.49841
    2.95245
    1.47359
    1.82891
   0.409701
    1.48811
    0.24939
   0.851975
   0.835818
    5.23559
     2.4877
   0.876962
    1.00069
   0.435136
     0.7053
    2.19568
    4.11714
    1.19367
   0.361802
   0.734045
   0.317466
    1.43291
   0.633205
   0.959917
    5.15267
  0.0196184
    6.11509
     1.1098
    1.11544
    4.13138
   0.204894
    1.79324
    11.2988
    0.41617
    4.51743
    5.96997
   0.661574
    3.42157
   0.492295
    2.04372
    1.24213
  0.0677937
  0.0618777
   0.838596
    1.54575
    3.24329
     1.2702
   0.987541
    1.51926
    0.37273
     1.2193
    1.79063
  0.0272337
   0.718597
    2.51992
    1.14771
   0.472628
   0.645279
    4.09714
    1.07427
    2.98556
   0.441087
    2.87302
   0.580186
   0.817929
    3.36732
   0.951947
    9.59099
    1.85706
     2.3592
    1.47062
    1.68372
    6.03491
    1.31926
    15.0891
    2.60449
    18.1216
    2.29849
   0.418032
    1.06201
   0.879979
   0.511175
   0.216629
    3.34169
    10.8914
    1.46884
    1.19072
    1.84797
   0.864221
    2.09988
     2.3151
   0.529873
   0.868995
    0.78914
   0.720694
   0.894337
  0.0116425
  0.0965491
  0.0303862
   0.190482
    2.20724
    1.72193
   0.428366
     1.5834
    1.20666
     3.0936
    1.19209
   0.306868
    9.58115
     1.2485
    1.54405
   0.997808
   0.768269
    4.68442
    3.21748
    1.69511
    2.80629
   0.933693
    2.14813
    0.25191
    1.96811
   0.108652
    9.68912
    1.69989
    1.67907
    2.41844
   0.536682
    10.2832
    2.78941
   0.924173
   0.750683
  0.0853795
    2.84767
    1.08975
    1.79588
    0.20328
    10.6349
    2.71325
    1.58778
  0.0197717
    1.62715
    5.00952
     3.0196
    1.52829
   0.930026
    1.25351
    2.03616
    3.99821
   0.380038
    3.83305
   0.149229
   0.247717
  0.0424419
   0.697723
   0.431718
    2.32562
    8.61593
   0.057713
    1.93111
   0.259004
    4.03503
   0.827275
   0.633026
    3.09129
    62.2238
    1.98124
    7.65567
    31.6786
      2.197
    1.06438
    1.62668
    1.19689
   0.721918
   0.126499
     1.3789
    1.46852
    2.93514
    7.19343
    7.78125
    3.47072
    1.82532
    2.10458
   0.752042
    1.78075
   0.876782
      2.101
    2.25886
   0.742237
    8.88324
    3.54067
    1.42608
   0.714581
    4.15226
    2.56214
    2.66102
    2.34893
    1.60215
   0.777396
   0.504643
   0.490916
    3.15846
    3.75523
   0.546146
   0.470709
   0.346167
    2.26284
    7.38096
    5.83021
    1.95137
    0.36567
    4.18029
  0.0296444
  0.0632403
   0.188378
    2.51608
   0.312169
   0.868162
     1.4271
    21.0999
    3.56405
    1.41566
    10.9595
