3.42308730511525,3.9557379351148,-2.54977768122659,4.85794770182638,-347.642257851881,-158.390138409219,-224.131829205978,-32.2151806776471,-131.684028081594,-8.40932181750327,-29.9334007291675,52.8372404145513,-127.370394545492,9.57020169609481,14.3374258285184
5.44450307051751,3.81767847614404,-3.97177205788903,5.75746884385056,-461.224710246253,-125.556959472202,6.3793529641734,75.0027626398853,-195.572247370545,-56.2774972543519,-143.99441980584,-27.571953786469,-5.67217701795613,-51.8496903244779,1.22919828402645
0.68050878741844,3.28075910648387,-5.33394821731251,-1.542090409631,195.958599256356,-128.361184179244,-205.622219192443,61.7313926284632,-72.9037081954487,-25.3699248770024,-56.0591643431215,22.2364506445573,-67.5808718779154,9.17908753938913,18.4369826630116
0.588090715672968,1.43465566642889,-2.61883371063399,0.0560493553857262,100.346859358473,141.188288069595,8.71969182586791,-36.9107295852079,77.2822629418426,0.389831789067711,-10.2996073323994,-55.8084156498992,-102.551020832406,-10.0830627144135,-58.4409015246751
-6.66944946321378,2.32875821925791,8.51966129596014,0.541160411917554,54.2805635393948,171.523797822996,-102.253816001402,55.2179064768695,-14.9026637004923,113.878250477035,-24.6089604212654,-18.0346791540243,69.9238251672153,5.24427395110297,-36.4449096903672
-0.486174352639461,6.35170514909092,3.63117371729614,-5.51937504167966,-317.667409589512,116.546209526914,311.797380737731,351.973835989526,-37.7193603361061,-36.0781526816638,-10.7981019114022,44.6770197669914,28.7476560347782,8.22096807950827,4.05109402695703
3.206426896505,0.744298762447672,-4.44970426686431,2.92007540985641,224.701519526035,-115.099528397372,-85.3501252980277,158.901390927908,-216.555925679574,85.7668754230593,-19.9267039920718,-41.9995598290031,43.4185652579839,-25.2520858537713,57.2537792749613
1.77307438083206,-5.41196841600066,8.30841016809481,3.39961829537895,-192.450949438929,-69.2850867465409,-51.875313091768,-55.1207367467917,-17.7543037913688,78.0889394091399,-93.5058393779713,17.1726842309744,75.5736211944939,79.6694364581353,43.9250292871079
1.25329456876734,1.06218358560036,0.181645921640035,4.44086613950856,262.033125899484,-158.553286494919,-29.1633299322032,140.356623063501,-93.1281459778625,-17.6534256187015,-1.54014201425317,-26.8527452510337,-9.58569413177397,22.6501269485576,6.86368843731808
-1.15014782794617,-5.54316710271067,-1.20595082068496,4.74721491196206,61.6856197280511,-156.414705285314,-0.806198006816207,-22.5242988701255,-35.7083990649921,-40.9542822355309,-50.7523521829963,67.296476578754,-6.27421577691949,-52.4813886093993,28.2331856953248
-3.20587931227487,6.02553941919229,-4.82348593448028,-0.0269966465333506,22.6147505690454,168.684035281752,119.73424413215,-109.711985702248,44.4165380028507,-38.2284944406763,-36.9985868854729,2.74634237698843,114.132534322896,65.6939352772727,155.375331557977
1.1408636217683,-4.89349890840324,1.11692501065669,-0.052588399809935,58.1269678590041,114.841089741718,78.2570337822425,89.6824188798506,-140.555348972819,74.2263181070266,-46.6767154408175,4.87913742563225,-10.9433750999415,-16.2282093927869,-18.3974901254463
-0.123591869538688,4.17848368301291,-4.92589743871751,-0.221382250662226,59.6854815529686,-167.95026134878,130.098447188102,-16.5152164484042,37.8100064168643,-51.606837107912,-22.4733172548834,10.3333700654373,13.902275486575,-25.0614499108763,40.7169796484747
-3.76370617632515,-1.40142730391294,-7.41446469290404,3.11204251921781,80.0351357621895,-82.5111325062962,-33.3845228515949,100.892912384451,148.390973067481,-113.675988190622,11.8152012250846,83.1629357277347,-3.77232497775333,-49.4777298455159,-35.8078116687775
5.84178535943399,-1.33220892579753,-0.183214108422459,-3.9876298560133,-127.685503742745,-91.8179206137553,-17.1532231331996,-39.9529968012944,-89.5058114449893,66.2495694809865,3.57299702801008,-73.5781267575794,78.6414203791062,90.9752275130336,15.320808836006
-2.19568021846723,7.74287535882605,4.88358077224597,-0.448521846811279,160.164841245713,13.8697797927244,7.52564996065886,-96.6536702372997,70.4673951436546,-28.9129992516436,-105.237262929394,-81.4832164562143,9.82482796125023,-85.7885038174497,5.50151559488045
-1.16596153608175,-2.59813916819704,7.5299515304476,2.47983043715265,58.7147364022603,-15.3552449664188,-58.8976586053054,172.850324813615,-16.1709695971635,91.1779610911666,33.5254622451862,107.481283348601,85.3956630716256,-93.3139528701684,-0.646220486804647
7.09927322076066,0.996061652638521,4.10214218541822,-4.72292412123236,130.779363338709,0.626572407955954,-53.9633548063267,102.298111087423,-33.3339759645692,-40.5878920106613,-63.3181124571372,37.2787505810163,43.2568645001622,-52.417209689032,-11.7793203287083
1.44595320069986,3.71167480528251,0.584785342232679,4.5696436965398,32.252588046884,117.516322110508,200.139737897653,-401.303916465613,70.5516879909105,39.9825438528626,48.7519937215796,-6.39984814488154,-64.4808435449827,31.3140013181689,17.413814809756
-4.52973082456526,-0.298135734885985,1.21878414982944,5.9131619957387,22.8674605909212,-19.9726338942782,87.0453459049483,-171.312858340264,24.6039319206955,-14.7570303131014,-56.1885106058684,27.3988094104771,43.528294326334,41.4690937252108,52.0475967262013
0.387733804606988,3.36183092824934,-3.76129378479334,2.23353795418413,-313.084398106908,-131.686003383126,-214.152275597181,-142.114129308092,-141.007434098272,34.1284567387734,-68.6075436030132,22.8230132607487,210.186661902182,99.5638725586693,50.3995986868124
0.491239684365028,-4.53451215781925,-6.37333609174037,-1.17508156703344,-8.68596466249542,16.3009939474822,158.992622022901,25.10913385366,-68.078454447284,-25.3907195134698,-75.87202829245,62.3524248881561,-41.178479838254,54.8891123021134,-56.8584525056311
-1.40186925867526,-0.163450721433365,7.81299351608657,-0.790297518407263,-124.8306005805,-74.3700400383757,-24.7335580098823,-73.0237194467702,53.3922448834316,-7.74363083545413,-55.1282884481939,-85.0063696679056,26.3660917177705,7.49798012150183,-19.016384570282
3.34302118652402,9.58630816482964,-4.95880225469066,0.962636989082648,-86.4523280886858,-36.7976835895313,-116.081064516263,-142.144842250476,23.4202562374982,60.7059061714617,-76.1262234732183,-22.8574900596973,-4.37011810835713,4.26252495783905,-118.959866027503
-0.795056825594888,-1.28343645184551,2.62639977124149,-8.09827613986861,-145.711275158505,-82.7001657779468,-162.771811412829,-54.5874069353483,50.3134821897295,30.9257852144715,9.29082042217511,-57.4945757351306,74.9583786693103,11.4229716527604,-38.7993986672534
8.10130553017416,5.16841001189973,-4.13801897277163,11.5038489478717,177.915622671826,31.3814616899224,71.82009658704,130.272143492286,25.3738975037711,-67.8962109070749,39.6760288142125,-47.1522771472045,-0.9080488336943,9.02910229057257,-3.59047151169155
-3.27872363767129,-2.08784363987125,7.29253842890368,0.54877246271759,-135.568106379754,45.3980420488355,-134.51466147585,-105.719953901009,2.36251643610796,-46.207874605205,21.7476874545041,-18.8539469329716,-78.2957025416727,93.8701724437949,-5.09358288800869
0.900796367707772,-3.57443664710952,-0.699953359225122,1.89540447090332,-71.6345762925741,-172.856075892589,70.8925647155746,11.0255044740822,-34.9281339205071,13.2701190474937,-8.39711347550904,-54.4613900114529,-87.2407274707714,27.4334096301408,-31.4544357558139
2.073659443245,0.279935854348588,-1.42967023644598,-9.37898679125292,222.193622659243,-38.495523232996,-13.0379116722286,-52.1497200906258,-93.8391837036193,27.638427041553,-49.262707620455,1.8447289119853,61.9919075787747,-100.541225430891,32.7429238338957
-6.53052848701424,-9.46340214162697,-1.80823521422993,-0.168578576993366,402.457531130461,62.8399590624438,-127.546148660729,-6.79443825988026,-4.8922953376032,22.6464176790734,11.5638109753167,-47.4145388340815,-8.38505273606796,-3.98620787344236,-2.41115871213814
-2.34748938803126,-3.13589393364722,-1.17604327978445,-1.79578192377105,-283.506243096011,41.462586086959,370.898632212615,12.4722212197945,47.0881275680418,0.168112745018099,-95.326028067756,-23.2914589652541,11.1266780377754,-18.6643213817924,5.0115600630157
-0.949068396714492,0.443490729000385,3.02499703044474,0.849200773730894,-47.0146111314635,-135.533895733061,62.1266256454389,207.258404521202,12.3663577401307,-36.8123384421157,4.66598031098232,24.6142655982964,-125.839054903306,-63.1918241834974,468.36125232444
-1.42966513141019,-2.15629372558083,-2.25588023275123,-10.670491578305,0.124112369360548,265.180233353824,116.822010784074,159.651441542836,-75.8110999098623,31.5785263574977,13.9288503162888,73.9483993638065,57.2625220237591,-7.02571295941241,-919.572858056719
8.15736623470277,-0.400033189287613,-0.103844749071689,1.73862332907876,-181.87514864118,45.752292805119,100.153662455313,38.7215636974786,118.950216224494,-72.4487713896072,-49.1730043644921,3.74422078231503,-52.6019013212219,44.2083176234647,-335.823041128566
0.809703565181646,-1.40239270959325,5.90430418615775,-10.2085956172492,-91.2068633797029,-45.5892212016597,-63.1698229811556,-245.440121242259,-42.5022867601139,27.4607881336745,-30.8917598624357,-4.72343389927188,-53.3738003342505,-42.6560151374211,-925.55847053628
1.48580744012746,-3.55553247207751,-10.5291428678519,-4.45701667826148,-66.6563307536272,94.8499236217011,-6.97516052527068,40.7706390416369,-36.6608190255664,-60.3937464332793,-14.042110033223,45.3184949807477,19.3136226424259,94.7331713497316,223.524638451364
-1.62640018822295,-10.8269592095308,5.89921681794734,5.39653334918646,-125.936549104279,2.90781677801328,89.3121618161623,-99.9710360868248,-72.3231463697769,-21.2922896168313,28.6265312134974,-1.71621693920396,27.6307992777607,-83.8925970455824,-347.61828996831
2.17152273001749,-5.22691762080492,1.48695988540753,-6.82913963268996,188.429672075514,-124.94800491381,-28.0864351456178,70.5185240242977,-55.0714433955152,22.9420359653632,-74.2745798211754,44.4768848974597,-80.0618633124301,-89.0908884655161,274.962036090292
8.27958219216905,-3.87896836320631,-0.921286203153856,1.72248317930724,-131.562407264157,-221.192629224928,158.471320807246,-68.6286985753198,-53.0616389312372,-78.0965711412095,-51.8663098380924,29.2438182175338,70.1528586088574,-61.4867952914064,545.857611145139
-5.04189268525995,-4.76155373444334,2.79109186556017,-11.6386533080307,165.917013231287,-82.3609819064172,-157.804509397293,156.866050408805,69.2772091574312,63.036321580862,-84.6230612930181,-29.0350368231868,54.1027871946314,31.3205050893494,-198.192781419727
-5.20630248133955,6.61477767217835,-4.28046795541778,2.21055732191533,8.20936214076182,-239.138038226734,-67.4971878265734,128.065294723781,26.457973844211,13.6716519134625,-11.8277321582679,67.1956693243011,-38.7580114284585,51.8938880765204,-33.8062453688023
-7.1728455853058,-4.08661662126161,-5.24803419829744,-3.09897406409389,249.228517980272,-166.825994613962,114.759190194785,-91.4107127410114,-33.5459700319089,-8.09760889039086,-14.6369928369618,-130.001711930782,-39.0764561238862,-68.8409223026138,56.5174872445159
2.96463200334624,-3.25518919824895,-3.72483491140024,5.83640287618467,-112.15066469179,-20.5890885980761,64.9944762747266,-138.828063920501,-223.047224197355,-39.4746422453641,-96.0592527805454,5.1900408285556,15.681931593892,-49.8294992078297,-48.8170943868525
-1.03064740899241,6.67695963693208,9.1703422029372,-0.960838700646943,208.989574097188,139.424255964569,87.2180351872955,12.740718566076,35.5707284821597,-9.71213439933478,1.67902023090467,53.8054957346419,66.6914303137616,48.1526810804855,98.4168332180266
1.66751401391922,4.17065579970668,10.9958340528457,-0.558989211814226,167.362464229099,163.363082946103,-78.5874372418659,82.3728116207954,-111.848716353278,-9.55850888436464,69.4483993418406,59.8246745412593,72.0881236537697,-21.9911910648491,-17.7184592128478
-6.86550802902234,-1.14076538353733,0.799385791193721,-1.651841741145,-72.8312709696606,5.84088979976645,-118.832793833807,10.9162189441917,59.887496781583,-35.3738343937142,0.408652646153808,-41.1191356440554,20.6761640321448,9.1129403271856,48.9192214045017
3.10698176022006,1.72704504530723,-1.96234768678034,-1.720345900049,-178.25589258519,13.7724548856972,58.0948070114016,81.0080445909077,121.05987671434,20.3032325270219,12.7412972059357,8.55701511473056,38.866799241874,-30.3768213925264,-73.7350236346252
-6.88168698219451,-2.01190137268134,-7.76993179535113,4.78170759891159,23.0581787181365,-113.3790327452,71.0619651493674,55.557786864526,87.2595036858574,53.4441822741292,-17.3351489996403,51.3797295938413,-9.00088658799688,160.198664563908,-9.48092992398477
-0.114441545643176,5.16065026304421,1.96139940001802,1.15216344275551,177.500823753564,-63.0532951485394,119.44532755181,144.985410376024,5.7491559318275,111.744523417344,-63.5320626270509,64.2776114728387,-35.1084727708296,31.8973447080345,-32.9348945446867
-7.69249715699625,-4.30974953869258,-8.67836475765466,-2.13486192420135,-26.7496777249269,190.309072627911,-99.6774434754232,-126.74375224578,-57.930175743712,-29.4346238170816,70.4662367438359,-33.8641752357043,-32.1115656599408,-16.1799182457666,-76.2623031829853
-4.5201611201414,-1.12343412020501,-2.37471893145488,6.18391376947331,-366.408467523415,-189.749657682569,-95.9479380311824,-208.683784089226,11.0818047291439,41.5576135494442,-52.3397889589365,-70.1152311162567,62.1199779436374,-16.7388278080511,5.23935784754619
-2.09410506706135,1.41970500560359,-4.73364683988596,0.158260977596138,-200.558519395178,-213.685783259616,-355.818306404544,-47.3852950921932,-39.7928274203169,-63.3622584155267,0.343000624606626,-85.0834651004854,28.2429004944808,-40.9826046236041,3.80257336885795
-0.693614577480803,3.95900105658746,2.97398837129183,-4.60959515340997,-278.095883455578,-36.1863991889429,121.921900161573,110.471172518731,65.3680560437256,11.7187970321581,-8.67986732135417,51.4647843558148,-17.5194314028334,-51.8550724732162,72.3375629154047
4.2916837132683,-2.28817193119219,-8.06364122205461,-5.24686879358121,67.64295036237,-83.9152637424183,-41.9265764681974,24.3865785151381,-9.37387315827128,13.2849687609059,46.260266272136,-18.3477609716143,42.3347727815963,41.3170584023223,-95.4807912418277
4.4406347271116,0.653787573760459,-1.87669738492794,-1.46050172600784,41.6297062334852,-98.7142072813696,41.1873973675544,123.833379025287,61.5792892110366,28.1452870862959,-61.2705733530457,-61.0168886584997,-37.4119797594066,-11.1478796968798,41.1496306260126
-0.785562442248922,-1.02854720254639,6.59024116081802,-5.52256825969075,76.6221018058032,-4.1709655477194,121.443069976238,66.8853944122217,60.1255034812963,52.5861153747525,1.34218803887602,-31.0736982357919,20.1315516494671,-41.7442548282253,-15.6177992286999
-6.51223617938248,4.21959217601311,5.89917037795586,6.11747380318997,-194.041829586106,-124.780309038504,-26.411815856169,-167.822487242792,31.2836964994876,9.01106260048056,65.8865509750992,49.6195109172277,-44.0046717843396,-19.0038743800939,-25.2201812953464
-3.07920143572667,4.18144445915912,0.365232753907569,-9.58779130965517,-2.98171211711189,-17.2000133094907,9.45044487630071,53.85819135615,-46.3103555874228,-38.6960137525403,-51.8963476848772,14.9370027810054,49.2007813456299,-37.9739489129995,98.4364816953487
1.20392849627038,4.30202694116671,3.79152906968865,4.48064289475253,95.0035073430175,-3.49376200421906,174.754045308502,-54.9628750449862,73.98646340914,-1.31216690112163,-41.161902275489,69.6889182994891,-2.94215890597925,60.6496236712727,6.8731553734853
0.324056671967876,2.27146781423335,-1.71980257124008,-1.81237296752359,12.6591946521959,-105.233561146637,153.727312834586,-97.3864178456767,-1.26072190478856,-50.3242354697923,-99.7393981357279,48.1955039383024,41.3378451688114,11.9028283538982,-63.7073195310401
-1.41296353920737,7.12325072658902,2.62344000232132,-0.12059897565021,145.720158493464,-102.920028574451,22.4122087920341,17.1118810615343,3.39063078697301,66.6891058132407,-32.7155818643313,39.218352100557,-0.135744749057565,-121.169991607317,-15.3554222610182
7.93205443145891,2.20299721529473,-1.59815606362143,-1.61452090608535,192.492933719754,-40.3242587811204,-26.2408195630534,-59.3317525513094,-71.2426707038181,54.6438811574356,111.119887995601,-88.6988936905339,-16.0576256392109,6.93376088371786,-36.2754897780745
-2.04035074504252,5.92893775180973,-8.5126911980308,4.91703100431524,-67.8301290409533,46.2279111471252,-41.9213891915178,-233.703344442568,-28.6668410958005,-21.0344418870024,-36.1644044015645,-96.1772881276097,-64.4895542599782,2.98537838777716,-54.6471626934608
3.72304581478448,-8.29430899489613,4.58172072329023,5.19972440651122,-52.1253116059316,12.4765217660358,42.2262101681081,1.40534045938803,-53.7633308531959,-55.9678614988221,22.7849372019017,-15.5663314096009,-50.3723293220151,-47.588811528913,30.9521522278928
-2.68772902659594,2.19573929123672,13.3670906544426,-0.0425836564090664,-528.219406023318,-112.693946345438,-54.4275030029509,138.215119899563,53.7009527237097,13.6054204345376,10.5722366008065,-88.5517930328442,-9.93743822374757,0.957524736440811,-86.830517393954
1.65510862323183,-4.89919595815485,0.765468518470479,-12.6000709653384,-380.553887136122,46.35311537261,-195.293553633453,-212.208505494065,-114.204654830753,30.7540747310365,-68.3426480630852,-29.9312736653674,-1.8568994228504,75.4270854385783,-34.7419736097517
-1.46621786742203,-1.16855458619527,-4.00420544742554,6.96511739633702,492.722764479637,128.976886088085,95.0815496379517,-27.4327581998641,122.849247064663,-6.99628129317509,-35.2278943644251,-6.50286198934559,30.1452257245531,-91.1640969145859,0.803150152095105
2.91109955656433,-2.52992416248619,-4.70636357914571,5.34280329144783,207.313669816711,-109.322646207863,-37.6639720005569,87.1177629597345,-46.9561859770734,63.3702203107067,33.6746198760768,-4.20344184492546,-35.3217011486528,-17.7299278842752,51.5361152421114
13.2406633025239,0.982227223568545,8.40086048312509,-2.60952559877751,556.664904841942,42.4544077890052,40.6334993310264,51.8244939184715,-22.6137590603416,-36.1516919673411,-0.545423358960187,-125.487177592391,26.0113307824894,-10.3678102260336,-13.9791105960276
0.899793595053147,-4.27568882334711,-7.40252054986375,4.67877288108064,-60.6491156327316,16.1108765549763,-72.1096532925499,27.9132434113406,-43.9890349259628,32.8213023880303,-9.54945474765275,73.7518949990407,50.1557892003791,3.24537132624034,28.9600299387854
6.8027968542955,13.2690598016976,2.72439357882773,4.61502226065643,204.132069736564,-153.641354967885,-40.0946634586901,-36.8354634482674,-86.6537796371929,38.1704070881752,64.1953131129676,49.7476825388039,7.43756006239866,-64.389869082491,-119.868423405544
-7.15194877509895,0.835765132614627,-5.72518020799773,-0.152920928950176,87.8360587084964,-129.784390116458,-53.9407004049696,128.136533554286,-45.4445472819056,84.4894003295964,52.3707880765125,-40.2589214769061,-96.8024710344483,-37.7376273606776,-9.47406731318246
-4.89253770821188,2.79285972720485,-3.53863586210876,-3.89085074797269,23.773816872235,74.6514357835247,65.0343680005875,18.2093466877248,-26.4237483430166,110.540422165807,-78.6281398065206,-55.0667517124999,103.687347531989,7.47903415645441,-32.2230713175558
-0.579877943159838,7.06869234057121,1.14293116159552,-7.03049172525252,84.4616250897109,-84.4321494867325,165.692762985082,64.9732216443163,36.7628585835275,-60.8966146193694,50.2764292102688,-72.6312516062928,-18.0971314197122,-60.5801655499407,9.69129381518217
0.54229298941958,-3.50827448979951,8.37761406255865,-2.24362126158476,-224.690117813,-48.1843562196017,1.22724155973064,64.562227253575,9.06453329050785,-77.2631629173089,2.15907189366084,-56.2297973953824,-87.8308239707122,2.74878309783054,34.171423600616
-6.83436498074875,7.92521339883213,-1.2840797389883,-6.59599450565583,-54.2181207536667,166.110114492922,99.3436649316607,-75.7616292862574,-144.401673113769,12.9677292377392,14.8135397359485,19.1028929816181,-10.2907537252486,-46.3955368702132,-10.3937649712655
-0.957775180913531,3.3906060140472,-6.17328920915013,-1.8708949195366,-44.8109723855992,56.752666968251,-7.70152687045504,-10.9621490544272,115.218578994873,-59.6318547012457,-95.9744541609648,-92.759691627132,22.5344310186951,4.58732213078683,-49.7435985056957
-5.12499725218844,4.23970670113418,7.37754722023345,-20.5242061887803,196.863153250647,-301.996523372505,27.6962481313626,55.2888686338501,102.604609503156,10.961887392163,-42.7305711767023,-110.780060059983,-46.8415006720562,-43.3031943076272,-22.2899037677276
1.96626920430945,-1.95813566827505,0.265368780289648,-2.84185023945068,155.050264676125,28.4885106712051,-227.675450248758,32.3520140756748,6.64394653960196,41.1385789233788,-10.9951054058317,-2.46781377062982,-18.168285903495,-35.1127578017413,33.2269818182335
1.44642548266565,5.04117819806568,-7.85244281312307,-0.849301285610615,174.146883339763,-11.0001026000485,145.078024502295,40.0909137953951,-38.9844433279173,81.6643682371598,-54.5649935319822,-1.32407958801439,-48.4096340182822,40.2602247827727,33.5640218838978
3.18245769090751,-1.5802374945041,0.142394568708241,1.35112865928986,123.414495929735,125.914335075922,-36.3924423388758,21.0419406218085,6.1109054171408,69.0013932180944,25.5102695944012,-52.7516897089736,14.1029624588505,16.108250393952,27.8386515702996
5.06861653338242,0.43472358485242,1.58571777376737,3.89485787253842,-282.991295795447,25.7302877553755,96.2907494308021,391.350064442404,-77.0474026043601,-74.6511243901556,-48.0899258522287,-19.4499151139511,27.0793884112381,8.35408153443138,-7.63543520559236
5.59602014878495,-3.55305754425244,-2.82362993246622,-12.1910298571751,9.47002719969644,162.024105899637,-112.25712655401,-87.9053371521943,-35.6862966531048,-13.2593713642918,23.7174392530756,94.5462312006541,-16.5147713701121,20.842814094081,28.3810149004154
-1.03343688705364,6.5386005397735,-2.90711851679202,6.86454076870123,14.1700552842182,64.702087987436,75.7880950496655,41.7129914039758,-65.5368376552175,-6.9839374447146,-49.6098999157878,6.27618288104841,50.3338908305457,3.57318092539874,-64.7442956761307
1.44952358745531,0.249705508440508,-3.58783666055535,-2.98971362632608,-66.59363977426,145.286002667468,187.973774896477,109.403835455085,51.4431666785435,9.82913391882539,-76.5579911803418,-11.7101740059527,-1.51625033316917,-54.8632645167744,69.3121575778931
9.45271138866474,-6.09039088184418,3.2983078816529,5.6887257053992,-83.3152437257066,3.30178489072978,77.7567184548755,69.4527751306737,6.99669525368145,20.5446972129754,80.8706073617412,60.0704492981314,45.0399465758714,29.0831690977276,-67.4497673872986
-2.43340581222304,3.6723498477472,-2.30430817174524,1.677925073305,99.1627783638965,-121.302831599465,82.5354992231419,-129.489399868789,-78.0280718957416,-30.1948347623685,-63.0293761781871,-9.86767242713157,76.8122272959067,24.9605681134346,-40.5958152167405
1.23155505352395,2.89235156882722,-1.31020494363503,-2.17564614210911,156.274818931599,-64.7111348444732,-81.0594258347355,49.5878496242064,-51.7839643073345,-64.3130431536273,67.8482692748023,18.8981739405981,14.814845270206,-90.1168892233332,40.7661780629724
0.260177322382218,8.03124832112539,0.773612903773379,-1.22529378806911,197.962877853422,-9.12972158869089,-9.46856929103889,-68.5335800979346,-30.628615442716,1.08538184975172,-58.3541370185483,-115.059858275759,84.7767563421437,-17.1634590339922,-76.8156028051818
3.0947328925775,2.85516201693797,-1.19430034619047,5.52461704213652,308.47028254289,7.08696753577173,-52.2715420996977,81.1817188079171,43.5648441520438,-63.9930376767827,31.6090040568953,19.3324243700578,80.4937036328677,-18.7345926796884,39.1983772423447
8.87535853082246,-8.6815169093781,-0.440528465386935,2.43142630861688,12.0675420624972,125.647481217365,-115.504079249246,18.8691332481465,-55.1025420836333,-120.257970425492,105.216848821911,-63.8760687925771,85.6933892442967,10.3430726484284,-47.5385124344781
4.28198028944661,-2.33288272034867,-4.94483729428159,-0.125517421950961,-204.153608719975,-51.3707713018644,55.0892679650355,48.3796991529522,12.504213358319,132.920307322986,-53.7228883539196,71.0545784287648,3.89060948976765,27.7953001026066,-34.987784216874
2.09037478687191,-3.25103901791949,-0.160248363745517,0.119273792207375,228.497276761789,-46.4063282376515,38.5691381769692,-106.960994921742,-62.2245284230098,-38.4908921350561,28.1390671220862,28.5374940742458,-75.8619133501471,11.5025691777617,16.4897817843991
-0.727955113401486,0.748389680486456,3.41967465460783,3.75962617750484,-133.328993803797,-189.926718561053,97.5216365344658,-40.2129694362602,79.2999739699033,42.3847436528374,-64.2249011200159,-30.6368428691086,-52.7600762683429,27.5800197435524,-52.7022095080072
-1.99978348285788,4.74807333195372,-2.34762399280242,5.10161383070643,381.346661862456,-26.7962627787202,59.9173771303357,10.0119612015712,-141.566319985138,90.2440390898612,-60.0705010549526,-41.8253157642018,-29.9778031122114,-15.3295676041374,-38.8967642945034
2.32433622653883,-6.13506178946115,-3.61130051107064,-1.93173343288618,2.94172581044376,-113.633866021771,188.014475366857,135.815641881588,21.9409580304143,-55.5880786200373,-24.5662329105569,8.6927065768822,-5.30805067910915,-55.2362424929691,40.2733074880623
0.756166144432663,3.96655334124979,4.69992581201798,-0.99805970384454,-145.718832475745,-111.535075725085,12.242236079915,27.2565138672962,-76.2062412212636,59.4898773407058,-23.5907573195101,-12.3020956619163,-24.5770084694296,30.2365989573319,5.39979262782027
-2.60417497697068,1.81603652340322,-1.67732185569391,0.614128853537886,15.273117726436,188.867182997627,-82.7677958634387,192.795535785582,-9.06020282740839,-43.7472969360881,-35.8413187436647,3.38915417010822,114.312615763338,-83.9445636863918,33.2863180298898
5.53604157857618,0.301036105101652,-2.02909264218035,2.21086081847329,-178.011010288314,165.872816998225,35.4450584756768,132.101098023377,121.421603412252,-30.642315670983,23.1267257978443,12.3480759313179,91.1940308973252,-28.6392468169847,5.91103172459222
3.15180259207979,4.05734998543455,-1.79515381266654,-0.177774138750631,72.6375016135161,-55.0570276036868,130.864432938706,-123.981096937327,99.0136914322129,67.6930984935157,-59.4339203159842,-1.60821823213001,-44.1447105431558,7.76053140186111,-63.6266491785201
-2.20414982573885,3.00913372917289,-1.95408454567929,-6.73509683070983,-336.180077250827,-95.4805008487234,-960.222367480435,156.262422447359,-6.76773368580296,49.6617224136954,33.111554101136,71.9612291439489,56.1224740826019,38.2710032355204,44.0712808070261
-6.17291484590938,7.47444799716338,5.08572117353209,0.55818113670227,-42.5155331488148,291.441172310638,72.6459140266674,60.3764729466635,-53.6733417506508,-11.9531812729575,85.3526159015737,-11.0825976371421,61.7648947016194,58.033427078889,37.8158166705634
-1.91836810370803,5.11850687251772,6.81177712492479,2.98138955961111,-233.720856314425,249.826476201907,-574.780476878416,84.814356955472,36.8253269753695,-111.776997106514,82.671469720795,-36.2234684554501,-68.7735981377134,16.3111863514256,19.5055683340096
2.997379028267,-1.32932624953689,5.41677973879962,-0.522955539106871,-5.05605091587794,-92.4898954436279,62.5036264234569,28.4379012933841,32.7382183123911,-30.4920449704872,67.5158079654634,58.1336256941658,27.799215731977,0.0310298463101597,28.3174818917521
-0.958376549226701,-0.641137025761302,4.32916843760433,4.08555008249041,334.104718190187,-59.7905891330711,404.067522781942,28.6191737197195,-66.2614255624491,48.6080079571487,1.82466756415943,-15.1954309570655,-38.7105986127511,26.7464278358339,69.0274368312965
-11.4570844283134,-2.38523687825848,0.395787948478427,12.7401108075093,205.583313757838,54.1079753251392,-1521.63099133228,191.115780784391,140.799184713776,-6.68069687979134,-87.5687969254842,-24.0063472978416,-98.4304911981212,-9.21922057579027,23.056436244133
7.93215149545916,-3.73324559291795,2.81761962655789,2.31075915131523,-223.288175162994,89.1301437019044,-1092.35592949188,118.606916295204,-8.55169963124521,43.3747966414176,-57.6194441225702,-9.55577124053368,17.8803029449405,-44.6753515234615,11.9702837192878
0.33778347868436,1.54871963788802,-4.19874924484844,1.17798037493955,-181.736926999012,107.352583381983,1252.29957736745,-180.14795928984,25.6986511590175,-29.6181445994839,29.4215929821018,-48.5467867439134,16.4833435695954,-26.7870267739704,71.9142535900145
0.718883299565805,-4.67271783130017,0.416173833923774,5.07171088708738,-19.9498567540357,-79.6156996084713,-1394.38003975303,418.474943467942,-26.0504473665142,76.200626326837,-9.86922423596659,83.772238801267,47.1509462745363,-18.6801514421954,63.0709157353943
7.09218566383696,3.4570762758967,1.71123933193069,2.97415058342089,84.7847366920288,-94.5253895900065,1706.28291983028,-197.96862707989,-66.3183202598119,-32.242732999075,-3.70870953406222,22.0039174319905,55.1016185727515,24.780267750179,-18.0280631844603
-2.9511036711111,9.26524302218876,3.9533252285592,2.90890356060704,-246.929422121929,17.7459185949399,-1185.35282995861,442.133068994889,-40.3576098905156,-79.0655865447889,14.6285559007045,24.4373954026912,-3.36618395909913,-48.1325027605831,33.0981967449591
-4.51066455073035,2.422781171388,-3.3170056083997,0.337315789350353,119.387613365086,-74.9236799022975,-782.941598246049,152.612397053306,101.224615919881,28.6273871087904,-2.05729609413495,27.689529605315,-52.7341564224678,27.6239830776494,-19.1986339118635
1.64872315100313,4.00429604701678,1.83922529393069,-6.25205475177698,-9.58098214974869,115.795370015799,1079.80148646651,146.824380494723,229.700513971222,6.74995105265114,9.97550646917813,-37.387362196511,-86.704479234351,69.6040959204828,-7.01945218257472
11.4013074771877,1.09645296401511,7.89959009320141,-2.66507203203718,-112.109247367576,-188.34925597013,-1580.63242028561,417.657021541887,6.22579114865609,-79.268700472293,82.9439821643997,26.8433748733835,-27.5150915335166,26.6119882533028,10.702962395777
-1.68046413100839,0.0838080542738492,-0.928600781299848,2.85484455871795,69.1625273909434,-9.4284588746203,1280.01307371918,-393.540551367737,110.209170561416,194.571238275613,-3.93962333991937,77.7286989342226,-9.39233074432592,-39.7157120132824,-9.62451654704715
1.46165714611009,3.13986758719518,-6.46445050427842,-1.29811124386928,-242.31146499807,-55.0783603540194,-355.83270457335,92.5192433385934,-109.756598693737,53.8045949973738,50.2549548986084,-8.38539444606623,-591.125728570291,-21.0066365759459,20.1720894141095
0.00645973440897006,-0.71185983888572,3.32994942374398,2.63359148839303,498.900510206743,200.616675062188,372.625258658668,-247.344460513585,-133.696134959319,66.5706653070496,-12.8172802080391,18.546071835635,278.489584651279,-10.6602416478606,-21.4907323412977
-6.5037929248176,1.86797451390142,-5.9860048510131,-1.31039529235666,59.139893382623,53.4294850868224,1097.53577929288,-208.584112168606,2.32028664709748,-72.6516979021763,32.9392701505113,93.968003792972,599.707320350023,1.96342346669037,-20.8656728163102
-3.90436276091168,0.795948526902458,5.8834261808688,0.174237023722977,-51.2162292491084,-115.652072962055,125.399357232471,126.327948587049,90.3968553676415,56.8338216332815,6.63122327262296,42.0571670039917,603.138178135342,-24.0708256926926,44.6783531782408
-2.19090637157392,3.53738788119798,1.31285749793742,2.31468620946572,2.30328155560976,161.928552971272,-52.4177598941229,-32.4445533917968,-32.7289451563592,-79.6965166668738,7.58305005112314,-93.2627822036138,992.213713115604,61.6534111283434,-74.2551790907312
-8.04455448970855,1.37885409458302,-1.8806056641859,-6.03607297373619,-158.513157590083,213.952480715944,93.9696951413892,-163.001031724973,-73.4389730578724,14.273494656024,6.06896664883426,47.2901868546685,-219.102860593027,-11.431328599716,39.5098450348399
8.47782428186783,-1.51914195138478,9.69261438687932,-4.19104211894255,-28.7149203883366,40.3063463209779,21.549672353527,-24.8998760271032,-4.77705463252926,32.4935488086655,-80.5347514768227,-12.7928684139889,-966.882307851999,116.209268214456,-55.0284212829719
-7.10310590306853,-1.1166682214979,1.03359364820221,-3.61056745699723,127.10858538416,1.82512799077391,7.87134526433176,229.098029714168,-153.539127201885,-21.2252897892011,-1.42415922225764,-26.4138799097395,41.9937969480575,20.8654522533073,15.2648920981055
-4.39752935113267,-1.34299698697311,5.178719492885,4.42986888689009,99.8029038314388,-17.2285152190359,19.5475319172539,-129.5882781086,-74.4946252158252,34.5733971933461,26.9698846178239,-35.5873062805444,-50.8316872052176,52.7962865519201,-0.514868783955668
-6.13806413820821,3.02801979339044,-1.66103788403256,2.89277164729817,57.4953745529203,139.945961797968,-154.905622074138,-24.8629007008154,-154.309879510003,-68.4348557316536,43.4617965802598,8.81819479569607,-37.2303890852452,-28.8108074160426,-44.2023620811978
0.117053483507047,-3.30814538114476,5.67198460768332,0.727095251768025,-67.8319665199829,-161.27302595545,142.290474571307,13.722735827649,-17.9007898861192,-71.0921483353497,15.9771320939999,43.997203255983,-157.074551947198,-61.5256786411247,15.4575077362197
2.48290148304706,4.10793410409711,-1.09604447598911,2.85914085054928,197.917930527508,133.899305527201,151.143319386606,-140.526347558142,104.649922593252,-79.8007016545037,23.1947345726178,-1.17724252342187,-31.1081259553182,-5.25072172040495,42.1533165243057
-0.909149489659442,3.71861992809722,-0.665593813248966,4.80221488205483,-215.1315036338,9.91276423961481,-71.8330598653952,243.628317468789,-16.2822858677855,-50.2386889300401,-94.7019674524411,33.8024043368635,53.4193046850429,1.33890239410943,29.1300218520292
-7.21537830374335,5.57093297056871,-1.371276217518,0.272182104892992,-31.348137936478,187.093465319601,-47.6637655447702,93.8592183162919,-127.088417693222,-44.2029530324747,37.8005991760384,-2.05854999990619,0.158748796863741,10.8608527970811,-37.5583516594823
5.84264488317156,5.25984994172121,-3.12667312177356,3.46589222664118,-83.1926729406096,84.8600958866909,50.4586872702563,-133.460847651157,16.29290223293,57.3899260517329,-14.2918630755471,85.1452818882481,-25.4404902932981,-0.0251435151745872,9.41623604181984
3.58482491431869,-0.509185525837777,4.51305845284109,12.6933512743714,-16.6034632960605,-25.1199272117849,6.7874193947871,6.35252678283918,26.8025832997711,90.3270607236823,27.3729109019226,94.1559096650419,43.4377523130482,-271.917278859047,-47.7142028552013
2.42033592724002,3.02853493866022,5.87161930615436,3.60030820223532,145.134418668154,-44.0780922929497,-173.516767280329,30.6854181810058,-93.9893211834314,-6.20722867474434,-47.7471450510447,-32.4012471323473,-55.8524279982312,446.669246444506,-48.4827065824212
-2.83541396343597,-4.88591053397694,-1.9975845701562,-0.366921014336536,-326.679199644195,141.890594493603,51.8779091098112,7.65883978179218,88.2507736165313,-55.851525643949,27.7989808559229,23.0261340471227,102.106415216519,752.315739079128,33.1669068979558
-1.78402694898463,-2.95765340290913,4.96914115563978,-5.5100599513802,70.3862928059315,-194.30224655284,101.517523946434,-9.79598977005551,56.7499963080372,-101.729940013284,-29.7613464516407,49.0275431951102,35.9970017134435,-359.585834786207,-3.39241003941442
4.38356470994002,-8.48406419224408,-7.07354091945232,0.287364851112248,63.4200297505067,68.5852493802812,-10.9917826953104,-84.7821840050128,-61.9322212033337,41.7458921848106,-38.6124240022387,-29.7691696400855,83.1431923699407,-1.00970480263537,16.2801776470517
4.1813106645999,2.86973928447522,0.82381244314572,-3.01187872966884,-35.0242251085896,3.06394892093248,53.6865895258648,20.5405498295814,-52.6020550039872,59.9203209311488,20.0586429329989,-1.89121337045395,-19.2029618146948,-600.429328560029,-2.47147326755642
1.75032403697387,-12.4655935250613,-3.87114565815178,1.66347140241055,-132.568310415445,-13.1420340821223,90.1454175384935,138.272289309715,-7.25787329240619,-34.1396813608862,43.6082187212966,16.9012151627824,52.2967267419415,-1024.81323498691,-0.530448638612255
6.32802283708296,-6.34106222624643,3.87493252998787,-0.631165051969179,-177.110600082326,154.771823958016,-23.1733995693525,50.6812064350086,-63.2883258807047,-107.960917492718,-28.0154513580489,-13.4680629661559,64.7876062868382,322.536123873659,-53.1114360442354
1.40077706404293,-3.54895603006588,0.20200026683578,-1.38724012044916,-325.133875816674,195.515885684056,169.280100042849,-128.246059702157,162.155980672644,45.1337425563202,76.0915208662029,-25.5947628408375,-21.4204482521543,-701.48846423757,-65.8025624367081
2.98545608404102,3.38156766463383,2.58006089510862,-1.96152060549967,222.216061058384,-1.39672331115682,40.1009043558499,-74.4240897480375,33.4808038411593,74.3394208806449,-96.9933514022503,48.4783035920583,29.7746316276265,-27.6499991706588,23.4899892152209
3.28626102210459,7.34526892839073,5.45821930130945,0.485956896140032,-419.616120989935,-163.209362348813,-59.0940485310327,89.717109590692,-155.378021481853,86.9089131826758,-33.740831176011,109.994260198893,-44.6555779577761,-8.1553998889771,-10.7425514912959
6.20070674706031,-7.62751012719561,-13.1168546833434,0.455318827550949,-9.0082735022622,-23.9565335644701,-75.1001613744031,-62.0862817228102,-27.5091996956174,21.2629798312442,23.3609409279845,-1.83769404201115,14.073216121446,-47.3151656912389,46.1459883023665
-0.354045917069207,0.181442268376412,-8.80809767380216,3.4710890563048,-111.398969708203,-54.660627917254,88.9020234684483,79.5210127220259,-46.4280135753596,55.9113200472552,57.2618953384758,63.7203368748439,-72.6435830751904,-81.7301937940838,-70.8043971139951
-0.693934704326787,2.93679240028058,2.72853508954643,-7.31974411704301,-150.995283201877,12.8270092697215,-88.4509351762303,-160.654177953424,117.230502549719,19.6679564945567,8.63130642844456,31.4348226195729,-61.3377736035257,6.95542630768979,-11.1525858709805
9.38977751731014,-0.780714838537202,1.23100547201832,-5.93592742318514,-13.6922946553344,221.244124829084,-53.8235323919363,153.038439870155,-21.6690246019326,-26.4970276926779,-10.3171740873728,-38.1782913626138,-21.3587959295395,28.7082932436892,59.772845888198
-6.6692107323749,3.4820526580214,-0.653638498335186,1.02325676098744,398.180771350065,48.9163804212527,81.1298068049525,-111.394752938189,-40.427127870289,-58.6734128456429,44.119240541169,58.7606399071612,46.4845359909289,79.3857913502891,16.737587386062
-0.207563166595812,-3.9964619573255,6.33295404021323,-6.18826933642228,12.9029011124127,87.3425301718809,258.597117771162,-29.0805320730758,-38.7428418199829,-8.80749617206929,57.6658107200409,38.2650953536604,81.7765639713424,54.45007904121,7.79146004202875
0.145806092156806,-0.287120600176033,3.14927590911443,-9.02164998972148,64.167528018469,-63.1495299279674,88.2828528241234,-98.9215704200881,47.191060411389,-55.555309431562,-91.8089197725429,-52.0869673147561,-15.9332649749429,55.3815076793208,18.4817037489576
7.1615186625984,3.00095846506467,-1.67173537469378,-2.61693856218889,125.331971399501,-51.9516081189107,100.449973413404,-10.5352746008165,82.3394249710818,-52.3803144549955,-7.19745611367062,-41.1485337865924,-22.12140326071,12.2796047505835,52.9921529971811
-3.03610688235473,0.0754450801076157,-5.04312525375819,1.91321894193897,-196.663394312074,-57.1182174185336,76.6151250507588,-75.3548963098048,36.3917197056299,-27.5727830732872,49.2515270607113,23.8500153306052,-50.0454731307209,-9.38146188513835,10.3820117024582
2.73391145912997,7.26153890917332,-3.34527485689726,-5.90359521919944,58.0876872093274,-78.4017161889694,-26.51582065556,252.785605106665,70.5494770169591,27.4911708340938,39.2135208844442,6.22727686206214,-45.8301942567331,7.16878626501457,88.5194257233437
-2.54418759288223,11.5545319730654,5.92532626684361,2.34591212342673,-12.0059897150782,-43.7457979772341,-13.6831133022713,-94.1748596409872,-23.6087846890332,19.9110502843382,-54.1829513833878,-96.8583462015525,-86.4519986712421,28.5984068925916,-103.165566144491
-3.95294711587755,3.47248822330264,5.54500701669072,-2.19865272543208,-50.896421437781,105.055126273704,-45.8811693726933,112.273068214052,-80.275492241759,130.487483244697,33.2335167195044,-5.21366895081309,148.489668702334,-16.0329722601137,92.4746575592289
-0.284413712141152,3.91922721875134,0.214265389417521,-8.94138123987229,376.071256239566,192.78206471249,87.6445526486784,-181.768825809468,127.701970604502,11.1684688173603,31.5595235763685,11.8567882512215,-34.9187367381854,39.1748655702041,21.9299588876259
1.18322492739232,2.70297999806146,-2.08479275377922,-0.00942947756389301,34.6041153155026,-97.2105922231319,-60.1063963926406,163.979220116848,-38.5564250746262,90.4577729637259,38.8529639431638,-9.35328866938493,-8.38349641225134,46.099588289171,-11.3898068349592
-7.23289114765158,4.60127409914721,-4.42614697631127,-2.51732434131112,103.657771161124,-171.978510765591,-161.519737735694,156.96864903796,27.9351642319363,101.027361927259,-6.35172167222797,-4.87847639109771,1.5565293744881,32.3586660546861,-78.7202006668204
-3.73360464942977,3.23411697301408,13.8841080413124,1.76068653122397,147.26464382269,122.706777021726,145.109105459878,-42.085264280878,-99.449534396139,60.1295629223948,67.1993131690106,0.461728685414057,-67.8959082651681,-12.1244947042858,-8.39208160701986
1.0683458906492,-5.89150159952638,2.70640646585989,-0.527967341611312,-107.99516275246,194.335168821042,100.024818337804,-5.8505153443959,-12.6611946538398,18.4926189463733,-35.1355435682916,10.0321607137139,-7.03325825416108,6.36864704323999,56.8857967305021
13.1866883433453,7.53005622394019,-8.02052860416699,-2.35636962852432,-184.760207427585,38.5686557537962,-57.0918144444161,-154.004394642097,11.3248978445982,-10.6340076844736,74.5578512440161,-90.3320303925267,-3.17820955737367,-61.3663769557372,2.33414074349356
-5.87356942769451,8.58048362863526,5.67934655881047,5.23490066559403,131.833568176116,-100.625999427055,-52.5579746241801,-273.480767597233,45.1068136889559,-123.072730361328,-79.3392603268856,-9.60026180075037,67.3334410127754,1.47747263354955,43.9111440697539
-5.15622701793569,-1.12382960289407,10.3023267660023,-2.007512796351,191.0355118422,-102.997573604573,233.669035721392,1481.1105730984,80.9055371912209,16.716347306366,3.94804232616181,-20.1384515301081,70.7277700226926,53.4401106338055,7.26723626842372
-1.2325197557118,2.94807668916903,-5.91725129325714,-6.49323517240703,83.4465695651634,-140.946303547355,-40.0933895234724,168.332648442269,-31.1231639019475,-32.5161172587366,16.6038952695582,55.2982092381099,35.5531341679341,-31.7976602239382,56.1767866069018
1.87460382924747,3.43971024525238,6.32619724962728,-5.1580413746054,-44.4326163335792,-70.6421579466977,-437.024200041681,-1549.93452933325,-44.6655399312396,-59.8140589710179,-26.9614298201639,155.943384133435,-65.0769892910377,0.81915534895499,16.210585549357
-1.43376954695744,8.69893170518233,-0.949120394508281,-0.485646107809147,-128.007021881601,-39.4990491985689,-544.308516602109,-1619.29442318462,34.4575393786549,-17.0585597774682,130.932943012506,-16.001336114976,17.1157607186601,65.4751934162714,-36.1254131216577
3.21854083145819,-5.34675526261349,11.2061860116894,0.571390125292171,78.9777576994593,-53.8141628575035,129.417061645514,-645.127401999214,-87.1915778265862,-19.8781506321182,-93.6864305321249,2.05234276991406,-24.4711661290569,-80.7531405472168,-51.8881348396076
-0.252153716004029,-6.37293655158995,-3.03278316929516,4.22828346386863,173.732455321791,-13.825085029049,485.071569781558,1348.08613163812,-48.2185240056676,-18.5245257022805,-8.80456691582683,-57.0379404959907,-26.7309710617754,45.4822426590405,-8.07217327797684
3.2405791709147,-1.44738964022874,9.05886745206446,2.04001468278161,-113.255122032067,-193.500733001017,-422.805849702247,-1347.59165880603,65.3870240817888,-70.7603585409997,17.3804084158334,-27.4220315588998,14.1948646293448,16.5286022859125,31.7669668800692
0.0198555358619198,-2.76012546113639,5.56105982191073,3.54984174050037,33.4156121538283,-67.56446489727,-237.229787623951,-1927.40867202741,-3.75688300990392,-14.5966938253105,55.8154737326453,-13.4708024414975,42.4129397346795,44.7664042652809,-2.53252657801387
-1.27149505117811,2.97527739818777,1.14129646358246,5.35692184176952,-168.692779278059,-50.4047593350684,-259.864183537599,-909.443700338516,132.758065057714,-39.9852460514628,57.7503273254776,-13.7619665246142,7.82608433399378,29.485871975514,33.9886264326094
5.19297557367469,1.87144394998812,4.90963519855211,6.35793898863685,62.0017670125452,-6.7208617197359,84.5087992648379,-435.907857736178,121.219390198394,-51.7275350845726,26.3246758013946,-23.4908517565162,-9.84137548749862,-25.273415996822,-39.9923573649266
4.22486097916959,7.0685445479081,-4.38928594640043,-2.06144795165536,-347.502627997933,7.2721606471589,499.204645626308,1395.73370382036,8.35980577282856,-14.364112577423,57.316367513615,-18.7818432301617,-32.9876247649021,-43.1787212399995,7.79374424025381
-2.04055125310204,3.03634021483357,-3.40673215257364,5.45739832594742,-73.3904734779833,29.379341535249,110.096057850556,653.809263710652,-23.7620954496278,-12.1700168876336,26.4180203978701,-35.7612161110649,-24.0476327220954,60.1758433477482,-16.3450573661569
6.70957491068403,-0.85077333695338,-4.98471739644274,-2.09010925422833,-135.251654425165,62.7876753855829,-8.33211835839561,-348.646853067164,-126.646925433587,11.5756262343026,-2.26140712908979,17.145122916631,9.3911489694178,-50.3480842859132,19.8486065339811
-4.55042381169149,5.14995226075383,3.20274876682845,5.44561820381688,134.279183909707,3.34527768340701,-230.809252886545,-1848.97684350095,-90.6607703358039,0.293978703042019,-27.9481780032668,-16.642020788235,-67.5833584656363,-16.1001982945629,7.00207145836429
-3.64254403493868,-1.32152416607174,3.28594133493013,1.15424847329881,173.838704453913,34.6539304945183,-136.982973583753,25.6462406080078,-70.9210541586052,-44.8033086658735,13.9017498982031,-60.9596048366011,-55.4236610578838,43.9482775234826,139.191427362504
4.42768837393472,4.35010852924856,1.18956917874087,14.3522735087812,-243.768899380141,46.1145358005954,-125.465278752324,-59.4534077116789,-56.4910321900976,82.4138365702205,-43.8961079685638,-20.1180104894259,6.15850332648783,-12.4888612009577,35.5387047899282
2.80999169363577,8.31022113509819,-3.05319308295572,1.31652158525771,92.6063794516545,9.63041570666236,-211.291667417301,-43.3517500377288,-53.4129558127661,111.52253607955,52.0584715716348,-21.8610546317663,53.3601975896225,53.0119466477865,-165.218195985803
-7.21449991233413,-2.39691039890373,7.31434532842273,-1.08019141300462,47.6285537814463,-32.3151724798278,150.158503542664,31.2725477060528,-30.5054245292797,69.0864590353271,-81.3389914631509,94.7410407362575,13.1251589995034,-78.5777840239368,-46.5446684238945
4.83503228997214,-3.42628696577966,2.97145394251329,4.43535389769955,18.0533022944862,98.8423816652981,-32.1676366652231,21.0723937927962,-65.9070765627535,47.6758503949335,3.30580720760325,72.9051727831243,12.564072947101,52.5484138125994,-40.8177897364088
1.85474769884553,0.43838346794279,-10.8605019023495,-5.62497523155689,211.329433688332,-27.2522236969156,-37.7424824046958,69.768709084011,-11.9786641607173,60.1844553908076,39.6036663260658,77.5997843366275,-22.4580404837921,33.473153589687,-66.5938591511469
-1.91605891874232,2.35640373233743,-1.52801243139738,-8.76019755043002,-17.9038980790343,-160.032788100908,-173.225076791221,22.1062461678812,-2.85738282733721,37.7463719852848,-96.9697461545022,-43.0207122432903,4.92924145983156,-61.9197642060581,62.8732179470337
5.64256708436969,5.22413553982502,-2.85413477999728,1.75418339731044,24.8962863956644,-221.696710904998,92.8398501867962,125.32604133615,149.241788055697,-44.9646341005425,-41.8216939579984,-23.361646210861,12.9827077967987,-86.4238800664462,-46.6782172512018
4.10902889312653,-2.29482275064388,0.0365974689190116,2.95457439631043,-313.746307545049,144.204895110488,86.0559064036519,98.8592303256456,-123.92897508825,50.4373716822067,9.01716866241737,-77.233181513087,-29.3473321034036,67.5961435265587,-46.952133909765
-5.80438248586712,3.83854125572002,-2.81305764835198,6.82858740349607,-165.106303360441,187.896636314145,14.9063060581589,-128.852185009564,-88.999662253188,62.4679304326165,90.811407498949,-22.3545019840127,-29.0450853486722,-68.9868618216317,-41.27630326751
3.88950984262229,-5.79989795737665,-0.641941671282065,3.8570808781053,160.031457460438,-25.4878416897548,-59.6157493532321,-45.3652687707724,91.8947314998227,26.7039635892852,61.6052098021266,14.102985631009,-131.366016820547,39.3004867666823,-18.0036933655402
1.43108105307342,2.95611807901458,6.15967189821499,-4.88492281101453,37.1241598944253,143.485048674601,-0.636021221003101,-124.989379094625,-22.492800519564,-34.5430737772054,78.5374213642448,4.44212071220418,-10.1053120808148,2.85719456834026,63.6794665887662
4.88887084876575,-4.27170852533367,5.94833640784472,-0.338352633318264,158.027121115657,170.793335541068,47.1362903643187,-4.83807780354319,-3.68081996138493,21.6707252954874,-17.9303875147392,-127.69118178005,50.090413821182,21.480956494895,-46.4752375884565
2.49227008360105,9.18209198916178,3.96105249909875,-2.26866083443852,-140.860857338322,-18.5206189246296,20.729862620419,11.8389132480144,99.7738314785744,-67.3596511252032,-54.2333767340436,-77.7240960420169,-54.6225439105288,6.8835679798467,101.953458019382
-5.82606400041115,1.39952607309873,8.19006726850917,1.48283123359633,-161.533850986373,-144.813310689501,60.187720410019,199.980391011273,-19.8203716419327,38.4753142507915,-36.0884335181348,43.7462027555434,0.259376922285348,52.7227530387482,49.8144382415003
5.29785483095174,2.89846376663409,-1.29564642698517,0.453249394870514,6.55982132989841,144.923677204559,-22.9898971832209,-35.6981437256494,69.803518876881,16.661835366206,23.6631606424311,-31.4238641473259,-69.8593191088124,-26.4240312794484,-78.6741274853103
4.50288886665017,-1.54566736668925,1.23674680868303,5.04315140918568,-127.32439869323,211.073721082199,-57.1629016908381,-12.4886758730165,-65.7469898120454,64.5143044330518,-23.5163015650822,-34.4573755056438,-39.6261591094407,8.44070151757263,52.3462673411337
-1.59091801754359,-5.78986351407552,-1.56137232980416,-3.94234452190518,-56.3593921475407,-78.1606712186599,-140.654909165783,-134.459918951736,-49.6734262180369,-45.9026174638377,-68.8485924308676,2.56047060373641,-40.7282747398478,-17.7876180578005,-46.6089990613938
7.93630461536922,5.61036636999894,-8.29598471133585,4.37380336882454,423.139236951581,14.7047334157988,-99.4757558585476,3.20229193847436,28.7255843305915,27.4633928500168,91.6812217237903,-3.47624893719245,77.461559890449,-29.2101816271742,99.8817965588503
-6.0404473564776,-2.46444066373453,3.79121898374668,-0.0580398975537087,-125.317847703914,-60.6775128556835,2.18153738139008,47.7483481989375,15.4902254984968,31.2632835844757,-569.741498526528,134.463229339939,31.7408204939126,20.4946956717833,-4.11915039998418
3.99002944830935,-0.921015019610825,7.37446376696184,-4.43257837632698,-23.5130279089913,-55.6089623368501,57.2860668140175,290.577815223314,28.0718369154699,56.9751079787452,163.695233323078,-17.6978850754516,43.9176931425147,-19.96522598694,25.6487184334545
0.662136342413342,0.262748625298971,-2.33488041016142,2.66492238444735,-73.3138668989091,-57.0825285939196,82.2248692765553,-18.7255027360466,22.902705012117,10.4689353826097,-617.395389298177,-4.98511705506453,27.6872314375882,25.2609896853588,-122.978836160248
8.43425906853294,7.0114082390868,0.186805805568249,0.215437406268906,327.827164406504,-76.7859560216547,74.5314149681052,-39.6589820786059,-58.2203095420881,100.308165263503,-821.215922045536,-90.3937795957184,-64.0946556760636,-52.7556887455921,117.167807206365
4.49642132200122,4.16642522741094,3.86928560136472,0.416337123818298,-43.832842578604,22.8282510769751,-165.193313041118,-17.4201344398904,31.0229750521465,6.86778815592464,-111.493417480279,-150.150439026249,-55.2042727854844,-40.6820954747316,16.6369965382786
-1.53141542144981,-5.51198391163782,2.45565796202848,-0.775527703490858,232.646621343193,-12.0504822775325,-21.7662172170632,46.2362093538352,47.4849494261776,-58.2855963819271,-105.170221745511,68.3804187067058,-56.290939157427,41.3527605988132,-70.616370772666
-3.99736031358009,5.36986005149588,-6.35138716046088,-0.860607505934257,-30.5141345315658,62.0577405384988,-85.0692331480313,-115.329539299346,68.6108874105046,45.4732490526389,878.076339009007,-70.9000784052654,-40.1730077589317,-42.8338131722238,-59.7795804211629
6.16594200134319,1.43427936686898,2.03115583098535,7.02565748581225,-207.489950420006,-213.39287808835,-8.81249096512765,-30.3393484716651,103.136633281732,49.3730855740893,-504.646470662804,-10.2836496879664,40.3930360692191,79.2433927956814,-23.1464800958725
0.816585935739687,9.72951903820134,1.76853709253969,-1.92438501459641,-22.3344228714076,51.7036266219953,-134.963808964946,175.361451441107,-24.861067486541,56.7638795117825,687.165131637597,16.5791144920034,-30.8683242951333,83.8638951008898,-19.8131573553342
4.5063361098232,0.988200507153133,-2.93229151381342,-7.00109244093962,-151.615993231416,95.6382471983165,-4.5041450123059,16.0150529728827,22.8550912746716,-172.643244972578,-118.647635069479,22.2002345397755,14.6312828611997,1.36163802217034,24.6543624410349
3.00607516232066,6.23438086766185,3.67560072892515,7.69008848379431,73.1828836123353,113.19328215588,-10.0359446812429,214.407402325069,-85.2290338566912,-22.8771162109392,48.5806241687797,-50.7154284154335,35.7514461237328,22.3394756832096,-1.14382707958051
3.88067703480564,-0.621370723017392,2.96307609598762,-8.640732591272,-330.802752509986,-65.7228968044602,71.0762549749381,-112.391829652772,0.350398905954928,36.1938285862492,81.0106939200845,-18.9150120230763,100.690569031652,17.7340853229459,-18.0867770935379
1.39102698326685,4.13449914426913,1.50707063397098,-10.9101195363282,118.59114140977,132.315163248651,52.3162423113129,-186.607921032102,-2.49411667742748,56.4091253418304,38.0317526986016,51.8334921531837,-49.8214461234594,47.148587684151,30.2697760827536
-9.33223636514201,-3.04127027196017,1.24588662426001,0.407417959540689,-273.933066487487,68.3998146591073,-117.99142420143,-48.5076172447183,-103.800773303435,38.9068366552455,-9.0425612964413,-25.9903196025704,-1.45156988332649,-13.7888764248739,45.1041109568495
0.576897669918287,-1.44139235657884,4.78426916713387,4.87891406924887,-20.4225292225945,37.261548646953,-68.8886574704662,-23.9536613346362,-26.0772645842752,71.4158551254368,0.583477453866417,37.2302879221644,-24.9280720592474,15.4760417066859,-41.0567650166064
4.76899356646455,5.029856899947,1.43112730940404,2.36156552032965,-51.4466577722644,93.23269665243,-69.6863745948779,135.62471842125,-26.4945033895473,-56.892382212501,-2.92185098938401,102.642524794879,-43.0383849835119,-6.72707149506117,-16.2192019644683
-6.25335579989704,2.89898743562708,0.995537035489342,4.22100419197971,221.097670481148,-10.0791156061927,21.8770496059625,-119.721764341125,-48.3108022669641,36.5505022460002,6.09871294868189,-39.6897871274803,-9.42882810216975,53.4504486112065,26.4230523399053
-0.0949869831148005,-1.39486905889298,-7.06489083294084,-6.43529632552183,-60.7413593559695,-101.059010250094,32.1240299971192,111.797232414163,-71.0148749667603,-18.4998784826055,75.3246750451673,-38.9755948355188,-80.5038610634059,15.3078495771543,31.4928198604372
9.8588742163748,-7.16735886794827,9.18731315994503,3.21076147697772,415.964675232693,115.352031505551,-177.402781227834,-16.9231112534641,114.811877594642,16.1389181977876,-60.9333085989278,79.6476513794686,-11.8040089987673,60.6143508134058,-56.5444815633771
-1.43034330070394,-6.88296022871485,6.49228695605133,4.12806680992545,-113.970952629124,-81.5122462805055,-64.5668617282875,-85.0310954901245,-74.8327711351536,11.46951326198,-54.3840706259203,62.3552549185964,41.2315109497267,-49.6027104887293,-46.379878456123
-1.24253018619611,-0.226419516815196,3.15024263033914,-4.14904548576381,60.2558078406653,-82.8346451311473,200.03816332341,169.860687221529,19.9924244330691,52.7310513736167,23.1646974316087,117.64314071196,-47.5340269363905,-68.9901028542127,-50.8940885891812
-0.49398523096476,7.42806615495835,-2.54085789965543,3.20976060141788,123.59317466166,4.09851625603993,88.9197160888253,182.70862682148,-3.88582417973076,-71.1303809557624,-102.732018000531,37.1045196734945,-80.4641782470216,-28.7331203154621,10.4819307392755
-11.2089897898258,-0.796053106642033,-9.30074515007478,9.21488051755619,-70.1235749749908,135.797246483801,40.0294768558507,-28.4621761380132,-55.0534454447757,-51.210474118607,-44.9930200522927,-66.0251438989541,117.425868214001,7.30932590959415,22.6139421562961
2.77544734521568,-1.50704018885627,-3.42111100897398,4.49667297637607,65.8250977793985,27.2902792247982,87.510319851722,128.675942349518,97.3861830968645,-39.9948746721103,-17.9616635538764,37.6197647012762,-1.2495926659821,-54.8138824411283,55.6619683913669
5.80492726340002,3.84364663379786,-4.14665756983684,6.82263984147078,-282.540817119098,116.77734602904,211.293099133696,-148.812288102516,83.3425923390066,-42.9002701523669,48.0800348128393,-32.4716920587831,-17.1345284559259,9.06990869939566,0.0521164922055664
8.70906443799544,-8.30415393287633,4.44529194564956,6.456473963131,355.004218040053,78.8375332934234,95.5590983449802,-130.539179030539,25.4853737800824,35.8511941781814,-92.3367536545248,-45.3505347471876,2.21028100800164,-38.7361375375752,-4.74584853576292
-1.11105440400008,3.06119685277834,-1.25142788797024,2.99452424293003,54.3010152237229,-14.274395096347,-327.93207979367,-289.903721363641,-20.4841802770976,45.2976436544149,2.99257924000528,-39.4565562172091,20.1111445794279,2.42743666535796,-16.7575621988139
-2.79777527909423,-9.05835956977884,-1.07147006150711,-0.964161762657449,16.7724513245707,-14.6465469913187,103.264174857116,45.1258597419687,112.064671131622,26.3657312705399,50.9038136680545,-345.424074964185,-80.1320271173764,-19.2566092052636,61.9968608851574
1.57307907483663,-2.85550048630748,-2.96205151456376,2.23002787670167,-238.784511509162,-126.270344988715,120.943340749612,266.784747688364,-72.1915116557688,72.9371633607081,-35.4232869990897,-432.117436478107,23.766422868691,-11.9134233294848,-6.29847386330339
3.38928539896588,-6.42251610559369,5.31723120140043,-0.0292645712148035,-31.3079222788242,37.5809808416846,-117.952667914167,85.092259484278,-89.2343435655815,1.14817560799179,64.4024415139072,-718.130132508238,51.6989966075718,-38.1731800759713,59.3514533408969
3.0370079946351,4.05150502910895,9.59682961526526,-3.14574474627374,70.3803307411355,-10.4252150233438,-66.981499083171,145.071503747388,42.9706353670641,-43.4341800001282,38.1419863116814,606.826202349971,-38.141699820182,7.21215625107708,71.0289738218291
-6.16338832038393,0.0868370546599302,0.607001782479938,3.44775903304566,250.029452525713,92.5048421860434,56.5548271832799,-101.484147166294,39.0984206662845,-87.5539598354323,43.1653772506876,539.612947658797,9.57322698363115,94.167400267386,0.225578069847433
-1.86672295892078,-10.220279637034,-1.71237845590356,7.31352973031172,11.2981508066937,-24.0808011500091,-26.0063252422486,157.22332387809,33.6736723838721,-62.2399592699374,-32.7980513491994,-559.158350031171,-121.257926580654,54.6069154715049,14.2067404749219
-3.26381437179294,-1.64704045306695,-11.4010502904049,-0.268151310652497,162.833982479012,2.40185084234347,68.4642564625438,26.5697162599916,-14.9371960248647,-20.4108649003859,13.1910045008999,472.393247838273,30.337487384971,57.3006402553381,-19.586787470647
6.24652496465745,-4.55886427427438,-2.49207854009386,-13.7481103703851,-275.382249181805,-88.1981879807002,70.3755531801416,-55.9314998259325,4.64889668658233,-80.4969630452295,35.0372270546178,44.5949906076633,26.7798220215439,4.58337502342232,9.00308195213758
-1.82321286272105,-8.87629763290444,3.29319007729089,-14.1012718934108,163.049302782844,-19.7419400074746,-22.3566115837433,-28.5198637036288,-33.9305565075061,20.5010100830308,-1.58496572749559,-745.695981333999,-27.7880501434444,43.5844424583694,-34.6822896607284
-3.14487364380851,4.4545832747482,2.48976029336418,4.14269002417138,-93.3019780295123,-95.7540326292798,-61.3460506252407,-53.0547991373192,-134.782629490423,24.2226772908476,9.38972881186937,156.129664447974,-15.2080902600972,46.962807912425,28.0082358146765
-4.32566199417895,-3.35942725614406,-2.75899799047932,-13.7328412847408,-17.8248540176103,87.5906645684009,-26.9738072662245,-28.8060494111987,-61.417843802243,50.1075636143947,79.934990099364,-255.430301405211,-16.0062040674077,37.975747025604,46.1330022016942
0.273556208141887,-0.683359729718267,0.0274279161251205,4.47487280939352,227.900590342165,-38.6182445145532,-9.37949467076439,-105.378562637448,56.0537700428232,-76.6473203710478,60.5656594519289,359.53942472233,-86.5840172693642,-53.1805054475791,60.4910037755365
6.54444116679398,-0.251613256436626,3.67913528308393,5.88172592690288,43.2782053348332,-100.626877836963,-207.46375916524,3.26573624826652,39.9621171097639,-22.0287773209851,16.8557302940964,-34.6520033318289,-54.2413114416595,8.67801304514726,102.195698951311
-8.79837987493823,-4.43711228369937,2.90554941967308,7.16523538787401,-107.90371544151,11.9523651482728,-64.3124986095105,72.2232143442178,70.7559585611504,7.41977523831314,43.8695544580341,-29.7500325045356,5.44506724684023,-2.35290175788497,-9.21907591667941
0.545933149951832,-0.312235889690921,1.30369219681048,0.703412533666679,-166.635383858928,-227.189055084077,114.475638930391,-108.264648691755,-27.2423003196477,19.1229405252298,54.3409774192336,-41.142737989554,-22.7673859533381,-69.5985803164631,121.243316791969
-0.348455472182394,9.06147689644323,-5.46040338436048,-4.77302396713753,-298.301463418871,-30.4212413950697,80.534390002047,-36.6942911904991,-21.0926588134302,-31.0609705791355,24.7362591534718,-52.3806790397373,-67.8737043254603,-8.1519042861461,0.260354078741439
-6.1360761733716,5.69280437796381,2.35786501112268,1.36968499283699,-384.296033965103,202.757432313888,-189.523399268756,17.0587327148811,-19.0163820253887,-74.6581154498142,-66.9404414478497,84.7836604647503,169.255109758909,-64.2498762927856,62.2454244405273
-1.65073421623313,-3.36240288837352,-6.48318575790356,-2.35994959560437,78.88856866586,-10.295189143111,83.1853866053069,49.4635398753903,78.2289853332895,65.8053305053414,-81.258901449351,6.48913878532258,-73.6274854336618,-26.5500475600277,-11.2921863936002
6.15940809257703,-1.45615122520618,-2.02243695630801,-3.46153539451564,298.201185777865,-56.4833387489052,48.4123011507385,-101.117398818616,-35.9394191023229,8.70162060431264,118.890813386819,-36.9775139595884,66.7037258455987,-37.2017816709885,-94.2007893415418
0.863624010714586,1.77930993094775,2.02485616081749,-3.03098185540771,-186.20105494097,-116.20355524571,-54.1297138657501,20.7198129332228,-56.0742048830326,-12.5916746408209,-31.768979432534,7.39836159125138,-7.90699227516321,-14.695398162378,-66.7495193581718
0.43199513873676,0.279005687349291,-12.959859153575,-0.000346964984517288,-61.0903971708585,-0.540123988659178,79.7256226172056,169.29738414729,14.7594366912483,-100.538611586687,-17.0611804728789,37.4586480853944,1.69524082499884,-18.6416511164544,-2.79928235092973
-2.04888552985472,3.94390594389541,2.45783203549335,2.65615850829634,-45.1704384098093,213.817310716129,172.046470507295,147.138240388597,8.68564490026921,-3.41803424241799,-29.1937769117342,11.3348519599901,-23.2529653083187,8.21177540147073,-62.6650077184532
0.884829401913017,3.62608037859839,-5.05010194638023,-4.63749512581716,5.66626654039381,0.0202893134978897,0.928637520093276,-63.8432817763938,-84.2084845654733,-69.366964403389,-52.851121500488,29.1869734526063,-47.7505252869503,-26.5980821441114,-63.9416190352483
-3.86894653745529,-2.07727933511242,-6.5350740777052,3.11094696164751,-213.038387215314,-22.9197643334189,46.76042211687,8.78695983223053,17.390166882922,-67.5405736062848,-41.535502011065,9.55831883995492,-47.4703718983779,-56.2123766364881,-41.389826925287
1.70615654584403,5.20133283047862,0.129290905918813,-8.50695956275886,110.62851641313,217.942964807799,-23.0102569525079,72.7822908681413,1.45874517544813,22.4182046420879,-102.786805487946,128.581277605847,-31.3529430613727,-8.50248488189349,27.8905752272668
-1.56651665793876,7.36472217719213,-0.584017828761575,0.715816028691495,-40.2921630075065,101.04098838135,-57.5899075186502,-116.117263767554,147.243026205052,-0.904433955815482,19.413788840309,54.6838910381204,21.8672370475883,21.1746870479465,-15.0571126135429
2.34077633625102,-3.71494538523308,-1.1616450028403,-6.91352989693613,35.4868165215252,64.7766242891156,-154.754819164869,-31.9718434688923,-84.9452511558127,-16.6590145431986,45.7924906546105,16.8843578194667,-56.5595556391184,-26.3211636406468,-73.1233273059955
-3.22313919335692,0.849648744818952,-5.79318177551581,-2.18999200096977,167.813984075487,-2.21938089969153,20.1085573726515,-70.8906123564241,-79.0992037056697,-38.3714310824348,-53.0713930438911,-47.4693707996777,25.6839756452009,34.4419979239604,-20.5762426488973
-3.25756330476622,0.71569299776975,3.40706833303107,4.9560401706337,127.401641072814,124.65342576842,160.896621191506,82.8262720173678,-52.7706971406034,17.7881394256622,-80.1366500462373,-53.7924204214258,53.0649983459756,-107.846883046191,-39.4180848694741
0.439639822775364,-2.08473302242283,-5.61883269020549,5.63770639435314,-68.854688749307,9.94090561344193,-54.8427356481848,153.767586626183,-48.2831245548576,-91.9744341704412,78.4277310161457,50.5036499466472,95.3722900115641,60.3643172688454,51.4677370115209
2.110245064582,5.98143120087128,7.05928466029857,-8.5773662422943,-106.933284024084,-17.5562891749561,135.926954274151,-94.5156308592784,-66.0995533522688,-19.136520887761,5.95103587950625,-41.6270309419944,-21.4481665189953,-51.1582423122442,-42.1782185331958
4.1457685772738,-6.69643559520742,-2.89054908740652,-1.91526117955377,174.400176538313,81.161907356101,-165.684797196416,-146.768694657541,151.686201530432,-44.9285327050101,-6.15706195777378,69.7922168103173,-19.8148993879173,-28.136297171463,-8.35306927348592
-1.4342861050144,2.81076387330608,5.89194300440397,9.54570415791375,172.875161223672,11.951167487402,-6.10511792796576,-12.9481522504849,-52.4366419762024,-35.3859292852711,-26.2444683598444,-39.9039954111704,-25.3366488111774,-10.0034316550878,-7.48387771282741
-4.54271156449644,3.38486589320952,1.82768500165129,-2.40037595216793,-421.003561205403,-35.2763953825572,176.492913345065,-56.5512653975782,162.813182513205,17.6392673426577,100.037135669979,-26.6879494491218,-132.369624475448,-80.7526719933911,37.2136341879208
3.90293573677564,-2.56952475624879,5.92216304840003,11.3440760444703,113.751629705846,55.4673286179844,-100.839045421417,-92.4902247478188,-17.6370510950336,20.2420423808255,46.957015796742,-53.6933310157781,4.90315956908582,14.8859972345545,-14.3662415914272
0.471312562109472,5.11197584804482,-7.21783310282507,-11.9395156275785,456.14651188122,-22.8918736124978,142.90071414877,166.500092517631,-995.627269600377,-27.6119455408788,-8.3805288663481,-10.3794025788862,20.9272082396396,59.973380101631,-26.6758983583202
-0.398634607167174,-3.59285324655431,-1.86332582623618,5.40941757979033,39.6637799644527,-23.937301990521,0.843137272771032,48.2150803065834,-900.980505684617,37.169284375031,19.4785065807419,7.17163750106201,80.0632170416148,33.4261526313767,20.3805231604982
2.79560890883351,4.29937006231044,-6.25260462063425,-4.43816510762866,50.8015100724111,221.159349478883,75.6252792220567,-160.366933792696,1005.54400363287,-53.2237215395875,-38.0119590440122,65.8114944714852,51.2350670339701,22.3441397859185,14.5060628485436
3.02350784499553,-7.29912467815541,2.30832243584102,-2.02416964853922,-13.3195144503959,-58.806253527261,54.9838546703265,-84.6832711038753,-1158.25219721714,-55.3891005212864,-12.842703751563,15.5623521445432,-1.19938165645608,22.1112892918944,-44.3863764735309
-3.92024966538957,-6.69583386733319,-2.49634753853127,0.643071861034308,-236.341787005951,-132.001722774853,50.1554952629605,115.713342012945,377.178752998227,52.3917057005138,-19.5107948799443,-55.8876317609304,-26.551996600904,9.19031214736299,41.9577552690157
5.69147436775933,6.85647332398835,-4.65116325058263,-2.18544025529975,-192.49438257126,26.5385625813582,120.011167599318,-115.197954106152,-819.109425475216,19.9911237771715,-71.1681508056033,18.8417912429534,1.68637495617719,-32.1074835014389,56.3278210930806
-6.53391147155451,-4.19503516194393,0.761753275238348,-2.3589164198516,80.7005757404714,-57.6553916804918,-73.1768643986909,93.3831258858361,826.288735554548,19.3865023400755,100.516827074171,-64.7938827479955,-26.5807669913741,-29.5648274649077,-44.5317878476718
7.30092247456394,7.22690361491512,-7.8123018818811,-7.10751598202686,354.695839461668,20.0825441870297,-218.716126683262,123.316286534403,929.794919368395,83.9417387698063,35.220711743077,27.2682724055316,-16.7909713129039,26.3162081551278,40.1580371700578
7.34585751398413,0.0954291401485225,-2.68868471157828,-3.63988450910782,-78.6329230714078,-37.874656647415,53.4545813373471,-19.2124366108051,53.4255501839611,8.9374979621092,-33.9014400902079,-39.7909642571117,-46.216190557973,0.337435883952601,-49.8809264196786
0.951459734508281,4.19769828470105,0.328373421435413,-1.36754950258715,-124.1686058831,-137.730221848116,133.846526395322,194.099727238699,-70.7695183051216,2.53264380316256,-25.7745819508028,-76.1006912451556,43.7150228259158,9.19850212556688,-58.6895246711348
1.91175070580217,8.13098320233475,4.11167945729463,8.16480613931206,-61.2415764269559,144.280242315443,-4.57286263173706,-336.752798129096,93.888195234421,14.4219904021163,31.3085797843909,-29.3550269490754,71.7512741563985,41.5984601746034,-22.3268073053006
0.498441845826729,4.8479966853991,-7.62675920084624,-4.09316545889891,-503.28055449607,-142.934369132755,120.658029216321,-73.0927097810469,-4.0098508461885,25.3987978165763,-15.1712401555375,14.0726214936047,101.140032234721,42.1295991689951,0.236452604994612
-4.00213240811086,0.750190197596548,0.767585094012506,-4.25743091164767,126.984177700252,-32.124397369568,186.871234865244,91.8230467449752,-54.6228934683913,-34.1789309802107,29.3285777712062,-22.4822703623807,-7.94064089552917,-24.0293166310553,38.7447798571486
-5.53153399099533,5.87308400358407,5.23444360932007,-9.55374031597125,-59.7411073915657,-95.9059885771746,-160.85485751119,-135.837232222954,-50.863775438456,-62.8111731415365,23.3112136398091,28.3791981077659,15.2033012559183,11.1311709745822,-10.0118380173602
2.26607118178068,0.226148272947158,0.198148395322432,-6.62305667836062,191.591264568577,929.646437970181,-25.8604870327611,-158.031991870546,5.22337646564814,30.5100463889049,-37.283355204756,-25.9859542885742,-2.1159298095731,-54.9753792089417,1.84710785349997
4.95698755593524,4.00827480409827,6.36274806628767,-3.86858046919028,50.2370357259324,-566.337341423653,-132.979650551307,-37.2012568825319,25.8523548037953,-108.916188285487,-74.1632181369408,-6.27823330721023,29.1488102554141,-9.46671249487525,-24.1931495211622
-5.69720284789894,7.54673729795254,3.77612516000594,7.02264501744111,-30.8941324717044,-1284.44564948376,80.0869562830498,-74.6811795159199,-7.53432467168533,57.2329233053473,78.3133332402802,48.0273601569428,76.6026614797161,-16.5563623724118,56.9652523382485
-2.81692913963911,1.03051652371904,2.97066055069749,-3.785551049353,-363.285271568234,737.587707536498,60.5911722786735,22.002651528577,16.8080485701185,23.8334032879645,-63.8324604491423,-115.237877263953,24.7898186155836,10.9545072337281,-52.8606049940231
-7.200193043998,-4.09620940977797,-4.00989911772032,-2.42491204746079,-156.622176763333,-703.594001561303,171.897764889208,-97.5122763907386,54.2087597808288,46.8596279383842,-25.8449058718518,-27.5514201687042,25.7203037525423,-54.5550738514565,45.0147597718711
-3.63062041264959,3.12898058430248,4.34232947550429,-11.5211321156781,-115.984613631309,2089.19386880312,-19.5247416336375,101.321573518932,11.6885201686571,0.947153920774798,-6.69535551947428,2.73679249354477,41.1982966055748,-92.2232984133027,49.5421370620627
4.85164358125089,2.32700826616483,-5.89166254071519,5.19018127050824,-48.8867684269307,-726.620255964529,-17.0396008434691,-80.1509489447451,21.2120728992868,-19.3433261074577,4.8449584570671,-16.4153684530474,62.7653827262416,-77.3234058245152,1.56284859244685
11.0692405745657,-0.316475355938825,-1.21824699979082,-1.29914902578858,-163.364185067725,1234.65210395299,89.0075542838888,-28.1277418138007,26.1631232152916,38.9687674325671,-12.6454605271613,88.4701340502663,-96.7342041828842,-21.3664989949277,16.3563588346352
1.28964021753614,-8.35520746679227,-3.88057802387228,0.335430602674232,-187.437250730846,-170.711759466911,68.060863444787,93.0653061446744,123.630770567679,28.4163701750805,-2.70450799296374,-93.787783538394,-34.8181341119994,42.4071290136102,73.8017062201017
5.38580444116322,7.27280856164479,-0.558956944007244,-5.57173373069952,-116.979623249819,2.00610091933898,233.654108351363,-85.6289811703777,-181.592394206853,2.07579889839418,6.26709942874485,12.8403413152085,56.3248456006371,20.3337002525541,-0.771203602199977
-5.40521873738007,3.33720851868505,-6.01316875578315,-2.19300207676529,34.727247827641,140.091587141418,-4.94067702501922,26.3654538489691,32.7542289883518,903.758357171265,-28.3958428034005,-22.2837947086924,5.67337032864849,30.314007343813,-6.91224408781088
-8.90966222974564,-3.10852799802795,-1.06702131429139,-0.956657267532408,182.164756696409,35.0784573034687,24.2955152144832,38.3017543846554,-126.900215173349,-601.900797322764,7.72940027627167,-22.3474470173859,6.8761477324814,27.0416692201946,-99.1324695712592
2.91871922942847,6.36494358451976,3.13097828651464,7.04676689899216,-203.875322025475,92.0083693068797,111.888193116583,87.9539196556198,16.9384462033861,-646.326087445334,41.6332878740453,48.4206163308175,-36.3682928591611,-7.61752867887138,37.046705732413
-0.241586684899651,-4.87798794748952,0.380540533874521,-8.24392320314594,-173.912181109995,165.788236100501,-106.762344388142,60.6825973992948,96.8808442331526,27.7975187211982,38.667904898114,17.2405528300665,39.3437884602363,-31.6078750603039,-14.7033347857992
2.89839620863554,-4.68807734513372,-0.769999031435888,0.537748478889253,245.742339411807,-21.7416099811229,-7.51814170337499,161.338100188776,-77.2954143237257,1028.4900691224,24.2370689644638,10.9649460362125,26.0986383787444,-91.6736872446832,21.6876237000558
0.545056461384339,4.63228833002247,-6.52733339345998,2.73863629149054,329.988651071391,8.13649381903866,-32.0694263531104,-133.925866754397,40.3567116501082,-504.001105945149,6.35595890928818,-41.7879452337062,13.2915832798357,-2.8068647932052,-33.765404680115
-1.20048992909773,0.706025924984905,7.06159075350599,-5.53129776801014,131.054569421221,99.5793502247094,200.495954884506,-97.4134615666264,-13.1465280678486,-65.3472367405993,2.51674509393029,25.5646369788244,-29.5509291981257,8.14056203832062,70.5902682565503
0.234258543541791,8.87357113308371,-3.52468788886365,-9.28936772856238,11.5859911218396,-104.981277776601,-63.5057740171073,-29.4078243618801,-27.8587142702532,-85.8998215092626,17.7545038920523,26.9329005881964,43.4396458236568,17.0291325462043,-41.2768712446886
7.18486350786015,1.28569853261908,-9.18096932208582,-5.06792953951421,153.295229591663,44.4442359595771,-217.094173693091,-140.277372201862,27.4873645161746,12.1109158028945,48.7937158341266,-87.6769431272017,23.6537937060834,48.6566032931946,-40.5907261464843
-10.3947157615233,-10.097582732725,1.90437054248565,-5.88379426784918,-22.0883349103264,-59.5875423764902,-98.8591589781665,-54.2028172257221,2.65568544551346,-131.686877668456,35.5083199640701,-56.7927589840097,-18.8718503795676,-77.3445701896571,-57.6219133549132
-6.75959011363537,0.532782249540493,-3.71624802577598,-2.84183131686006,-142.261320828344,16.4779499803556,86.8779553074625,-12.7235237411089,-76.9291979440442,57.6489472502982,-13.186406466068,56.989995323494,16.0866290927629,38.9492065824211,-36.7730213849724
-0.627232650643641,-8.24473747965574,-0.01285887667592,-2.35190776191017,353.150909731301,161.139876571397,53.7755550500645,-105.884118830356,53.8915244598215,1.05131867876036,78.3717966851338,109.023415526322,-197.347807478838,117.26653611974,-6.22606046032468
1.18527750635037,4.49113794320016,-5.02098065476712,-3.56682205926492,144.862919257416,-194.809822609813,102.614422447988,41.9110554517896,83.0103132276672,13.1413424530571,0.586731257426609,18.5985638335695,-10.2177106098943,65.4535692673989,23.5422927089607
3.15222141573407,10.5274877172582,1.81728261707882,-2.00894813637977,-106.402367752982,130.036118238266,-100.714678399642,53.0104284087065,-46.1730063718814,-21.1880520761639,-56.6800853863217,-46.0033679123108,73.6074931716508,-21.3236770024559,-32.9095767189848
2.78288447971742,-6.02796882086253,11.2069723987106,-3.7610193004221,-206.903527362432,-91.1663054525222,80.3294124123789,-100.779244293909,-107.41345171384,-19.6800806285823,24.2097564817712,-41.5820097740392,13.4405291177663,5.25255460161288,-63.3262803442692
8.92141495797721,-0.248724753277134,-4.446685690301,2.54166596597721,-117.399947043443,139.492731283518,53.5910711398929,76.5899273805524,-75.6621286997041,78.849190156794,13.7265906888917,61.0971381036771,-38.9063626151482,61.0358126255327,66.4671233142699
4.01244598855545,-9.88179161869765,-0.401483043229574,-6.47372018585829,-179.878935296913,-50.9683279946613,17.3272387651881,-35.738603909365,-148.642366759568,47.2305063624287,-0.452206377149674,82.6703406279317,35.2038982410947,119.383813356996,22.429841427157
-3.11763021756237,-0.415203821453771,-7.53620835727201,4.59679778675595,-178.427787690995,-11.7354911738301,-75.3324918161859,165.228802159252,-48.7635629569342,-3.05607404008864,16.3165071155282,-15.89387341282,-77.4023538810183,-5.91060139866326,-5.28670988079979
-4.748438882076,-1.40617900888793,-2.57825310532047,1.04583093649404,-94.4360583618708,-58.4281207595271,86.9594214227527,130.145632998781,-106.947267839178,-12.0978740052038,67.4318684570282,32.5931491652585,-36.9804656682409,64.4888237376113,41.0559332223995
0.934527950081754,12.9836296024153,7.25539537719044,2.44381998040391,143.755110582407,-198.678477446104,-35.289491992179,159.85514632102,-82.9785674723804,-77.4961706982637,84.4309747042394,120.870763600999,17.1617666595183,55.3600243044271,-30.2133330280389
-1.48479417769666,4.35591997544598,2.85401490840148,-5.53001147897757,27.2239491206772,-20.8024953768823,-55.5052245777754,73.0587539059624,39.763334175115,26.5069307865768,90.4784029015403,34.2800651919199,-54.0538914366874,-32.3001007338869,25.8033298389806
