 1.07331
0.900541
0.972051
0.928023
 1.06558
0.965451
 1.04238
 1.04389
0.971136
0.831318
0.965671
0.979595
 1.07561
  1.0871
0.811125
0.939439
0.917566
 0.99304
 1.03646
  1.0591
 1.03406
0.885045
 1.06288
0.957188
0.955984
0.976749
0.869589
 1.03646
 1.06064
0.843997
0.959762
0.931164
 1.12597
0.921342
 1.02251
0.948181
0.988981
 0.96929
 1.01028
0.982114
 1.15808
0.992769
 1.15057
 1.04114
 1.02614
 1.01734
 1.07256
 1.04471
  1.1526
 0.85679
0.947823
0.917096
0.898994
  1.0438
 1.07302
 1.00998
0.969089
0.977422
 1.05822
0.961597
0.986651
0.891886
0.979419
0.977695
0.929873
0.964002
0.890661
0.977146
 1.00859
 0.88256
0.955799
0.885776
0.919143
0.887221
0.991512
 1.08538
 0.81261
 1.11216
 1.07986
0.976565
0.885936
0.969281
 1.04623
0.982295
 1.01957
0.978777
0.947911
 0.96758
 1.03139
 1.09043
 0.94742
 1.01958
0.980655
0.945766
  0.9403
0.964036
0.986324
0.933007
 1.00555
0.998293
0.968864
0.801112
0.989338
 0.99184
 1.17944
0.880834
0.883489
 1.08282
0.954663
0.931374
0.939284
 1.01167
 1.03087
0.951399
 1.07067
0.905712
 1.20158
 1.05759
 1.18124
0.880223
 1.05392
0.986943
 0.94343
0.992228
0.896739
0.984503
0.912081
0.904631
 1.00802
0.989342
0.954141
0.946405
 1.13694
0.952363
 1.05343
0.937218
0.965635
0.935267
 1.04321
 1.01375
 1.03617
0.951715
 1.02904
0.982932
 1.03468
0.975839
 1.16323
 1.04159
0.932497
0.927606
0.952182
0.881605
 1.02368
0.886166
 1.04881
0.934102
 1.05956
0.902806
 0.82859
0.983382
 1.00031
0.994164
0.854942
0.950485
 1.00536
 0.87907
 1.13243
0.960492
 1.13855
0.839389
0.919186
0.904654
0.946255
 1.07434
 1.06851
 1.13287
 1.04968
0.979571
 1.19637
0.974604
 1.05839
 1.05318
 1.13237
 1.21615
 1.19441
 1.10255
 1.08151
 1.23128
0.895146
0.959624
 1.08221
 1.14118
 1.20145
 1.13283
 1.12323
 1.06808
 1.12758
 1.17147
 1.01135
0.954966
 0.98631
 1.05006
  1.3407
 1.21538
 1.06381
0.975997
0.948021
 1.15644
0.874131
0.904418
 1.02219
0.933297
0.988587
0.879984
0.984342
 1.09499
 1.07162
0.869864
0.900354
0.997615
0.925101
0.815085
0.823485
 1.10687
 1.14632
 1.01166
 1.09261
0.744665
  1.0539
 1.03298
 1.10921
0.886311
 1.00989
0.913092
 1.08129
0.957438
0.912493
 0.98086
 1.00699
 1.03707
 1.05994
 1.09186
0.980677
 0.95477
0.961382
0.989627
0.901013
 1.11916
 1.00354
0.920211
 0.84229
0.801148
 1.02751
 1.00149
 1.10831
 1.01516
0.945229
0.865068
0.920368
 1.02505
0.908749
0.955412
0.908705
 0.87681
 1.02677
0.932909
 1.02155
 1.01548
 1.01805
0.945655
 1.00913
0.942408
0.947719
0.954068
   1.046
0.895373
 0.97364
0.940624
0.999889
 0.99428
0.855569
0.916125
0.970975
 1.05764
0.917889
0.980224
 1.05816
  1.0022
0.963796
0.994467
0.949446
 1.06061
 0.91559
 1.18147
0.963594
  1.0388
0.886864
0.964386
0.930029
0.955477
  1.1279
0.817702
 1.15324
0.924536
 1.02611
0.934853
0.896682
0.928405
0.919576
0.959395
0.973899
 1.05264
 1.00096
  1.1193
 1.01706
 1.00764
0.972156
0.904835
0.940735
 1.14157
0.969776
0.933857
 1.04753
0.958038
0.900757
 1.13195
0.925525
0.970552
 1.11101
 1.00561
0.948993
 1.07406
 1.02998
 1.06958
 1.19356
0.935109
0.893019
 1.18376
0.847903
 1.02342
 0.92536
 1.11032
0.980855
 1.08458
 1.05655
 1.22712
 1.03208
 1.02573
 1.02966
 1.02563
 1.20122
0.926656
 1.05168
 0.90006
0.945652
 1.01118
  1.1227
 0.95575
  1.1752
 1.09195
0.942131
0.997779
 1.15489
 1.08654
0.997447
 0.97414
0.811427
0.861075
 1.00068
 1.03596
0.867626
 1.09038
0.903491
  1.0066
 1.03337
0.936808
0.842694
 1.00616
0.873617
0.950834
  1.0479
 1.03143
 1.12638
0.978829
0.900383
  0.9764
 1.07809
 1.01534
0.918312
 1.03317
 1.10877
 1.04904
0.965392
 1.15627
0.943262
0.967624
0.958527
0.846522
0.999095
 1.05171
 1.03611
 1.00958
 1.01677
 1.03353
 1.08074
0.987565
0.873975
0.939284
0.910565
0.917941
 1.03825
0.960771
0.951412
0.957089
0.920166
0.858383
0.851252
0.891704
 1.04072
0.977251
 1.02369
 1.16227
 1.06865
0.964784
 1.07649
0.925229
 1.01649
 0.86577
0.940786
0.948311
 1.00412
 1.01163
0.930121
 1.03174
 1.03142
0.957451
0.709221
0.973041
 1.10199
0.928498
  1.0156
  0.9267
 1.01518
0.901311
 1.03677
0.967818
 1.00621
0.976989
0.984682
 1.00544
 1.13928
0.953819
 0.99099
  1.0559
  1.0778
0.972203
 1.01562
0.947646
 1.05847
0.995834
 0.97738
0.822007
 1.04224
0.965049
 1.06264
  1.0438
0.918187
 1.07755
 1.12966
0.943769
 1.09585
0.887292
 1.10732
 0.98483
0.974925
0.853364
0.922561
0.990763
0.872411
 1.14587
 1.04379
0.933048
 1.00049
 1.03186
  1.0639
 1.06222
 1.00201
0.936919
 1.04804
 1.00632
0.790745
0.979683
 1.01873
0.943626
 1.04254
0.983642
 1.00046
0.952825
  1.1659
  1.0788
0.898578
0.829899
 1.05795
0.944928
0.993855
0.980546
0.940269
 1.14647
 0.99506
0.924794
0.941669
0.934837
 1.01601
 0.93376
 1.00302
0.906203
 1.03262
0.998249
 1.05582
 1.05191
 0.99194
0.852496
0.836222
0.960602
0.891996
0.946731
  1.0402
0.833017
 1.09198
0.879428
 1.00211
 0.71392
 0.99315
0.945097
0.992784
0.945339
 1.02724
 1.05101
0.929402
0.989553
 1.02309
  1.0856
0.862732
 1.03835
0.951831
  1.0119
0.846965
0.918415
 1.01759
0.851714
0.983099
0.957158
 1.04604
 0.86654
 1.00272
 1.04021
0.944938
0.880483
 1.04772
0.842667
0.905929
0.965755
 1.00633
 1.06161
0.946908
 1.07488
0.902974
 1.00693
 1.15834
 1.04747
0.980226
0.923478
0.886371
  1.0569
  0.9912
0.908041
 1.15298
0.990533
 1.07468
 1.00978
 1.07268
 1.07976
 1.00047
0.968056
0.819843
 0.76435
 1.14778
 0.94303
 1.13954
0.971198
 1.15042
 1.09153
0.973136
 1.04894
 1.15567
 1.01709
0.915545
 1.15475
 1.00017
0.950538
 1.02561
0.924526
0.967338
  0.9203
 1.05758
0.885062
0.832206
 1.13719
 1.23415
 1.01993
0.864009
 1.11387
 1.10079
 1.05291
 1.05121
 1.00858
 1.02699
 1.00671
0.849081
0.964929
 1.02876
 1.00599
 1.00689
0.988165
0.890947
 0.84614
0.766023
0.996447
 1.06487
 1.00863
 1.07171
0.941689
 1.02293
0.975848
0.915709
0.988385
  0.9911
0.859919
 1.17473
 1.02867
0.901007
 1.12029
 1.00609
0.865993
 1.06341
0.987331
0.859913
  1.0491
0.856216
0.931479
0.889303
 1.03743
   1.084
0.940174
 1.14813
0.912472
0.953092
 1.01043
0.860427
0.924055
 1.05823
0.894163
0.984837
 1.01973
 1.04088
 0.89911
0.779763
 1.06166
 1.06832
0.987762
0.917746
0.933062
 1.04397
0.974774
0.956235
 1.07644
 1.02797
 1.06926
 1.07078
0.946833
 1.20031
 1.07182
0.948708
 1.07594
0.949029
 1.12044
 1.13318
 1.00906
 1.01714
0.896371
 1.11066
0.932935
 1.00102
0.965833
 1.01462
0.930198
0.988506
 1.02615
0.730364
 0.97266
 1.09606
  1.0458
 1.11322
0.915476
 1.14939
0.983965
0.950681
  1.0847
 1.10119
  1.1407
 1.15533
0.916115
 1.05252
0.940737
 1.03065
0.956445
  1.0633
 1.04316
0.887951
 1.14024
0.893292
0.824935
0.989737
0.886989
0.784825
 1.02174
0.961502
 1.09509
 1.07176
 1.03758
0.779666
0.979794
0.852195
0.928461
 0.91576
0.972264
0.911412
0.964286
0.870625
0.957884
0.956871
 1.13004
0.968225
0.955834
 1.01168
0.998061
 1.11905
 1.09852
0.924538
 1.02172
 1.06335
 1.06276
 1.05298
 1.01858
 1.25004
 1.04383
 1.01277
 1.08269
0.887527
0.949075
 1.00549
 1.18173
0.954212
0.775674
0.979282
 1.13742
 1.00149
0.896179
0.991492
 1.02121
 0.84139
0.907038
0.949329
0.947352
0.958413
 1.00202
0.907444
0.971569
  1.1206
  1.0834
0.910317
0.956441
0.961548
0.928768
0.909958
 1.01432
0.853282
0.976679
  1.0417
0.981747
 0.85106
0.952284
 1.15905
0.930544
0.992922
 1.06663
 1.11296
  1.1895
 1.20142
0.944068
0.961497
0.964258
 1.02214
 1.01726
0.938835
0.879139
 1.09671
 1.15719
0.998463
 0.99408
 1.12314
 1.12846
  1.0251
0.886185
0.883872
 1.05452
 1.03186
 1.00828
 1.00007
0.966486
0.998444
 0.80136
0.762197
0.987287
 1.02293
 1.05094
0.984972
0.876631
 0.90227
 1.01203
 1.05039
 1.11354
0.929561
 1.01736
 1.04063
 1.06569
0.949805
 1.01826
 1.04086
0.830241
0.886011
0.992514
 1.02538
0.906924
 1.03228
 0.96232
 0.98864
0.952692
 1.02587
0.834577
 1.05531
 1.04245
0.935135
0.928161
 1.04255
0.855928
 0.88368
0.850041
 1.00415
0.910102
 1.10561
 1.06162
 1.04606
0.997793
0.993915
 1.00947
0.912256
 1.05686
0.909805
 1.05241
 1.03245
 0.92802
 1.15847
0.875845
0.937225
0.931003
0.995848
0.942231
0.925232
 1.01931
 0.89177
 1.02389
0.921172
 1.02117
0.967508
0.969299
0.997673
 1.02507
0.985571
0.888129
0.977821
 0.96348
 1.05924
 1.10032
 1.04977
0.963945
0.977163
  1.1396
 0.94651
0.908133
0.843011
0.968184
0.918191
 1.03485
 1.02286
0.927052
 1.01874
0.914307
 1.04366
0.855559
 1.02212
0.935659
0.981842
0.953196
 1.07444
  0.8547
0.975795
0.975551
0.921814
   1.024
 1.00136
 1.02487
0.965067
0.928691
0.985985
0.859346
0.884693
0.910099
 0.94221
0.877604
0.878134
 0.89982
0.939645
0.925967
 1.07253
 1.10464
0.983682
0.910533
 1.16544
0.999398
0.986606
  1.0387
0.978689
 1.15241
 1.04456
 1.05613
 1.04006
0.935672
0.896296
 1.08114
 1.06611
0.948189
0.912758
 1.13079
0.977511
 1.01803
0.915123
0.988056
0.881267
0.980038
0.898175
  1.0798
0.907784
0.820883
0.900311
0.913059
0.960899
 1.09113
0.978287
0.978829
0.799477
 1.11715
 1.09742
0.913326
 1.01812
 1.09216
 1.18024
0.918027
0.871809
0.982448
0.972806
0.987793
0.914358
 0.88597
 0.97143
 1.02078
0.851387
0.955358
  1.1594
 1.00432
  1.0026
0.933061
 1.17573
0.831734
0.823359
0.952403
 1.07881
 1.07015
 1.01069
 0.83952
