  -0.0320184
  -0.0869481
    0.014988
 -0.00211603
   0.0281433
   0.0213083
 0.000436808
   0.0130172
 -0.00872394
  -0.0275835
  -0.0188401
  -0.0547452
  -0.0764008
  -0.0331684
  -0.0138424
  0.00469384
  -0.0901509
   0.0400571
  0.00574807
  -0.0201135
  -0.0532747
   0.0365854
   0.0238273
  -0.0493996
   0.0028663
   0.0399167
    0.032248
   -0.016959
   0.0430008
  -0.0469459
   0.0947563
 -0.00834784
  0.00934935
 0.000987005
   0.0323918
   0.0473341
   0.0246886
  -0.0374126
   0.0260939
  -0.0156338
  -0.0381823
    0.120121
   0.0734748
   0.0415917
  0.00282656
   0.0388701
   0.0326872
  -0.0048807
    0.120125
  -0.0485967
  -0.0222168
  -0.0703971
    0.132803
   0.0620769
  -0.0846082
  -0.0191705
   0.0198164
   0.0353011
  0.00867329
 -0.00649319
   0.0162276
  -0.0446567
   0.0189797
    0.111862
  -0.0109927
   0.0381387
   0.0189271
  -0.0400291
   0.0580943
  -0.0229013
  0.00189194
   0.0192324
    0.034609
   0.0174479
  -0.0252269
  -0.0604689
   0.0522695
    0.067495
 -0.00702832
   -0.092101
   -0.182907
  -0.0921703
  -0.0547413
   -0.108841
     0.16785
    0.102825
   0.0548763
   0.0291324
    0.020643
   -0.053694
    0.125635
  -0.0365818
     0.10578
  -0.0340854
   0.0276611
    0.109134
  -0.0437288
    0.155675
   0.0887226
    0.160447
   0.0251819
   0.0847157
   0.0127211
  -0.0279478
   0.0920484
  -0.0589446
    0.155296
  -0.0981035
    0.227441
    0.010298
  -0.0555641
  -0.0178934
   0.0225565
    0.217998
  -0.0804617
   0.0222578
  -0.0445664
  -0.0301779
  -0.0675793
   0.0814497
     0.18626
    0.132077
  -0.0982041
  -0.0564605
   0.0596393
   0.0733298
   0.0213487
  -0.0450354
   -0.037212
-0.000778386
   0.0772339
   0.0646229
  -0.0395469
   -0.027296
  -0.0380608
   0.0133332
   0.0701933
-0.000121111
  -0.0892757
  -0.0866968
  -0.0346842
  -0.0193511
  -0.0466513
   0.0209798
   0.0324778
   0.0489594
  -0.0752399
  0.00317122
  -0.0277205
 -0.00790426
  0.00107101
    0.176208
  -0.0232271
   -0.089896
 -0.00323518
    0.035119
 -0.00771645
  -0.0483489
  -0.0223777
  -0.0156435
   0.0106788
   -0.110064
  -0.0273163
  0.00474354
  -0.0411573
    0.162916
    0.058554
  -0.0475236
  -0.0130002
  -0.0416729
   -0.028827
-0.000371993
   0.0226775
   0.0783398
   0.0306936
  -0.0707483
    0.114757
    0.142396
   -0.156246
    0.100369
  -0.0625551
   -0.087858
  -0.0135126
   0.0916553
  -0.0583329
  -0.0457314
   0.0512905
  -0.0505757
   0.0582248
   0.0470048
-0.000689182
  -0.0190479
 -0.00846869
   -0.187049
  -0.0243655
  -0.0436822
  -0.0146476
    0.103042
    0.072112
 -0.00677467
  -0.0979402
   0.0114598
  -0.0228508
   0.0813849
    0.273033
   -0.234803
    0.309005
    0.226607
    0.149329
    0.214464
    0.170141
    0.146309
    0.140414
   -0.123483
    0.168897
   0.0758998
   0.0198453
   0.0475703
  -0.0868085
   -0.102935
    0.272213
   -0.252287
    0.143728
    0.154218
   0.0621307
    0.270888
    0.165908
    0.185262
    0.177595
   -0.192898
   0.0397977
   -0.017036
    0.260853
    0.161654
   -0.113105
    0.260472
   -0.140676
  -0.0370024
   0.0946021
  -0.0361616
    0.109304
   -0.193485
    0.408444
-0.000347308
   -0.173072
    0.258897
   -0.315966
   0.0894381
   -0.235722
   -0.210576
   0.0821053
   0.0817466
 -0.00791965
   0.0577668
   0.0692713
  -0.0478752
 -0.00931274
   0.0096733
  -0.0484094
    0.044097
  -0.0636428
  0.00135204
 0.000600699
   0.0187988
  -0.0129285
 -0.00417737
  -0.0408716
    0.101296
   0.0275211
  -0.0416113
   0.0469755
   0.0348581
  -0.0396509
  -0.0117522
  -0.0428509
 -0.00924998
   0.0674601
  -0.0521987
   0.0173824
     0.05328
  -0.0310926
  -0.0234395
  -0.0189537
  -0.0636149
  -0.0278221
    -0.01303
   0.0400395
 -0.00578049
   0.0280521
  -0.0507499
   0.0372207
  -0.0222762
  0.00589055
  -0.0608488
 -0.00926504
   -0.100116
   0.0489117
 0.000843799
 -0.00384803
  0.00155194
   -0.155145
   0.0638355
   0.0704097
   0.0509265
   -0.162487
  -0.0197317
   0.0054509
   0.0573447
    0.152538
   0.0724996
  -0.0258972
   -0.159009
   0.0290971
    0.232979
   -0.131709
    0.166918
    0.067237
   0.0171424
    0.157031
    0.108061
  -0.0415159
   0.0877549
   -0.219643
 -0.00487656
    0.085861
 -0.00870585
   0.0501078
  0.00959901
  0.00544162
  -0.0020858
   0.0130548
  -0.0118282
   0.0670182
   0.0385783
   0.0519081
    0.102937
  -0.0466506
  -0.0561858
   0.0729609
    0.166928
  -0.0362156
  -0.0127061
   0.0604388
   0.0182498
  -0.0359392
  -0.0799238
   0.0708319
  -0.0363168
    0.165025
   0.0997072
   -0.012242
   0.0366922
    -0.11686
   0.0448567
  -0.0150108
   0.0339342
   0.0583743
  -0.0178552
   0.0141094
  -0.0837752
  -0.0690632
    0.115178
   0.0207853
   0.0806296
  -0.0830825
  -0.0123483
   -0.164935
   0.0921655
   0.0336099
   0.0154569
  -0.0120681
    0.113528
  -0.0413412
   -0.145498
  -0.0700912
  -0.0604015
  -0.0673991
   -0.126186
   0.0494686
    0.148219
   0.0775132
   0.0947045
     -0.0435
   0.0202059
    0.137796
   -0.137287
   -0.150665
  -0.0753887
  -0.0272427
   -0.136409
   -0.140387
   -0.103696
  -0.0200754
  -0.0934314
  -0.0870793
    0.146164
  -0.0343295
  -0.0122265
   -0.147805
   0.0153659
   0.0930996
    0.050569
    -0.04027
   0.0202633
   0.0137102
  -0.0466117
  -0.0769546
  -0.0743112
 -0.00164774
    0.124944
   0.0382825
   0.0397924
 -0.00876238
   0.0628284
  -0.0608684
   0.0245058
    0.140098
   0.0153425
    0.109838
  -0.0756441
   0.0292197
  -0.0985561
  -0.0547722
  -0.0448062
   0.0520365
  -0.0410262
   0.0806326
   0.0255235
   -0.131912
 -0.00659629
   0.0232072
   0.0206111
   0.0464107
  -0.0240591
   0.0150914
  -0.0046747
    0.127147
   0.0534142
  -0.0265003
    0.040477
  -0.0314449
  -0.0796602
   0.0527429
    0.128239
  -0.0513298
 -0.00590891
   0.0965086
    -0.12975
   0.0564162
   0.0283503
 -0.00654976
    0.138644
  -0.0469986
  0.00907081
    0.126065
   -0.116221
   -0.233281
   -0.204966
    0.145961
   -0.259339
   -0.235275
   -0.184609
     0.19306
   -0.286594
   -0.208492
   -0.201024
    -0.18027
    0.177176
   -0.248113
    0.142585
   -0.173542
   -0.176752
    0.134659
    -0.15919
   -0.217561
     0.23287
    0.055939
   -0.211774
  -0.0392126
   0.0678918
    0.192347
   -0.106565
    0.316639
    0.225088
    0.150907
     0.32348
   -0.293441
     0.31615
   -0.117969
    0.175238
   0.0197926
    0.181905
   -0.233299
    0.214988
    0.165375
    0.216876
    0.221759
    -0.25889
   -0.070513
    -0.10005
   -0.025258
   0.0337863
   0.0304337
   -0.111673
  -0.0141466
   -0.106956
   0.0138758
   -0.109888
   0.0140166
   0.0191149
    0.153927
    0.139386
  -0.0457697
  -0.0570182
    0.081665
   0.0471922
   0.0675334
   0.0267426
   0.0680525
   0.0212364
  -0.0547901
     0.10954
   0.0402665
   0.0939898
   0.0567186
   0.0313543
    -0.11767
   0.0186364
   0.0237942
    0.118189
 -0.00586491
  -0.0826943
   0.0740846
   0.0317404
   0.0426902
  0.00368688
   0.0252456
  -0.0890179
   0.0599543
   0.0441809
 -0.00703289
  0.00556345
  -0.0388691
 -0.00686514
  -0.0362486
  0.00558538
    0.124344
 -0.00563863
   0.0508202
   0.0232756
   0.0233243
   0.0282641
  -0.0453647
  -0.0582453
   0.0344336
  -0.0534448
    0.193563
  -0.0721788
 -0.00246866
  -0.0529894
 -0.00272823
 0.000998996
  -0.0190218
  -0.0399921
   0.0227035
   -0.114534
   0.0869419
  -0.0848569
   0.0358458
  -0.0904989
    0.054841
  -0.0167674
   0.0835577
   0.0705089
 -0.00280115
   0.0937434
  -0.0948379
  -0.0522135
   -0.120271
   0.0229666
   -0.034527
   0.0237978
    0.028021
   0.0633587
   0.0709219
   0.0365004
  0.00409651
   0.0660272
  0.00179348
  -0.0241064
  -0.0210346
    0.165177
    0.101387
   0.0479797
   0.0633933
   0.0781395
   0.0351772
   0.0244665
   -0.024814
   0.0990422
  -0.0656741
    0.162484
  -0.0292031
   0.0335369
  -0.0251171
  0.00758108
  -0.0500898
 -0.00758186
   0.0335419
 -0.00551067
   -0.034607
  -0.0599735
    0.124907
  -0.0102003
    0.178882
  0.00424027
   -0.107324
   0.0619012
   0.0184742
 -0.00517985
   0.0175826
   0.0542563
    -0.15292
  -0.0440298
   0.0441091
   0.0548002
  -0.0793464
   -0.140052
   -0.118487
    0.030121
-0.000774453
   -0.023445
  -0.0281238
   -0.200698
    0.285296
   -0.130451
   0.0455036
  -0.0923848
     0.16332
  -0.0802148
    -0.11118
    0.103679
  -0.0420687
    0.128172
    0.148635
    0.139376
  -0.0469676
    0.144839
  -0.0483593
    0.253926
    -0.23093
   0.0126023
    0.162426
    0.180695
   -0.119486
   -0.210838
    0.142728
   0.0833701
    0.046066
    0.178641
    0.129751
   -0.279531
   -0.209789
   -0.447893
    0.127694
   0.0113096
   0.0325732
    0.151813
   0.0764537
   -0.104648
  -0.0199831
   -0.109443
  -0.0545023
 -0.00666776
  -0.0747944
   0.0183764
   0.0389604
 -0.00561136
  -0.0362073
   0.0899415
  -0.0138351
  -0.0545683
   -0.127496
   0.0897736
 -0.00358728
    0.100946
 -0.00154752
  0.00171333
    0.128255
   0.0380057
   0.0292276
  0.00333544
  -0.0522662
 -0.00819828
   0.0147227
    0.118523
    0.152431
   0.0448728
  -0.0720063
  -0.0559455
   -0.032179
   0.0844587
 -0.00243847
  -0.0729796
   -0.115953
    0.131106
   0.0295179
  -0.0524147
  -0.0156484
   0.0375546
   0.0196725
   -0.111324
  -0.0115566
   -0.103328
  -0.0124503
  -0.0469238
  -0.0427273
  -0.0822941
   0.0130195
    -0.02002
  -0.0601064
  0.00874123
   0.0935795
  -0.0120022
   0.0608337
  -0.0250999
  -0.0226129
    -0.11199
   0.0877724
   0.0508739
   0.0335787
     0.13785
  -0.0404886
  -0.0514914
   0.0774091
  -0.0102506
   0.0461923
  -0.0150954
  -0.0289656
  -0.0314179
   0.0743744
    0.138604
    0.103683
  -0.0131226
 -0.00946277
    0.086927
   0.0577732
  -0.0339333
   -0.093599
   -0.125184
  -0.0108594
 -0.00794155
   0.0442392
  -0.0218977
  -0.0532889
 0.000142503
   0.0522695
   0.0728163
  0.00556614
  -0.0425588
  0.00813142
   0.0906735
   0.0732802
   0.0220202
    0.044722
  -0.0743012
    0.111621
   0.0573633
  -0.0503514
  0.00983032
    0.100427
   0.0510796
     0.08954
   -0.101149
  -0.0465766
   0.0560926
 0.000792188
  -0.0252636
  0.00974164
    0.100173
    0.109709
   0.0137176
  -0.0341445
   -0.106201
  -0.0178343
  -0.0382355
   0.0209328
    0.016462
   0.0741199
    0.123699
   0.0402688
   0.0477105
  -0.0473478
   0.0248977
  -0.0561677
  -0.0415018
  -0.0150574
   0.0724304
  -0.0721116
   0.0465245
   0.0565826
  -0.0421832
  -0.0360759
    -0.11748
   0.0711208
   0.0636687
    0.104328
  -0.0463907
   0.0900024
   0.0594808
   -0.025599
  0.00682016
   0.0953606
   0.0737725
   -0.114714
   -0.133929
  -0.0655457
   0.0973628
   0.0562588
 0.000792209
 -0.00075794
   0.0493197
   0.0527638
  -0.0367152
   0.0156772
  -0.0776408
    0.159821
  -0.0774057
   0.0758457
   0.0249961
   0.0213858
  0.00377875
  -0.0525126
   0.0407919
   0.0805588
   0.0353588
  -0.0323743
    0.158654
   -0.109451
   0.0335473
  -0.0252491
   -0.163276
 -0.00974899
 -0.00958206
    0.121673
   -0.104199
   -0.056817
 -0.00401515
   -0.128019
   0.0581562
   0.0130895
  0.00101697
    0.118311
  -0.0136188
   0.0351498
     0.19782
   -0.126371
   -0.114706
   0.0441138
    0.152893
  -0.0590024
  -0.0560601
   0.0793156
   0.0461196
    0.157727
  -0.0667452
    0.141615
   -0.134099
    0.082401
   0.0901864
    0.100754
   -0.100551
    0.100243
  -0.0793491
  -0.0941047
 1.16686e-05
   0.0331506
   0.0622867
   0.0562012
  -0.0346907
  -0.0478536
    0.190544
   0.0149722
   0.0507123
   0.0183381
    0.033929
  -0.0205364
   0.0348084
   0.0289478
   0.0150124
   0.0406456
   0.0126001
    0.144633
  -0.0524849
  -0.0201867
   -0.041305
   0.0534679
-0.000953811
  -0.0145816
   0.0115587
  -0.0197604
   0.0209488
    0.066188
   0.0418485
  -0.0218023
  -0.0175112
  -0.0564754
   0.0154197
   0.0514279
     0.05445
  -0.0105382
   0.0433052
   0.0625548
   0.0628338
   -0.034867
  -0.0896454
  -0.0973855
   0.0360948
   0.0164894
   0.0118541
   0.0255339
  -0.0448807
  -0.0791053
  -0.0868811
  -0.0402995
  0.00431665
  0.00462131
   -0.030922
  -0.0282825
   0.0902998
  -0.0823018
  -0.0567623
   0.0644973
   -0.159514
   0.0788318
    0.111967
  -0.0674823
   -0.019867
   0.0438188
  -0.0092866
  0.00595535
  -0.0248396
   0.0340777
  -0.0516858
  0.00426583
   0.0618147
   0.0873878
   0.0313717
  -0.0623234
  -0.0715508
  -0.0339571
   0.0645768
 -0.00881991
  -0.0692182
  -0.0167197
  -0.0186804
  -0.0155726
   0.0419417
  -0.0431474
   0.0389101
   0.0676337
    0.110695
   0.0663915
   0.0472057
 0.000704754
    0.155069
  -0.0714376
  -0.0648177
 -0.00898862
   0.0862212
   0.0200962
   0.0433841
    0.055009
   -0.116652
  -0.0132773
   -0.174186
    0.099623
  -0.0301849
  0.00178151
  -0.0114585
  -0.0598483
  -0.0515602
   0.0322195
  -0.0347931
  -0.0625448
   -0.110153
   -0.058407
   0.0222945
  -0.0897083
  -0.0728978
  -0.0746496
    0.156841
    -0.11346
  -0.0387146
   0.0380041
 -0.00222131
  -0.0256055
    0.023865
   0.0962386
   0.0279684
