 1.09967
 1.12248
0.991689
 0.94495
0.982027
 1.08169
 1.25953
 1.14245
 1.05161
  1.0593
 1.04671
 1.03124
  1.0423
 1.15453
 1.17807
     1.2
 1.09356
 1.07399
 1.27807
 1.03514
 1.02025
0.963675
 1.18503
 1.13862
 1.27404
 1.04665
 1.14479
  1.3493
 1.19875
  1.2913
 1.16655
 1.02841
 1.19325
 1.19974
  1.1683
 1.04979
 1.12828
 1.04714
 1.08706
 1.14084
 1.21729
 1.28679
 1.25033
0.964612
 1.00485
 1.05069
 1.18061
 1.14743
  0.9045
 1.21948
   1.096
 1.27983
 1.02532
 1.15615
 1.15577
 1.17045
  1.2753
 1.19192
 1.07215
 1.15583
  1.2127
0.994974
 1.23398
 1.18991
 1.16209
 1.15569
  1.0671
 1.02899
 1.06468
 1.10111
 1.19832
 1.16415
 1.18126
 1.11214
 1.12243
 1.12642
 1.00358
 1.10264
 1.26595
 1.15935
 1.40331
 1.17259
 1.28346
 1.43953
 1.25194
  1.4424
 1.15985
 1.06691
 1.15096
 1.22217
 1.23169
 1.28502
 1.29268
 1.22764
 1.20451
 1.19394
 1.19715
 1.37344
 1.17017
 1.27968
 1.42772
 1.31157
 1.10083
  1.1859
 1.26607
 1.05635
 1.29202
 1.33036
 1.27411
 1.42723
 1.16483
 1.09549
 1.23522
 1.19529
 1.16779
 1.34522
 1.13105
 1.05332
 1.05268
 1.19854
 1.35086
 1.19234
 1.01569
 1.14056
 1.20503
  1.1679
 1.03149
 1.28967
 1.06455
 1.05994
 1.24475
 1.07548
 1.05372
 1.14705
0.903939
 1.16839
 1.27793
0.940798
 1.04424
 1.18033
 1.11494
 1.42731
 1.06514
 1.17563
0.980426
 1.17727
  1.0548
 1.17395
 1.24205
 1.21197
 1.08259
 1.21921
 1.03943
 1.04372
 1.25839
 1.12521
 1.15849
 1.13969
 1.08474
  1.0514
 1.15431
 1.06325
 1.06917
0.939358
 1.11725
  1.1116
 1.16661
0.990415
0.973027
0.927103
 1.21881
 1.02981
 1.10073
 1.07078
 1.14469
 1.01997
0.961637
 1.04605
 1.14074
0.953229
 1.24274
 1.16539
 1.07169
 1.10949
 1.08024
 1.20612
  1.0868
0.999249
 1.07958
 1.06978
 1.04878
 1.18513
 1.14527
 1.11022
 1.01198
 1.20223
 1.20356
 1.08757
 1.10063
 1.20183
0.994431
0.969446
 1.19274
 1.59129
 1.45305
 1.75011
 1.61602
 1.57514
 1.25497
  1.4801
 1.78401
 1.45596
 1.27393
 1.58315
 1.41713
 1.23627
  1.0494
 1.22216
 1.29897
 1.16264
 1.24015
 1.52236
 1.27662
  1.0775
 1.04429
 1.56976
 1.51392
 1.49369
 1.48171
 1.43346
 1.31862
 1.21451
 1.23146
 1.05438
 1.38375
 1.45499
 1.29729
 1.08858
 1.12618
 1.45946
 1.26382
 1.21712
  1.7313
 1.49479
 1.36999
 1.92327
 1.92244
 1.24599
  1.4214
 1.45842
 1.00431
 1.22324
 1.17605
 1.04205
 1.01045
0.993929
0.947871
0.942479
 1.17759
 1.20943
 1.19542
 1.09693
0.992178
 1.13717
 1.20608
 1.01378
 1.15424
 1.14267
 1.27426
 1.07757
 1.13215
 1.06006
 1.23026
 1.22013
 1.12653
 1.04529
 1.14498
  1.1933
 1.04859
 1.01526
 1.07568
 1.10261
 1.18614
0.998792
 1.14026
0.941309
0.956719
 1.08735
  1.1355
 1.16843
 1.14386
 1.08505
 1.22939
 1.07974
 1.03213
  1.0872
0.984185
 1.17148
 1.14357
  1.0813
 1.09109
  1.1739
 1.12364
 1.21295
 1.02963
 1.12835
 1.80722
 1.50703
 1.54013
  1.3427
 1.42001
 1.18547
 1.15424
 1.38265
 1.16669
 1.39596
  1.3967
 1.29162
 1.26637
  1.3589
 1.60617
 1.14556
 1.60691
 1.10972
  1.0278
 1.08625
 1.25893
 1.11083
 1.13245
 1.20714
 1.03658
 1.18792
 1.08224
 1.20183
0.979773
 1.19026
 1.22492
 1.13635
 1.06405
 1.10434
 1.19381
 1.13663
0.885752
 1.17009
 1.26801
 1.13744
  1.0075
 1.11481
0.917919
 1.32749
 1.03341
 1.14805
 1.11387
 1.13363
0.972382
 1.03037
 1.16797
 1.04227
 1.08681
  1.2645
 1.13861
0.991671
0.949098
 1.01401
 1.33443
 1.15325
 1.02313
 1.15118
0.988231
 1.30785
 1.05047
 1.10958
 1.24508
 1.41348
 1.26816
 1.16903
 1.15412
 1.15038
 1.34654
 1.34818
 1.34445
 1.24517
 1.25315
 1.17054
 1.38417
 1.16754
 1.21789
 1.45763
 1.19362
 1.13939
 1.57822
 1.64372
 1.87568
 1.59791
 1.60322
 1.33441
 1.44318
 1.66992
 1.30403
 1.30026
 1.53423
 1.33868
 1.06116
 1.34176
 1.33803
 1.18251
 1.28917
 1.21223
 1.47587
 1.28735
 1.09694
 1.48705
 1.07465
 1.22908
 1.09437
 1.17262
 1.26936
 1.18611
 1.07313
  1.2029
 1.44425
 1.26529
 1.21512
 1.14664
 1.15243
 1.22778
 1.11154
 1.34084
 1.17591
 1.07333
 1.16661
 1.21655
 1.24829
 1.17543
  1.0719
 1.12608
0.946001
 0.88878
 1.29818
  1.0465
0.930223
 1.06299
 1.13705
 1.31844
  1.0816
  1.1371
0.829267
 1.08122
 1.04864
 1.09737
 1.01588
  1.1997
 1.09043
 1.41226
 1.39102
 1.28395
 1.29173
 1.40843
 1.03746
 1.41184
 1.49149
 1.10798
 1.49932
  1.7542
 1.19124
 1.25246
 1.14958
 1.35136
 1.14484
 1.31166
 1.75656
  1.2325
 1.06633
 1.35425
 1.21764
 1.29721
 1.41116
 1.28514
 1.24303
 1.09099
 1.35319
 1.33643
 1.57227
   1.244
 1.10715
 1.26502
 1.27944
 1.23626
  1.0929
 1.70606
  1.2005
 1.74889
 1.38823
  1.9226
 1.40205
 1.96021
 1.48855
 1.57273
 1.00845
 1.55191
 1.46089
 1.11954
0.942506
 1.22332
  1.2422
  1.4489
 1.13897
 1.39489
 1.07654
 1.11087
 1.35103
  1.2454
  1.2087
 1.37013
 1.44739
 1.47403
0.968734
 1.28759
 1.32437
 1.16344
 1.19544
 1.30916
 1.04153
0.949995
 1.10194
 1.13829
 1.02459
 1.24581
 1.12097
 1.10921
 1.01233
 1.17041
 1.09596
 1.05621
 1.06485
 1.05212
 1.23722
 1.07595
  1.0391
 1.21392
 1.02203
 1.21571
0.984663
 1.17084
 1.21727
 1.12833
 1.14159
 1.29731
0.966586
 1.17146
0.892003
 1.16943
 1.12581
 1.08467
 1.01416
 1.05078
 1.03203
 1.10996
 1.30724
 1.09936
 1.02089
 1.11276
 1.30059
 1.15276
0.892832
 1.07482
 1.01534
0.992172
 1.10575
 1.04025
 1.05774
 1.07487
 1.11904
 1.07144
 1.26443
 1.09699
 1.10048
 1.07831
  1.0234
 1.17448
 1.29497
  1.0533
 1.03478
 1.01423
 1.03818
 1.09614
 1.08693
 1.13756
 1.13573
 1.37782
 1.53501
  1.3595
 1.37577
  1.2419
 1.26131
 1.23682
 1.61286
 1.08308
 1.51045
 1.45234
 1.31259
 1.42249
 1.45708
 1.60139
 1.26788
 1.17226
 1.21671
 1.15064
 1.49498
  1.4745
 1.17185
  1.1923
 1.10671
 1.11884
 1.18694
  1.0008
  1.0873
 1.19151
 1.03649
 1.43337
 1.22891
 1.30469
 1.64285
 1.24593
  1.1678
  1.8576
 1.43486
 1.71302
 1.57666
 1.28081
 1.10085
 1.18434
0.923918
 1.29206
 1.79775
 1.21762
 1.06438
 1.13026
 1.30898
 1.65939
 1.46183
 1.24579
 1.25604
 1.19353
 1.31744
 1.30849
 1.05209
 1.30045
 1.50109
 1.51142
  1.7757
0.986229
 1.57421
 1.37973
 1.35128
 1.53728
 1.32808
 1.19643
 1.11251
 1.76363
 1.17973
  1.5617
 1.30535
 2.10342
 1.36763
 1.30727
 1.07731
 1.05971
 1.22798
 0.99955
 1.26026
 1.09759
0.957525
 1.19675
0.971545
  1.0942
 1.07049
 1.03482
0.953961
 1.02431
 1.04616
 1.20696
 1.41001
 1.14545
  1.3168
 1.12786
 1.10808
 1.42814
 1.19541
 1.05927
 1.16183
 1.09468
  1.1625
 1.10661
 1.13815
 1.18581
 1.04472
 1.13913
 1.26435
 1.05801
0.972963
 1.01065
 1.25831
0.990036
  1.0578
 1.23054
 1.07512
 1.03318
 1.03419
 1.15654
 1.16761
0.974862
  1.1545
 1.00291
 1.23187
 1.12245
 1.02009
0.988846
  1.1236
 1.24588
0.998515
 1.17069
 1.02815
 1.10378
 1.00543
 1.22783
 1.03775
 1.16896
 1.23183
 1.06028
 1.01299
 1.39581
 1.17528
 1.03974
 1.11322
  1.4118
  1.0529
  1.1146
  1.1779
 1.14551
  1.1234
0.981598
  1.0718
 1.08089
 1.19786
 1.13927
 1.02606
  1.1097
 1.09941
 1.16728
 1.13353
 1.25246
 1.23158
 1.30305
 1.01846
0.961049
 1.19305
 1.06396
 1.15127
 1.21606
 1.09527
 1.22111
 1.09913
  1.0143
   1.082
 1.16914
 1.09695
0.972061
 1.10396
 1.34449
 1.18895
  1.0967
 1.16242
  1.1267
 1.23474
0.927604
 1.08832
0.986087
 1.09221
 1.05652
   1.058
 1.47669
 1.25097
 1.31522
 1.05786
 1.81016
 1.21725
 1.32783
 1.47174
 1.49152
 1.35788
 1.60136
 1.77566
  1.0016
 1.58322
 1.96799
 1.39814
 1.69555
 1.49093
 1.18808
 1.58064
 1.50735
 1.08576
 1.15888
 1.46537
 1.31537
 1.49296
 1.33287
 1.28386
 1.92362
  1.3381
 1.27859
 1.61402
 1.30127
 1.70592
  1.2908
 1.38137
 3.54164
 1.25706
 1.21631
 1.08209
 1.31968
 1.07667
 1.11691
 1.22931
 1.05406
 1.30426
 1.11208
 1.11418
 1.29617
 1.15147
 1.33602
  1.2172
 1.28017
 1.21368
 1.03976
 1.23197
 1.20804
 1.18638
 1.01693
 1.09014
 1.19346
 1.14475
 1.10916
 1.19584
 1.06661
 1.15414
 1.05297
 1.15443
 1.20793
 1.13023
 1.24413
 1.73512
  1.2433
 1.23502
 1.46883
 1.22973
 1.06449
 1.02086
 1.46473
 1.45232
  1.6543
 1.41179
 1.11193
 1.28375
 1.07823
 1.66247
 1.20027
 1.07753
 1.38997
 1.53471
  1.1809
 1.46479
 1.29954
 2.55827
 1.21835
 2.66987
 2.78522
 1.84743
 1.55467
 1.67273
 1.41533
 3.51345
 1.45565
 1.63134
 2.22496
 1.14101
 1.13093
 1.29616
 1.24987
 1.37829
 1.04527
 1.13293
 1.15665
 1.19736
 1.29263
 1.15004
 1.13583
 1.20453
 1.08724
 1.03362
 1.28509
 1.16397
  1.1633
 1.23676
 1.22933
  1.1594
 1.22281
 1.03012
 1.30237
 1.00636
 1.09545
 1.21254
 1.29802
 1.18944
 1.27734
 1.17138
 1.19859
 1.14075
 1.22918
0.893868
 1.13664
 1.23553
 1.12155
 1.14888
 1.12427
  1.1431
0.990318
 1.04831
 1.33578
 1.09017
 1.10775
0.964707
 1.00612
 1.05906
0.962314
0.992135
 1.15408
 1.09798
 1.24926
  1.0167
 1.10397
0.994507
 1.11006
  1.0107
 1.11566
0.947134
 1.11229
 1.14863
 1.13837
 1.15587
 1.15968
0.987461
 1.06916
 1.06916
 1.11985
0.954383
 1.04553
 1.07583
0.989712
0.961594
 1.13676
 1.16102
 1.15527
 1.05225
 1.16195
 1.18318
 1.26159
0.982391
 1.10005
 1.03488
 1.04029
 1.17441
0.951464
 1.15373
 1.08724
 1.15097
 1.10462
 1.17608
 1.24422
 1.11554
 1.21065
 1.06073
 1.29047
 1.22898
 1.14494
 1.05082
 1.07041
 1.08792
0.909812
0.952484
 1.20784
 1.17094
 1.20732
 1.03138
 1.11692
 1.16887
 1.09763
0.987684
   1.063
