  -0.445578
   0.440211
  -0.211966
  -0.640877
   0.433155
   0.589707
    1.82321
   0.757465
-0.00261388
 -0.0884785
    0.11211
  0.0711078
   -1.29256
  -0.201498
  -0.311211
  -0.805546
   0.678788
  -0.511098
   0.288612
   0.503483
    0.30524
   0.309134
  -0.397769
  -0.131212
   0.152984
   0.413886
   0.268353
   0.385447
  -0.388359
    0.16882
    0.27918
  -0.591208
   0.384629
  -0.317402
    0.71612
  -0.626699
   0.696293
   0.250182
   0.137282
   0.799152
  -0.441988
  -0.703639
  -0.489465
  -0.324648
    1.19281
   -0.66933
   -1.37987
   0.115694
  -0.522106
  -0.398313
    1.08389
   0.462294
   0.782474
     0.3764
   0.190129
   0.906045
   0.306508
 -0.0292242
  -0.147991
  -0.770049
   0.364881
    1.37853
  0.0196275
   0.442151
   0.226647
 -0.0703722
   0.937311
  -0.130964
  -0.879486
   0.439774
   0.210916
   0.266798
  -0.393316
  -0.364432
  -0.385458
  -0.343766
  -0.748276
   0.299847
  -0.023374
     1.0088
  -0.194206
    1.07664
   -0.19426
  -0.199038
  -0.306683
   0.852991
 -0.0522197
   0.161466
    1.19149
  -0.311524
  -0.125462
   0.271388
  -0.507457
   0.634132
  -0.272613
  0.0463831
  -0.645485
   0.974792
  -0.275105
  -0.641196
   -0.18787
    1.04627
  -0.753572
   0.349365
  -0.221765
   0.535691
  -0.327436
   0.122391
   0.175795
   0.689331
   -1.01695
  -0.625618
   0.272335
 -0.0875874
   0.275777
  -0.655202
   0.542254
  -0.514526
 -0.0992583
   0.579686
  -0.439585
 -0.0263332
   0.417368
  -0.214824
  -0.359487
  -0.614512
   0.469935
  -0.427192
   0.800116
   0.221055
  -0.247017
  -0.299899
   0.123605
   0.319216
    0.61493
    0.12715
 -0.0398699
   0.199649
   -0.23082
   0.849704
   0.270471
   0.478831
   0.562004
  -0.107584
    1.19743
  -0.389593
    1.04733
   0.468467
   0.334307
     1.0878
   -1.16236
  -0.545458
  -0.298276
   0.359714
   0.692446
    1.01387
    0.62952
  -0.737336
 -0.0636174
  -0.287665
  -0.348573
  -0.187505
  -0.513152
  -0.298255
   0.742673
 -0.0758267
    1.41636
   0.641783
   0.403866
   0.116668
   0.380674
  -0.393032
  -0.664553
    0.26087
   0.463336
  -0.201731
 -0.0646327
  -0.322021
   -1.11393
  -0.670429
 -0.0748915
   0.371113
  -0.253541
   0.717285
  -0.382795
   0.120452
 -0.0173899
   0.492394
    0.60755
   0.453826
  0.0853102
   0.164886
  -0.815823
   0.409232
   0.556984
  -0.968408
 -0.0462884
  -0.642691
 -0.0643571
  -0.827796
   0.101344
    0.10321
   0.303245
   0.677581
   0.755862
  0.0513865
   -0.22532
   -0.85964
    1.33711
  -0.355085
 -0.0480582
   -1.16957
  -0.967017
  -0.380423
 -0.0415912
   0.654302
   0.552042
  -0.639191
   0.619794
  -0.236719
   0.842957
  -0.352892
   0.281829
  -0.280828
   0.199804
   0.353982
    1.42469
 -0.0137848
  -0.123887
  -0.159733
  -0.420494
 -0.0694025
    1.10874
  -0.866533
 -0.0511642
  -0.022382
    0.82223
  -0.616344
  -0.363326
   0.851646
  -0.100658
     1.1787
  -0.158624
  -0.359624
   0.240891
   0.860625
  -0.332225
  -0.499212
  0.0303174
  0.0855715
  -0.287712
  -0.169504
  -0.510411
   0.737997
  -0.391833
  -0.111317
  -0.254061
   0.175721
    0.51254
       1.32
   0.179702
 -0.0959665
  -0.356792
  -0.449664
  -0.838826
  -0.180739
  -0.810411
   0.189362
  -0.213605
   0.257176
  -0.357344
  -0.249954
   -0.37056
  -0.240908
    0.73526
   0.540627
  -0.214427
  0.0122316
  -0.522041
  -0.146252
   0.221175
   0.627837
   -0.47525
 -0.0192803
   0.415552
   0.503863
   0.517228
 -0.0734492
  -0.150533
  -0.927479
    -1.0707
   0.610803
  -0.638133
   0.668334
  -0.096133
  0.0332413
  -0.706065
  -0.237814
   -0.07777
 -0.0445293
  -0.654945
    1.42303
  -0.044291
   0.531585
   0.144412
   0.136909
  -0.537873
   0.441507
  -0.331658
   0.259645
   -1.03972
 0.00286225
  -0.651128
   -0.84175
  -0.233977
  -0.291549
  -0.546095
  -0.252879
   0.625981
   0.734743
   0.352599
  -0.103749
   0.340424
   -0.26332
   0.610404
  -0.668946
    -1.0059
  -0.467861
  -0.551753
   0.678731
  -0.668424
  -0.240205
  -0.112694
 -0.0914505
    1.74292
  -0.332716
   0.245422
  -0.639409
  -0.404532
  -0.325018
  -0.856114
  0.0746703
   -1.02305
  0.0872002
  -0.050437
   0.606039
   0.255412
  -0.269651
  0.0540967
  -0.441218
  -0.332575
   0.508136
  -0.336667
   0.608541
  -0.170234
     0.3724
  -0.702121
   0.749587
  -0.419783
   0.675821
   0.190102
  -0.441991
  -0.620461
  0.0595572
  0.0495428
  -0.627386
  -0.307826
   0.228071
   0.710024
  -0.249472
  -0.554973
  -0.650028
   0.488116
   0.894603
 -0.0589628
  -0.962121
  -0.410616
   0.624056
   -1.04704
  -0.945479
   0.281088
  -0.158084
  -0.494192
  -0.305541
   0.834967
  -0.449348
 -0.0590503
    -0.3378
  -0.575384
  -0.981413
   0.233297
 -0.0931381
    0.57351
   -0.88829
    1.04619
  0.0477457
   0.685753
   0.172527
  0.0118647
  -0.500105
 -0.0453403
   0.326671
  -0.604704
   0.482464
   0.447438
  -0.977525
  -0.411271
   0.305535
    1.40848
  0.0992648
  -0.130294
  -0.420628
   -0.13037
   -0.16162
    0.96047
  -0.632417
  -0.310484
   -1.24065
   0.561772
   0.521079
    0.56401
   -0.49331
  -0.480455
   0.624542
  0.0462123
  -0.405581
   0.191146
   0.571543
   0.564727
  -0.653104
   -0.57891
   -0.04713
   0.477456
  -0.664342
  -0.849782
   0.546804
   0.466723
  -0.936609
   0.256891
  0.0929804
   -0.44365
   -1.47309
   0.518271
   -1.48502
   0.441496
   0.422219
   0.425312
    1.06082
  -0.665805
   0.244393
-0.00875595
  -0.269273
  -0.151232
 -0.0297654
   0.144217
  -0.287461
   0.789669
   -0.46613
  -0.120413
-0.00206932
   0.251792
   0.277638
  -0.387793
  -0.032759
  -0.151673
   0.535151
  -0.455029
   0.408612
 -0.0711536
  -0.159739
    -1.1552
   0.341872
   0.398033
   0.203936
  -0.168128
  -0.604946
    0.16009
   0.120168
 -0.0445174
 -0.0557512
   0.119323
   0.217735
-0.00262813
  -0.201201
  -0.172207
   0.625607
   0.424975
   0.723753
   0.266068
   0.625912
   0.446187
   0.865209
    0.25576
    1.06501
  -0.212616
   -0.56082
   0.101024
  -0.318372
   0.350667
   -1.05421
    -1.1409
   0.264173
   0.896818
   0.424802
   0.911511
    1.20501
   0.489528
  -0.561629
  -0.631324
  -0.521716
   0.252009
   0.413775
  -0.542949
   0.473187
  -0.977543
   -0.42971
   0.563451
  -0.131127
   0.299988
    0.50407
  -0.260292
 -0.0385771
  -0.704175
 -0.0791287
  -0.484111
    0.66565
   0.165164
   0.678521
  0.0944139
   0.532578
   0.195059
   0.492619
   0.255192
  -0.916119
    0.80369
   0.196346
  0.0759504
   0.745933
  -0.186934
   0.278155
   0.704685
   0.671144
   0.150688
  -0.240352
   0.926374
   0.417805
  -0.293174
   0.391886
  0.0505514
  -0.952424
   -0.64729
 -0.0590406
  -0.419141
 0.00521119
  -0.431057
   -0.35288
  -0.814131
  -0.283326
   0.532036
   0.293807
    1.33426
   0.395492
   0.894059
   -0.48276
  0.0152975
     1.2793
    0.41352
   0.147467
   0.485012
  -0.298172
   -1.07551
   0.733961
  -0.179365
     1.0059
    1.23134
  -0.276729
   -1.46726
  -0.161201
   0.392525
   0.974035
   0.190342
  -0.665497
  -0.438494
 -0.0834113
  -0.413986
  -0.357578
   -0.07329
    0.34107
 0.00800231
   -1.45985
  -0.529408
  -0.533531
  -0.386238
     0.2721
  -0.530338
   -1.46168
  -0.452505
  -0.628668
   0.426206
  -0.157358
-0.00191796
   -1.11037
  -0.945622
  -0.141829
  0.0106423
   0.256247
  -0.454444
   0.235359
  -0.341629
 -0.0948257
   0.228794
  -0.120165
  -0.127363
  0.0968436
  -0.309177
   -0.43649
  -0.360751
   0.355525
   0.813565
   0.822021
  -0.749294
  -0.541443
   0.167429
   0.205807
  -0.285845
  -0.724459
    0.54608
   0.117297
    -0.3961
   0.316648
  -0.617193
    1.33819
   0.841337
   0.468851
  -0.358883
  -0.233715
   0.383085
 -0.0933941
   -0.87838
  -0.411057
  -0.164791
   0.936635
   0.254641
    0.80968
   0.330185
  -0.301113
   0.910755
  -0.885277
   0.101753
   0.582236
   0.777346
  -0.245155
   0.813625
  -0.274291
  -0.920489
   0.377255
   0.551789
   0.138863
  -0.289857
  -0.916995
  -0.154626
   0.813359
    0.69068
  -0.402066
   0.493629
   0.353053
   0.638109
   0.337836
   -1.01809
   -1.27208
  -0.292342
  -0.452632
  -0.326782
   0.685723
  -0.047746
   0.329122
  -0.796624
  -0.790583
  -0.141775
    -1.0105
   0.897281
    0.48832
  -0.375924
  -0.516244
  -0.679232
  -0.368042
  0.0403392
-0.00574785
  -0.494267
   0.624917
  -0.609566
  -0.259895
   -1.17972
  -0.588909
  -0.772966
   0.883834
   0.663658
   -0.12628
    1.32765
    0.33216
   0.194774
     0.2537
  0.0367197
  -0.552845
   0.307681
  -0.126757
    1.23182
   0.811225
    0.49216
   0.818034
  -0.879043
    1.20609
   0.426732
  -0.402327
  -0.460416
   0.490662
   0.512509
    1.15607
   0.270325
  0.0470439
  -0.802361
   0.783977
   0.715883
  -0.988146
   0.128424
    1.27573
 -0.0440024
  -0.480913
  -0.117316
   -0.10172
   0.719598
  -0.156659
   0.103547
   0.341832
   0.883946
    0.38723
   0.376335
   0.318146
  -0.191334
   -0.35452
  -0.438691
    0.13871
     1.1365
   0.228924
   -1.20537
   0.608718
  -0.225899
   0.244293
  -0.696985
   0.683227
  -0.366553
    0.51225
   -1.37392
 -0.0245875
   0.706423
  -0.898513
 -0.0893868
  0.0139469
  -0.510422
   0.627366
    0.45062
    1.16838
  0.0411569
   0.201571
  -0.331215
   0.377416
-0.00730766
   0.437252
   0.951399
   0.701148
  -0.169416
  -0.064078
  -0.105913
  -0.296312
  -0.944704
  0.0950511
   0.702745
   -1.24238
  0.0239021
  -0.468877
  -0.701384
  -0.717257
   0.350676
   0.328494
   0.952151
   0.293874
   0.587389
   -1.45986
  -0.320508
  -0.494914
 0.00934241
  -0.438129
   0.134083
  -0.665747
 -0.0766061
   0.108363
  -0.278152
   0.261208
   0.548365
 -0.0137205
   0.582793
   0.893658
   0.222174
  -0.261618
   0.253164
   0.347963
   0.357986
   0.125256
     0.8769
   0.405353
  0.0800477
  -0.908903
  -0.420435
  0.0500416
  -0.275368
   0.493242
   -1.16809
  -0.401742
   0.351967
  0.0272867
  -0.210254
   0.141426
   0.174719
  -0.874988
  -0.866711
  -0.683579
   0.252213
    -1.3465
  -0.346684
   0.194335
   0.232365
    0.10016
  -0.280078
    1.17626
   0.348564
    1.07396
   0.711545
-0.00991913
   0.821565
     0.2594
  -0.220328
   -0.63746
  -0.492543
  -0.657687
  -0.459516
  -0.392164
   0.649754
   -1.34529
  -0.656092
   0.614995
  0.0470999
 -0.0330337
   0.692454
   -0.16546
    0.87537
    0.44487
 -0.0641752
  -0.445348
   -0.31105
   0.486642
   -1.42518
   0.317542
  -0.669207
   0.132624
   -0.10774
  -0.775046
   0.677644
   0.144188
  -0.610225
 -0.0888774
  -0.665169
   -1.55852
    1.36951
    0.58834
  -0.183588
  -0.528009
   0.532165
   0.336455
   0.833903
  -0.436272
   0.239537
   0.996073
   0.468686
   0.533051
    1.38216
   0.113799
  -0.830159
   -1.27657
   0.764964
  -0.350298
   0.697439
  -0.410161
  -0.185304
   0.949205
    1.00277
 -0.0921979
  0.0407298
  -0.898618
 -0.0913104
  -0.732092
   0.194896
  -0.233566
  -0.695888
  -0.201665
 -0.0831116
   0.952975
   0.542915
   -0.07922
   0.144976
  -0.035059
  0.0442575
  -0.244427
  -0.914322
   0.816115
   0.819648
   0.525953
   0.255497
   -1.66647
  -0.599566
   0.259619
  -0.193129
    0.57045
  -0.464717
  -0.160949
-0.00774857
  -0.720972
  -0.227885
   0.493563
   -1.65144
   -0.41599
   0.152399
   0.251803
   0.077541
   0.408117
   0.307876
   0.337518
   0.450878
  -0.446205
  -0.209981
   0.127261
  -0.343758
   0.251476
  0.0901809
  -0.385127
1.21033e-05
   0.452119
   0.164976
    0.71338
  -0.398865
-0.00449407
  -0.173866
   0.658647
  0.0815197
   0.591943
  -0.142751
   0.839254
   0.296573
   0.435556
   0.337562
   -0.67274
   0.104597
    0.58203
    1.02757
  -0.569982
   -0.28883
   0.563365
    1.34176
   0.166076
  -0.216359
  -0.537891
    1.04603
 0.00252385
   0.237106
  0.0394178
   0.152016
  -0.180768
  -0.338034
    -1.0699
  -0.290245
   0.409532
-0.00195676
   0.133467
   0.517805
  -0.372669
   0.583864
   -1.83233
 0.00692655
  0.0150469
  0.0402147
 -0.0581459
   0.830512
  0.0885937
  -0.899799
  -0.104408
  -0.936396
   0.330631
 -0.0872551
    1.19786
  -0.484491
   0.159785
