 1.14934
 1.06307
 1.32847
 1.03279
0.857213
  1.2645
 1.13494
 1.00575
 1.08905
 1.13918
 1.08493
 1.07979
 1.16706
 1.14974
 1.04148
 1.15914
 1.04269
 1.12408
 1.05909
 1.00513
 1.10898
 1.02031
 1.10673
0.852333
0.958768
0.988483
 1.27037
 1.11898
 1.09035
 1.10231
 1.26398
 1.07075
  1.1326
  1.0273
 1.01707
 1.15207
 1.05796
0.900857
 1.13664
 1.12696
 1.09151
 1.28224
  1.0465
 1.07992
0.800879
 1.09863
 1.16004
 1.16872
 1.18283
 1.32872
 1.25195
 0.99838
 1.00531
 1.15482
0.954489
 1.11545
 1.06633
 1.06281
 1.14335
 1.08727
 1.18766
 1.07927
0.948424
0.984793
 1.00358
 1.08135
  1.2175
 1.04961
 1.11484
 1.07209
 1.09995
 1.12374
 1.03337
0.940751
 1.14718
 1.05167
 1.03532
 1.09368
 1.14833
  1.1809
 1.15697
 1.02119
 1.39789
  1.1705
 1.00498
 1.24265
 1.15758
 1.17568
 1.34368
 1.37231
 1.17065
 1.19285
 1.54021
 1.59849
 1.16172
 1.15572
 1.21477
 1.04727
 1.10016
 1.21383
 1.68698
0.996924
 1.27891
 1.04525
 1.27473
 1.03892
 1.11909
 1.31006
 1.06867
 1.29272
 1.04281
 1.17789
 1.14398
 1.14774
0.844151
  1.3967
 1.12668
 1.36523
 1.35104
 1.17663
 1.21439
   1.131
0.984519
 1.12326
0.977011
0.911793
0.963167
0.994488
 1.07538
 1.09002
0.996964
 1.00392
0.969456
 1.06964
 1.10612
 1.14946
 1.44556
 1.44462
 1.21392
 1.11246
 1.16241
 1.26131
 1.13409
   1.652
 1.25612
 1.61694
 1.66646
 1.43969
  1.1873
 1.80038
 1.25915
 1.10151
 1.26221
 1.17295
 1.27839
 1.60362
 1.23842
 1.25026
 1.07887
 1.17367
 1.10505
 1.21637
 1.06191
 1.44349
  1.2595
0.977203
 1.23157
0.919186
 1.02824
 1.18022
 1.16785
 1.01308
0.900218
0.935779
 1.20464
 1.18585
 1.00266
 1.12514
 1.03735
 1.08746
 1.01142
 1.26613
 1.13987
0.993771
   1.116
 1.22975
 1.15625
 1.13855
 1.07675
 1.02184
 1.16033
 1.13865
0.909041
 1.02215
   1.167
 1.02569
 1.08572
0.950873
 1.05532
0.983512
0.919651
0.990874
 1.13564
0.750287
 1.14163
0.964467
0.996252
 1.21342
0.928964
 1.08729
 1.16315
 1.05116
 1.08257
 1.00323
 1.12828
 1.05672
 1.16459
 1.25502
 1.02739
 1.11179
  1.0284
0.994496
 1.15563
 1.17437
 1.17133
0.950372
 1.04065
 0.98634
 1.11768
  1.0692
0.987418
 1.34958
 1.01129
  1.2336
 1.30833
 1.21001
 1.19704
  1.1557
 1.15725
 1.12804
 1.38806
   1.229
  1.0905
 1.34981
 1.15486
 1.02575
 1.04781
 1.13383
 1.16234
 1.10002
  1.0815
  1.2666
 1.14993
 1.17233
 1.18042
 1.18643
 1.18905
 1.26126
 1.54348
 1.12972
 1.45161
 1.38215
 1.21552
  1.4581
  1.2443
 1.13934
 1.31437
 1.09025
 1.19494
 1.06819
0.895937
 1.05543
 1.26551
 1.14454
 1.28109
 1.17821
  1.1816
 1.01301
 1.18181
 1.30279
 1.40477
 1.00505
 1.28588
 1.14678
 1.14267
 1.08195
 1.01766
  1.1285
   1.202
 1.10231
 1.35455
 1.32513
  1.0291
0.984248
  1.1177
 1.18921
 1.01974
 1.20103
 1.14503
0.940026
  0.9529
 1.03935
0.964616
0.865438
0.934395
 1.18005
 1.13037
 0.94408
 1.09543
 1.01183
0.976219
 1.01533
0.966704
 1.05002
 1.06263
0.984733
 1.09499
 1.04437
 1.02152
 1.16101
 1.17676
0.983482
 1.12102
 1.07888
 1.09249
 1.03641
 1.05925
 1.18037
 1.07369
0.960467
 1.00843
 1.02118
 1.18799
 1.02619
  1.1735
 1.19669
 1.00379
0.926002
0.972204
 1.14046
 1.21524
 1.08436
 1.09383
  1.0892
 1.04101
0.995447
  1.0418
 1.10336
  1.0198
0.954486
0.998147
0.927922
 1.09636
 1.12899
  1.0271
 1.00376
0.975899
0.984932
 1.15748
0.906283
 1.05762
0.929007
 1.02867
 1.01534
 1.06652
 1.10618
 1.07607
 1.08976
 1.17057
 1.08067
 0.93677
 1.05908
 1.02318
0.915334
 0.94587
 1.05328
 1.15542
 1.03029
0.963208
 1.07603
 1.14036
 1.17604
 0.90591
 1.13113
  1.1666
 1.04434
 1.13182
0.956858
  1.0966
 1.07052
 1.34029
 1.12534
 1.14036
 1.05525
 1.00798
 1.42886
0.955103
 1.19608
 1.00517
 1.00248
 1.07185
 1.04397
0.998876
0.957693
 1.00536
 1.05477
0.962033
 1.06626
 1.05066
 1.05154
 1.13557
 1.13642
 1.09211
 1.01411
  1.0462
 1.05882
0.986272
 1.09254
 1.00388
 1.06794
 1.14727
 1.04552
 1.04535
 1.06857
 1.15427
 1.35285
0.876964
 1.12237
 1.09181
 1.03742
0.983232
 1.18957
0.985716
  1.1097
  1.0895
 1.01376
0.994891
 1.01231
 1.01188
 1.29189
 1.03114
 1.11628
0.918863
0.984089
 1.10254
0.932662
 1.09307
0.954886
 1.09854
 1.02052
  1.1682
 1.11279
 1.12366
 1.05249
 1.15249
  1.1737
 1.06027
 1.02513
 1.05476
 1.03258
 1.06679
 1.08128
 1.07641
 1.05448
0.995981
 1.13276
 1.10706
  1.0277
0.887698
 1.04314
 1.09315
 1.09084
0.942503
0.902511
 1.08608
 1.05747
0.907559
0.920598
 1.16868
0.944333
0.970051
 1.17824
 1.06615
 1.01297
 1.01116
0.967642
0.904699
 1.00531
 1.21868
0.931396
 1.08166
 1.10432
 1.10168
 1.00783
  1.0862
  1.1218
 1.07417
 1.01622
0.920565
 1.02158
 1.03392
  1.0269
 1.20789
 1.01033
 1.10013
0.977676
 1.20109
 1.14096
   1.087
 1.14172
0.940208
 1.03099
 1.09164
 1.00721
 1.04558
 1.00666
 1.05688
 1.18065
 1.05628
 1.07602
  1.0106
 1.01633
 1.16819
0.842448
0.907934
 1.08766
 1.09604
0.966475
0.986452
0.940772
  1.1132
 1.18732
 1.02788
0.982187
 1.24087
0.951125
 1.00235
 1.03122
0.984985
0.977588
 1.01676
 1.03245
0.946576
 1.07076
 1.11079
0.963785
 1.07082
 0.89401
 1.09821
 1.01508
0.869671
 1.02361
 0.93098
0.961893
  1.1334
 1.19223
0.999603
0.961859
 1.13054
 1.04031
 1.05815
 1.04485
 1.12013
 1.06803
0.934414
 1.14543
 1.05475
 1.14773
 1.36474
 1.05595
 1.16657
 1.06234
  1.2636
 1.15319
 1.04651
0.893739
 1.08248
 1.02155
 1.13048
 1.07998
 1.11407
 1.19818
 0.97158
 1.14893
0.899245
 1.01963
  1.2504
 1.05038
   1.005
 1.03128
0.982044
0.966138
 1.01854
  1.0428
 1.02716
 1.00102
 1.01889
 1.09873
 1.05444
 1.14728
 1.22693
0.942386
 1.04684
 1.06985
 1.07225
 1.05854
 1.01859
0.978188
0.973516
 1.06342
0.899833
 1.09256
 1.02378
 1.04104
  1.0389
 1.14124
0.904928
0.845406
0.908303
  1.2359
0.972183
 1.21182
 1.06867
 1.13247
0.873937
  1.2461
  1.1816
 1.23246
 1.12562
0.909643
 1.11522
 1.09402
 1.12481
0.976295
 1.16424
 1.06636
  1.0837
 1.06984
 1.25787
 1.00213
 1.02981
0.949052
0.886001
0.971777
 1.00357
 1.21864
0.991888
 1.18297
 1.10778
 1.17149
 1.06655
 1.11053
 1.09923
0.982441
0.996374
 1.07558
 1.03727
 1.06169
 1.13737
 1.07846
 1.09951
 1.07523
 1.06846
 1.09739
 1.00379
 1.18452
 0.94421
0.883798
 1.13327
 1.06601
0.983951
 1.08312
0.988028
 1.10228
 1.05395
 1.25617
 1.13563
 1.04033
 1.16649
0.917705
 1.04926
 1.00182
 1.03173
 1.09982
  1.1046
0.943982
 1.18799
  1.1218
 1.04542
 1.26337
 1.15842
 1.26309
 1.15335
  1.1124
 1.21129
 1.11456
 1.13891
0.945896
0.892479
 1.22913
 1.11066
 1.01812
 1.00788
 1.18138
0.935218
0.994683
  1.0394
 1.08174
 1.01827
  1.1077
 1.07712
 1.03997
 1.02233
 1.09772
  1.0502
 1.17946
 1.20371
 1.14062
 1.31628
    1.04
 1.40276
 1.29567
0.887101
 1.33895
 1.25415
  1.3731
  1.3495
 1.53379
 1.30106
 1.23371
 1.15834
 1.51477
 1.41845
 1.30293
 1.43338
 1.27398
 1.46086
 1.25201
 1.49629
 1.24531
 1.67101
 1.34328
 1.07333
 1.03138
 1.26953
 1.05736
0.954929
 1.28065
0.965134
 1.15142
 1.04351
 1.11711
 1.06752
0.861996
 1.00903
 1.25135
 1.14645
0.994331
0.966755
 1.18904
 1.22304
 1.11871
0.974451
0.944376
 1.08422
 1.26467
 1.26039
 1.09376
 1.22163
  1.0253
 0.98217
 1.01273
0.897802
 1.08874
0.865436
0.947041
0.963277
0.879192
 1.12341
0.909694
 1.22323
 1.14084
  1.1309
 1.31793
 1.07158
 1.04517
 1.01592
  1.2364
0.957269
 1.18711
 1.01981
 1.11104
 1.00449
 1.07957
 1.25358
0.968526
 0.95081
 1.11557
 1.12162
 1.11506
 1.10871
0.983068
 1.02254
  1.1444
 1.14826
 1.01352
0.941697
 0.88114
 1.17568
0.952838
0.950431
0.980793
 1.03576
 1.07748
 1.11986
 0.98781
0.888569
 1.15279
 1.11146
  1.0222
 1.24973
 0.98575
 1.06322
 1.02576
 1.17893
0.877116
 1.11386
0.968293
 1.14308
0.936649
 1.07661
0.979213
 1.20893
 1.10929
  1.0393
 1.11094
 1.03587
0.942591
0.827569
 1.08921
 1.02454
 1.05846
 0.90779
 1.04271
 1.10096
 1.01787
0.912734
 1.07892
0.863602
 1.10942
 1.06331
 1.00843
 1.09747
 1.21203
  1.1577
0.870919
 1.06887
0.855598
 1.13247
0.914978
 1.02749
 1.16889
 1.23728
0.959328
 1.00173
 1.11819
 1.04868
 1.05186
 1.04891
 1.05234
 1.00856
0.901052
 1.36269
 1.12029
 1.28042
 1.15814
 1.18486
 1.15509
 1.25723
 1.22226
 1.15393
 1.16625
 1.02113
 1.20516
 1.09374
 1.72342
 1.25308
 1.38055
 1.08837
 1.15736
0.917699
 1.01483
0.932093
 1.09531
 1.03459
0.963029
   1.088
0.996981
  1.0446
 1.15945
 1.04438
 0.98597
 1.06137
 1.04115
 1.08891
 1.04342
 1.18454
0.996783
0.982994
 1.01353
 1.04454
0.939747
0.949264
 1.01878
 1.05733
 1.09946
 1.02587
 1.09035
 1.03051
0.871853
 1.11185
 1.23652
 0.98564
0.986819
 1.06596
 1.10338
 1.06194
 1.12902
 1.20204
 1.14638
 1.05076
 1.08903
 1.07678
 1.10329
 1.11218
 1.06295
 1.10745
 1.17685
 1.12097
 1.12717
0.974179
0.979738
0.957589
  1.1378
 1.13595
 1.05194
 1.00986
 1.19622
0.964515
 1.01072
 0.92066
 1.03959
 1.14487
 1.11882
0.982109
 1.02878
 1.05334
  1.1053
 1.08476
 1.15805
0.999318
 0.98316
 1.14264
  1.3574
 1.00739
 1.06598
 1.01124
 1.06915
 1.07972
 1.06656
 1.01207
0.931285
0.993296
  1.0612
 1.00998
  1.1967
 1.12709
 1.00688
 1.02234
 1.07186
  1.1297
 1.13757
 1.16383
0.999895
 1.00438
 1.15836
 1.36855
 1.29004
 1.17783
 1.13114
 1.00599
 1.18176
 1.26917
0.993388
  1.1699
0.989455
0.980468
 0.98838
0.987853
0.942038
