0.645388
0.699074
0.843458
0.539518
0.414839
0.387411
0.430591
 0.50306
0.680306
0.632148
0.858684
0.623519
0.525232
0.861928
0.483687
0.696437
0.662778
0.712736
0.783773
 0.59822
0.560202
0.596362
 0.58437
0.642755
0.283023
0.477882
0.586829
0.360541
0.570327
 0.63376
 0.48217
0.581201
0.515129
0.584114
0.551467
0.543352
0.668022
0.417562
0.622361
0.573196
 0.59133
0.505264
0.434559
 0.51941
0.659705
0.489773
0.641912
 1.47688
 1.51279
 1.22219
0.801384
 1.51933
 1.19362
 1.23787
 1.72206
 1.44593
0.869552
 1.48738
 1.18715
  1.0089
 1.19157
 1.39086
 1.07696
 1.12753
 1.70067
 1.30708
0.793364
0.986206
 2.49616
 2.12116
 2.90084
 1.98903
 1.78963
 2.26254
 1.90684
 2.74062
 1.91577
 1.92855
 1.92343
0.796091
 2.05465
 1.34903
 1.80538
  1.4898
 1.24522
 1.54502
 1.85387
0.888125
  1.1241
 1.54293
 1.78267
 1.58288
 1.50901
 1.55906
 1.51192
 1.90726
 1.77378
 1.61762
 1.29867
0.575286
 1.33417
 1.14745
0.858642
 1.78984
  1.6365
 1.49717
 1.35375
 1.51544
0.921773
 1.41975
 1.09502
 1.58678
  1.6058
  2.0946
 1.55568
  1.4494
 1.43967
0.511796
0.560241
0.488977
0.753591
0.648564
0.685009
0.661895
0.654668
0.642818
0.742786
0.365819
0.409915
0.859376
0.520107
0.561875
0.443554
0.440674
0.732718
0.597374
 0.56028
0.505828
0.454763
0.653502
 0.42979
 1.74389
 1.30938
 1.27409
 1.91251
 1.60399
 1.45493
 1.61432
 1.62911
0.774403
 1.68589
 1.16782
 1.14634
 1.64843
0.852527
 1.68129
 1.17876
 1.16053
0.751577
0.958185
 1.28019
0.863261
 1.98701
 1.31262
 1.78247
 1.27248
0.698047
 1.83058
0.455069
0.599553
0.479233
0.659991
 0.54902
0.555799
0.603415
0.868728
0.610663
0.643041
 0.75007
0.655676
0.477814
 0.63194
0.739045
0.571132
0.733287
0.561727
0.501135
0.526412
0.687236
0.549818
0.650254
0.632119
0.686787
   0.566
0.735369
0.750005
0.481942
0.618807
0.520065
0.390753
0.679076
 0.61211
0.627847
0.383342
0.521246
0.722461
0.819933
0.435637
0.712251
0.277704
0.516526
0.575472
0.582431
0.526264
0.549496
0.566681
0.748334
0.477371
0.589541
 0.51213
0.709958
0.664044
0.648256
0.426273
0.620018
0.510639
 0.37467
 0.42491
0.393476
0.816893
0.755175
0.600611
0.657738
0.557015
0.812359
0.525164
0.440727
0.505926
0.584503
0.746393
0.752397
0.479679
0.624575
0.550554
 1.09494
 1.27659
 1.23175
  2.2524
 1.79236
 1.47391
 3.12545
 2.80194
 1.73399
0.676066
 1.47667
 2.17606
 1.55089
 1.18838
 1.29894
 2.26297
 1.95387
 1.52529
 1.21711
 1.15878
 1.88151
 1.43609
 1.96649
 1.26125
 1.69692
 1.91085
 1.65839
 1.72961
 1.53947
 2.78414
 1.35395
 1.57734
 2.25385
 2.47066
 2.79344
 1.52938
 2.87655
 1.22375
 2.31303
0.908863
 1.05764
  1.2145
0.572382
 1.20968
 1.69574
 1.11418
 1.10708
0.829279
 1.19697
 1.59461
 0.49737
 1.10247
 1.27491
 1.34404
 1.60878
 1.38076
 2.22708
 1.38749
 0.93187
 1.91666
 1.08603
 1.31325
 1.31253
 2.02162
 1.25551
 1.19196
 1.18752
0.702281
0.379286
0.681451
  0.3425
0.652024
0.352139
0.752577
0.552571
0.401564
0.800597
0.703081
0.577558
 0.33308
0.629864
0.500264
0.810089
0.452359
0.551777
0.431214
0.581298
0.576481
0.596485
 0.68908
0.512134
0.525677
0.699286
0.480287
0.749024
0.880041
0.510366
0.740378
0.627256
0.572131
 0.71878
0.865385
0.729531
0.672996
0.446067
0.810066
0.795158
0.525521
0.575073
0.642674
0.661554
0.817871
 0.75751
0.585824
0.526098
0.549508
0.535432
0.488525
0.633066
0.729368
0.425662
0.548084
0.407997
0.527132
0.523404
0.461443
0.656227
0.605123
0.467153
0.554867
0.450751
 0.58561
0.798848
0.541779
 0.71375
0.541549
0.378979
0.556116
 0.78867
0.705019
0.725843
0.602393
0.735934
0.529617
0.691962
0.544376
 0.38948
0.347326
0.615808
0.447383
0.487661
0.589819
0.583243
0.412131
0.544915
0.645469
0.587984
0.495727
0.481086
0.573726
0.352711
0.768311
0.559688
0.347727
0.497715
0.548847
 1.47849
 1.37511
 1.31309
 1.20223
 1.11482
 2.14603
 1.17914
 1.76256
 1.23308
 1.03397
 1.33381
0.931265
 1.44217
 1.72753
  1.3873
 1.22157
 1.77589
0.976156
 1.26363
 1.35208
 1.36839
 1.10744
 1.44342
0.757972
 2.67442
 2.01019
 1.74319
 1.70888
 2.55876
 1.37658
 1.46944
 1.03744
0.701888
 1.48499
 1.22201
 1.10347
 1.13864
0.858948
 1.49772
 1.18384
  1.2471
  1.5985
  2.1165
 1.13359
 1.20118
0.930203
 1.11957
 1.24807
0.994162
0.726903
0.990382
 1.21851
 1.50397
 1.06377
  2.4222
 1.38613
0.998595
 1.41137
 1.59044
 1.21898
  0.6863
 1.74604
 1.31728
 1.29025
 1.25211
  1.4121
 1.64235
 1.61656
 1.09706
 0.29591
0.584426
0.601333
0.922912
0.419259
0.388274
0.481476
0.289148
0.510674
0.517495
0.440838
0.490369
0.323725
0.541916
 0.80199
0.601023
0.444454
 0.57842
0.655387
0.608865
0.526184
0.270921
0.645918
0.876433
0.547297
0.590374
0.488849
0.640739
0.573053
0.435509
 0.59293
0.597978
0.671298
0.430119
0.623964
0.517306
 0.74583
0.557547
0.566388
0.253116
0.600998
0.570487
0.736587
0.767261
0.756789
0.619896
0.771231
0.761085
0.684929
 0.58575
0.765285
0.684284
0.443857
0.560114
0.388248
 1.89761
 1.85298
 2.48966
0.817312
 1.45566
0.916827
 1.57852
 1.34658
 1.60256
 1.34462
 1.90049
 1.57207
 1.91527
 1.50066
 2.52615
 1.03371
 1.39892
 1.29581
0.671929
 1.58787
0.984342
 1.61666
 1.77271
0.708902
 2.57656
0.822329
 1.63533
 1.34498
0.982054
 0.98045
0.891934
 1.56734
 1.29517
 1.59372
 1.24228
 1.11695
0.987238
 1.31547
 1.35929
0.934825
 1.56771
0.508636
0.742949
0.472511
0.465827
0.400344
0.638813
0.711425
0.442095
0.354285
0.919854
0.887978
0.483569
0.475888
 0.56314
0.753988
0.610257
0.526233
0.591739
0.277047
0.698587
0.629028
0.560486
0.413788
0.647789
0.738825
0.382604
0.490613
0.594679
0.448833
  0.5719
0.641757
0.442487
0.712057
0.511462
0.503824
0.643494
0.608047
0.522195
0.704354
 0.48383
0.654816
 1.16701
0.720975
0.752659
0.512993
0.741918
0.613678
0.737068
0.641703
0.445944
0.375255
0.767861
0.615039
0.526892
0.881107
0.658432
 0.58486
0.686205
0.448953
0.483976
0.786914
0.701615
0.705713
0.554542
0.680892
 0.52642
0.473265
0.275464
 2.75745
 2.49015
 2.47014
 2.64424
 4.47682
 3.70422
 2.31781
 3.64081
 2.43989
 1.26464
 1.36261
 2.04699
 0.42569
  0.5295
0.648279
0.508154
0.815774
0.483782
0.531809
0.367172
0.648036
0.859761
0.580236
0.602122
 0.72465
0.453009
0.659167
0.860874
 0.72001
 1.11009
  1.1076
 1.55858
 1.74913
 1.93393
0.818739
  1.6302
 1.10624
 1.04291
 1.08652
 1.43102
 1.25018
 2.57716
 1.43833
 1.22566
 1.05325
0.992005
 1.46184
 1.18368
 1.09973
 1.01018
0.760236
 1.01069
 1.41309
 1.03714
0.928081
0.745306
 1.53001
0.946193
0.682626
 1.34167
0.632602
 1.76526
 1.23011
0.964953
 1.03665
 1.68201
 1.12408
0.763767
 1.46149
 1.06894
 2.29839
 1.10095
0.952825
 1.04493
  1.3805
 1.63381
 1.25574
0.449328
0.460119
0.653089
0.601199
0.878014
0.431648
0.521239
0.725939
0.554112
0.458405
0.819656
0.624802
0.439066
0.650168
0.528263
0.605186
0.579214
0.459042
0.662581
 0.38969
0.957541
0.445291
0.496531
0.374834
  1.5346
 1.98633
 1.71741
 1.47294
 4.91957
 3.74819
 3.81885
 2.26756
 1.28647
 3.40576
 2.04173
 3.65544
 3.29825
 6.75572
 1.56035
  3.3985
0.567626
0.485892
 0.77257
0.662869
0.830386
 2.31051
 1.34647
 1.98677
 1.51121
 1.34065
  1.8619
 1.30785
 1.69735
 1.75968
 1.23867
 1.37969
 1.60404
 1.55223
 2.92391
 1.86505
 1.75671
 1.69288
 1.32537
 1.28681
0.811333
 1.61013
 1.72679
  2.0399
0.804851
0.485633
0.616882
0.461002
 0.35507
0.466569
0.522993
0.415511
0.496562
0.462018
0.300977
0.509992
0.813545
0.446968
  0.5703
 0.53463
0.731607
 0.46106
 0.59887
0.609829
0.605927
0.485703
0.538771
0.555538
0.719094
0.546827
 0.68609
0.467365
0.372661
0.433065
0.700708
0.636298
0.814245
0.487607
 0.69486
0.688533
0.481658
0.455939
 0.57407
0.528076
0.736533
 0.87591
0.380386
0.595832
0.956711
0.713976
0.602941
0.548638
0.649864
0.521765
0.736153
  0.3886
0.551998
0.592245
0.882462
0.286615
0.717112
0.588235
0.786221
0.642983
0.737221
0.513555
 0.39266
 1.96839
   1.596
 1.79221
0.890851
0.838615
0.936476
0.943007
 1.38099
 1.60938
 1.70007
 1.06889
 1.27002
0.692493
 1.16955
 1.63233
 1.25088
 1.52269
0.970361
0.945942
 1.28843
 1.22687
 1.01155
0.466605
0.739545
0.745717
0.470315
0.580929
0.583705
0.792826
0.597495
0.519401
 0.54814
0.454168
0.606127
0.700267
0.470586
0.575153
0.680968
0.519307
0.616672
0.600321
0.442583
 0.88344
0.349005
 1.41809
0.866869
 1.89916
 2.56133
 3.47778
 1.53673
 1.35418
 2.69024
 1.72281
 2.62565
 2.06486
 1.50521
 2.33411
0.770289
  1.4077
 2.33874
 1.89294
  1.4205
 1.35385
0.878654
  2.5804
0.749435
 3.32114
 3.23895
 2.03707
 2.81183
 1.96064
 2.13896
 2.24509
  1.1158
0.583862
0.912183
0.680822
0.589295
0.667521
0.609907
0.309427
0.445399
0.575043
0.534335
  0.6259
0.533676
0.473253
0.809702
 0.60634
0.501652
0.526985
0.436107
 0.68183
0.612092
0.352675
 0.45395
0.531068
0.759143
0.637789
0.568909
0.729888
0.513425
0.598653
0.508677
  1.4679
 1.05607
 1.36264
  1.7329
 2.15174
 1.07602
 1.67086
 1.53977
 2.15602
0.913097
0.784052
 1.44779
 1.59854
  1.8076
 1.38631
 1.30686
0.917116
 1.30027
 1.10787
 1.87284
0.922645
0.900161
0.595951
0.589883
0.509453
 0.70648
0.530799
0.685363
0.836962
0.678703
0.444751
0.577351
0.587637
 0.78375
  0.7422
0.518105
0.697531
0.566222
0.835922
0.712445
 0.34007
0.341924
0.666607
0.583935
0.411505
