-7.52010134754798,-2.27725517708359,0.264323912275204,0.0350385718304394,0.0146292822787853,-0.0025222774373021,0.00147646003034724,-0.00827556691362126,0.000838899974166104,0.0129202673360956,0.00493691730762959,-0.00246848183020907,0.0054321074445052,8.66310479274859e-05,-0.00102211266708342
-7.23383265108914,7.10067656350236,6.10609324333698,-2.09815518193431,-0.0314347547710756,-0.00254987204606649,0.0207495230742722,-0.0129639974593184,-0.0167977751604762,0.000349537470818142,0.00277075071770859,0.000142179939857129,0.00397143405996295,0.00199504803495524,-0.00494090903479305
-4.05990767899281,3.69146779783995,2.18861817831189,0.594347742811267,0.00964597020371098,0.000416871492817688,0.00297445190196361,-0.00222088507139169,-0.0028358964355375,0.00320033958178184,0.000806555473993919,-6.75436406889258e-05,0.0030515244344131,-0.00178132278152339,-0.00318923830138763
-5.08760101886754,0.607841767554625,2.76354560454642,1.4129750825512,0.0159476683792154,-0.000141376718810987,-0.00406950887604457,-0.0002772973118951,-0.0132134764501637,0.00447738608943992,0.0017325588833119,0.0017966859439906,-0.000950077723756832,0.000104818668282292,-0.00132826409148834
-6.07566006339673,10.9681562867608,-3.40301414310934,1.23901768003285,0.00416221486431476,0.000552145242980612,-0.00225027448983276,0.00176580028636612,0.00100156320689354,-0.00259414450027746,-0.00269996873583542,0.000693503504872698,0.00158193673056222,0.000782290394217963,0.000371638355025559
-4.07634965669639,3.24447148153734,-3.81857430440635,0.0968011797160048,-0.00815061599619812,-0.000366488386906934,-0.00610457477290717,-0.00305995181846021,-0.00129729593633106,-0.000211838967529119,-0.000718277807037345,-0.000680341068834793,-0.000460610853626799,0.000817960461012414,0.000414952547268878
-7.51337590733665,14.1493043602108,-4.20304933673218,-0.902720580260556,-0.0385588535245448,-0.00288735443078393,0.00617579077025745,0.00670909680888352,-0.00603842427046637,0.00749852671604173,-0.00652961866402694,0.00548969060535175,-0.00467380390990142,-0.00594527846649789,-0.00242641776589161
-5.17301251546711,2.48994009452344,1.22128845496298,2.45722205300891,-0.00801979378336224,-0.00131797129467561,-0.00815647807762039,-0.00347692154433401,-0.00617144109290818,0.000748854842247335,-0.00201113214585414,-0.00525488480466218,0.00327350292426707,-0.00171959397228387,0.00402800710438406
-8.70565688002241,7.05573189552011,-2.26477042214058,-2.08290986325808,0.000423832365928405,0.000756782602785646,0.00839854634387365,-0.00757756780867291,0.00290187572228558,0.00112257786196421,0.00711970833030217,-0.00121734715444379,0.00164916110517601,-0.00119234096985211,-0.00860156286196421
-4.58604201145415,1.55855833608714,2.15345453735354,0.403133703850054,0.0131841433089266,0.000248412275829891,-0.00239665474991872,5.01691741049645e-05,-0.00451318689782549,-0.000657365808292893,-0.000542442550002066,-0.00167537098901444,0.00145831431406537,0.0014320755909384,0.00140207297431677
-1.70040314652041,-4.19261462316825,0.0930206736541883,0.80080576925294,0.00865339076682434,-0.000538103257306195,-0.00667387277556376,0.00150790927938463,-0.00769596642231944,-0.000506300998585601,0.00107562711638167,-0.000840029953215746,-0.000580492322898383,0.000577077179631736,7.97262932088925e-05
-3.05206183358293,4.92918425254595,0.37111452474923,2.36399901194921,0.000673404228049973,0.000625963301334603,-0.0105549015014108,0.00128522869003633,0.00257704300793814,-0.000305967289689615,0.00168546401774563,-0.00113444681919697,0.00073380013269206,-0.0017959198658211,-0.00125062859189402
-4.68313642555334,0.288784613730746,0.635009166602942,0.437786050384022,-0.008240350889353,-0.000115217172769222,0.000637208390257762,-0.00434668791097151,0.000684163403522382,0.00297286647688148,0.00143838710065938,-0.00202669343239196,0.00117050336481325,-0.001936187080586,-0.00153369879924041
-4.09876248609639,6.10291955089233,0.585386558112619,-0.311388356315048,-0.0101985746724301,-0.000466349156455281,0.00456554689968424,0.00105758815824429,0.00459018439885949,0.00264538883245765,0.000688061601970512,-7.13510512573259e-05,-0.000173036319099666,0.00166328005627572,0.00241720779442786
-4.96643163641544,-0.664741983541466,1.31265420795975,-1.2789112088125,-0.0156605239020361,-1.50933332798807e-05,0.00354429059353613,-0.00494960014559178,-0.0143378277649925,0.000398880430561059,-0.00105430182139656,-0.000352298614831942,0.000507032341902916,0.000404518491724425,0.000698183364880753
-2.83117911651006,2.93972331195598,-2.40595704804471,-0.580228405325184,-0.0179190477559286,0.000469736785070203,-0.0016769305195143,-0.000880012504178103,-0.000686976249099427,0.00118704980076601,-0.000640709674341516,0.00109968458367952,-0.0014761996607802,-5.21747167212965e-05,0.00167007357231744
-1.85091076793135,-0.838095695641488,0.382468208146036,0.549843943778279,0.0090983215864731,0.000254680394380519,-0.00640947918341498,-0.00241425826632043,-0.00286632063345601,0.000615672058380383,0.000451255625383452,0.001219508019673,-5.82155712010052e-05,-0.000539554350613304,-0.000556209673976924
-6.35059309864475,-3.44769487566804,-1.87960444415571,-1.39233257218456,0.0123337642127429,-0.000146787104341658,0.00713977897295697,0.00298197574835003,-0.00159140225106025,0.0013925827898409,0.00227259856819202,-0.000156414191391913,0.00123832866242998,0.000767483807931132,-0.0017069143360527
-2.92887276788354,6.24729610741585,0.654786332442922,1.62108271051305,0.00521911644856658,-0.00155714498266081,-0.00502469905891844,0.00170868392733427,0.00832846437351397,1.25531051919028e-05,0.00266600358946389,-0.000206162457315122,0.000168345599400928,-0.00196778179593473,-0.00116597638356563
-5.03439784642152,-9.2995155981745,0.668547165142934,1.05893035245409,0.0130393718078838,0.000147627781070969,-0.00637746481807919,0.000869758435395037,-0.013417609021759,0.00303853865238439,0.000478022394699524,-0.00141654145513824,0.00284933536698348,-9.30211062954011e-05,-0.00154487045433311
-3.76987262961461,-0.0610428047832257,-3.64734391339176,-1.16313867663166,-0.00933240937576548,0.00119261255138566,0.00539553242680419,-0.000436415068509273,0.00292956269530824,-0.000715758835652338,0.000476024402329724,0.00176132264141445,-0.000576608788932749,0.000295571947299811,0.00101806037822334
-2.50598971055082,3.82320900471559,1.31688023137809,1.75957956865375,0.0224570035483767,0.000814819973501367,-0.0070682767387847,0.0015469473909822,-0.00456300674682773,0.000648383351969221,1.27787427908392e-05,0.000737760562741015,0.000692986269329642,-0.000405922516665061,0.000256225559095242
-4.65994204568281,4.72959444023066,-0.542267990683703,2.3807401561192,0.0363341398275092,0.000120687992440607,-0.00714179468239995,0.000191213443556922,-0.00043489380713532,-0.000549352629138961,-0.00073240338401341,0.00178960269501554,-0.00373867411384633,-7.5720724046476e-05,0.00118336600490602
-6.37355889309483,9.97797661606171,0.182837489319854,1.47108453967328,-0.021845610626169,0.00106134114335467,-0.00721949293452596,-0.00414069544874531,-0.023392003954739,-0.00768102107304568,0.000372913103799163,0.000989791406406943,-0.000121145243670134,0.00679721845014342,0.00333965442735206
-5.36297075666582,3.56137375444352,-2.00005326641993,-0.545551363721775,-0.00929456145263542,0.00097644848677874,0.00386270329493771,0.00275181598028813,0.00258671687375711,-0.00696117693724284,-0.00180001682171827,0.00113404124407164,0.00157931133477804,-0.000261984678602679,0.00370547763082463
-5.9917998369783,16.1021939915772,-4.98630942606353,0.679776211904439,0.00563507181332112,-0.00121234232871039,0.00217949397710936,-0.0044669519999965,0.00131066777093677,-0.00337601563353637,0.00078143222083092,0.00155160090124707,-0.00223973833424138,-0.00227516409061663,-0.00154008802613119
-7.04960579648785,4.65133184353374,-6.89010231953021,-0.959483811850037,-0.0361643244030738,0.00123034753564421,8.40977693566884e-05,-0.00103085317656532,-0.00250213099897523,0.004302275660943,-0.000683154093636519,-0.00136358458384634,-0.00433431560858462,0.0028695135352898,-0.000905688971945051
-3.09877594374875,-5.8028084924238,-0.740597822677305,-0.0408270024780192,0.016192385697189,-5.67164003744951e-05,-0.00767116743688314,2.48046314907342e-05,-0.00734913772658438,-2.79105723158953e-06,-0.00092726083834789,0.000436233744431183,-0.000451343711413007,-0.000488035290014791,0.00170444258176685
-3.42524144962471,0.92356258939387,-0.944402225302422,0.872009978733985,0.0212292933316164,0.00120810371969965,-0.00801431885435004,-0.000524801931377635,-0.00774926143949105,-0.00106882696374579,0.000539719534244359,-0.00102429303143437,0.00183881353263862,-0.00255290560337867,-0.00239577899805714
-1.93990990257402,-2.9769061212024,-0.754384731838048,-0.73746278936842,-0.0170827536455718,8.74343678594121e-06,0.00286626351971196,-0.000610281369780126,-0.000742544236677139,0.00075880396439448,-0.000225044765850065,-0.000323739921625001,0.000332065591629323,-0.000957897246198468,-0.00066175778589664
-3.12089787151489,3.20356026037555,0.409394982368722,-1.25156347642226,-0.0218873028764035,-0.000293589645674267,0.00526612138419829,-0.00436100255848826,-0.00232847301867556,0.000594740420616882,-0.00138665868764619,-0.000811178113111722,0.00128375451473619,-0.000657895458552853,0.00136761997559051
-4.15329642861871,-0.0545468717333899,-2.71632502076053,-0.277610476927685,0.000863848836923535,-0.00105754528843313,0.00563162189676787,-0.00451449178908723,-0.00278846958478895,-0.000700588553659973,0.000584849985458086,-0.000330885140522131,-0.0015288243989546,-0.00129363483638859,0.000777382710150589
-4.04602814125659,0.947019127653468,-0.18287607013405,0.711122093487034,0.000749787823438115,0.00011490766446483,-0.00615045383612134,0.00219751460852258,-0.00129900782380225,0.00238377376039681,0.00101547665562181,0.00414883614733352,0.00177360429218389,-0.00178559292635003,-0.00243226234231964
-3.4841825940936,-2.49175625834938,0.189295849504701,-0.722060872730341,-0.00297838736320451,-8.74175894342888e-05,9.63690821343537e-05,-0.00161586446671398,-0.00544550532171159,-0.00113969991189936,0.000325607139590739,-0.00150996454806708,0.00178692481773733,0.000374928939053818,0.000523999452201374
-5.21186396879828,0.748902928998931,3.7873629342764,-0.260791456019523,-0.0314773028513861,-0.00203613779249594,-0.00218406002899936,-0.00288686434265967,-0.00146952344153684,0.00351389392086203,-0.000628454171570581,0.00142444591425052,0.00272421506213551,-0.00120111534936111,0.000266504969683851
-4.10120253686469,-9.06352387445697,-1.01215513647456,-0.611459241521661,-0.0157744645672394,-0.00049770202264453,-0.00464504452916391,-0.00142795408672517,-0.00233325294907916,-0.0014595817082723,-0.00133188850182085,0.00273932856732725,0.00303513779225587,-0.000263533994950308,0.00198855475393211
-4.03009214499775,8.13888750717928,0.00891236849356471,2.79112313785761,0.0306994639658874,-0.000275665918785044,-0.0144428923523579,0.00108189453676401,-0.00140240774963256,0.000278339584318085,-0.000896554349934591,-0.000303432924799289,0.00167365880043064,-0.00170713922074805,-0.00127154492360753
-4.80410847103444,4.28335146888086,2.2969917331852,3.2722999953774,0.0237112696278873,-0.000460398969209183,-0.0215621107325008,0.000100876049375108,-0.0124247514570338,0.00358111447254632,0.00203734281714003,0.000167036137137868,-0.000195939412975137,-0.000432866755664183,0.000368814017264384
-4.51460966396185,-10.8450541408758,-0.735254013604668,0.0487324664252432,0.0108548337097037,0.000661002414347651,-0.00370601159169866,-0.0037456330517062,-0.00813206456842938,0.000116681089408743,-0.000262366706768309,0.000225315593867382,-0.00121296435640853,-0.000466677149209665,-0.00231040204677135
-3.98962808091612,6.22661052637494,0.1994493288593,0.557434876449714,0.002887871253554,0.0013002865519895,0.00240091869384909,-0.000732170144580792,-0.00816451061213689,0.000887536970607208,0.000293862440320736,-0.000740756416297673,6.15694174518748e-05,0.000901988646891434,0.000182427673919645
-4.909147720806,1.23647268365358,-4.41518821145541,-1.40969052597802,-0.0141573357794691,-4.4703007614843e-05,0.00367965957789767,-0.00504343591871576,-0.000578599908552758,-0.00133473403608418,-0.000640578401026101,-0.00036342823646587,-0.00307885793512716,0.0018785041495441,6.88224159644975e-06
-5.45693943252248,10.1451922031716,-0.223175436808214,-2.23942016616145,-0.0468475111332784,0.000377437039439392,0.0118729137224546,-0.00156191697779988,-0.00633606454564333,0.00173289435900497,-0.000296734570718434,-0.00308537484401844,0.00118112301754372,0.000389875193099078,-0.00128777102910108
-2.02180614965065,-2.61821116506116,0.228934113725203,-0.340986778420373,-0.0200122450586654,-8.84953781462669e-05,-0.00240697461389492,-0.00269472700946785,-0.00240388798148208,-0.00147480714968729,-0.00105975906075909,-0.000440123178282311,-0.000179783817417172,0.000379999580328605,-0.000981607461859856
-4.07258497450294,-7.46830751073446,0.877452323290547,-0.407016896832129,0.0136806307637939,-0.000546253362408906,-0.00347045935096358,-0.00179423458500647,-0.00751481010365403,-0.00131807785317006,-0.00154037344394632,0.000714579108502315,-0.0021879028943574,-0.00171776951878787,-0.000278206797984581
-5.17789936325176,-10.5082190504301,-3.1280053720645,-0.847801414024911,0.0212315083577287,0.00125859987029246,-0.00786114947959111,0.00217094882705519,-0.000718840877658718,-0.000879600003926337,0.000906553426547672,-0.000763512307209246,0.00116405806061022,0.000717756531968321,-0.00126789577563308
-2.83885454562725,1.47348823019926,-1.13114012325992,0.0863303118407436,-0.013184089176288,0.000244001039626889,0.00222723272061093,0.00139018839713769,-0.00273549197660833,9.23802759488334e-05,-0.000228081985846533,0.000139762331767608,0.000300693402511882,-0.000398524060085882,-0.000718388907391704
-6.6972929416116,12.1404323216023,-0.278662818556729,-0.739609956908092,-0.0116077603950376,-0.000623890555824224,0.00391774833533488,0.00182211685525179,-0.0121935426273624,-0.00075291872185592,-0.00453535263230275,0.00460147779636282,-0.000854072356041945,-0.00404732444556037,0.001496458631829
-3.44645293299934,-3.40046560948032,3.02817844186923,-1.42337007685729,-0.0316936390247401,0.000628440218404494,0.00546724582530445,-0.0031431398523503,-0.00629263482645683,0.00425352297685285,0.000920603552600204,0.000631092004747237,0.000949287868299814,-0.000951542065322616,-0.00169469948021828
-3.15045234608016,-7.49906237378377,0.762777425074069,0.674628332125008,0.0214375361411152,-0.000452455842801531,-0.00653377710494567,0.000937442963737787,-0.006302219515453,-0.00216364777039379,-0.000789294762905702,0.000520618982934555,-0.00064414252085905,-0.000164315857085361,0.00166137167790825
-5.88773763073526,1.88363791491723,-2.9492673793941,1.17043952339938,0.0271208480536281,0.00375263069517982,-0.00843492560465824,0.00267177768887791,-0.00167104779831618,0.000205077296842456,0.00478518964177591,-0.00593569390293445,0.00199851109688354,0.00155265708832529,-0.00641330699021712
-3.1399825995998,3.36530105289853,-3.64857408484122,-1.01482979900954,-0.0468401805083385,0.00057313480821234,0.00642495924882987,-0.000193877650680822,-0.00110739991655701,0.00139719271204006,0.000899520334774593,0.000305710903945859,-0.0013838568802874,0.00018079389821276,0.00121392424923624
-8.11159129365941,5.17219132175134,1.48895519733243,0.116577792797734,0.0158469056870862,-4.1696156720783e-05,0.00308246118032394,0.0028644893086339,-0.00963622735836,-0.00405517442184375,-0.00659126933219826,0.00234288040572045,-0.00095044961154328,-0.00316223613919818,-2.69557542566065e-05
-5.43161084204377,-10.7843679230558,-1.8975749229407,-0.500029103321996,0.00916139682934181,-0.000346904284520245,-0.00196968677719415,-0.0059395667137629,-0.0165214458327372,-0.0013788125696241,0.0049378951427104,0.000130756201177407,0.00346334708125928,-0.00168735761033143,-0.00849148833838273
-3.43581521016086,-6.92929917597682,-0.189919461153019,-0.316569207819034,-0.0212059330110348,0.000802227760417835,-0.00214932213352506,-0.00160731701241692,-0.00322645717424021,-0.00225777126081502,-0.0020170986834899,0.00210733204880105,-0.00083072789146727,-0.00209230050631677,0.0002963113513584
-4.33683983393335,0.806201992019465,2.73628785653962,2.89254241599706,0.0510311498156609,0.000244385603991812,-0.0125897485038806,-0.00605414611771187,-0.0187067401442079,0.00100030526582221,-0.00174764515319273,-0.00138051235028092,0.00368904281710087,-0.0021028342651291,-0.00111464756725295
-2.53782958725963,1.67339036053314,1.23687703930566,0.490778263834525,-0.0258978541225873,0.000422568502491027,-0.00284756765949339,0.00296097336705214,-0.00781742844085088,0.00121213320221596,0.00146898879242118,-0.00233573771236737,1.96639192746778e-05,9.97010237034641e-05,0.00193060096695575
-8.31365809115051,-13.4531826878804,0.65054921153465,0.638506710826648,0.0234534019921537,-0.00226787527476012,0.00157683580043446,-0.00592984613032618,-0.019591760565887,0.00533531070174118,-0.00133982502508407,0.00163742961130487,-0.0141085399576082,0.000716371874779831,0.00741522159346165
-3.23253766288891,8.10282571193092,-1.30581079612077,-1.22272663891397,-0.0387350014942449,0.000118779617736747,0.00366296382707099,-0.00486472781317194,0.00820524010571221,-0.000644939512800479,0.000740502609812791,-0.00136354908539664,-0.000437197921129985,0.000616711021512621,-0.000348355075851268
-5.45353061067528,2.99511154180293,0.174617848244016,1.54898887175752,0.0134449787753418,4.01329290115791e-05,-0.0106698848938369,-9.4466404531664e-05,-0.000681219231574926,0.000492162350038297,0.00188911367610007,0.00218078351861242,0.0013709340941757,-0.00242705028311641,-0.00397708321501948
-4.7129451236539,4.07522745126962,0.186686621523059,0.8512501989758,-0.0122823264076002,0.000130603652763095,-0.00159571245159067,-0.000931118953694321,-0.00410911302178313,-0.000585771606178307,0.00328189211053372,-0.00239059732183913,-0.000652101367196308,0.000420132284732098,-0.00152372105401179
-5.15911512348642,6.87637384449364,-4.04020068281302,0.185837762165709,0.0105450082516069,-0.000191123328744314,-0.0066228438489108,0.000831972272675382,2.889487895914e-05,0.00129708477918891,0.00255241839334375,0.000498941873348661,0.000687641249947718,0.00134577840623182,-0.00199795821297137
-2.95433002415046,-0.324363101868183,0.118703800303227,1.15939055011286,0.00729937876334654,-0.000627527821381116,-0.00603072028510988,0.00178035204194608,0.00191250184325081,-0.000641284350833569,0.000332147727673772,0.000150035287715881,0.00122960846761352,-0.000155992209405166,0.00113890822946865
-3.51452816834045,5.5579133460411,0.307293111329551,2.74525021405907,0.000800218796458149,-0.00160950336341417,-0.0090639728737307,0.00474103899926371,0.0405274964744732,0.000173353078459875,-0.00049679522052626,0.000654108024059869,0.000461567435006734,-0.00110480542301389,-0.00171635637733356
-5.31617141098756,7.2907855259917,-0.693454868673265,1.00165641102874,0.0226921493396281,-0.000248155117978624,0.000223640891946827,-0.00641648025374659,0.0483087380478841,0.00121611941735352,-0.00169897086515031,0.00317614486724156,0.00218418866686659,0.000569099598881872,-0.00327188415931507
-4.63050903671355,2.79101352603114,4.28286925316529,-0.254618012803142,0.00198298975366998,-0.00136661226395971,0.00795379698482477,0.00309517669293731,0.0521813786389113,0.000667519858699944,-0.00122985242410522,-0.00166124676444134,0.000758322554303524,-0.000764131004419071,-0.00282942098731391
-5.16503861415157,-4.15116335276922,0.491535344892595,2.38219455786742,0.0106391257041167,0.000527481319180276,-0.0147402860366201,0.00413444794358974,0.04341718758984,-0.000495943286650517,-0.00582577839105036,0.000952356329413211,0.00385098840840478,-0.00270491297022619,0.000746047066151563
-5.45289601915972,-19.1796221920184,1.97949424233353,-1.36010372337538,-0.0120336146712221,0.000657332011413427,-0.00387717379882055,-0.00272677013497215,0.088302886109652,-0.00293992743216348,0.000420438746293584,-0.0028598514740162,-0.00204595531774592,0.00138474841041984,0.000423224974008132
-3.08498729016565,-3.74115346385021,1.9856241423489,0.0252565043217689,-0.00191952498432019,0.0003415922873836,-0.0040303572383784,-0.00286958358050212,0.0388370681310508,0.00480236112515039,-0.000811426009316968,-0.000799259759209029,-0.000501722238060279,0.00274227257865336,-0.00175650861461522
-6.60660567939747,10.4200419206092,-1.04576097895439,0.22543493440971,-0.0152540232905889,0.000888862671278004,-0.00413781215169282,-0.00623803699896108,0.0964721066576981,-0.00179337750958744,0.0027119377703025,-0.00132024973344885,-0.00181813562612715,0.00585700826529872,-0.00283181911549156
-2.29596646337942,-5.88585566859263,0.0271779583353021,0.358226544513621,0.0206308278211537,-0.000369563902629511,-0.0068775538551824,-0.000590442150132839,0.050981296881025,-0.000638321196388339,-0.000977431801843212,-0.00100352963892476,0.00068552020101416,0.00275154793068258,0.000984129846139025
-4.65396080390825,-8.60625251911841,2.41112475667452,-1.05766573287018,-0.00753214076687017,0.000246754138841801,4.89607416568996e-05,-0.00419076695688536,0.0725737853651677,0.00619448809286774,-0.00451891895728553,-0.000417451380308081,-0.000602575071709537,0.000675802178354713,0.000323540112440022
-3.93388455082443,3.52441052942101,3.83709980290808,-0.511713181970524,-0.00404014290216437,-0.000145967271266915,0.00828885243417085,-0.00178247153942494,0.0664251485281051,0.00164560853604141,-0.001024447538052,-0.00171804796783735,-0.00119899768013778,0.0024337789939066,-0.000145265704244954
-4.57594161074064,-2.20121095983486,1.20565539069732,1.34599039461196,0.0342676666957773,-0.00140568208468107,-0.0113584504830553,-0.000436635178571587,-0.00567521767370295,-0.00198783113004341,0.0012322501978532,0.000554099567243753,0.00562252179980848,0.0025192427536678,0.000258721741883853
-7.03395289380031,13.2958881950482,2.01257106504489,0.859265314228153,0.00928314924119768,-0.00286127630537407,-0.000565878679839796,0.000119384402162099,0.0186225786284622,0.00752175844096536,-0.00185701075582319,0.00539509214290939,0.012906469873976,-0.003150754518454,3.52412904809353e-05
-6.2296585429095,2.14922154168533,-2.19826317751447,-0.234406387489327,0.0157520828077127,0.00125253370724273,0.00251442513945751,0.00278490489531754,0.00168074633540806,-0.00458087144988481,-0.000754228186730562,0.000412718422533791,0.0020979569735163,0.00146896264693321,0.00100609746829773
-6.63018632228014,-1.1200945511442,-0.389587650348639,0.354025927602821,-0.0115994503214031,-0.000997240717457814,-0.0111058212870874,0.00243457293003335,0.0356574207461179,-0.00161384344525241,-0.000683572680539013,0.00815779635097184,0.00321835618744738,0.00157523569283089,-0.00300438823853698
-5.06467237265599,-18.3764477457542,0.151223292183931,-1.72244619694284,0.0221084598690316,-0.000390115365410483,0.00187443810650886,-0.00374480169754796,-0.0176506385177272,0.00293552051354867,0.000664679383497498,0.000950408633090976,0.00305897977842824,0.000801885177158602,0.000194695163289661
-4.66694325974182,-4.98018620190871,-1.02688664194584,-0.219587435867195,0.022177222146417,-0.000242463522334457,-0.00878429276539189,-0.000974679694369874,-0.00367133776844758,0.0022894916370429,0.00377434317458909,0.00243479653725503,0.0038039105092818,0.00428572598483299,-9.51030107024482e-05
-5.29110124053599,-1.68144483110728,2.39294146285493,2.38958508441845,0.0225425857600167,-0.000298869180730481,-0.0129108218316237,-0.0045623764204157,-0.0156026326342744,0.00899809416667271,0.00421095758651171,0.00159095101382586,0.00313576541813754,0.000913069482450932,-0.00151751625251117
-6.27241622007411,9.05884266244383,-4.89282271837535,-0.0102162374903573,-0.00637384559256117,0.000549082458077319,0.00193985863258828,0.00497513012356965,0.0188232667379925,0.000716184391573741,0.00377892838213825,-0.00427007036040237,-0.00192914076987819,-0.00355981982020706,0.000116321837492525
-3.47733037662359,0.024486604363447,0.714942163268111,0.426462849708003,-0.000650563743717319,0.000619205092688211,-0.00322270708558445,-0.000778688837298727,0.00172946664604607,0.00171676706793609,0.00116866970093708,-0.00262108338831633,-0.0012626516283017,-0.00114802590599524,0.000561393715036438
-3.26855672587968,-4.91750904560124,-0.317742067223308,-0.675108442857275,-0.0025054767851147,0.000242667714761811,-0.00107402911152953,0.000674840616910576,-0.00258511554384374,-0.000401692182919514,-0.000410265497108728,0.00252480768232733,0.000968854654064874,-8.12907563357021e-06,-0.000754911797977378
-3.89361190562004,3.02434230927743,0.0205662571083667,-0.00420375083412439,0.00319892801458429,5.87146510570313e-05,0.00500535796363924,0.00197424141959769,0.0102493571364509,-0.00195799286803817,-0.000978674784473259,0.000801236710428259,0.000404464231567343,-0.00116766960313304,0.00030659417038942
-3.07823903985677,3.71493959677536,-1.59006061443688,-0.327557190968436,-0.00401436252216292,-0.000661587126746073,0.00322138365772129,-0.000646022376164789,-0.00506959602771941,0.000675931336683214,-0.000889859732444971,-0.0016858866770858,-0.00173129739517734,0.00112706194327374,-0.000150600960377836
-7.21685592018817,3.32180780773272,-1.64998829121174,-0.0847438373013561,-0.00291135861964527,0.00209951229416934,-0.00410411724940844,-0.00342986373942994,-0.000351116562376667,0.00177466549593052,-0.00254684448018346,-0.00571877373996268,-0.00237925287642708,-0.000546073061488862,1.37879013796394e-05
-5.31058563164841,-2.55454106036211,-0.0611203337839053,-2.12595712753018,-0.0280043097089899,-0.00120486922222517,0.00931974310139713,-9.99363246343589e-05,-0.0149609182227895,0.00295586153922546,-0.000268866308417135,0.00217118855229293,0.00103600516607613,0.00285120646195857,-0.0023874388697406
-4.32148685756411,-0.424876411113128,2.40808056695055,0.299624852081412,0.00704177365731542,-0.0017589133180969,-0.00237117930336507,-0.000635717448449625,-0.014981773183307,0.00187768557632036,-0.00253442155294647,-0.000602619615046664,-0.0019012114037764,-0.000736176660119848,-0.000169293589021045
-4.76307257689194,-5.49828334777955,1.69008646207261,0.979652459567741,0.00587445778856937,-0.000435726999748952,-0.00395810110248279,-0.00198511499691126,0.00217712554349071,0.000841569931262246,-0.00266205083528475,-0.00124758009698033,0.0012583948039555,-0.00290121007057356,-0.000240038218209546
-3.92838041857907,-10.5684233716235,0.733140002801014,0.244841904096173,0.0263092312656466,-0.000599640657575697,-0.00751519920006335,-4.14323760565915e-05,-0.0206341839030178,0.00113987193934386,-0.0046943876643211,0.00157061778841928,-0.00223482503732528,7.004706930922e-05,0.00310758148847036
-4.50495602418669,3.50057845216079,-3.73284592612325,-0.579262300273756,0.00309067846657701,0.000594740185722479,0.00110025201116564,0.00245654729241961,0.00104131819461299,0.000401091083264067,0.00081035579659493,0.000664943809234174,-0.0032896554779217,0.00243619895290185,0.00275051612860709
-4.85740335032953,-15.0404933546712,-3.34530798725941,-1.01157683609097,0.0158468388335391,0.000150981056140452,-0.00669037643572286,-0.00363099356845614,-0.00379393088423299,-0.00475551862583509,-0.00228535390429877,-0.00119829727985004,-0.00414961552945589,-0.00263020965000091,0.00140147873038308
-6.11101430204209,7.82046658325284,3.95462384982289,0.489229251147051,0.0130519968915507,-0.000946483519971667,0.00339255605930356,-0.00751698398724604,-0.00683821932512862,-0.00136048563079039,-0.00262563059331919,-0.00115597057229515,-0.00524412876738933,0.00163208887515433,0.00368715060344065
-6.52952811051904,-1.56805501917654,1.15135599833448,-2.35397739768483,-0.00824102707324151,-0.00124071215144196,0.00714095564588421,-0.0189438862449247,-0.0100229189830407,0.00800242787732581,-0.00594466379753836,0.00138923826171083,-0.00933818036426788,-5.2513591803022e-06,0.00596466884472143
-3.091670736995,-2.70028787945026,0.628260521732681,0.761908710056257,0.00754555121014972,-0.000344582676202205,-0.00670005865090469,-0.00068732674754591,-0.0075847502639784,0.000440529310303444,-0.00255829510499253,-0.000476735143077748,-0.00108346753104991,-0.00171454683061919,-5.66480707117873e-05
-6.59040902619266,1.35895175591098,-0.789827139938671,1.97039975153224,-0.000514979184951988,-0.00316754345189563,-0.0122927487253236,-0.00522370078965323,-0.0109920036438432,-0.00440766379037334,-0.00574228712706314,0.00203017300233221,-0.00421482827054184,-0.00309467308892942,0.00160395371961775
-3.62553386442029,-0.987712024889758,1.94506238964518,0.227506738134815,-0.00628238753185286,-0.000599095565186409,-0.00134250575273368,-0.00294073589493502,0.00297218018959397,0.00151880123214102,-0.00427743554744232,0.00141076645789211,-0.00573722417699573,-0.000674271176562333,0.00283424550548052
-3.8489918206975,-12.0550583942772,-0.110668970823376,1.03196827607482,0.0403176368032501,0.000629983726589589,-0.00878929585933614,0.000115589269610845,-0.0198009215728357,-0.000526205969456642,0.000412775190820148,0.00213424536383135,-0.000186130630726755,-0.000350625558170567,0.000128680422594157
-5.22893397419192,7.21897561122486,0.570775301419894,2.13255448671849,0.0298654888918989,-0.000243761657480891,-0.0126224982998773,-0.00310805585542011,-0.00244740477466633,-0.00273660803367015,0.000118747301511587,-0.00124054583922448,0.00136640940027387,0.00151361327538003,0.00126393700366775
-3.44081504135825,5.8004984780737,-0.364247293329267,0.559466874874524,-0.013758980987876,0.000535249689552108,-0.00103090590638373,0.00243194310972344,0.00356486714287758,0.000754166755133414,0.00183113898857516,-0.00137226010986349,-0.00139308411176399,0.000660810222239339,-0.00207305566839535
-2.04656849820747,1.08165908727749,0.917391125495741,1.40283728621556,0.0189681682835151,-0.000148280798858337,-0.00229242890788203,-0.00168226204550922,-0.00291548131907842,0.000743230504962306,-7.89753916591006e-05,4.30420581757197e-05,-0.000663678730756072,-0.000375799595788238,-0.000284307452844874
-3.57396373680705,-13.6921129717716,-0.876430314006101,-0.540539535386431,0.00211989053554355,0.0011606737612706,-0.00530826254615113,-6.18874550991627e-05,-0.0100531310483623,0.00210807375433747,0.00355770361850432,-0.000615110998216859,-0.000915941327056473,-0.000193663501829855,-0.0016167359045194
-2.40433119821026,-6.60395035088253,-1.29250592274678,-0.610699496703447,-0.0187195353222574,0.000411362663739476,-0.00366960904503502,0.00207644526651259,0.00136838517593043,0.000755718943679935,-0.00104175774836653,0.00151554125531463,0.00182530039294074,-0.000232022013462087,-0.00120249753266601
-3.62788992885616,-5.52807483177105,1.25831517038192,0.179457003380033,0.00826587290221958,0.000445813089282374,-0.00262122625199742,0.00347440792078468,0.00744748992148561,0.00114707909827363,-0.0014016211826635,0.00059497431284989,7.21969955920608e-05,0.00135078165474702,-0.000167379999142898
-5.20985695524024,5.65066095207159,1.72470946223044,-0.706711771316958,-0.00200185752366405,-0.00171182561769643,0.0092796544986196,-0.00187610647988284,-0.000380261366620839,-0.00102881917562555,0.00212617983297582,0.000288688668334926,0.00153063086504795,-0.00390754989504857,-0.00249387128415402
-3.37118087581981,-1.35501468660786,-1.36873415972112,0.324709455347256,0.0152797866146023,-0.000318384613164803,-0.00435884554948951,-0.00210547544286399,0.0061535118275388,0.00188648075477862,-0.000727147683294593,-0.000907098879184341,-0.00109997132663205,-0.00211951748986883,-0.00296917778895336
-3.29435423276424,-5.27871343365936,-0.161767543648609,-1.36400716126251,-0.00530870443463053,0.000100580165669961,0.00663780850440463,-0.00348311009818814,-0.00664422857459361,-0.00106534107040954,-0.00114632887696267,0.00210079352273563,-0.000684510444643008,0.000760938346264423,-0.0011625184613793
-9.57930988091037,5.7299825519341,4.49480734033948,0.380464600978906,0.0232690756982765,-0.00212501073296206,0.00197758739169525,-0.0143343594920802,-0.0214267891424175,-0.00105788725440887,0.00562692860918089,-0.0132728445309958,-0.0024689757418222,0.0126102165210396,0.00829687455964859
-2.31838583591053,1.21842017008865,0.09205342143638,-0.295037578585481,-0.0203095588877404,-0.000228771550413389,-0.00122638452388501,0.00156578638283893,-0.00201781379515869,-0.00106948124330854,-0.00116049745369053,0.00103788716381142,-0.000718045911877929,-0.000571678346291179,7.11492638867047e-05
-2.62984942419874,-8.46286675471255,-1.2585522095306,-0.586685532130261,-0.0221972062685982,-0.000231099399322187,-0.00060428448770428,0.00044816794913491,0.00132332183621713,0.000328426927377836,0.00115052341267314,-0.00155160836307035,3.04608619102147e-05,0.00069871130059944,0.000764835689891028
-4.29885130733745,10.1715299034747,-3.6943032611903,0.333804619290338,-0.00997582862499823,-0.000569784363397163,0.000925523211463478,0.00227922393190625,0.000574309022330986,-0.00106619478999708,0.0032778397032182,-0.000575181060517042,0.00184537108841422,0.00190537485499497,-0.00140809635962364
-8.64492013763549,-10.6556018027948,-1.67728312746114,-0.503115725617074,0.0315173016993297,0.00540115404093869,-0.0158404541957452,-0.000333842623944475,0.000344774534143556,0.000836183733614127,-0.00849224094917046,0.00350258218863132,0.011206960167116,0.00311941844161528,0.0022599104707063
-4.3891070608489,-7.90111406272091,-2.66820198022217,-0.489284130771676,0.00471462837678784,0.00151927541775456,-0.00687337863010237,-0.000219084377959845,0.00703233184372255,-0.00230890745123334,0.000513851792232657,-0.00177286275985367,0.000374403365593498,0.00254157574800065,-0.00144220644089023
-6.03980823340423,16.2162028203895,-5.72659864556651,-0.695020036803507,-0.0196794477785675,-0.00159926046197179,0.00372251247642741,-0.00418408604810143,0.00630275495041948,0.0048344697274459,0.000645977272134111,-6.56595726495496e-05,-0.000367233184349884,-0.000262671406088665,0.000970894227723646
-6.84804861963131,3.88373911596215,-1.39742179064934,-1.72160602258521,-0.0209602922844548,-0.00114425509364892,0.0039429733618397,-0.00547073540773634,-0.0149723408284747,-0.00295757227135879,-0.00378037486911713,0.00790493637100783,0.00421420044452436,0.00204572647716103,-0.000303703598766094
-1.34515118177304,-0.761908586201877,0.286038424253077,0.063932105393077,-0.0398561660499595,3.36131088075069e-05,-0.000495577291510103,0.000272779074893147,-0.0012226838742645,0.000825789259611346,-0.000120093523674099,-0.000406785116750469,0.000201333200488739,0.00024533177833591,0.000491234627480085
-2.94979974277936,0.478267326718421,-1.22630163886194,1.04039511105457,-0.00394547033884256,-0.000748369006017965,-0.00482789043864371,-0.00378258399340361,-0.00437994346351984,0.00165894905729725,0.000883650347784622,0.00111544034025114,9.06370811110906e-05,-0.00101619349913396,0.00156432035581094
-3.2529159149577,8.31061440487655,-2.22890408736786,0.0113517589585291,-0.0396150747676406,0.000872396863623877,0.00374387819532179,-0.00108308876897386,-0.000903515649128351,5.89850148148015e-05,9.65348627341414e-05,-0.000622795254803819,-0.000430015298957381,-0.00090558466535523,-0.00066685460253834
-3.19446140965446,4.00908579084042,0.654078213206134,3.1507430579798,0.0358736118596937,-0.000986955337747974,-0.0107584545191311,0.00159590386649649,0.00110800053551861,-0.000737720502690714,0.000601233741990192,0.000661896998108955,0.000408866385504487,-0.00241683695120097,-0.000206406361336332
-2.46970660296028,-6.57041165892495,-0.630095284721557,-1.00770260706455,-0.00915467196518367,0.000347354794555021,-0.00100556375638723,-0.00246823149333938,-0.00392531810424656,-0.00109411653611914,-3.97668032926694e-05,-0.000235505616375037,4.57772491785338e-05,-0.00162035347767804,-0.000182371592883212
-2.25780679335584,-4.44529294184257,-0.497604472904365,-0.817018743021499,-0.00904027997569826,-2.31629070512047e-05,0.000857983874694928,-0.0017922849387719,0.00309857451717264,0.00107560420239032,0.000203084659250499,7.38564086078618e-05,0.00073261685767734,-0.000551976144039775,-0.000374575416439544
-3.26978720927156,3.39808798247534,-3.50127161023075,-1.02009611345162,-0.0158900374255346,-2.41943017482665e-05,0.00241041968954877,-0.00544783296264668,0.00562666749103977,-0.000192513695241219,-0.000884744673779747,4.32150099809775e-05,-0.000320144703390296,-0.00103218312357156,-0.000620218699439024
-3.93195107368392,0.813165074738783,-1.75075732200024,-1.07709877336069,-0.00555728879439569,0.000438208357457787,0.00263295555772146,-0.000592234944006919,-0.00269595430821892,0.0010775096947459,0.00183718696357263,-0.000831576627186422,-0.0022985484127443,0.00160173723244469,0.000671279625300608
-6.06237514474917,-9.27461186696305,-0.566664024472922,1.31916529567211,0.0496625076558199,0.00071441002595217,-0.0198069474614005,0.00379459112536194,-0.00154524725092437,-0.000214951223953739,0.00128143375738156,-0.00248625638284578,-0.00193537383096236,0.0027836358395532,0.00151406511023655
-7.4817205072508,4.60568996665074,4.73880681170287,4.0333828923956,0.0542092046780612,0.00216356179372351,-0.0159176463772252,0.00378515835401403,-0.00771637047799579,0.00191299789612046,-0.0074325599471861,-0.00595016168042354,0.00652065890391079,-0.00646330175211058,-0.00275832902265488
-3.62481179997624,-3.47237607060876,2.29719913512777,-0.426445662938957,-0.0117620155073705,0.000592444647657579,0.00224694634371403,-0.0030786985398961,-0.00221956656874212,-0.000749601865205281,-0.00185871055303859,-0.00134134756070508,0.00141099661477585,0.000582782465954789,-0.00101062639530626
-2.45229252949324,-0.834337478375619,0.214729731589882,0.123889074111369,0.00701308772945624,-0.000320923416023927,-0.0160533203051585,0.00143567078093724,-0.0108092640608508,0.000130737444863772,-0.00152956601060603,-0.000138764853871016,0.000491956993868243,-0.00137656106641387,0.00302149409979295
-5.68105771570559,-0.768217108838467,0.203517011747961,1.37573503146107,0.0166409472766536,-0.00231980768413648,-0.0541279076810105,0.00057111919519786,0.0176370119726031,0.00697747568104296,0.00133702034046766,0.00200293255785304,-0.00373710902503662,-0.00210253165349117,0.00185772342281958
-5.2486174657953,-9.17529682476535,-0.303680171423011,-0.836865790159612,-0.000545043681337873,-0.00105293516163859,-0.00648081815375436,-0.00520899335493824,-0.0209048292468971,0.00182012972534526,-0.00059957482619087,0.000272936415893171,0.00232907463369153,0.000396221850766521,-0.000351988485304485
-2.79237779152394,5.77327211235788,-1.96578117691272,-0.606533794162392,-0.0241655290462643,0.000376290366348759,-0.034421716549168,0.00205344295378976,0.0036458775273615,0.000133598105766958,0.000307265101725294,0.000822794422090323,0.00194437138345554,0.00107601168999955,0.00190354471081319
-5.10344265382379,-3.35003226986828,-2.89446080165375,-0.876048779524244,0.00527820268612259,0.00153656750553898,-0.041540366835469,-0.00106128719229116,0.00196113780468039,0.0025825671503314,0.000391005769838335,-0.00052904561349939,-0.00588115922764728,-0.00592116738873277,-0.00297480819655894
-4.2309811490041,1.26029848728197,-3.65252154571517,-0.435249264089361,0.00573783238415075,-0.00190005846444369,-0.0369229588423738,-0.0053072318349526,0.00132111200553102,0.000878125718661564,0.00170881076899567,0.000479117759950631,-0.000141528074981272,0.00209655601261754,0.00370396289647376
-4.56086228932002,-1.50202026053098,-3.37161628078745,-0.131852929439992,-0.0101447624211567,-0.000865319323308821,-0.0514556022596745,-0.0043270290253708,-0.0162633939290541,-0.000828447009354189,0.00114733065274503,-0.000827906899256853,0.00104429011942645,0.00139853393470392,0.00104978774653884
-4.74190739562421,2.76743845723409,0.756347767015817,-0.777460191429061,-0.00411633779107402,-0.00116054390737086,-0.0361368607108284,-0.00146947552614612,0.00264384945177301,-0.00258414322792577,0.00259262215593327,-0.0019517267775536,0.00155173362605526,-0.000405907107469562,0.00175961203258615
-3.62112141124761,0.108861555732402,0.922548688978134,0.279861705967558,0.0135125711316985,-0.00056507046804352,-0.0156379193693063,-0.00538793504643495,-0.010311659888805,-9.33148133962724e-05,0.00216664276289374,-0.000322929078375005,0.00329655328066145,-0.000964717951720938,-3.10011323045064e-05
-3.08765497297942,-7.00510291547952,-0.142840442939617,0.110539479398443,-0.00409028509912398,-0.000406804924623679,-0.0502586319239796,-0.000169855282768645,-0.000312540866181644,0.00140087535114392,0.00199617392847094,6.2936464206741e-05,-5.09648736019029e-05,-0.00111692786599069,-0.000162506677728376
-3.19793365138758,-3.00199396807514,-0.784351093848518,-1.02682378557224,-0.00953724496351257,1.49224827533764e-05,-0.0133370153068301,0.00277101114762712,-0.000410764169204541,-0.000756414926427428,-0.000527668378564723,0.00180786993040959,0.00182853390862901,-0.00111438868332233,0.00173003477038844
-9.96373471169688,1.7933627230355,-3.14805268743083,1.83449330502022,0.0093834885366335,0.00938295408060816,-0.082176361330725,0.000846058535717247,-0.00833935972034849,-0.00281199268905548,-0.00106881071475653,0.00381792172141944,0.000166332704722961,-0.00160503143971682,-0.00307344603307985
-3.85962050844612,0.0583208081897456,-2.80350816872258,-1.08772859724524,-0.00781211972487401,0.000131296405423479,-0.0215635723182819,0.00545021581439181,-0.002231273188377,0.000824351113711712,-0.000682712939463164,-0.00136875547575311,0.00225639109861479,0.00138405992808723,-1.98428725671216e-05
-6.28245954861652,-9.63132495882147,-4.33879651875712,-1.41802831055831,0.00862433471958414,-0.00173905821743956,-0.0306861785344301,-0.00587546889747224,-0.0015620829953006,-0.0016190227007289,0.00356334577434835,-0.00663637856061489,0.00200676914042836,-0.000434108166320667,0.0046941937551601
-3.56354648164449,-20.2807749910892,-0.181644139331607,-1.37026890137292,0.00181178742796479,0.00030315941689453,-0.0276710200958078,-0.005180313058889,-0.00173130745017679,0.000100046643635835,-0.00199518372920388,9.26216476879131e-05,0.000194579242973511,-0.000243651649489865,-0.000661938265110185
-3.73635941798944,2.07980286219532,0.948965416266579,0.513861597390591,0.0115247215832761,-0.000462084660650028,-0.039329300848531,-0.00151064199676635,-0.000699661167427857,-0.0011806229036004,0.000270131645553338,0.000157217751483603,0.0013689344126404,0.000636855915785365,0.0027768857327149
-7.63454587855409,-1.46108521035332,5.22688689526747,-1.96658058488878,-0.000904558168023877,-0.000539834020900475,-0.0164014859271358,0.00104069627214309,-0.0250081544851904,0.00382006864902728,-0.00391336235954841,-0.00139205485992031,-0.00898330172498275,-0.0016576176629582,-0.00255713628294654
-2.4247929197223,3.15564792526144,-0.752845433668653,0.646792839845715,-0.00812010047617522,-0.000158918572385833,-0.00377999554870309,-0.00148768880304947,0.000568676924296806,0.00136411314490795,0.00178875489033714,-0.00131265900207139,-3.08695375745058e-05,0.000715577308391188,0.000148632225657011
-4.88507173193857,-21.3582012155353,0.00345285258446846,-1.30075515090403,0.0252387944033065,0.000717159485749104,-0.0160654259254536,0.0054382873233384,-0.0120812928664858,-0.00136117291970356,-0.00078967767346533,-0.00102633054870034,0.00207512114475781,-0.00302532144113599,0.00180266464438179
-6.39938340871437,-17.4640754160172,1.2182853064939,-0.486903860629954,0.00261129040062937,0.00142448284601803,-0.00904993820177044,-0.000735948044784528,-0.0186467088941441,0.00553830507864092,0.0057103325335107,-0.00164523660562958,0.00140657036800377,0.000846559016123863,-0.00683708282137156
-4.42426080563053,2.43540243908498,-4.27762588945191,-0.197323585002404,-0.038235633032777,-0.000737359647951548,0.000785714765013509,0.00223811109509151,0.000615140683298209,0.000220478176867226,0.000614976932238108,-0.001766242161594,0.000333609206911579,-0.000808161862728708,0.000585495459266066
-6.96020857054572,4.33483464988676,5.47284408771027,2.08455425654966,0.044593743527146,-0.000906076185585334,0.00128092709489179,-0.0125990510920554,-0.0122946303931508,0.00937770982041436,0.00902554112952679,-0.00088976449720885,-0.00185898740617379,0.00214531078543812,-0.0020219881862695
-3.97092104567821,1.13604876506311,1.1252294530084,-1.14446882933086,-0.0222898731768926,0.000139513429832361,0.00835906681503219,-0.00192680471128685,-0.00493951533634341,-0.00148012922465259,0.00114036960948981,-0.000597637294451043,0.00104381004199331,0.00195948531527582,0.000231972877596367
-7.19063712030981,6.19513434044992,2.10605871855813,-2.11096662357828,-0.0499537426704746,-0.000250670797910245,0.018767841285281,-0.00457283797057201,-0.00679349649170765,-0.00826331910439069,-0.00461931182269323,-0.00197981277146136,0.00280047552410607,0.000227949912226549,0.00390382627653542
-3.1653059795488,-9.02322640464644,-0.208937905152112,0.727116754395043,0.0312023898195466,0.000292255820188145,-0.00921930077852513,-0.00511480985512055,-0.00481031707368805,-0.000752945037774158,-0.00112037752132701,-0.00034399215473841,-0.000443641535095577,0.000244788856205803,0.000251477027014133
-3.61592178180411,5.26365829519576,-1.50623682002087,-1.56590644904732,-0.0375609618467559,-0.00017060519920935,0.00969687095735731,0.00211483831203757,0.00289927866102908,0.00180501161294739,0.0012268688525864,-0.00016620087617756,-0.000141268008758156,-0.000851588018399495,-0.00140198300155457
-3.74118396079799,1.23149826849187,-1.48417072880029,-0.824072181329417,0.000960475571222498,-1.91073794404179e-05,0.00385636044815103,-0.0016990911625431,0.00183219016712572,0.00103084395214675,-0.000331954817016837,0.00114107118842768,-0.000305534155433406,-0.000860363753466877,0.0022693201579492
-5.57678172229726,5.17283739020067,0.253222556578037,0.308714722842923,0.0155067484854077,-0.000295005472104798,-0.00293056603298309,-0.011020917359699,-0.0123939418621541,0.000759575098918768,-2.6297811981873e-05,-0.00269437882956028,0.000935695462659654,0.0009505819577339,0.00117238895501946
-3.72314348066276,5.37355749532711,1.60268802935884,0.628774790128619,-0.00978724864718872,0.000714483241893457,0.000668779151474611,0.000348761502355786,-0.00458724808835098,0.000734546352749423,0.00184613317928819,-0.000447153263382729,0.00120454871659763,-0.000270630103584612,-0.000782272227872286
-5.40847800563284,-0.0979115052890824,0.575043548267214,-1.09913726058847,-0.0342407282064934,0.00084828870598991,0.0105282969994953,-0.00490766119165428,-0.00148617599555343,0.00278448367692101,-0.00110725583155494,-0.00136787134062045,0.00148892924950412,0.00106536224432556,-0.00191685429181712
-5.88728260508849,-3.79840742171579,-2.3454104644804,0.923953129425563,-0.00475674561250986,9.3049914443251e-05,-0.00608580714967048,-0.00390979740778421,-0.0100648587264473,-0.00178888741415247,4.65413057511567e-05,-0.000592017726990631,0.00281734231672207,0.00203567242241925,0.00223313468442908
-5.93735182203268,-14.0373189229131,0.774226942550536,0.225013921102376,0.0290007619054604,-0.000824102528374788,-0.00839159826727559,0.00266585583037904,-0.0139792880625046,-0.00320016064554597,-0.00491942738994609,0.00271560303365243,-0.000211380479197087,0.00405967659608962,0.0072512765803452
-3.28638289501724,0.851232638435074,0.858527597573722,0.0512191772435149,0.00479234292543896,0.00036130111167049,0.000622152009138945,-0.0022834875190066,-0.00550138349482014,0.00294056949476357,0.00191060382104912,-0.000446743352525729,0.000553032844559627,0.000143421187291038,0.000509917804832786
-1.23358748296721,1.21245545280177,0.138178075724942,0.998872487887743,-0.0151484870316653,0.000313909194187253,-0.00309457416779955,0.00186241560421107,-0.000259848229734573,0.00149995528402926,0.000602405076419907,0.000101581908735811,0.000594217880740908,-0.000434759771766917,0.00219574396172326
-0.622316668859027,-0.865297830541156,0.240806670078422,0.052784270586204,-0.00189826863183079,-0.000119430045125433,0.00017345786269919,-0.00114417039636004,-0.00370183377375033,0.000326791045841156,6.45739294080681e-05,-0.000456046125620543,9.53318241093519e-05,0.000251258467760473,0.00019376204589563
-3.12206705301006,7.68323583600122,-4.74396502107841,-1.15985079652677,-0.0540898863961032,0.000978791139281533,0.0059125929138247,-0.000586473315971634,0.00561522656038848,-3.27033046094436e-05,0.00135893498360962,0.00233224947789759,-0.00150670660599677,0.0029892058622866,0.00104643387943706
-2.57385118805142,3.5534203921101,0.941093134295175,2.34255327304478,0.0266085484188738,-0.000125851206278075,-0.0125567441245931,0.00283929604462121,-0.00814192792368145,-4.96672427760281e-05,-0.000130596903923496,-0.00105495188520298,0.000606933935876879,0.000305509527669539,-0.00139714338091518
-5.50249173843046,7.34519495139036,-2.01083673715522,-1.53071174218778,-0.00976528895260199,0.000821186903856321,0.00452964746625619,-0.00293764255769814,0.00287234135617882,-0.00396013944630334,-0.000842441711527229,-0.00429815525724143,0.00062288499974417,0.000375063809697805,-0.000628524773202967
-3.71260674491861,0.230556508058479,1.64981163495392,-0.71819200057652,-0.0108266395952632,-0.00043320667404507,0.00111926062602291,9.43876352356614e-05,0.000356886922273684,0.00114120170406538,-0.000147517915428347,0.000643537123730814,-0.00126050099083305,-0.00154421084891044,-0.000889246370222106
-8.84792604730317,-11.8070309184312,5.13704217272677,-3.36829141844815,0.00829462573581139,0.00163231267792237,0.0170694206512481,-0.00770530999033631,-0.0315355142277349,0.00108040212497445,-0.00830488370244108,-0.0071369030289316,0.00536135213732611,0.00399539348806165,0.00465048765329697
-2.36692666908721,3.3600100392226,-0.448941637570962,0.336105467566077,-0.00305487812411613,0.000979284659232141,0.00347837693108685,-0.000715333190098699,4.23464772734655e-05,-0.000444796164768832,0.000574809035758313,-0.000254758162610733,-0.00173904897026246,-0.000580271503044808,0.000810435258031717
-6.29415981599547,-6.42351592764731,-0.188983496509334,-1.10049896854756,0.0169266507943848,0.00122640330576393,0.00421921329207195,-0.00758793067393787,0.00994108899163205,-0.00475058250123002,0.00156240245189977,0.00185542795255466,-0.00214297070867081,-0.00670874633116784,-0.00627628002749754
-5.26408064405372,1.57675960101274,-2.9684235698065,-0.834279324590497,-0.00570897937206201,0.00236376152082405,0.00546193708161214,-0.00401893049789835,-0.000537492316681753,-0.00152369474694899,0.00073359568607839,0.000139206864135226,-0.00223544799020567,0.000997461410957785,-0.00131424406122167
-3.75862222166202,1.54106729194143,1.37366879753027,2.93781332422224,0.040678482962028,0.0026558936655463,-0.0121976941000493,-0.00195219375451998,-0.0101113198573025,3.46309400726169e-05,0.000260304603225649,-0.000203551596819957,1.71224230736874e-05,-0.000774828728393199,-0.00102936308657791
-4.92125084436752,0.610774557751338,4.2776527680869,0.380196256914255,0.00849122633266737,0.00261284965360767,0.000316634854961154,0.00084734083834004,-0.00706821963826116,-0.000885154729639408,-8.57468710192758e-05,0.000869634826455836,-0.00143997088550542,-0.00182161164382047,-0.00260731147165123
-3.16353594141275,-0.624163071094312,0.178760713776198,0.145203879884914,-0.00508218499263744,0.00146136063179165,-0.00408599381964024,0.00283551596035874,0.00283002526106794,-0.000322543935709221,0.000525924139126273,0.000144144971010093,-0.00105320849120435,-0.000443583965348513,-0.00059090434139784
-5.32638199391116,-3.56111730392943,-4.32325294483802,-2.03219020992143,0.000710296887740577,0.00321017942253954,0.00705263438894911,0.00143756056150011,-0.00599072328726589,-0.00397423462752218,-0.00355112902570541,0.000383319312756181,-0.00334584371793318,0.000427853639926887,-0.00215489546689806
-5.44229678056592,8.08813517122999,-0.670516230456935,-0.163483444514289,-0.0109187143788436,-0.000226044046383768,0.00351653251987713,-0.00286145502284239,0.0052350830436275,0.00282930211018014,-0.000440368231177855,-0.0020996899471114,-0.000793477812707089,0.000737043144633546,0.0029849417444529
-4.91858187733808,5.80545172085278,-0.50502953152259,2.18714525399657,0.00974640898037703,0.000399352808187256,-0.0137165487301033,0.0022453943105419,0.00404372991788669,-0.00147899692813496,-0.00155525393652696,-0.00288005140060016,0.00200416927777117,0.000940418440909139,0.000271201571191572
-6.31968057918712,6.19514380249068,2.42915269114764,-0.417164691228071,0.00366982497996176,0.00196116997298856,0.00385698037005719,-0.00317223710464616,-0.000930416739588694,0.00298722611411459,-0.00343520987858003,-0.000972727794862814,-0.000771015118657099,-0.00485742433448436,-0.00542648833599458
-4.25352367583408,5.19506483377358,1.57825846987588,0.0477269664090061,-0.00147094889124861,-6.77726042441986e-07,0.00197134386888908,-0.00619372064234702,-0.00508297121251578,0.000115735272241926,-0.00115012191433703,0.000373842839626159,0.0002213593956898,0.000899206387332101,-0.00160546134540863
-2.72049362819524,-11.2250356444628,-0.0977365891874613,-0.0491477673906534,0.0196816155833703,2.53728027486195e-05,-0.0049809895628997,-0.00444180870728656,-0.0108336114046438,-0.00132949309936992,-0.000602919300705292,-0.00140386361388425,-0.00042153811923119,-0.000635687201217917,0.000699878065447374
-3.96032365057207,5.89579857304824,0.953357534559227,-0.637875130752615,-0.00931762511461274,0.000293320929148297,-0.00174657739058668,-0.00650977004134029,0.00283686173056175,-0.0027174514526799,0.000582847072335635,0.000319257203860924,-0.00152334762451707,-0.00219263628052923,-0.00264916142846828
-4.29551414906901,-2.77971873432972,-1.76942948577932,-1.22680782788662,-0.0129585222209681,0.000181985153824878,0.00249325543758648,-0.00486957898140811,0.00273976638601897,-0.00186824148187648,-0.00265554025389914,-0.000180634482578201,2.34805341484757e-05,0.000717828621761408,0.00148742286773527
-4.42687390350512,-5.82387722892532,2.16522889685607,0.694980954246743,0.0174633890093041,-0.00207336900632231,-0.00621529178247434,-0.000460027634415643,-0.00921828520241808,-0.00280638498566415,0.000109621299104938,-7.10102813111659e-05,0.00180721828654604,-0.00304914587402103,-7.68057504844958e-05
-4.27162617792496,1.9512508753278,3.9163303737167,0.846366141888342,0.00890265031860455,-0.000302901109449135,-0.00632234836077446,-0.00126483393275835,-0.00123006204592381,-0.000636367598436975,-0.00293917306081524,-0.00193405885006077,0.00247562086272479,-0.000857092115079904,-0.00110856387143182
-2.18298628483723,-1.20939990553897,-0.0655431391974839,-0.211205182539241,5.08797417977286e-05,0.000227874384293505,-0.000233234341604536,-0.000646595206745953,0.00714890323693181,-3.34364215717862e-05,-0.000357195261770342,0.0003711877550934,-0.000207636438612034,-0.000305330595045744,-0.000482226188349428
-3.59144303127079,-11.4922992509372,-1.69030162401346,-0.760759815478053,0.00579775234022626,-4.72742072659084e-05,-0.00460887853398848,-0.00229394394621792,-0.0048429927228398,-0.00129264508156171,-0.000777847079652563,-6.94845195727424e-05,-0.00181427510045269,0.000301265810180282,2.38130607618703e-05
-2.43245112174155,3.7397770279169,-2.42475744982763,-0.380513150491013,0.000243794675426691,-0.000206889070438763,0.00286528981157617,-0.00359459826263541,-0.00105303165833763,-0.000365140496782117,0.000789601138167925,-0.000600118913634455,-0.00133779241304127,0.000491815791260469,-0.00105108135451347
-4.23924919017105,0.218703572870448,-0.319539473818034,-0.511156040709686,-0.0100138379902094,8.20655665437377e-05,0.00804195685666962,-0.00285163811029954,-0.00159589414163199,-0.00100619208390233,-0.00128356339389979,-0.00282414798969711,-0.00209231086901696,-0.00132195020891172,0.000789085061369856
-4.13787599636517,-0.270891169930129,1.47666743292552,-1.04155915276336,-0.0253164196464508,-5.61634289966942e-05,0.00143333995541411,-0.00123919529531483,-0.0174582318171984,0.00221630693355608,-0.00272812239272948,-0.00134493328361282,0.00248454365744755,0.00123441009308472,-0.0016694335801727
-3.70065128471108,2.03054623749531,1.82472721366932,0.105348517366265,0.00904453508356417,-0.00081811815543762,0.00339783684726159,-0.0036652620667434,-0.00778835767859862,0.00145817348798377,0.00150817701826384,-0.00352255965572188,0.00145051376236191,-0.000205031091175355,0.00043622435961215
-6.20579385926292,-14.6973038352779,2.75606880868442,-1.32842817657536,-0.00406245342607921,0.000714378351593144,0.000148909715476872,-0.00686600383793334,-0.0160475951525497,0.00689084416559752,0.00407970196388993,-0.0028172233452353,0.000254961343252499,0.000467601231474365,-0.00408200202017262
-3.01312951084195,-6.20299828614357,1.0085276875287,0.824977464388018,0.0146935315224159,-0.000360776198618164,-0.00680247492379482,-0.00351831245614068,-0.0116763829758694,0.000303994381883855,0.00241112922088354,-0.00647927868728103,0.0036959293754492,0.00243462921184649,0.00391116101873658
-5.25143023879148,-9.78554696295345,1.76632530503706,-1.48377621001221,0.0112460831890125,-0.00140515973397576,-0.00394999447340051,0.0100748289223295,0.000308869960160695,0.00279705161334088,0.00355731450808154,0.000618405559834252,-0.00156092362561235,0.00221933716070131,0.000748414212910946
-4.47692777725644,-10.7907833945525,-0.475933495121529,1.34748150077777,0.0261548237412825,-0.000441003275702673,-0.0138243307316319,-0.000375998927960122,-0.0155485981243232,-0.00425455052914849,0.0025688065265056,0.00181226493682439,-0.00071656501777323,0.00524793267717163,0.00138142035303121
-3.49421294632011,-1.32262437437266,1.61070056073695,-0.455492271165404,-0.0136107996352454,-0.000411047731835788,-0.0018377717340764,-0.00704620657514884,-0.00643738089875517,-0.00476647656743696,0.000335527801412465,0.00269369631335107,0.00123607733887489,0.00490668452048173,0.0020848116886994
-4.51115884166124,-3.9811687596551,-2.82316014015365,-0.788633163289391,-0.000686079145721902,0.000833044959326878,-0.00227071465464803,-0.00550563094518613,0.0046239538127409,-0.00300173742855604,-0.00134718541176467,0.00368732809474842,-0.0007374613474867,0.000197511847839773,-0.000214368971271011
-1.90311331339694,-0.0111351663112601,1.04511194625475,0.463060643108018,-0.00901355800876826,-0.000965955998121805,-0.000585864507748475,-0.00281272775989146,-0.00669541068476636,-0.000867103696075039,0.00085253883705839,0.0020735167916645,-0.000846116555154947,0.00141756430268007,0.00130108619517951
-8.09910464200802,13.7766192131646,3.61057729415625,3.69728941388279,0.0209897525261348,0.00178761018456104,-0.0100317635802226,0.00199545363952538,-0.0253343834005561,0.00521368295921124,0.00180280696599912,0.0154670002209114,-0.0053695329482435,0.00955262425600662,0.00130472796856944
-4.75273429357772,-17.9421871578821,1.09783327809357,-1.0249820141672,0.000681606782643731,-0.000456382336376503,-0.00499672678795863,-0.00633627286092344,-0.0053796742686763,0.000948948869787607,9.07782741266019e-05,-0.00132393113700128,6.21166279715921e-05,0.00378790463695831,0.000254366976897664
-2.14614480194148,-0.720642296693441,1.05930327971396,1.34735722882821,-0.00123476319490287,0.000196661797512284,-0.00808932829594681,0.0028945498764269,-0.00714211107031018,-0.000400850643078797,0.000179210761303941,0.000192166873017113,0.00105988746633621,0.00092834050998669,-0.000340015164432017
-2.44372554281223,5.41255184380289,-2.60005158623756,-0.699104381360429,-0.0220114720967064,-0.000155066004932927,0.0052981304533075,0.000700847553247997,0.0073211490997232,-0.00191937961129487,0.00103137189533249,0.00287379242905363,-0.00179189522266287,0.00201788038397391,0.00141116258825519
-7.02968651127822,-5.71316137736426,1.74206528210077,0.878176955534857,0.0312616389100558,-0.00201218834293765,-0.0102878817364721,-0.00937196368016772,-0.0142930028479935,-0.00700850295915332,0.00365620686021282,0.0164776390864974,0.00107235901556773,0.0111417510076788,-0.00273192261059032
-4.05601364187708,8.49253442273383,-2.85212276240033,0.795622465239064,0.00310337001286186,-0.000404048947388553,-0.000512492159638061,-0.00472366596998084,-0.00209091239754755,-0.00123392457005432,0.00323422802318515,0.00534452477412603,-0.000703606995432069,0.00662428305057915,0.00256379674480105
-2.00746592762896,4.51584273565337,-3.26440858096959,-0.91175578729927,-0.0468408884050225,-0.000258347775608062,0.00556769585208413,0.000494759187596337,0.000545045674127494,-0.00019486084936742,1.90906716332597e-05,-0.000416323962196467,0.000334511771958834,0.000477376768325564,0.000962254721060278
-2.74563692326351,5.45668234207659,-2.83529060298289,0.107631123574635,-0.011596501201147,-0.00118684156067434,-0.00102537597692005,0.0055873667461099,0.00678234100280174,0.000977385662601806,-0.000134230996671683,-0.000461263093905364,-0.000452221703341152,-0.000260265770533859,0.00122598109576407
-2.17649167056031,-1.10632578615923,0.0707633315069013,-0.923332495090689,-0.00607088650584212,-1.55461803656263e-05,0.00231528650588032,-0.000920526144767935,-0.00256581694540524,0.000808191473495072,-0.000832144014464974,0.000209592736014945,0.000291948293488117,-0.000312043480871018,-0.000379667710638079
-4.19330803885519,5.08560701366523,0.486710583555403,1.05511032115991,0.00991661614107925,-0.0006592684275834,-0.00781311074959759,-0.00235001195938276,0.00160690398961156,0.000471735095457617,-0.000299119694056962,-0.00175781329909974,0.001993773456519,-0.00120911340312775,0.00169367340130482
-4.16667940006532,5.61330027256574,1.81252381274165,0.451640451754463,0.00433857200974507,-0.00036500308566751,0.0035602787033106,-0.00173140925203142,-0.00843042490341111,-0.000178696879807649,0.000249065213651591,-0.0021753277937746,-0.00246727181711744,-0.000338465090724939,0.000947893949116674
-5.23037478264082,-0.944146620100573,-0.480587241465213,-1.24060592969506,-0.00306185149604364,0.00115038825119285,0.00736394410448615,-0.00287581486668615,-0.0138127991770665,-0.000781668119862023,-0.000372226119051174,0.000394210799707381,0.00292998554227622,0.000567771763709943,-0.000830206806802389
-2.91538171166385,-4.96218788275009,-1.18133370302116,0.494981410449223,0.00275031169105354,0.000419355803810018,-0.00568137375089825,0.00435557736151847,-0.000683157895060087,-0.000569738102702318,0.000181929561864155,0.000429291697416762,0.00021773945512391,-0.00132080575744278,-0.00154759904885802
-4.73803484139428,-2.66093628950857,0.821225779952074,0.302800582077043,0.0122783979878711,0.00040377629998814,0.00354028883570771,0.000741802111539758,-0.00537485592601449,0.000204074837358823,0.000371933474755438,-0.000699797339458356,-0.00382449199961982,0.000157739811863831,-0.000815600150879727
-2.64420135437273,1.40110500157612,0.631453068744479,-0.455515821075741,-0.0242786443196502,-0.000191582385339129,0.00373675124354669,-0.00184887248917859,-0.00572759063961331,0.000815286939997325,-0.000577745373942681,-0.00208115162089773,-0.000345562964310562,0.000939576100613253,0.00122330380180615
-5.88498540349081,-0.91936342712287,4.37749325451673,0.0526879405152993,0.0105409157546454,0.000421134889610191,1.56644783182269e-05,-0.00848949475759004,-0.0108193724522318,0.00154758691108144,0.000659441267800086,0.00135578727888334,-0.00326135807587766,0.00303379661989139,-6.24998202560333e-05
-6.46302490832452,5.98769973985893,-2.8001878535834,0.623987246436741,0.00902235145456665,0.000886936788270845,-0.00743254055152944,-0.00231823512441483,-0.00831097319039393,-0.00586588137189991,0.00246528179815251,0.000371921105150193,-0.00185027322079544,0.00444342504574245,0.00307200631368948
-6.40146272071731,6.25361218833918,2.14388080244661,-2.76340443757479,-0.014233619204654,-0.00055234145447303,0.019023999567647,-0.00396863392411826,0.00711484645151419,-0.00618550053402557,-0.00100725396678574,0.00145531842864838,0.00118952217755522,-0.000859312961525065,-0.00345600502907999
-3.40301971261785,1.3521170704843,0.143759769665173,1.35589606130573,0.0200072215548541,0.000102748377197029,-0.00831439314878491,-0.00460351421874589,0.00508703316948268,-0.00049341674264971,0.00216818118714133,0.000245939036285148,0.00171645157886792,1.82443517639195e-05,-0.00185511984278579
-4.32547655327362,8.02829368067984,-2.92892468603799,-1.04683639524666,-0.0514674881537542,0.000272529107013473,0.00528032217061374,-0.00566130780608819,0.00331418185662626,-0.00178094496017443,0.000718843696229178,4.83762354995824e-05,0.000583324065231635,0.000768463739146585,0.00106130291934773
-5.03647968919318,-8.28798192109259,0.449461899253574,-1.01102990850357,0.00176511593036192,0.00123786817673337,0.00221836679948456,-0.00830159874059749,-0.00648472320128306,-0.00109370268897757,-0.00218718407957291,0.000350393826434338,0.000119518363542425,0.00320060726252783,0.00170492734120663
-4.01921330642841,2.40391097065942,1.97591663138824,0.255369533833185,-0.0151642338451746,-0.000569187834272556,0.00326023847748794,0.00173941917026918,-0.00923908954727963,0.0036513760946505,0.000320706868307487,0.000333125472977225,-0.000910908894518499,0.00177607121160779,0.0009565943839917
-5.66129805072453,2.41126227410755,-0.349894529319393,0.106061405054984,-0.00389552360715216,0.00103665985543057,-0.000255198969120529,-0.00345932975588422,-0.00335212538158595,0.00407234540223113,0.00155889905781912,-0.00064588026238889,-0.00261929342332691,-0.00187063699336334,-0.00199340174922426
-2.39540940437781,3.20505118919313,1.45088789445422,0.218172278088467,0.000695823773944809,-0.000102312031804023,3.96093951002318e-05,0.000884423326869118,-0.00399100226505971,-0.00221466526258747,-0.000272702390074102,0.000508697204099215,0.000565156383435938,-0.00159163172094736,-0.000207540545129658
-3.40388750707959,-3.88122804059549,0.392916463431785,-0.977789987654899,-0.0209352138151025,0.00021978420068572,0.00384620726136893,0.0411257090503257,-0.0011416024663979,-0.0011072586892298,-0.00088929068468473,-0.000258189275857729,-0.000943762081032009,0.00372204130714164,0.000182777717175286
-3.61572741786922,-8.93511853672146,0.509626783226344,0.752590825347977,0.0139629987986299,-0.000211352440488297,-0.0141636416747635,0.0815082957107528,-0.00261755614955757,-0.00103482920966616,-0.000364966020665879,-0.00101279817838793,-0.000531759721812435,0.00279581596717178,-0.00139280051098327
-6.34734888883723,-9.35660052208592,-0.42013449926779,0.380467969253788,0.02296066195081,0.00168334655242563,-0.0116663893837527,0.045052242027584,-0.00586955762511118,0.00598814328171202,0.00356182404798442,0.000916581342519176,0.00338544534054597,-5.31252147884259e-05,-0.000117356572825763
-10.3903771006378,-3.33395196586609,8.45885702012886,-0.183067214759453,0.00503264708553824,-0.00601502476689173,-0.00483803935848738,0.0120182632134179,-0.0237465835335415,-0.0197069311434733,0.00828278290471075,0.0029300160429197,-0.00813267059965589,-0.00967215438070502,-0.0115986300899428
-6.86891185038937,-10.8188252873813,0.858845438269431,0.885672249242075,0.0406279988123544,-0.00318908713630757,-0.0162755545270903,0.0363061457817897,-0.017787520100084,0.00367783306571872,0.00129483267802328,-7.86004618980258e-05,0.00334998941990007,0.00234696817199887,-0.00142327884770652
-4.36694346211559,7.97849389291142,2.6302683859084,2.77796850249785,0.035220560848789,-0.000380107656253819,-0.0132704973089141,0.0409570334266406,-0.00688728901312478,0.000897259138460682,-0.00327685603580111,-0.00109624333428561,0.00422988872510749,0.00148027851428687,-0.00145678487865061
-6.82575006433389,-22.246244214243,-0.492194540935574,-0.0941491743771605,0.00714476028510508,0.000441397706370425,-0.0111582373141107,0.0159280810629917,-0.0088374117006303,0.00945791002575981,0.00246775961272628,0.00073137031076732,0.00515410515766363,-0.0027907051105557,-0.00687254291365307
-4.04402757315609,3.3307173305325,3.39371260500061,1.35585307100643,0.0130529819995215,-0.000102232152576101,-0.00431068314342309,0.0162888059380852,-0.00537348928622716,0.00244038752939261,0.000223908641221781,-0.000331386343511736,0.000970133389514746,-7.13586424285962e-07,0.00165901321648729
-7.47706603032001,-4.96868736313648,1.7202856763973,-2.20709977825717,0.000417530719769334,0.00147006586985686,0.00883389217102939,0.00427634594061403,-0.00421135240072617,-0.00340471558076758,-0.00167701851218946,-0.00220400664488402,-0.000152145811759475,-0.00164412965911709,-0.00317990136005568
-4.44314271460174,1.46051979360446,-1.99434588266777,-1.61373052653467,-0.0256012709221333,0.00118830893547318,0.0082942847366479,0.0236143040297501,0.008556048483174,0.000542715561107513,0.000339467161175984,0.00072926116006653,-0.00140206963729108,0.00252959704405039,9.01578306318681e-05
-3.8510545945706,6.06895946962181,-5.53928041039789,-1.29884947525713,-0.0141098096286437,-0.000265433135620225,0.00337078113491137,0.0336906368630415,0.0156138266855347,0.00124755456714493,0.000619710935978371,0.000370162278133481,-0.000270519111401068,0.00288694182267475,-0.00117018951534285
-3.35755196571145,-2.36792938751446,0.199697588565646,0.454585353213023,0.0123481761677393,-0.00021607752789449,-0.00149531537342521,0.0247926866389827,-0.00889551757095962,-0.000160754821816511,0.000587878525895808,-0.000298155981613204,-0.000805966301143738,-0.000973599439780607,0.000998537342323218
-1.77477390165405,1.81097205996314,-1.24661218166361,-0.365453540154574,-0.0182813206551157,-0.000320993872681439,0.00121535850420829,0.0425109812689026,0.00502952814142083,-0.000699075477146141,0.000587559415779187,-0.000633911953264613,-0.00145110135171959,2.72445445881649e-05,-0.00135098568449619
-4.80110721312929,-9.47372410000284,3.35559942579416,-1.63426861280103,-0.0020371474771743,0.000227392142529479,0.00854736771030772,0.0391320991134448,-0.0174198610118158,-0.00220480909636069,-0.00159946519636432,-0.00105149830432245,0.00163254046341505,0.00150989157131943,-2.47001429503798e-05
-5.95931429659045,2.09073655275838,-1.64464792269533,-0.16785960902725,0.0165658322302988,-0.000919843314163713,-0.00286932377345531,0.0130114673367317,-0.00933864098338295,-0.000107896699429642,-0.00436693695019656,-0.000451560653641006,0.00488323929915273,0.00143616496087227,0.00881854744602835
-5.3536663175539,7.51239645859867,-3.14763589845886,0.619909107286805,0.00833542815240874,-0.00102693798942633,0.000560325155344581,0.036677613321234,-0.0102253904706962,-0.0015518278817346,0.00212388038208592,-0.00271500360702948,-0.00212095117114483,4.44468924199681e-05,0.00232126467259939
-5.40807984726099,10.0702322560878,0.349945613070703,-1.58850721819468,-0.0129535248331163,0.00051238640556631,0.00952762991737966,0.0153571544525039,-0.00198589855546557,0.00333264583737979,-0.000783073363702967,0.00170431882371642,0.00255915086830395,0.000109318179520174,-0.00217272147697674
-2.26039099084038,0.698611791493539,1.90541998959137,1.10427044406178,-0.0127649559231334,0.000175042664403167,-0.00599359936677508,0.00642074829918758,-0.00447508417850396,7.46021041706792e-07,-0.000245241627470139,-0.00114610970946712,0.000509921954914502,0.000397787585229271,0.000404822275851632
-2.4427212321241,3.15829089424896,1.3794117137494,2.08921854558994,0.00807465810708724,-6.28162810594474e-05,-0.00840859256170586,0.0202439678390135,0.00622843556995859,-0.00239410389445886,0.0004773495341876,-0.000159315187728906,-0.000101219736057568,0.000148078786346016,-0.00212334574252291
-4.37787098777989,5.47457580990371,-2.30614306108835,-1.85550003332337,-0.0265613171332234,0.00131666821850131,0.0115038595648326,0.0632152477050558,0.00481604253242317,-0.00248688155053071,0.00153423493088221,-0.00142655970373052,-0.00385616309411447,0.00130761540943114,-0.00161444215694685
-5.52932523502821,-17.1813613353858,-3.18705938950325,-0.669331480420916,0.0110953079105068,0.00160886370876524,-0.00716717856282009,-0.00913751080787506,-0.00459723434097576,-0.00320799287877964,-0.00428047467053806,0.00163089539219005,0.000307614524197918,-0.00365683860995709,-0.00190108135593417
-1.44287878117759,-5.79367853790297,-0.191633306884251,-0.483146729026028,-0.0298899722944426,5.81456923159565e-05,-0.00218687693957798,-0.00109217127005466,-0.000232661080843608,-0.00141199178968784,-0.000895137994723214,-0.000514499096983668,-0.000509904630527084,-0.000821888858516295,0.00111069154027273
-4.35153868270129,1.20332370067032,1.48931589257525,0.82600883253215,-0.0177619898649826,4.5676107328961e-05,-0.00643208692273233,-0.000411559929512885,-0.0104016070254482,0.00196638718939293,-0.000567808030181951,0.00205629412688083,-0.00157475324080663,-0.000176094054715382,0.00228427023851823
-6.02434573952525,-1.0348679290424,-2.85520236876732,-1.34638666076148,0.00502052844461302,-0.000817055346553067,0.00367201346372662,-0.000488979647871879,-0.00776635772318705,0.00100170787677858,0.00187626250058955,-0.00329932737368416,-0.000575344767233697,0.00185223069917103,0.000772804888240526
-2.81325252761047,-1.76658975498256,1.49838152001957,0.346452883169998,0.0120213970285128,-0.000408948928128512,-0.00298279623486918,0.000360981739724714,-0.00511171460861823,5.32379557612575e-05,-0.00107838147994591,0.000693620392481715,0.00134135384311107,-0.000734546233541498,0.000525751720246852
-2.83786703051726,-3.52239380309084,1.45917438263704,-0.781512693442874,-0.00225625490817701,0.000679816192344012,0.00264329812229964,0.00529143956796764,0.00298830509904461,0.00214089351142288,0.00359959104975629,0.00196343322971813,0.00290845173078542,-0.00417107050931616,0.00619824596338737
-7.17952208606086,2.02949940954501,5.12627198694462,-1.39520996036219,-0.0191951058485434,0.00137012692382992,0.0204757831688432,0.0158773108159739,0.0117127730496138,-0.00829102410513352,0.0165420356508676,0.00637854962652901,0.0115222223647131,-0.0175815732721978,0.0303662882002703
-5.50777926215916,4.26338951662753,3.96194157593534,0.115669213783038,-0.000576622421367722,0.0016805758849813,0.0120412502967836,0.0102781388766341,0.006083682179858,-0.00216725785998786,0.014698701338974,0.00516410871152364,0.00445636202017587,-0.00865336301435986,0.0204570545304766
-3.59117685207935,-5.48200708124251,-2.99259753753971,-1.27801472129687,-0.0123326961247276,0.000975308233618245,-0.00335922185981006,-0.000791362286370217,0.00774600603118957,-0.00113726304125444,-0.00105751731665957,-0.000439783682690192,0.00365322118461396,-0.00071411441118323,0.00433721795328376
-8.94498326581784,-5.43849985218501,2.67930203829784,-0.506929763041464,0.0383962354873561,0.00823490054041605,0.0136287711344477,0.0235248817839003,0.00543809648307183,0.00544277080346879,0.0153789459261076,0.00995337928211382,-0.0084773045962374,-0.0153231439601523,0.0260853737479944
-4.46362080895974,-0.6053604694341,0.596098345366607,0.757470778430197,0.014926235035676,0.000166887299215213,-0.000166871175974984,0.00398244113767628,-0.00630701553269342,0.00106819972755528,0.0078486596699289,0.00211631977455428,0.00245021814271879,-0.0083875363770159,0.00890664599052154
-3.90620146542896,2.01644069946247,-1.06415510750875,-1.31093103773499,-0.0150748814231091,7.00108333981315e-05,0.00729454419271485,-0.00403774906140793,0.00267575950613367,0.000142240023396313,0.00082985635215845,0.000572671038963887,-0.0015860766029018,-0.000775986946215444,-0.000345200132825842
-2.31434461080615,-3.07744274534692,0.0490416958169811,-0.104233211673499,0.00206115648259399,-0.000134763062877727,-0.00161471429405851,-0.00197921212005084,-0.00690549614240417,-0.00256819827948736,-0.000837854466536769,-0.000683195674321341,-0.000419906287881707,0.000205312012069162,-0.000196814941392142
-5.13026136114399,-8.65527898456059,-2.65959636193435,-0.719990266414465,0.00511872812274741,0.000208039025822659,-0.00433213328722598,-0.000527559067027041,-0.00739761387480404,-0.000416424437551666,0.00316275410984782,0.00118961998387429,0.00362746832713046,0.00141265411877031,-0.000988283625800429
-6.38725291873172,3.0909718364592,4.16750929528505,3.63443279956759,0.0534145431298367,0.000686061017487015,-0.0170593167433094,-0.00147059788164406,-0.0136199072782585,0.00241210459051882,0.000673341660048296,-0.00241072388382874,0.00402043815096651,-0.00117676446043692,-0.00195393009743067
-2.62990975021674,2.89872700420567,2.05915429013685,2.0257216011211,-0.0101245556943583,-0.000510807670858032,-0.00589544984561397,0.000700658897495175,-0.00535190872085925,-0.00024544191041038,0.000312035132939625,-0.00261474386497171,0.00185463765371195,-0.00145382408123255,-0.000843251061693754
-5.13825510317018,5.55253083390824,0.271787881610166,2.84331421944485,0.0370603888688104,-0.000834694743338299,-0.0100327904041442,0.0038591267913582,-0.00537208351600502,0.00119807704145289,0.00274345523011597,-0.00543555228480205,-0.000725744644062935,0.00039982291006611,0.000617547411921379
-4.99957721452992,-11.903033887658,1.78510619671905,-0.743102368381864,0.0211373958337314,0.000894740687836749,-0.00220397633969947,-0.000300401337966967,-0.0181786289482073,-0.000887862436484685,-0.000616863592497511,0.000766424336241512,-0.00117408007247412,-0.00111681370684835,-0.00212604381927375
-5.73287309219258,-20.5354473342086,-3.51384810061415,-1.75066200202148,0.0155483908965768,-0.000549327533835498,0.00317113955311845,-0.00217141070027444,-0.0187479231373668,-0.00130406232747784,-0.000237537787680464,-0.00237785580336988,0.00452097157368945,-0.00113563716471151,0.00173178986254508
-3.69067263114265,-8.46237326081226,0.918050193565928,-0.682689296468151,-0.0129935270513462,0.000183242691775404,-0.00668883088418976,0.00194628198988597,-0.00121153793388004,-0.000838532772017143,-0.00226986923880634,-0.00183883740988746,-0.000837087301550817,-0.000651816218526219,0.00153050189473849
-2.92328275133292,4.90649077486936,-0.751615464959691,0.388251312839547,-0.0153775090939456,0.000600166745568791,-0.000609734540644225,0.000156013974085349,0.00284455291579006,0.000874236030487122,-0.000432216125339549,0.0019329308422964,-0.000715487114819311,-0.000871970464160627,-0.00142503852852312
-4.7717925632591,1.70504187706409,-2.62168382400916,-1.75794184361057,-0.0138716484375537,7.0608770490569e-05,0.0051749152852312,0.00113566889776028,0.00517417848277598,-0.00222976726284648,-0.00252706019596612,-0.00215261383288725,-0.000529609058545749,-0.000220365289237513,0.000843070337993331
-5.68886927488869,15.7984218472374,-5.41314022488461,-1.45353690003219,-0.0344907848371153,-0.00168673406299334,0.0191280005186861,-0.00711635758285023,0.0143757970807483,0.000245315008502048,0.000944798991039511,-0.000421864331153325,-2.27742156546777e-05,-0.000842187848011994,-0.000420638080605171
-5.53588860877348,-1.53587856183545,-2.19511777935949,-0.162628679203449,-0.00342384374900863,-0.000886283385175826,-0.0047301353183086,-0.00119870079686602,-0.00121236785001346,-0.00527255178302742,-0.000566794782237404,-0.00180947620885554,-0.003578163651133,-0.00248270306427053,-0.000470630710646794
-3.72492207575794,3.51847116796512,1.03874963771335,1.49260980564735,0.00565356104923864,1.03644212228093e-05,-0.0060274002305138,-0.00239733461747575,-0.00267073060512274,-1.15714651845138e-05,0.00257625451335577,-0.00132430578932923,-0.000356138486114377,-0.000539874037111316,-0.00149958910654911
-6.39249076102901,1.17405715608361,-4.22738159657554,-0.0436972707646344,0.0238664176455334,0.000694242710875801,0.00228542457449397,-0.00408931843890874,-0.000423541637636706,0.00204619825117403,-0.000756771894351742,0.000180149596982455,-0.00112598640564862,-0.00550659103973305,-0.00309397359699043
-5.12403542580378,-1.53769774013058,1.48742121343586,-1.17023530711169,-0.0218131476714792,0.00059025217877206,0.00202702699314947,-0.00136547965493734,0.00398289866019938,0.00162277943125441,0.000848229334027319,0.00134531436713469,-0.00283320614049089,-0.000305933452833091,-0.00259207363342834
-4.69444811021818,2.484441745575,2.33067385940357,0.232217533782971,0.0024348922090536,-0.000609083280919555,-0.000760511281401642,0.000901873538074904,0.00244332259200624,0.00163034521964829,0.0031054215503577,-0.00120569608208857,-0.000136420413800619,0.0020077680386077,1.60106574564706e-06
-3.42044783471795,-0.814728747865593,1.77839646542422,1.91095781116107,0.0181449686818414,0.000775179465525141,-0.00946855133606968,0.00457567948741232,0.0034024894098078,0.00158521918734423,0.00134266531082276,-0.0028729214951026,0.000506838002225872,-0.00106650833458741,0.000151224317326638
-1.66589629381211,0.736014654705114,-2.12009925112906,-0.649503916736601,-0.0259304736124234,0.00040645915764024,0.00164724178706609,0.00116610903405365,-0.00180663861697566,-0.000930605903970843,0.000272712312965447,0.000368842172427845,8.94509552303205e-05,0.00106246775097027,-0.000324639662298799
-1.4676184712681,0.384799938264644,-0.927668303183881,-0.452507027521688,-0.00242445900207839,0.000106958846422793,5.80582890902475e-05,0.000703315468960191,-0.00315470369086269,0.000394939076179155,-0.000458660117309167,-0.000272752683582851,0.000851775467694208,0.000236102753176335,0.00018112705574366
-2.1434665307057,1.67990115015689,1.68861758703134,0.479371477420345,-0.00364699368438889,0.000266706037917838,-0.00244062818853926,0.000437745498682844,-0.00253779040319336,0.000163803861509041,0.000457205689929409,-0.00138246788689823,0.000246189071844385,0.000297987226560004,-0.00112243642687039
-5.03336985283378,7.01783342926149,1.9884604688623,-0.446616288922943,-0.0140102733938115,-0.00181892848521572,0.00137911832735554,-0.00214765392177345,-0.00921695525246931,0.0045101065650548,0.00106814768198427,0.00118433999356467,-0.000703593402886448,-0.000970894818866505,-0.00201117002982018
-8.32921217139513,17.9922439715623,-2.29353958162909,-1.85407649139554,-0.01924922948038,-0.00324783349667413,0.0124951163319899,0.0168167227341566,-0.00449054052526005,0.00756251682879944,-0.00814600103456433,0.00112364541498272,0.00314172845861705,-0.005878119323355,0.00161219688940931
-5.00568614470676,4.05773454904041,-0.505267595693176,2.56722227161411,0.00705934217135039,-0.000378488694297353,-0.0142706102797995,0.00747810333008561,-0.00305420620240088,0.00161414052660827,-0.00326391200567399,0.000888549856587897,-6.56236513771058e-05,-3.27760592829897e-05,-0.000465444149648644
-4.32685619051206,-7.90422331587343,-0.487136595720357,0.185315590864809,0.0278466930279509,0.000570637219964951,-0.00774794467141599,0.00854351742969335,-0.0131170570789397,0.000187696271000904,-0.00418573443142574,-9.7298311056543e-05,-0.00293764503630954,-0.00202137037190651,0.000362311275386181
-4.33971027514042,5.17096986700566,-3.56833206007157,-1.1773096634188,-0.00867920311671957,9.37188031362502e-05,0.00636635594667134,0.00366134056655322,0.00947313662921363,-0.00236433856051236,0.000357782914506057,0.00123800881902932,0.000550095000963081,0.00155306854640037,-0.0013236229965015
-5.50184552846735,5.65245954465576,-1.25035863505033,-1.47022341664661,-0.00840397824916161,0.00119790501290348,0.00383601543308913,0.00771240085110211,-0.00766145096294809,0.00489902750920172,-0.00156865899758071,-0.000553505980001544,-0.00288341903371724,0.00211211166556501,0.00335150934902392
-2.78496316445868,2.29001557700267,2.00783539157195,1.76467228689685,0.0292012629815979,-0.000310166468989457,-0.0166285888331385,0.0134825261582136,-0.000462374938833342,0.00170576707698652,-0.00086884308797438,-0.00269123527856029,0.00121913887779833,0.000374424686338836,0.000420171715880348
-6.59882472715771,-1.45751464586855,-0.693820994338174,0.0146772170996713,-0.0227486365017731,0.00206878686531664,0.0104693039211011,0.000514909524763814,-0.0113644873060218,-0.00326582745070454,-0.00194197398676665,-0.00163684418373161,0.00350445001946613,-0.000767851021335342,-0.00241327038617542
-3.35309104110152,3.26743590739694,1.70628989790781,-0.453568806302519,-0.0261238681659821,-0.000266099158913102,0.00572127386597823,0.0179084735352498,-0.00155510915039081,0.00212135634199469,-0.00416902584230364,-3.07814210526141e-05,-0.00096425804317525,-0.00261577992825795,0.000442707136485353
-3.17705196247103,-6.63211785382541,-0.269497977017387,0.562084510257848,0.0179361324411713,0.000644036660241299,-0.00809648833605553,-0.00538661832171917,-0.00916270586825147,-0.00195820199282304,-0.0018434916660791,-0.00017591541047056,4.05372620000916e-05,0.00019701999441342,-0.00194588224782521
-5.56282237673938,6.73959218994123,-0.585069133000087,-1.0433535689425,-0.0447022954008745,-0.00163538328027303,0.00384617078493043,-0.00614669171077615,-0.00320990524001075,-9.95999643323408e-05,2.97456138868722e-06,-0.00237276517338011,0.00422878702153385,0.00131245549541851,-5.19009957539679e-05
-6.23421024631147,13.7237234675318,-2.01283269630183,1.42574875713278,-0.0565769548391465,0.00110544175638508,0.00762390760721053,-0.00096443772574129,-0.0127050520946064,-0.00166561089392444,0.00150169857277013,-0.00127844208421541,-0.00219165349138881,0.000778479509431731,-0.00128627757644131
-4.06686616633569,-2.0795249278778,-0.821331557219749,0.214831429762621,0.0107073543191839,0.000148285990179175,-0.00469498412468221,0.00147103486195443,-0.00290785607968118,0.000183436268387794,-0.000942850386237464,0.00107899888930125,0.000206332479722108,-0.00093721540700692,0.000377104096081039
-5.62314279438565,1.78062360073019,0.598727656940579,0.815879662750199,-0.00780312022836445,7.25287778910253e-05,-0.0083602680131465,-0.000677223362901703,-0.0149371795147887,-0.000654859321484662,-0.000795680903798023,0.000788648407412604,0.000363196709400572,0.00460070820479585,0.00358806765314224
-3.10254989409709,-4.37068367038092,-0.919142490549715,0.0292121275957543,0.0051271990959879,0.000462613259422653,-0.00247444689804011,-0.000561713650543154,-0.000643851260599721,0.00221537102373347,0.000157226437076679,0.000807693660258287,-0.00136730615610199,-0.00039595727478071,0.000785291031500303
-7.64297328834929,11.8202892977024,3.66031742096685,-1.48957124665145,-0.0290552467385807,-0.000420555692281148,0.0081600278974851,-0.00386932657418975,-0.00875460076507462,0.000480555877012995,0.00537082797319932,0.00533876146693295,0.00534468186005327,-0.000512349253964999,-0.0122478329095388
-4.38767567962002,-1.45632235124503,-1.64421239417508,-1.26275289077786,-0.00527273374564227,-0.00132798137097342,-0.000352876977808062,-0.00260239267633469,-0.00101676618577299,-0.00193490811004492,-0.00211780093668152,-0.00103309715691766,5.62469513990072e-05,-0.000670307476171193,0.0021465241924784
-6.13479212184411,-13.6244845567829,-1.7881997077726,-0.681782163488148,0.00195832265725072,0.00130043365867697,-0.00682908864311162,-0.0035918188979058,-0.00101259095575225,0.00138875198390698,0.00349440929725788,-0.00561938100760774,0.00168507440233794,-0.000570741470137026,0.00204662772322034
-5.09887590408924,8.14280282366767,-3.12535604284922,-1.33378788039634,-0.0215811406039377,0.000552621488386902,0.00720870471642766,-0.00501690543035445,0.00250482295216823,-0.00198734654996276,0.00277847586253659,0.000368910600283631,-0.00051220359950607,0.00156759066523825,-0.00354172930870344
-4.44114277810257,0.171466353180584,0.437625774646659,2.85934627476536,0.021072956475969,0.00024394146266884,-0.0141410754557583,0.00115678238046259,-0.00973312093450797,0.000286670374972978,-0.000701978370938848,-8.19357051640842e-05,0.00141395550802229,0.000640205431875099,0.00173250291841334
-7.38880438676703,7.38374207081608,1.94690264240784,2.00824842594881,0.0244125847075278,0.000829752086059077,-0.0153272471969285,0.00127348590728646,0.00629882065499871,-0.0158372095804518,-0.00031823833805141,-0.00626581994700018,-0.00277900845679209,-0.000937674578790849,0.000598232151543388
-4.55803134577998,-21.0177260471827,0.793561841393973,-1.37733833489992,0.0254456642391355,0.000850999731867695,-0.00754699682559493,-0.00310163698729696,-0.00556876316937921,1.97986666126685e-05,0.00019375079536497,-0.000261824797166777,0.000372529119120716,0.000693457470029098,-0.00077290462515649
-3.85462911493493,-0.745547124088459,-1.37637793703519,-1.02021181618292,0.000687073723205516,6.0349709373863e-05,0.00462955950032242,-0.00492656408091809,-0.00471035133794395,0.000947540682709595,-1.68722013651651e-05,-0.00125503593430868,0.00108270236634496,0.00144701679593044,-0.00139430692721856
-3.8686666932593,2.01240865269134,3.1874372884546,1.31770379965169,0.00643076339807503,-0.000257060731124494,-0.00574759729839616,-0.000180060276791732,-0.00941334414000074,0.000987751402842637,-0.00147392565836225,-0.00118914885818874,-0.000716188322748342,-0.00262271232824477,0.00262345982403492
-3.90726598999666,5.42851159797022,-2.25076825336993,-0.431198241707512,-0.00701124452945253,-0.000216267282351868,0.00446948094620576,-0.00136545534639612,0.00633000939973183,-0.00373020400012434,0.00076977460125631,0.000777496695141105,0.00230500456201455,-0.00151449676468294,0.000929866331643373
-2.3751848739932,0.74186546036026,0.982991438367409,-0.34143406128918,-0.0148876715292032,0.000150296150527695,0.00460723605363541,0.000771278718295017,0.000724727613038385,0.00189549157501947,0.000574950491196688,-0.00123258812750912,-0.000138970530044632,-0.00194784716047902,-0.00016905820054941
-2.6937879397552,2.38902313445162,2.91003225150977,-0.00356161331762133,-0.000812816888765461,-0.000373781355168826,0.0015209184473201,0.00112067530169106,-0.00929300495735575,2.53009733844061e-05,-0.000358563065736813,0.000199138364160031,-5.14731671723933e-05,-0.000422668379919962,-0.000794151138156396
-4.18448283621929,6.19783210992478,-0.461691924258645,0.28935669077263,0.00666233482974787,0.000214077821853788,-0.00416762657870872,0.00413636686755733,-0.00309877121749462,0.00206090286801968,0.00218573116247648,-0.00272731425924366,0.0014353404401289,-0.000289217349816757,0.000783376458385319
-3.9123200416552,5.81137668117356,1.50107315078464,-0.787072717843968,-0.0326288767080115,0.00069467464437757,0.00539263634078837,-0.00432345254058455,0.00361948993653912,-0.000249772461875061,0.00029293792000389,-0.00125035968357386,0.000491408107996972,0.000232092630434011,-0.00185211219441449
-5.69381824335295,-19.2859441289667,-0.798772474792894,-1.08481900573444,0.0382387504066882,-0.00118844487373749,-0.00838919680477386,-0.00832547392805769,-0.00321923089570234,0.00391295001139179,-0.00584219482195785,0.00147458459396808,0.0035744551047774,-0.000811259528337623,2.57756442001224e-05
