   8.39
6.41667
   5.03
6.95333
8.92333
  16.24
   7.73
13.8967
  10.78
16.9233
8.61667
  15.34
  12.77
14.5167
13.9167
   3.88
7.61667
8.68667
11.9633
8.44333
8.47667
11.7267
15.5967
7.69667
16.9633
7.66667
9.45667
11.4133
  14.11
7.28667
17.8233
5.34333
4.86667
6.11333
10.8167
  10.32
  10.08
12.0433
   6.91
   4.81
   5.88
8.48333
   9.87
12.5267
17.3633
      5
  12.07
8.39333
13.5833
7.16667
19.0267
   9.87
   7.78
   6.45
16.0433
4.76667
  10.46
11.8033
16.5533
7.82333
  12.21
9.53333
21.6833
    8.8
   7.78
18.9767
11.3367
5.20667
  11.32
16.1933
   9.84
10.8133
  12.83
5.53333
9.60667
   4.81
  10.31
6.69333
9.59667
   5.17
   5.28
     12
15.4367
7.27667
10.4267
   9.63
4.66333
8.01667
5.75667
8.64667
8.80333
17.0867
  13.89
   7.45
  12.93
6.56667
8.08667
9.04667
11.8567
9.55333
3.64333
8.35333
   7.31
7.52667
12.8133
  14.49
18.8433
10.8767
4.85667
   5.85
13.1133
15.4633
10.8133
12.2267
  11.04
5.01667
  13.58
15.7933
7.36667
  10.41
7.51333
   8.74
   9.55
   7.89
10.4067
14.7533
8.30333
  11.87
   8.55
13.9167
16.9633
   6.91
  18.56
13.6433
10.8533
22.5933
7.80333
11.5967
13.1767
9.23333
10.3167
   8.71
8.21333
12.5367
5.44667
8.70333
10.8767
7.77667
9.41667
17.4233
12.2267
7.35667
    4.9
  12.65
8.37667
11.3067
   6.16
24.5833
  10.49
     27
13.5167
14.0767
  16.21
10.0233
14.4267
8.62333
4.77667
  15.92
17.7467
13.9767
   8.42
   9.07
11.2267
18.5867
19.6067
12.5933
5.51667
   5.66
10.8267
11.7133
3.43667
12.2133
17.0967
  11.34
9.41333
8.54333
10.5467
9.72333
9.89333
   9.36
  16.43
15.7167
6.68667
   8.71
   5.77
   8.93
  10.42
   7.15
9.35667
11.8733
10.2533
15.9533
11.0167
7.06333
8.36333
   3.91
14.7967
   9.65
18.6167
6.22333
   6.72
11.7533
   5.67
17.4933
22.9367
10.7233
14.8767
   9.59
  12.79
17.3733
   6.63
11.8533
1.84667
8.78333
7.72667
  12.32
   2.76
16.1467
5.51667
17.8367
  10.73
7.69333
4.17667
11.7833
9.74667
14.6633
13.2467
    7.5
16.6267
   11.1
10.6333
  11.17
6.73667
7.64667
  13.19
  14.65
   5.84
12.7867
13.7367
13.8833
  10.45
10.7167
14.5133
14.5767
11.7233
18.8667
    9.1
  16.98
    9.9
16.4033
  14.73
10.2233
6.20333
  12.29
12.1133
13.5433
   7.79
15.0333
11.2167
  16.71
5.28667
20.8067
6.97667
11.3467
11.7533
16.4233
7.50667
   8.53
11.6267
9.36333
   5.25
17.6833
4.62667
14.3633
16.9033
   5.48
  11.71
14.3933
  10.91
9.77333
   8.61
11.7967
11.8633
  15.44
  13.13
  10.26
13.9067
5.97667
   5.28
   8.73
8.11667
5.97333
  14.84
8.78333
7.73333
17.3967
   6.49
10.8067
14.8467
  12.26
11.1567
   8.93
5.15333
9.12667
8.17667
12.5933
   6.88
11.7267
14.9733
13.7067
  11.95
10.8133
8.24333
3.65333
16.3833
  21.49
   9.78
6.95333
8.18333
7.06333
7.90667
13.1733
10.7267
11.4967
10.9567
6.75333
9.25333
6.54667
7.98667
14.1667
7.20667
16.2533
4.88333
   7.23
  10.52
9.68667
  10.76
  10.48
14.2933
13.0667
8.44667
11.7067
   4.72
14.6267
13.3733
  16.77
15.9367
12.9233
   6.09
15.5433
  11.68
11.8533
  20.12
11.2867
12.2233
   4.62
  20.84
13.5167
   5.54
14.7233
10.5033
8.67667
8.17667
10.7533
11.0167
16.0267
10.9067
   4.84
9.49667
  11.84
12.2167
11.3833
11.4233
13.3033
7.36667
13.6333
8.55667
13.5767
14.3833
12.5333
5.53333
12.3233
  13.81
21.0367
12.3633
9.74667
  10.78
  13.74
11.8567
8.47667
  10.15
5.80667
  22.02
  10.85
14.4967
5.26333
  19.56
   2.76
9.63333
12.2867
8.55667
8.38333
  15.15
   9.36
   11.2
   3.84
13.9967
10.1867
11.4367
12.1367
   9.96
12.5833
6.97667
  10.41
11.6433
10.9967
  10.25
10.6533
15.7567
8.13333
6.46333
5.83333
6.39667
12.8833
11.3833
   7.52
9.85333
  20.65
13.8733
   2.94
  17.91
  13.04
11.8967
11.4067
   7.11
6.29333
  11.19
11.0267
13.7667
15.0367
12.8133
13.2933
12.4167
8.03333
13.6867
13.1967
9.17667
8.47667
4.47667
6.60667
10.1367
11.2667
4.73333
  11.47
   9.36
  14.51
12.3233
11.3467
  10.41
16.7867
14.8833
7.96667
15.3733
11.2233
15.3067
8.10667
9.78333
5.74667
12.5333
9.14333
   19.2
   9.88
5.28333
7.76667
15.0867
   5.36
12.7167
11.7933
9.33667
  11.22
2.01667
12.9433
7.72333
   8.61
15.6233
7.44667
   14.5
6.92333
17.8733
10.2267
11.5833
   6.51
11.1667
  11.46
4.36333
12.6633
  15.22
   10.3
14.8467
  15.83
11.4167
8.71667
   7.36
11.1467
9.22333
   7.69
   9.85
7.02333
16.4367
8.98333
15.4733
   5.78
12.3367
15.2867
4.24667
10.3133
   3.59
9.44333
11.3033
   8.76
  12.17
9.48333
14.9467
7.38667
14.2367
13.6667
   8.63
6.09333
14.6167
15.4467
   9.43
4.28667
  11.06
14.0233
  10.38
7.46333
   3.34
2.68667
7.31667
  10.14
13.8067
  17.88
6.74333
11.0233
10.7433
  11.13
  13.05
8.19333
4.43333
6.79667
   8.66
   7.76
8.97333
4.92333
   6.53
   9.68
  13.41
2.61667
    5.7
   7.12
14.2133
    6.8
8.91667
9.04667
11.3933
6.45667
8.57667
10.5833
  17.36
15.1867
7.73667
  11.58
  14.64
   9.58
  12.73
  11.83
15.4933
   5.93
  18.76
3.78333
6.10333
   9.76
8.98333
16.6933
6.16667
10.0933
8.27667
10.0267
7.84333
15.1233
6.65333
   9.08
19.7433
9.74667
8.00333
8.02667
6.24667
8.83333
18.9867
  10.17
   19.2
22.4333
12.6167
12.1533
26.6767
19.1067
  13.53
11.2267
8.01667
  23.73
    5.6
9.20667
9.03667
11.7933
   5.61
7.47333
   5.24
12.3267
9.62333
  12.23
20.8033
14.6167
   7.67
   7.69
  12.74
8.26333
12.5533
20.2033
  11.26
19.1867
   6.85
13.3133
6.38333
12.8633
11.9667
10.5133
   9.23
14.2967
11.6733
17.2233
13.2467
6.88333
8.97667
   9.55
   14.9
5.62333
  12.12
  13.75
3.51667
   6.22
9.32333
7.21667
11.4833
  12.01
12.5967
16.6033
11.1833
13.1233
6.37333
7.95667
  12.88
13.2067
6.17667
6.39667
9.84333
    9.7
10.9567
5.58333
11.5733
   6.48
14.8167
   6.07
10.5433
7.92333
  12.59
14.4467
  10.52
9.62667
20.9567
    8.3
15.4667
  16.18
5.73667
14.0733
9.46333
14.6367
13.6933
  10.16
7.29667
   6.34
8.01333
7.12667
   8.82
   5.49
11.7767
9.92333
10.2867
9.92333
9.15667
22.6267
11.1733
   8.63
10.0533
16.9033
   5.56
10.8667
15.2733
10.2933
   8.96
12.5933
9.49333
13.1433
15.3833
8.40333
8.85667
12.3233
12.8667
13.4367
13.6367
9.75667
   8.17
  18.44
   9.45
9.71333
19.4833
11.9767
6.56333
   6.65
5.69333
15.5667
8.90667
  13.45
10.6667
    7.2
7.83667
9.53333
10.9867
14.7933
  11.97
   6.08
   7.22
   3.83
    7.2
13.7533
9.74667
12.4367
  11.51
   21.4
11.9133
17.5333
  13.13
   9.77
11.2233
4.94667
  11.62
   7.43
17.5867
12.4967
17.0133
10.3733
12.9433
10.6067
12.8667
5.97333
8.97333
  11.83
   8.25
  12.73
   6.54
10.2567
   8.09
  10.83
14.1033
  13.08
10.2667
11.6733
   7.46
   7.83
  16.62
13.1233
5.38667
11.7767
12.2167
18.4467
15.5933
6.27667
  15.68
   13.2
8.78333
  15.16
14.3867
  16.38
8.22667
8.76333
  11.95
7.86333
  18.28
10.6067
13.9167
17.0233
15.5167
7.37667
16.9333
   8.64
   10.8
8.45667
   5.96
11.7067
   7.63
   4.42
12.2033
   8.97
5.81667
15.7833
18.8067
10.2067
6.50333
   6.68
  11.59
14.4833
7.09333
  11.51
6.51333
11.1167
  14.27
12.1367
10.2167
   11.2
7.88667
12.1033
8.38333
   5.95
   6.34
   7.89
4.07333
17.2367
9.35333
13.4733
10.8267
9.56333
11.4333
  11.17
  16.99
15.1233
9.14333
6.83333
7.20667
   6.12
   16.1
  11.76
  19.18
9.29333
13.2867
12.4533
6.86667
11.1867
14.1767
14.8867
  11.22
5.53667
12.1133
10.3733
19.8233
   7.72
8.28333
18.7367
10.6567
9.67333
  11.63
15.4267
  12.25
  18.08
5.24667
9.06333
7.41333
   7.86
6.43667
  14.18
9.27667
11.7467
9.93667
14.2433
7.82333
10.8667
7.40667
12.3267
9.50667
12.9133
13.5833
   6.05
   4.38
  10.92
13.0867
6.67667
2.13333
   9.69
    3.1
15.9933
5.74667
  12.18
13.4833
16.3533
12.0533
11.3733
6.30333
11.4933
6.98333
  11.76
6.45667
8.58333
10.8867
8.51667
8.13667
16.4333
  10.39
16.7533
   4.27
   5.46
   9.44
  21.34
   6.91
   2.91
11.1267
   8.08
    9.3
12.4267
7.85667
13.7933
15.1633
   5.87
  13.91
10.8433
16.3533
10.5933
7.53667
  21.27
  10.65
13.5667
  16.18
15.5167
13.4533
7.34667
  12.13
8.45333
12.2467
5.36333
15.6133
1.85667
   9.05
6.56667
13.8667
10.1367
11.0633
10.0033
11.0267
   9.12
11.9033
8.45333
10.8733
14.9067
13.3267
7.19333
7.28667
10.4667
   6.18
  15.01
14.8233
9.15333
11.9433
   6.74
15.4533
9.73333
8.42667
15.8233
   5.58
11.6833
  15.83
  13.27
11.4167
10.6367
9.54333
16.7233
4.61333
3.93333
   6.46
8.00667
11.3167
7.14333
   9.53
7.23667
