           0      2.86053            0     -14.4559     -22.5683     -2.36281     -9.37131
           0     -5.98297            0     -9.87764      -18.123      1.73965     -8.53212
           0     -2.66414            0     -1.88211     -5.56893      4.34607     -9.23896
           0      3.77117            0     -3.43521     -26.9881      1.50118      9.95348
           0    -0.767767            0      3.89925     -28.7965        5.276      10.6012
           0     0.677559            0      20.7264     -22.4277     -1.99784      10.2572
           0    -0.500127            0     -17.9571     -23.8432     -6.69661      5.96203
           0      1.83479            0      8.87315       -26.26      5.12812      3.18216
           0     -6.45893            0      4.09182     -13.8981     -2.03935    -0.612031
           0      2.25776            0      11.8245     -23.0154      1.93882     -13.6972
           0      -1.5251            0     -2.28522     -13.3081      5.80555     -4.15334
           0    -0.416346            0      7.64877     -18.7023      3.82788      6.37033
           0    -0.881761            0     -16.7672      -22.333      2.45169      9.47509
           0      5.39697            0      14.4588     -34.6644      28.8846      15.4486
           0     -3.43174            0      2.34369     -23.8595      -5.5549     -17.2206
           0      3.21449            0     -10.2952     -24.0023    -0.411386     -6.88556
           0      2.76072            0     -3.54419     -30.2874     -3.93775      7.32185
           0    -0.396872            0     -9.28558     -25.0802     -4.52792      5.48988
           0       -1.656            0      5.08904     -18.3691      4.84005       8.5958
           0      1.53962            0     -14.0148     -10.1632      38.8283       19.749
           0      3.25758            0     0.260115     -17.1781      7.67311     -11.6151
           0      2.84944            0      7.00245     -31.6468     -7.67279     -13.3577
           0       2.5937            0     -18.3994     -31.8822     -1.47012     -5.01146
           0     0.326641            0     -14.2843     -20.1486      26.8113      8.43408
           0      1.96234            0     -1.28739     -14.3208    0.0605178     -30.2353
           0     0.332533            0      -7.8208     -9.98084      16.8998     -5.25198
           0     -3.20207            0     -3.12896      -17.474      6.83778      6.51574
           0     -1.47142            0       2.2955     -21.2662      5.54269      14.8749
           0     -4.35544            0     -4.89383     -8.24452     -2.92046     -6.08259
           0     -5.99454            0     -4.32342      -8.9578      18.0024     -3.50748
           0     -1.38506            0      11.5752     -28.7622     -2.11234      11.9162
           0     -2.86357            0      3.49175     -8.46032      3.04053     -3.49151
           0     -3.92691            0     -3.44556     -21.3235     -6.63692      4.48545
           0      0.29008            0     -1.83865     -7.07123       15.486     -24.5598
           0     -3.32171            0      -8.1388     -17.9693      9.96987      3.37865
           0     -8.98986            0     -1.88063     -11.5764      7.65069     -11.0464
           0      2.35781            0      -1.5352     -13.8986      27.8285     -4.82687
           0     -4.06288            0     -6.64562     -19.0258     -10.2336       3.9936
           0     0.119353            0     -6.29879     -32.5648      11.3647     -17.8257
           0      1.02551            0     -1.53065     -28.1567     -15.6676      2.54057
           0     0.592877            0     -1.68793     -5.79839       8.3312     -13.5515
           0      2.24602            0      1.12705     -17.4831      5.40908     -2.22418
           0     -3.52996            0     -10.6747     -3.72017      28.1478      6.07034
           0      1.75575            0      32.3286     -44.6922       -3.778      1.28573
           0      2.91798            0     -7.17496     -30.2655     -10.3039      6.52185
           0   -0.0568529            0     -5.30113        -50.4     -24.2617       3.1288
           0      1.60274            0     0.747713     -17.8456     -2.33535      10.0051
           0      3.51305            0     -8.75661     -29.1978     -1.92832      7.07388
           0      1.50377            0     -9.51421     -6.03083      18.4612     -1.48026
           0     0.554394            0     -11.4102     -22.3495      9.52182      6.62157
           0     0.602963            0     -16.5085     -21.9018     -2.61423       7.8794
           0      -2.1551            0     -9.52038     -20.8484       1.0342     -19.1121
           0    -0.252759            0     0.521586        -29.5      1.94144       13.261
           0     -4.02858            0      15.1096     -17.6385     -1.94663      6.23361
           0      -1.5279            0      3.56708     -8.25003     0.518225     -11.8631
           0     0.712257            0     -7.82747      -14.156      9.77211    0.0165546
           0     -2.18811            0       -2.778     -15.4164       13.939     -10.6307
           0     -9.91949            0     0.166856     -14.7254      7.97771      2.25731
           0     -2.85518            0     -2.59891      -15.744     0.918051      -6.0276
           0      2.27672            0     -19.2337     -20.8597      23.6035     -7.95518
           0     0.637078            0     -7.31932     -21.3007    -0.867658     -10.7787
           0     -1.69837            0      1.35634     -12.6792    -0.871823     -9.23377
           0      1.96326            0      25.0451      -48.011     -12.9904       9.8438
           0      2.09432            0      1.71725     -25.8833     -2.64238      1.35878
           0      2.17903            0      -9.4444     -30.6129     -17.4319     -6.95539
           0     -10.3295            0      11.4546     -15.6512      2.76048     -2.45561
           0      1.11871            0    0.0804206     -32.9938     0.757299     -3.47729
           0     0.639206            0     -5.77113     -15.9894      5.37789      5.41673
           0      1.27587            0     -6.64772     -17.2218     -7.99294      2.19532
           0    -0.186787            0     -2.53957     -6.59118      11.2705    -0.390194
           0      1.32222            0     -8.10358     -12.2008       34.949      1.62373
           0     0.282394            0     -4.02647     -21.5921      -8.8821     -7.97505
           0     -2.83602            0      5.82856      -19.464      4.68751      -26.671
           0     -7.64086            0     -12.5154     -16.1386      9.46729      4.13152
           0     -6.29815            0      9.32507     -13.3926      1.15242     -14.2706
           0     -3.36318            0    -0.879348     -22.7392     -3.11971     -7.40511
           0       -3.111            0       2.6679     -20.2766      34.6122      14.8132
           0      -5.1381            0      1.64435     -34.4128     -6.02722       13.749
           0     -1.76297            0     -10.4431      -18.697     -3.70361      9.22264
           0    -0.826354            0      7.20924     -28.5142      -2.4032      12.3512
           0    -0.960677            0     0.132155     -1.94756      1.44596     -2.14479
           0     0.305532            0     0.639869     -27.3487     -2.49215     -11.5635
           0     -1.29195            0      10.5359     -28.3295      3.21146      3.54379
           0      2.03883            0      1.98694     -15.4485       22.132     -17.4425
           0     -1.25194            0     -3.68709     -13.5187     -7.80347     -2.73823
           0     -1.44083            0      7.83475     -21.9749      19.8866      -10.799
           0      2.12969            0     -2.28415     -23.1149      -1.0009     -1.18254
           0     -1.65211            0      9.64812     -18.7183      14.9718      14.7031
           0    -0.318528            0   -0.0648419     -12.4735      5.50331     -5.00249
           0     -1.71715            0     -9.98519     -24.0524     -9.88424      4.55327
           0      1.66502            0   -0.0376989     -19.7187      24.5159      14.5962
           0     -1.91896            0     -8.87877      -20.042    -0.786321     -1.72459
           0    -0.929167            0      6.35162     -16.5821      3.86071     -9.25942
           0     -4.53989            0     -8.09089     -18.6539     -11.1241     -10.7098
           0    0.0550791            0     -8.01454     -39.7565     -18.1081    -0.313838
           0      3.46517            0     -1.88366     -29.8379      8.21193      2.42165
           0     -1.76845            0     -6.47548     -24.9531     -7.50072     -7.51192
           0     -1.50927            0     -2.18581     -32.7256      15.4092   -0.0802366
           0     -2.02391            0    -0.625086     -8.02342       10.913      -7.7301
-0.000265155     0.474004            0      13.0339     -29.6283      1.09163      14.9169
           0       2.9849            0      -1.5038     -31.8848      6.17784     -21.8596
           0      2.34009            0     -4.12312     -7.29129      11.1395      4.67494
           0      2.39805            0      -4.9951     -28.8934      25.7269     -2.70418
           0      1.26102            0      8.74204     -20.3874      7.46977      3.85559
           0      -1.5638            0      13.3504     -23.9231      3.01199      10.3823
           0     0.288381            0      3.05784     -17.3959        16.92     0.494821
           0     -7.17488            0      -19.029     -16.1942       2.9318      6.48951
           0   -0.0282435            0     -1.13089     -23.9591     -1.50914     -10.3371
           0      1.88187            0     -21.3902      -37.395     -8.96455     -7.39674
           0     0.924918            0     0.437508      -20.398        8.312     -8.95606
           0     -6.89347            0    -0.505036     -11.5255     0.273994     -1.72387
           0     -1.60296            0     -1.14033     -10.7164     -3.23346     -1.96026
           0     0.537624            0     -4.33315     -10.1297      10.2642      5.76028
           0     0.134405            0      7.85003     -24.4119      17.8683      7.22301
           0      -9.2563            0      -5.8044      -22.746     -8.32242     -3.31353
-0.000593218      0.31564            0      10.5551     -26.2743      -3.1788     -11.4828
-0.000406747    -0.646183            0     -1.31934     -13.8042      8.47444      2.58609
-0.000593646     -2.72411            0     -1.07982     -10.2107      7.41958     0.751952
-0.000856672     0.470156            0      1.60193     -25.2659      4.18321      1.09873
-0.000423638    -0.350858            0      3.43842     -9.14988     0.744248     -8.02895
 -0.00091881      2.19333            0     -26.0618     -52.0089     -11.2332      14.5316
 -0.00123657     -0.61598            0      -9.1691     -30.6679       8.1513      15.8129
-0.000453968      1.52656            0      2.96094     -16.1854      8.00965     -13.8394
-0.000578433      2.29044            0      5.73009     -18.9132      13.8836      15.7264
-0.000702537      2.20172            0     -12.3334      -14.533      5.07086      7.64652
           0     -3.71642            0      22.7161     -33.3773      13.8555      23.2427
-0.000366814     -4.20683            0      -1.4782     -14.7624      -6.6153     -2.59705
  -0.0012738     -1.01529            0      9.23963     -11.5637    -0.795467    -0.573191
-0.000563896     -6.69537            0     -5.10022      -7.1644      30.8464      1.66507
-0.000682397     -3.48018            0     -3.48489     -8.86827       2.8539      5.20205
-0.000576619      1.52655            0     -5.39132     -10.6415      20.8643     -4.16478
 -0.00105905      -1.8604            0     -10.3423      -9.2429      33.3513     -2.84813
-0.000754531     -2.97819            0     -3.70926      -25.009      -4.6269     -23.3277
-0.000667941     0.634859            0      -1.4122     -14.0148      8.69332      6.36004
           0    -0.457881            0     -14.8134     -26.0207     -11.1726      7.40179
           0    -0.490485            0      11.7905     -18.1171      13.8936     -17.0034
           0      3.31484            0      8.66493     -47.7349     -17.9337      13.4608
-0.000675648      1.52928            0     -3.82146     -28.7115      10.4242     -8.32623
-0.000845956      3.44843            0      1.16266     -16.7847      35.6814      13.2601
-0.000454548      3.32304            0      7.38485     -53.5375     -11.6334     -11.7661
-0.000776404     -2.99045            0      7.05463     -17.3674      11.7913    -0.333215
-0.000628841      1.57862            0     -19.4379      -22.658      29.1165     -13.0888
-0.000298657     -2.54081            0     -11.1968     -34.1685      2.94514      4.85552
-0.000439499    -0.858935            0        0.883      -13.845      1.81098     -6.42568
-0.000496666    -0.775884            0      6.28088     -17.6976      1.54448      -6.4239
-0.000760218     0.995439            0     -7.75876     -38.9604     -8.34022     -12.6001
           0      1.99465            0       -12.64     -22.3372     -3.06916     -15.5665
-0.000621987     0.428116            0      -4.5202     -15.8096      17.6463     -15.1921
-0.000529207     -1.04301            0      6.14099     -22.8005     -6.55612      -2.4363
-0.000381884     0.200977            0     -3.22729     -20.2487     -3.11081     -26.4393
 -0.00114354      4.44666            0     0.709109     -27.8007      29.7205      14.4388
-0.000539409   -0.0233597            0     -1.14351     -14.3915   -0.0584054     -20.8418
-0.000690201     -3.70813            0     -5.77841      -14.601     -4.51624     -7.43826
-0.000746789      3.79162            0      27.5649       -37.03      13.8095     -4.80527
-0.000844084      3.14866            0     -3.65851     -19.3282       20.462     -7.92961
-0.000321328      2.24576            0       3.3136     -17.5153      24.6146     -5.02718
           0      2.64173            0     -2.21487     -12.1451      20.0045     -13.9262
-0.000264954     -3.17617            0      4.46357     -27.5047     0.980645     -27.5306
-0.000553593      3.50482            0      7.84625     -26.4826      4.36407      9.51216
-0.000601325     -1.25328            0     -13.3361     -23.5895      12.7856      11.3539
           0     -1.16875            0      -7.3213     -18.0851      11.6285     -11.9242
           0      1.88539            0     -3.83334     -11.7759      14.7796      -4.9745
           0     0.947365            0     -11.7285     -10.2478      19.7216      6.24722
           0     -1.26697            0     -8.75493     -6.65111      16.1572     -4.28021
           0      3.30372            0     -6.96265     -45.4965     -24.0633      11.7933
           0      -4.9528            0      9.17796     -34.1868     -0.54063      18.9138
           0     -2.19211            0      9.81201      -20.966      7.84473      8.32533
           0      -2.3369            0      16.0602     -18.8074     -1.98248     -4.42099
           0     0.075775            0     -6.28006     -10.4813      13.4494     -6.50038
           0     0.572402            0       6.5894     -39.5354     -14.8179     -1.39996
           0     -1.44831            0      -4.3211     -9.40588      1.80717     -4.61569
           0    -0.249495            0      3.08163     -16.4633        18.12     -13.7131
           0      1.14433            0     -17.7378     -37.1752     -16.5487     -5.44008
           0     -2.54654            0      0.64523     -19.0315       13.144     -11.6427
           0      1.56126            0      8.37699     -27.2719     -3.20356     -5.39148
           0     -1.16086            0      28.3806      -27.427    -0.338834      9.37345
           0      3.18714            0     -5.64016     -27.7291      -2.8365      4.10158
           0     -1.48415            0      4.05574      -25.493      -5.9461     -16.6764
           0     -0.28478            0      4.55152     -38.8916     -7.44499     -1.58418
           0     -5.19786            0     -4.22301     -8.98943      31.8341      13.8314
           0     -1.66981            0      11.9683     -19.9161      6.62386      3.26756
           0       1.4901            0     -11.4334     -11.5749      15.8815      12.3825
           0      1.79676            0      5.92362     -10.7175      7.11856     -7.95927
           0     0.735488            0     -2.43519     -1.90568      7.38034     -2.72359
           0      2.28654            0     -14.7357     -21.0578     0.333475      3.45494
           0     0.457606            0      -1.6499     -8.92057      14.6298       -8.159
           0     -5.62513            0       2.1948     -23.3975     -1.24075       11.191
           0      4.73319            0      7.19326     -34.0113      12.8424      6.56787
           0     0.261399            0     -8.11811     -14.3904      4.20682       8.9898
           0      1.31005            0     -14.0563     -19.5595      15.3376     -9.58772
           0     -3.43836            0      3.13078     -17.9331      16.5802     -29.2613
           0      2.07967            0     -2.62302     -38.0352     -20.1273      12.8149
           0      1.59625            0      6.79149     -23.1839     0.779588      15.8881
           0     -3.97624            0      3.03885     -14.0724      1.71892     -14.7511
           0     0.920578            0      10.7896     -32.3549     0.307156      13.1654
           0     0.086755            0      -4.5494     -18.4951       2.2891      -12.223
           0    -0.264978            0      4.33592     -23.5195      16.4812     -19.9541
           0     -1.42375            0     -3.90519     -20.3953      -3.4986     -15.2266
           0     -1.12646            0     -5.73202      -13.463     -11.2928     -2.17834
           0     -3.06981            0      -7.0167     -15.0468      20.2029     -9.96541
           0     -2.26688            0      5.26909     -16.2689      3.21239  -0.00136954
           0     0.624937            0     -10.2651     -37.6021     0.767799     -4.36726
           0    -0.790602            0    -0.121045     -6.25053      7.79578     -18.4547
           0      1.44055            0     -7.94472     -19.0671       2.4828      5.71582
           0     -8.70437            0     -12.1016     -9.72227      22.0315      9.22052
           0     -1.55325            0      10.4765     -23.5723     -3.17442      11.9346
           0     -1.17858            0      8.03874     -26.5737     -2.43609     -7.31978
           0      1.61203            0      6.25979     -14.2516      8.98829     -16.2325
           0     -0.12753            0      17.4099     -43.3165      1.80666       1.4219
           0     -3.54167            0     -9.39862     -14.2493      33.7103      5.37257
           0      1.21218            0     -1.63393     -40.0071      -7.1427      13.8063
           0     0.201864            0      3.71418     -10.9094      17.5292     -13.0683
           0     -2.64782            0      1.54512     -14.2917     -2.81225    -0.288829
           0     -4.58891            0      11.3105     -17.5784     0.842348     0.558411
           0    -0.596851            0     -7.74455     -14.6585      19.4376     -18.0828
           0     -2.81852            0     -5.44035     -9.72979      8.18874      3.77427
           0     -3.60726            0     -7.17065     -15.7058      7.57948     -7.08391
           0      1.19992            0      14.1634      -25.189      15.1331     -4.36924
           0     0.923723            0     -5.58818     -40.3362     -11.5108    0.0355113
           0     0.739936            0   -0.0505014     -5.34221      7.90257     -4.61412
           0     -1.36293            0     -6.68893     -7.78196      8.72729     0.309143
           0    -0.116982            0      4.67145     -17.4029      4.69517     -27.3372
           0     -3.30087            0      6.78269     -33.6083      3.63755      9.27098
           0     0.712046            0       1.9276     -23.7147      9.98714      15.9496
           0      4.23827            0     -2.43857     -27.2387    -0.401516     -21.8564
           0     -2.19161            0      12.4271     -32.0036     -7.28746     -10.6066
           0    0.0718887            0      4.24325       -19.69     -8.04609     0.448663
           0    -0.460561            0     -4.72448     -9.96576      18.6643     -3.35513
           0      -4.1809            0     -3.04545     -10.1172     -1.00134     -18.9278
           0       3.3421            0      7.12265     -39.0065     -4.97546      5.11138
           0     -7.59333            0      4.83301     -18.9742     -4.93695     -1.95953
           0     -2.57001            0    -0.516928     -12.0667      12.3976      6.50217
           0      1.31351            0     -3.63651     -18.6799      12.0062     -5.79274
           0     -2.26579            0     -4.26592      -22.916     -9.31295     -5.21735
           0    -0.252026            0       2.0959     -22.4386     -5.79296     -26.4945
           0      3.04386            0     -7.64828     -39.7601    0.0351342      3.20513
           0     0.144297            0     -8.61839     -17.0184       2.2727     -4.21121
           0      -6.2244            0    -0.567244     -8.74403      6.80537     -8.04975
           0     -7.81345            0     -3.76167     -16.2732     -3.42621     0.633939
           0     0.342251            0     -1.26716     -11.1805      5.70342     -8.74879
           0     -5.23285            0     -8.29605     -11.3436     -2.25214      1.43651
           0     -2.27303            0      9.55893       -24.44     -2.29961      9.43998
           0    -0.414908            0     -1.83139     -12.8448      2.28813     -1.20375
           0     -3.03013            0       7.7869     -31.4779     -11.5264      10.0665
           0    -0.636201            0      1.43035     -9.98369      15.2895     -32.1452
           0     -3.73561            0     -6.56858     -11.9965      1.55147     -2.22963
           0     -1.84213            0     -3.92905     -4.34161      19.8388     -1.07526
           0     -7.86572            0    0.0626867     -8.42455    0.0792725     -5.80299
           0      1.39571            0      3.96616     -20.8917      5.33807     -3.73697
           0      2.55879            0      1.93728     -10.1072      13.8961     -3.40872
           0      1.93523            0     -1.40648     -21.6522     -3.79106     -30.7552
           0     -3.59119            0     -2.51399     -21.5267     -6.07563     -3.63416
           0      -1.4467            0     -5.94414     -10.6455      4.92503     -3.30114
           0      1.14133            0      9.56801     -51.1698     -22.7188      3.75034
           0   0.00810204            0     0.357549     -31.2548     -9.72344     -12.1771
           0     -1.23919            0      4.38302     -9.28702      6.84252     -14.5351
           0     -2.87509            0     -13.8812     -16.5165      10.9885    -0.541101
           0     -1.47386            0      -3.0977     -25.8063     -12.3755      5.33111
           0     -4.64508            0     -1.10531     -11.0459      18.5234     -11.4199
           0     -8.12478            0      10.3244     -14.1833      4.11916      -19.213
           0     -1.39126            0     -8.02811     -24.9939     -2.20733     -11.0006
           0      1.88274            0       7.5656     -21.7857      6.40382      9.31009
           0     -2.04966            0     -2.98312     -18.4518       22.787     -10.9072
           0      2.16141            0      14.0659     -22.9139     0.405278      10.7275
           0    -0.802239            0     -4.47435     -36.9654      6.13681       11.559
           0     -2.53305            0      4.30103     -10.6445       5.2773     -11.6146
           0  -0.00866161            0     0.984824     -7.41737      1.06593     -8.80742
           0     -6.88515            0      4.29263     -7.33047     0.364913     -4.24334
           0      4.31715            0      15.5953     -29.1822       1.5397      13.2489
           0    -0.426449            0      9.57854     -33.0549     -4.40333     -6.52734
           0     -3.97308            0     -4.15107     -14.7042     -6.71642     -6.45773
           0     -4.53072            0   -0.0265788     -7.02476      4.17453     -12.6684
           0     -1.25548            0     -6.65595     -19.2994      12.3346      5.31416
           0    -0.689911            0      10.5624     -11.9958      2.88806      5.62613
           0      1.00647            0      7.46307     -24.3177      5.91595     -19.7957
           0     -1.16788            0      2.56866     -20.7916      14.3839      9.16694
           0      1.95001            0     -8.83213     -12.6134      33.8608     -2.39711
           0     0.347294            0      1.89398     -20.1484     -1.45468     -22.8091
           0      -1.2004            0     -6.16172     -39.1673     -12.0383     -1.93243
           0       2.3398            0      1.57655     -16.6028      7.93687     -1.47505
           0     0.822672            0    -0.977223     -9.80619      11.1021      8.18624
           0      2.08975            0     -16.1595     -22.0811       23.185      18.2995
           0      2.55076            0      6.39811     -22.1155      3.38048     -8.25605
           0     0.216809            0      3.73683     -14.5634     -2.75705      1.20781
           0    -0.505137            0      13.7434     -25.2765      3.68334      -10.694
           0      2.17479            0     -11.9437     -10.4853      14.2218      6.20017
           0      4.60011            0      9.17891     -33.6144      2.28397     -33.4762
           0     -4.44329            0      19.3924     -30.4658      8.18192      21.4785
           0      3.95413            0      2.52664     -23.9935      16.2889      14.2711
           0    -0.601203            0      -1.2924     -14.2018      8.65938     -29.1982
           0     -2.68675            0      4.53925     -10.9773    0.0387087     -16.0735
           0      2.93007            0      13.2056     -20.7502      19.5539      6.93873
           0      1.16552            0     -18.0227     -27.7841     -14.1632      3.17481
           0      1.80112            0     -3.72013     -29.4292     -4.76456      2.47604
           0     -1.97644            0     -1.94195     -14.5557     -7.63399      0.99223
           0     -2.63928            0       -6.818     -11.4901      11.3208      2.42279
           0      2.90017            0     -13.0172     -17.1918      12.9937      5.49859
           0      3.89408            0      6.72882     -23.5711      1.10052     -26.0666
           0     -2.05221            0      5.73645     -10.1215     -1.53396      5.06668
           0      2.36383            0     -4.71591     -22.2904      2.26471     -19.8055
           0    0.0548722            0     -3.89181     -26.5111     0.812417     -7.52537
           0     -3.53982            0     -1.93959    -0.905297      6.04183     -6.33678
           0     -4.83114            0     -7.24402     -11.9504      18.6444      -12.999
           0      2.69615            0      5.02616     -38.8086     -14.2863     -5.54283
           0      3.15027            0     -4.33995     -16.6114      23.1732      10.8964
           0      2.05336            0      9.60605     -18.7587     0.874392     -28.2528
           0      -3.2441            0      6.62804     -19.1937       2.8334     -17.3173
           0     -1.71525            0      5.10525      -22.675      8.91831      16.5027
           0     -2.23892            0     -3.86054     -34.0333     -8.35036      8.31618
           0     0.281679            0      6.61162     -26.4761      14.0508     -36.2986
           0     -2.77691            0     -4.24043     -18.6526    -0.306433      8.36803
           0      2.57965            0      5.87274     -22.4272      4.15536      8.46751
           0      -1.7196            0      4.21427     -9.19718      8.14211     -4.40988
           0     0.454163            0      1.24838     -41.6466      8.99168     -31.4379
           0      2.99893            0     -1.81848     -32.1186     -13.3132      3.80936
           0      2.41653            0     -1.03077     -10.4273      12.4666     -14.1336
           0      3.49963            0    0.0839346     -22.3889      23.5087      8.05049
           0      0.61426            0       7.6196      -16.282     -1.48461     -5.67789
           0      5.14255            0      10.8937     -36.1826      5.67829      5.34833
           0       2.7281            0     -11.8615     -15.3697      14.6892      3.10175
           0     0.927515            0      8.18578      -21.743      8.07575      6.69779
           0      2.33524            0     -2.35624     -19.9945      6.10062      3.51791
           0      1.19572            0     -1.58664     -7.37386      5.56908     -9.43407
           0      2.33385            0      11.8147      -17.384      6.94694      8.08017
           0    -0.648333            0     -6.58367     -20.7225      6.54778     0.310056
           0     0.824024            0      6.90176     -11.8738     -1.69868     -12.3496
           0      3.86379            0     -3.62926     -18.2105     0.749975     -9.24011
           0     -1.48024            0     -1.36677     -13.5119      9.43408      10.2966
           0      2.04002            0     0.487969      -16.983      15.7618    -0.150634
           0     -2.20436            0       12.471     -26.9511       6.0402      6.69947
           0     -2.17256            0       11.313     -30.6583      20.3283      27.0263
           0    -0.847904            0     -3.20999     -8.09969      19.0897    -0.156995
           0     -4.73038            0     -3.60138     -35.9688      24.0521     -1.95479
           0      1.94541            0     -22.3408     -27.9104       18.135      3.51341
           0    -0.294395            0       0.5687     -15.0567      2.64684      9.10538
           0     0.988933            0      3.60495     -40.2545     -7.36259      13.2437
           0     -2.06603            0     -10.1253     -29.1215     -9.99494     -8.19276
           0       4.8075            0     0.281583     -26.0543      11.7653      -19.257
           0      3.06645            0      8.49025     -35.6534     -8.32798     -6.54092
           0   -0.0841209            0      2.21907     -12.3755      7.53114     -28.4481
           0     -0.67415            0      4.00735     -10.7533     0.608826       4.6169
           0    -0.717899            0     -10.3211     -8.18737      27.0797      4.02788
           0      2.53424            0       7.2106     -19.4476      9.96786      17.3352
           0      3.10165            0      16.1839     -22.7049      10.2142      6.13974
           0      1.38873            0     -8.14421     -19.5939     -3.77449      5.16653
           0      2.79023            0     -5.26494      -16.037      16.2644     -8.59876
           0    -0.769344            0     -4.94915     -10.3291    0.0914659     -3.85352
           0    -0.350192            0     -5.72014     -20.4256    -0.166238      12.3676
           0     -2.20635            0      8.87674     -25.6786      6.21332      14.1838
           0    -0.981589            0     -3.39444     -9.26753     0.170052     -5.13611
           0     0.730815            0     -3.05571     -16.5355      4.84698     -15.6195
           0     -1.13375            0     -3.85253      -11.396      12.3618     0.329864
           0      3.76492            0     -3.12726     -16.3285      6.60342     -17.5368
           0     -3.18366            0    -0.355684     -9.08098      16.6076     -34.6695
           0      2.22789            0      9.44853     -13.4287      12.2151     -23.9624
           0     0.306064            0     -13.6264     -20.2601      22.7728      20.4021
           0     0.600985            0     -4.59019     -21.2686     0.675512       -13.83
           0    -0.248256            0     -6.31354     -12.9581    -0.230433     -4.95459
           0     -0.39566            0       1.4211     -20.3626      25.0394      17.6788
           0     -1.71315            0     -10.6717     -9.50377      11.3274      4.16601
           0      3.02476            0     -6.12312     -19.2828      25.6424     0.841545
           0      -2.8094            0       12.545     -29.6569      3.78141      12.8979
           0      5.27227            0      3.26784     -52.5683     -19.6008      20.0134
           0      3.88971            0     -1.35894     -37.8236     -10.4385      10.2377
           0     -4.08791            0     -7.61012      -16.459      22.0111     -6.84492
           0      1.58655            0     0.837439     -9.47382      3.99943     -14.8954
           0      -0.6804            0     -10.2853     -16.6493      3.31816     0.532743
           0    -0.907252            0     -3.80938     -14.4006     -1.63474      7.52998
           0     0.434954            0      1.58895     -8.92621      1.11437     -13.8865
           0    -0.197139            0     -1.30398     -24.8511     -13.3666      -4.0058
           0       1.9038            0      4.26467     -19.6662    -0.736394      11.2811
           0      2.53823            0      3.22122     -27.1722    -0.822272     -13.0627
           0      2.57599            0     -1.50136     -19.2696       5.0168      5.15634
           0     -4.49884            0     0.354146     -15.0442      5.07613    -0.728391
           0     -2.22866            0      1.10084     -20.5988     0.575704      -4.3239
           0     -1.16381            0     -5.45672     -17.1852      1.07896     -11.9189
           0     0.224691            0    -0.252593     -13.1806      15.9583     -7.48657
           0     -3.36762            0      -5.8032     -28.0864     -4.98255      6.85867
           0      1.79477            0      11.4118     -26.0951      1.80604     -5.27267
           0     -6.16935            0      8.57899     -11.0841      3.41077      5.17008
           0      -1.6326            0     -5.09884     -13.7863     -1.10894     -12.5682
           0    -0.311003            0     -5.75751     -23.5913     -8.95967      6.26107
           0     0.564265            0     -5.65454      -8.8299       15.818      1.78731
           0     -3.47914            0      11.9393     -27.6268     -6.34394     -1.65901
           0       1.2375            0     -2.61948     -13.6255     -3.98335     -8.04448
           0      1.67956            0      18.1788     -34.6399     -3.78727     -12.1541
           0     0.884589            0       2.2407     -13.0527      1.53015     -21.5667
           0    -0.435652            0     -5.06091      -14.356     0.682924     -4.31167
           0     -1.54322            0     -1.55226     -14.7784     -2.57435     -5.52555
           0     -2.04885            0     0.630573     -24.0306     -9.86346     -9.87105
           0      2.06237            0       -10.43     -20.1073     -3.47427        7.286
           0     -1.96007            0      14.5193     -16.6052     0.984138     -1.90876
           0      2.11965            0     -9.49049      -14.576     -3.26575      2.16976
           0      1.69214            0     -10.6365     -35.2512     -21.6221     -3.40465
           0    0.0987792            0     -2.16422     -7.13358      9.72257       4.4477
           0      1.35325            0     -4.41108     -13.0618      22.6966      3.27175
           0     -2.35093            0      2.98562     -19.6092       17.612     0.743467
           0     -1.44321            0     -5.24426     -15.2144     -8.10052     -11.1908
           0      3.20288            0      4.91044     -37.5875    -0.430852      17.1961
           0      1.34707            0      -10.647     -8.84951      23.5829      0.96745
           0     0.686933            0     -3.69477     -6.97327      19.3911      3.74982
           0     -2.96171            0      9.57839     -32.0271      -8.4697    -0.651747
           0     0.190368            0      3.49008     -21.1619     -5.10607      1.06445
           0      2.49071            0     -19.1273     -29.8355      7.03107     -3.60674
           0     -1.18644            0      -4.7183     -16.8927     -6.92827     -1.92834
           0     0.177782            0     -7.93472      -10.333      25.9352     -12.0923
           0      1.12384            0      11.5581     -23.5091     -3.02741     -26.4192
           0     -1.31162            0     -1.68679     -8.38611      1.68645     -13.2669
           0      1.91255            0     0.274859     -25.1246      8.56292     -20.9449
           0     -2.99892            0      1.76556     -33.7234      -17.295      6.44482
           0     -4.08111            0     -1.09149     -16.1442     0.904189      7.90346
           0     -4.26392            0     -2.35015     -16.2863     -6.16705     0.557873
           0      5.74494            0      6.78547     -38.8746      5.27548     -18.0804
           0     -3.05724            0      8.51732     -23.3297       11.406     0.513271
           0      1.84119            0      15.9702     -24.8628     0.177897     -12.6788
           0      -7.9665            0     -10.5677     -18.8391       11.213     -23.9685
           0      2.85688            0      9.91076       -18.74      9.07875     -18.9214
           0    -0.970961            0      11.7512      -13.976      3.47992     -7.01547
           0     0.608735            0     -6.13521     -10.7186      19.3771       8.3325
           0      -4.7762            0     -4.25897     -10.0217      17.3368    -0.816997
           0       1.5307            0     -3.08645      -15.758      1.09437      4.83134
           0    0.0358244            0     -1.14717     -11.3806       3.6239     -9.27495
           0      2.84256            0     -9.31194     -10.0601      41.0004      7.76868
           0      0.42648            0     -12.3328     -18.2949      14.1377     -8.17975
           0     -1.00417            0      6.59296     -19.6603     -4.26482      2.61267
           0      1.74655            0      10.2589     -26.4755    -0.695174      7.81352
           0     0.495511            0      11.6955     -29.5597      16.1551       21.875
           0    -0.889488            0      1.05836     -16.2579      8.43764      11.9233
           0      2.78145            0     -3.94089      -28.372     -2.81396    -0.651556
           0     -1.68668            0     -8.67212      -20.408     -6.72424     -16.0098
           0    -0.448877            0     -4.85913     -9.35661     0.073224      3.26148
           0     0.996164            0     0.619997     -16.4551      8.43652      7.02238
           0     -3.22645            0     -12.8339      -16.205      5.29959     -1.35369
           0     -3.21429            0      3.07044      -6.4963       1.3986      6.13292
           0     0.740896            0      1.79016     -27.4172      22.6983     -1.80073
           0      1.60433            0     -9.16043     -17.3172      5.74234       8.4859
           0      1.76504            0     -14.7589     -28.7376     -8.13362    -0.560286
           0       3.5079            0      18.0957     -26.5571      10.8414       5.0973
           0     0.123272            0     -2.88076     -17.3763     -7.33338     -2.25794
           0     0.526782            0      6.69161     -18.5761      16.0477      8.27553
           0  -0.00393755            0     0.169575     -11.6766      11.4897     -14.2572
           0      -0.6856            0      4.39565      -12.156    0.0220207     -1.05721
           0     -1.08796            0      8.36949     -17.6564      1.06272     0.249762
           0      4.01763            0     -15.1865     -34.1397     -9.50124     -20.7761
           0     -2.38591            0     -5.37756     -14.1825     -5.79622     -8.95089
           0      1.30157            0      2.91273     -12.0679      2.33335     -18.8324
           0     -3.77329            0     -8.88683     -26.4493       1.4399     -2.08117
           0     0.233248            0     -4.98527     -13.9345      23.8014     -14.7745
           0     -4.75569            0       4.2502     -21.7524     -4.98533      4.48732
           0      1.81634            0     -4.81762      -18.194      15.2105      9.06662
           0      3.11368            0      -17.446     -32.3014     -3.44112     -14.5903
           0    0.0529019            0      5.84309     -21.8538      6.39111      15.5289
           0     -3.14873            0      9.64141     -25.1378      10.0604      9.81752
           0     -1.48734            0     -5.98511     -15.3445      28.8488      -24.341
           0     -0.61051            0     -14.5223     -17.9837      9.09175      9.27949
           0     -5.56145            0     -7.55029     -11.9049      6.45752      0.45018
           0    -0.284859            0      7.02072     -13.9427       9.2887     -9.04812
           0      3.77886            0      12.2476      -30.178      5.49816     -15.8173
           0    -0.409665            0       7.0826     -18.6302     0.452281     -26.3229
           0     0.985503            0      -4.9342     -17.1358     -4.21346     -14.5562
           0      2.83409            0     -5.04838     -38.5152     -1.19594       3.2971
           0     0.878379            0     -4.27213     -11.9989      9.81392     -19.5972
           0     -2.45917            0     0.718269     -26.6518     -4.79367    -0.850825
           0      1.21459            0     -17.6118      -19.898      21.9095      11.6085
           0     0.197924            0       5.4268     -22.2698      9.80521     -13.7796
           0      1.78465            0     -12.4544     -22.3801      15.5401     -11.7927
           0      1.78795            0     -5.88545     -10.6741      10.0377     -4.65353
           0    -0.794402            0      5.26629     -48.6614       -2.769     -8.41437
           0      2.42188            0     -18.2973     -27.2531      1.38147      10.2864
           0     -3.98544            0     -14.6305     -26.1689       2.1857     -1.69264
           0      2.60021            0      5.24513     -26.0804      15.9013      5.91093
           0    -0.460778            0       7.5886     -23.7533      7.50777     -27.0114
           0     -1.94919            0     -1.05247     -5.57216      9.43486     0.425261
           0    -0.727193            0     -1.92873     -10.3349      5.46047     -1.23648
           0      1.16561            0     -5.82243     -18.1718     -3.79371      5.60532
           0      1.03662            0     -12.3761     -32.0889     -7.51606      -23.783
           0      3.19313            0     -15.1665     -27.3411      2.24241      9.00267
           0     0.434471            0      -4.3427     -17.3087     -9.87433     -4.11222
           0      3.23971            0      9.92702     -51.7106     -18.9735      12.1827
           0     -8.43948            0       2.0701      -14.189      1.60682     -3.88444
           0       3.3106            0     -6.79883     -21.7876     -5.75345     -15.1285
           0      -4.0696            0      5.81102      -14.574       18.503     -3.94852
           0     -4.10455            0     -13.5731     -24.3784     -11.2275      8.26561
           0       2.0064            0     -1.50471     -7.72717      16.7203     0.548127
           0    -0.870767            0    -0.818315     -5.15189      5.70217     -5.89975
           0    -0.395199            0    0.0880055     -25.0281     -10.3994     0.338365
           0    -0.806336            0      2.74845      -25.522     -4.80743      8.71903
           0      6.31229            0     -4.47127     -31.9109      11.0222     -18.7298
           0     0.276898            0    -0.825619     -19.9643      8.16468      9.75067
           0      4.01198            0     -6.57384     -36.3024     -13.8268     -33.7738
           0        2.017            0      12.1805     -26.9446      4.74727      9.62107
           0     -2.70253            0     -5.92516      -28.615     -15.6532      8.49902
           0       1.9699            0     -9.23437     -27.5101     -4.25392     -21.2722
           0     -5.65207            0      -2.3249      -24.541       22.164     -14.2282
           0       1.5033            0     -2.42296     -12.6233      1.06607     -2.00481
           0     -0.56024            0     -5.56883     -4.63194      21.1379      9.93573
           0    -0.307938            0      5.45193     -19.9553      13.8293      17.8015
           0      2.21663            0      13.4849     -26.4881     -4.12819     0.274607
           0     0.929642            0     -5.13806     -39.2136      -6.1709      4.64984
           0      1.76127            0      5.91918     -23.4334      3.07574      1.07864
           0     -1.79342            0     -7.30528     -30.5161     -9.78501     -17.8863
           0     -6.61149            0     -7.56563      -9.7076      24.4005      7.66873
           0     0.881142            0       15.203     -27.4871     -1.28398      13.9782
           0     0.290206            0     -6.47876     -7.92612      28.8483      8.23282
           0     -2.06884            0     -5.46198     -26.4658      4.03551      8.23905
           0      -0.1079            0      5.66405     -16.3282      10.6674     -6.20864
           0    -0.216659            0       11.878     -22.8947      1.03677      9.25034
           0      -2.4952            0     -6.02948     -17.0757     -8.74624     0.903654
           0     -2.82982            0      8.87532     -22.1789      11.9996      19.2666
           0      1.90455            0    -0.907513     -16.1292      12.1969     -27.8194
           0      -2.9611            0      11.5855     -22.3894      9.01302       7.5619
           0      -5.2092            0     -5.88558     -5.36446      11.0539      4.23643
           0     -2.62625            0     -5.41291     -9.27151      5.20398      0.56883
           0     0.827322            0      7.84808     -15.5915      8.93164     -3.26878
           0     0.654081            0      0.16419     -17.6412      2.19372     -1.91632
           0    -0.595484            0     -8.15939     -14.6581      12.6769      12.7499
           0     -3.36062            0      -22.639     -42.8609      -20.675     -7.64015
           0      2.13101            0     -8.56772     -25.0958      -10.264     -13.5571
           0      0.01485            0     -13.0375     -24.4893     -7.81158     -8.12774
           0      2.03109            0     0.736077      -19.171      2.37406     -32.7945
           0      2.90128            0      11.4649     -25.5611      13.7264      7.72233
           0      4.15629            0      4.85971     -36.8469      6.51963       6.2193
           0     0.102087            0     -17.7862     -40.5069      4.53209      18.2459
           0      2.13791            0     -5.48056     -14.3838      16.3135      10.3973
           0    -0.800711            0     0.711477     -15.2572      5.76976     -13.6056
           0     0.720382            0     -10.7136     -15.5061      20.8401     -9.37363
           0      1.30832            0     -2.67319     -17.1206      9.72022     -11.9453
           0      1.76553            0      11.5047     -16.9129     -1.41492      7.39068
           0     -2.41092            0    0.0961554     -8.78731      15.1794     -15.5238
           0    -0.679187            0     -8.63817      -6.3332       28.849      2.28597
           0      2.74778            0      5.07204     -42.8361     -10.8987      12.7218
           0     -2.06695            0     -1.64393     -7.42988      13.3489     -5.74692
           0      1.60402            0      -5.9763      -18.059      7.21792     -15.1963
           0     -7.45386            0      -7.7144     -12.1523     -2.84628    -0.695918
           0     -1.57921            0      3.00743     -13.0965      19.2472    -0.934382
           0    -0.504305            0      4.35897     -13.8768      14.9598      4.14857
           0      3.13264            0      5.84428     -22.5149      1.48663     -2.23621
           0     -1.39475            0     0.474446     -17.1838     -5.35325     -14.5729
           0      5.51575            0     -9.93347     -41.3789     -9.77324     -11.5651
           0    -0.387193            0     -10.8312     -24.9091      3.01486      6.79353
           0      1.26458            0     -2.69729      -15.945      -3.6961     -16.6033
           0     -4.08754            0      24.9796     -33.0701      4.42906      3.40109
           0     -1.00285            0      19.5236     -27.3985     -3.11237      12.6181
           0      3.33571            0      2.09341     -19.6986      21.9759     -2.33341
           0      1.54559            0     -2.17206      -23.172      29.4141      23.8108
           0    -0.959178            0      16.7082     -32.6109     -5.96424      18.6251
           0     -9.18521            0     -7.03825     -8.50977       4.0392      4.43917
           0      1.29939            0       21.137     -25.2252      6.73548      16.3748
           0    -0.811729            0     -3.72231     -11.0525       7.8379     -18.1699
           0      1.28929            0      12.3996     -33.2859     -8.95328      7.24447
           0     0.808447            0     -3.06271     -26.8717     -14.1876      2.43277
           0     -1.05545            0      3.73694     -31.4365      6.77011      4.35981
           0     -6.07268            0       7.8248      -16.412     -0.28278       10.239
           0      5.44211            0     -9.25084     -27.8346      29.0316    -0.783348
           0      -5.1325            0      11.0773     -14.5608     -2.05498     -0.54039
           0      4.53998            0     -10.2652     -33.8784     -5.97576      1.17153
           0     0.448565            0     -4.81272     -26.5617      5.88345     -2.63916
           0      2.42862            0     -11.2913     -29.9203     -2.39035       12.733
           0     -5.97202            0      4.18964     -13.7762   -0.0955221     -15.5131
           0     -2.98816            0       3.7811     -25.5906     -6.00555      4.56655
           0     -3.31082            0     0.273975     -36.8664     -6.76363      1.61425
           0      2.82511            0      2.63618     -20.5382     -2.45243      -23.242
           0    -0.455423            0     -2.59967     -25.7331     -4.27875      7.52742
           0     -1.60826            0      2.92756     -14.2864      18.4959     -7.14016
           0     -3.69606            0        14.68     -45.9044     -2.89188      13.6831
           0       1.7429            0     -10.3567      -12.114      30.3984     -19.5999
           0      1.04052            0      3.85879     -11.5693      14.4128      9.57856
           0      2.34077            0     -3.61561     -21.8654     -11.3591     -14.9497
           0     0.287969            0      4.01555     -12.5044      9.18871      4.75633
           0    0.0858869            0     -11.1658     -47.5524     -23.0714     -6.29065
           0      3.58744            0      9.38656      -33.441     -4.74293     -33.9024
           0     -1.58442            0     -4.63706     -22.3861      19.2089      5.28071
           0      2.12499            0     -3.28564      -20.698     -3.68073     -9.50608
           0      1.10788            0     -6.37887     -22.9964      3.27715      6.51413
           0      1.05998            0       6.3113     -17.0957      3.44175     -14.6533
           0     -5.06485            0     -3.35519     -11.9377      19.3271     -28.0992
           0      1.24013            0     -12.9343     -21.4304      3.31541      10.0093
           0      2.06446            0      14.7763     -27.6864     -3.34565      -6.0045
           0      -2.0961            0      2.58257      -21.959     -5.24984     -2.78025
           0      3.80435            0     -3.23823     -28.8098     -6.14996      7.59065
           0      1.15918            0     -7.97476     -18.6406     -14.0816    -0.616167
           0     0.169895            0      3.24829      -29.767     -11.7381      12.2593
           0      -4.2495            0      4.66452     -16.4557     -1.40788     -2.26466
           0     -10.3587            0     0.212423      -7.7653      14.7931     -7.48454
           0      2.09681            0     -1.48445     -17.2314      4.12036     -41.2491
           0      2.46152            0     -24.9929     -42.5239      -16.857      6.71646
           0    -0.575734            0      -14.135     -19.7895      3.14795      4.38547
           0      4.60011            0     0.552207     -23.2072      16.9424     -29.4506
           0     -4.97208            0     -8.22022      -7.9689      9.38467     -2.27743
           0      0.15348            0      1.94312     -25.3985     -10.4255      5.46831
           0     0.887037            0      12.7642     -25.1827     -4.02169      3.05691
           0       -1.473            0      1.27354     -20.2646     -3.76139     -4.64073
           0     -2.85213            0     -6.15923     -23.6841     0.548376     -2.74847
           0    -0.157357            0      -9.2318     -21.3476      3.52275     -3.98627
           0     -2.41162            0      1.73459     -27.4093      20.0364     -21.3736
           0    -0.269481            0      1.10197     -8.25146      2.27455     -4.49249
           0      1.58763            0    -0.752137       -25.52      3.92239      8.77544
           0      2.19662            0     -10.1684     -34.6183     -20.6105     -8.60324
           0     -1.85508            0      4.48707     -25.0377      2.88581      1.23826
           0     -2.10971            0      1.10097      -28.622      3.10994      5.02081
           0       1.2362            0      16.7332     -18.2766      2.31981     -8.99975
           0     -0.25769            0     -3.12822      -41.861     -3.67332      10.2397
           0     -2.94154            0      0.66478     -11.4717     -0.53439     -9.70779
           0      1.55088            0      1.34876     -25.9135      -1.8985     -4.34208
           0      2.98571            0     -8.98435      -34.414     -9.64863     0.565469
           0     -2.85405            0     -2.47972     -19.6021     -2.44414     -3.11417
           0     -3.06166            0     -11.8967     -19.8865      15.3616      10.6908
           0     -1.21178            0     -4.58124     -17.1988     -7.15704    -0.538738
           0      1.73464            0      1.07894     -17.0044      1.09597       3.3137
           0     -4.92753            0      2.95036     -12.7508       5.9081     -34.4623
           0    -0.410155            0      2.08176     -24.0952     -4.88723      5.53849
           0      3.25389            0     -3.41881     -25.3786      5.00054      15.1375
           0      2.88822            0      5.92696     -14.2293    -0.456305     -1.90511
           0     -2.58259            0     -11.0083      -44.058     -12.2882      11.4962
           0     -3.66533            0     -3.98698     -17.9011     -9.97478      1.28408
           0        -1.66            0     0.617552     -11.3222      18.3557     -4.84182
           0      0.38617            0     -1.19784     -16.0158       2.2155      7.16961
           0      3.40676            0     -5.42742     -22.6328      8.13402     -14.2813
           0     -2.06865            0      6.65314     -18.2445      3.43436     -3.45242
           0     -1.36441            0    -0.840391     -8.07587      7.53545     -1.46533
           0     -2.64831            0      7.17411     -25.9193     -1.93303     0.743637
           0      3.40842            0      11.4217     -31.5539      4.19492     -10.5813
           0    -0.500375            0      17.8121      -38.136    -0.871119      23.2818
           0     -2.77888            0     -18.6595     -18.5027      12.2662      14.4042
           0      2.69922            0      -4.1459     -36.7663     -9.78861      16.3968
           0     -2.19531            0      16.2255     -29.3102      3.28953      4.06327
           0     -1.34595            0      -2.5321      -17.068     -7.33709      2.92376
           0     -3.65927            0     -2.63483     -14.7318     -8.70789    -0.920798
           0      2.25067            0     -4.68541     -6.31256      15.2698     -5.85112
           0      3.21141            0     -4.67193     -9.27055      14.0893      4.91302
           0       3.4995            0      12.2114     -47.7702    -0.712661      8.73264
           0     -1.57412            0      1.51932     -9.29397      12.0218     -15.7117
           0     -3.65342            0     -15.4718     -11.0519      27.0163     0.491013
           0     -1.12013            0      18.7154     -25.1835       4.7079      15.3688
           0     -5.35496            0      9.60572     -13.3788      7.36452     -32.2676
           0      3.28701            0     -1.61338     -14.2402      17.4697     -15.5134
           0     0.698941            0      2.08097      -33.332      21.7987     -7.06658
           0      2.30076            0     -12.8677     -21.7453      14.0556      7.54889
           0     -8.62621            0      8.54844      -13.235      4.59969     -6.39584
           0     -8.76123            0      1.98606       -27.21     -9.04891       3.1829
           0    -0.812766            0      2.22108     -8.15371     -2.11025      -6.3198
           0     0.643996            0      7.88248     -19.4947      16.5664      9.77249
           0     -1.40806            0      10.3965     -34.8893      6.96566      11.9048
           0     -2.27386            0    0.0767406     -6.04275      3.50019      -5.5149
           0     -4.63269            0      3.41499     -24.2763      18.8778     -6.19628
           0     -3.87027            0      11.0319     -18.1408      6.95343     -3.85981
           0    -0.686874            0     -4.29703     -8.04274      14.2463      -5.6775
           0      2.75633            0      10.1291     -48.1266      -18.797     0.451029
           0     -3.27939            0     0.346062     -4.28026      13.0116      3.02951
           0      2.19622            0      2.01455     -24.7547     -6.64031     -7.12756
           0      1.62516            0    -0.821879     -17.2591     -2.08552     0.939377
           0       2.4375            0     -4.83708     -19.6813     -3.33973       4.7037
           0    -0.937913            0      19.6943     -23.3054     -5.44502       1.9184
           0      2.87635            0      4.02535     -14.7792      11.7992    -0.380159
           0      1.09759            0      4.47712     -19.0832      10.0357     0.100671
           0      1.84245            0     -14.9248     -29.7813     -2.49666      10.1797
           0     -4.08055            0      12.7079     -17.1308     -1.94356     -4.84951
           0      1.97495            0    0.0508722     -12.2339      24.6203      1.28868
           0  -0.00601902            0     -1.09445     -12.6601     -7.07541     -12.6082
           0      2.11151            0     -10.1093     -18.4734      8.57646      1.25099
           0      3.88428            0     -3.12271     -51.9043      1.06641      4.41128
           0     -6.08215            0     -6.12255     -18.5954     -7.47371      5.83104
           0     0.404316            0     -8.26606       -5.829      28.7464     -9.07419
           0     -2.49633            0     -1.32804     -19.4274      26.0771      1.56795
           0       1.8416            0     -17.3137     -14.0823      35.2121      2.00717
           0    -0.803202            0       3.8074     -18.8874      9.95422     -22.2462
           0    0.0533127            0     -4.73952     -25.8249     -4.60144      10.3779
           0     0.734098            0    -0.611527     -9.70698      4.22185      2.61477
           0      1.27111            0     -5.22333     -21.5697     -3.17921      6.34489
           0     0.657935            0     -9.33026     -10.5349      9.89226      6.34597
           0       1.8416            0      6.33346      -19.207      21.7237      1.83224
           0     0.738552            0      11.4205     -15.5601      7.03732      3.42556
           0     0.289646            0      5.95898     -37.7855     -17.0666      8.28249
           0      1.20152            0      0.90647     -23.8435     -2.66716      12.9252
           0    0.0454594            0      3.82887     -22.1421     -5.62869     -2.94262
           0     -4.46207            0      10.8418     -15.7027      7.80362      3.42352
           0   -0.0459014            0      2.85013     -16.8316    -0.556785      1.51809
           0     -1.47541            0      18.5785     -23.3276      1.14692      13.5453
           0    0.0163053            0      7.72904      -28.346      5.18064     -7.75434
           0    -0.580142            0      2.16524     -39.4801     -11.7375      6.63598
           0    -0.345007            0      9.04549     -11.8783      3.48637     -7.72998
           0    -0.583646            0     -11.1225     -6.34369      31.3829       11.005
           0     -3.20621            0      3.81008     -17.5712      4.41066     -15.7103
           0     -0.97818            0     -19.1052     -29.7259      15.7618      16.9095
           0      3.23024            0     -8.94039     -39.8944      -2.0928       -24.44
           0    -0.971691            0     -19.4489     -38.5623     -8.70064     -14.6593
           0   -0.0740723            0     -1.19017     -5.42804      7.95468      4.53055
           0     -5.86627            0     -13.2097     -35.5129     -2.56677     -7.61152
           0     0.909996            0     -14.2803     -30.5477     -9.42911     -9.84776
           0     -7.09426            0      7.04794     -11.9451      3.53803      -45.348
           0      3.43307            0      -6.4141      -31.701      24.3222      25.7347
           0      3.19086            0      12.3216     -29.5355      4.60752     -21.2605
           0    -0.331102            0      4.60805     -11.5135    -0.331001     -6.55004
           0      2.35378            0     -6.58143     -23.6295     -10.1282     -9.16101
           0      1.97846            0      9.84255     -21.1493     -1.74802     -8.63457
           0     0.784885            0     -2.42082     -27.7699      1.76781      4.93022
           0     0.977839            0        -5.55     -6.77216      23.3988      9.52574
           0     -2.82687            0     -1.89787     -14.2707      3.79574     -6.00342
           0      2.08491            0     -6.96384     -42.0308     -27.6964      8.73004
           0    -0.556386            0     -7.08055     -18.2584      15.6745     -3.20166
           0     0.769362            0      3.17795     -18.2248      -3.6668     -7.81832
           0     0.374954            0      7.27464      -20.769     -6.57857      1.38383
           0      4.61489            0       2.4033     -49.5116     -15.7308      12.1751
           0    -0.185368            0      7.39574     -10.5883      -1.1858      1.01251
           0     -2.51456            0     -12.1922      -22.245      5.63504      3.62358
           0         2.91            0      5.70993     -27.0596      10.4331    -0.457145
           0     0.179624            0    -0.882233     -23.0679      -9.4088     -17.1631
           0     -1.41224            0     -18.4473     -20.6541       6.5817       3.9383
           0     -2.78835            0      19.9478     -34.8337      4.86862     -16.4426
           0    -0.376879            0      10.2985     -30.7605      6.70617      18.1895
           0      1.36573            0      4.74401     -35.5933      10.4884     0.780657
           0      2.40475            0      7.40247     -19.7323      1.29483     -16.4527
           0      -5.8888            0      6.12587     -13.4782      24.5065      5.34889
           0     -2.53745            0      1.35159     -25.5345     -11.6729     -3.55438
           0      3.16719            0      2.11186     -28.2995      6.97212      13.7918
           0     -5.78165            0    -0.529969     -9.75775      11.3981     -7.09049
           0     -5.80179            0      3.09766     -13.3393      16.4867      6.71039
           0     0.216897            0     -11.2443     -37.1832      -4.0356      4.11914
           0    -0.246767            0      2.27783     -11.0647      1.70284     -31.9742
           0      1.68695            0      16.2093     -25.1635      2.76584     -8.32295
           0     -1.01134            0     0.216111     -8.67929    -0.620593    0.0591868
           0      2.32585            0     -20.2692     -36.6274     -12.5794     -8.14283
           0     0.993193            0     -2.84425     -5.96333      19.3703     -2.46733
           0     -7.98631            0     -13.7502     -21.3592      2.79247      3.06266
           0     -3.33274            0     -7.24845      -15.658      19.3574     -2.00357
           0     -1.05497            0     -8.92045     -17.0795     -10.9391      3.39746
           0     -3.14247            0      14.9572     -30.8526      2.27703     -14.1865
           0     0.139046            0     -5.97438      -18.437      5.92002      3.76948
           0     -1.32578            0     -16.5498     -27.8087     -1.11368      3.04999
           0     -6.02326            0     -1.10508     -19.4488     -4.24493      3.57462
           0     -7.42629            0      4.10758     -12.6388      15.5385      3.04663
           0     -4.19292            0     -7.50069     -19.4144      22.9038      18.2728
           0    -0.789175            0      -2.7437     -25.7831     -5.85082     -8.32727
           0     0.405579            0     -1.87982     -7.68872      16.0534     -18.4384
           0     -3.66569            0      1.62356     -13.8413      10.5358      5.36007
           0     -3.53781            0     -4.99574     -26.8309     -7.24188     -20.1865
           0    -0.402334            0   -0.0991366     -6.35001      9.18408     -5.26354
           0    -0.299438            0     -9.23196     -18.2277      11.4249      3.03702
           0     0.822237            0     -2.50304      -14.649    -0.410708     -11.7507
           0     0.705704            0      1.29053     -9.19617      10.9204     -13.1494
           0     -6.09386            0     -10.5009     -20.2301     -4.18912      -6.3732
           0     -4.33801            0     -3.71954     -4.92201      13.5607      4.60794
           0  -0.00453423            0      -14.608     -24.3749      14.5757     -21.5925
           0     0.754326            0      5.91073     -35.4464        1.895      8.77187
           0      1.95166            0       8.4884     -17.6796      10.2976      15.3452
           0     -3.58494            0      -13.099     -19.2453     -4.23606      1.05957
           0     -5.47936            0     0.343311     -2.93634     0.584251     -7.83146
           0     0.842923            0      5.54756     -61.7973     -24.1956      28.0071
           0      4.47073            0      7.43666      -25.957       35.422     -4.81107
           0     -1.04489            0      12.4274     -22.2963      23.8315      14.8708
           0     0.847615            0     -1.36172     -21.5925     -9.45095      1.36535
           0      2.97693            0      3.65863     -16.3757      24.4541      4.89088
           0      3.38408            0      -6.8209     -38.9318     -4.03779      14.1827
           0      1.22548            0     -13.5776     -21.2724     -9.94073     -2.02737
           0    -0.992939            0     -4.68515     -10.0174      20.2318      8.12575
           0    -0.512861            0      6.25262     -20.2377      13.4801       4.8208
           0      2.74557            0      10.1826     -16.7698      7.03227      3.82624
           0      0.78715            0     0.548337     -13.3496     -1.57074     -6.55365
           0      5.19839            0     -5.72988     -36.8443    -0.434695     -16.8963
           0      3.45458    0.0878855      12.7368      -22.858      6.13851     -5.49321
           0     -2.52335    0.0590639     -4.62159     -19.3777      9.03372      0.97969
           0    -0.563961     0.088997     -7.31013     -14.7338     -2.94846      1.71125
           0     0.365629     0.100852    -0.604185     -31.8729     -12.1857     -1.74912
           0      1.35564    0.0576177     -11.2615     -13.8723      10.1487      10.1458
           0     -4.87497            0      9.58207     -30.0955       2.3647      9.57693
           0     -4.75241    0.0618127       1.9016     -20.2689      4.78909      8.69255
           0      4.29796    0.0530149      15.8422     -20.5476      9.37266     -12.3201
           0      3.54606    0.0439724     -11.0009     -32.2898     -14.9512     -10.2733
           0    -0.297852    0.0657694     -3.16042      -10.882       7.2563      3.15209
           0     -2.93963    0.0709197      6.08554     -20.8481    -0.709965      12.2703
           0      3.67565    0.0972094     -5.58768     -26.4001      1.35195       1.2099
           0     -3.34828    0.0246317      21.7803     -31.3991      2.53769      13.9336
           0     0.766744    0.0729738      3.21314     -19.9164     -1.15889     -29.8432
           0     0.279083    0.0666515     0.990944     -14.3707      5.52852     -22.0334
           0     0.202601    0.0553263      7.67632     -8.37076      2.72341     -24.1671
           0   -0.0707584     0.100535     -6.63941     -15.3361   -0.0752018      8.80715
           0     -3.19101     0.101838       1.8552     -39.5536     -4.62344     -4.03591
           0      2.72087    0.0918977      4.09014      -32.689      13.7162      2.45449
           0    -0.406895     0.059459     -11.9118     -29.9575     -14.3121     0.674555
           0     -2.19979     0.032763      1.09342     -14.6507     -3.26041     -6.79598
           0      1.97659    0.0559455     -8.73343      -34.994      22.5965       2.1782
           0     -1.41509    0.0536576     0.798283     -22.8106      17.1896    -0.603491
           0      1.03841    0.0337251      9.33044     -20.9404     -2.75169      4.26846
           0      3.03745    0.0736857     0.490537     -35.4857      9.32835      5.27276
           0      0.23085            0      13.6677     -40.3788     -7.73445     -9.25253
           0       1.1717    0.0447639     -3.78349     -9.32279       13.837     -2.46979
           0     -5.06895    0.0868905     -1.65008      -12.558       7.1573     -7.23012
           0      1.51668    0.0730382      1.93251     -34.5232      12.9742     -4.72614
           0    -0.466621    0.0621166     -11.0662     -15.6944       18.216     0.565277
           0    -0.148813    0.0806582     -6.43577     -7.72744      22.6133      5.54105
           0     -1.31968    0.0300553      6.22487     -27.7829      7.63291      18.1296
           0     -3.42827            0     -6.77798     -15.4216     0.633681     -3.75546
           0     -1.29403            0     -9.47985     -7.84587      26.9424      5.21198
           0     -1.30454            0    -0.760574     -8.72417      1.10994     -6.00186
           0    -0.577272            0      19.6037     -23.5431     -3.47343      7.15794
           0      1.96405            0     -7.56153     -22.4917     -14.2034      5.09172
           0      2.19513            0      -3.4028     -21.8107     -4.29503      1.95037
           0    -0.624654            0      15.0891     -19.2747     -3.22727      5.49542
           0     -3.02335            0     -29.7972     -39.4241     -14.2341     -2.56066
           0    -0.254625            0     -6.26648     -17.5054      5.68467     -8.34664
           0     -1.50516            0       7.1179     -19.6992     -5.15766    -0.751111
           0    -0.407469            0     -3.59191      -28.988      7.45696     -1.36766
           0    -0.947961            0      4.59858     -23.9699     -6.13772     -3.32103
           0      1.30392            0     -3.53729     -8.24851      11.0233     -6.48839
           0     -4.24717            0    -0.559913     -47.8819     -3.28022      8.57064
           0     -2.51982            0      -15.919      -12.387      20.1065      10.0705
           0      1.42513            0     -4.47291     -17.3613       8.5341     -7.62251
           0     -3.06475            0      11.6843     -12.6912       1.2603      8.97454
           0      3.46567            0     -3.69081     -11.8173      17.8306     -7.55416
           0     -2.43939            0      5.34222     -32.1147      17.6265      10.0634
           0      0.35369            0     0.158678     -18.5161      5.38299     -3.58387
           0     -3.51799            0      10.4468     -15.7286      1.85537       7.3861
           0     -1.08312            0   -0.0776573     -10.4222      1.29954     -7.29425
           0    -0.611474            0      18.3387     -40.0577     -6.31045     0.925511
           0      1.04325            0     -16.0055      -41.723     -26.3157     -8.26533
           0      3.19428            0      7.24372     -23.9641     0.421613      6.67479
           0     -5.28387            0      -24.503     -35.0482     -14.4184      1.92455
           0     -4.44525            0      1.03547     -19.3958    -0.242187      5.16966
           0     -6.02511            0   -0.0793473     -24.1106      5.61388      2.83271
           0      2.86282            0      4.77574     -19.1566       4.6776     -16.2386
           0     -5.87708            0      11.7415     -44.9034     -7.93887    0.0811549
           0      2.01169            0      0.49244     -27.8145      8.61354      4.41681
           0     0.523478            0      3.52365     -22.9311     -7.68606      5.50623
           0      -5.9786            0     -5.38095     -27.7758      9.27262      12.7295
           0     -3.79543            0     -9.11939     -15.7632     -10.3884     -2.25217
           0     -2.69503            0      1.37718     -12.0871      3.85003     -1.21578
           0      1.61817            0      7.53161     -22.3647       7.1486     -3.84918
           0      2.95347            0     -4.68535     -24.2586      3.40499      1.34374
           0     -4.77273            0      1.92358     -27.0909      17.1704     -16.8505
           0     0.349286            0     -11.8485     -21.6964     -2.84634      5.82544
           0     -3.41434            0      6.45161     -15.5122     -1.31017     -2.71301
           0       3.4884            0     -6.96126     -25.7533      44.7459       4.7376
           0      1.18415            0     -12.3134     -32.3903     -21.9971       4.3711
           0   0.00621013            0     -4.17637     -17.5882      12.8265     -7.12848
           0    -0.489538            0      15.0075     -30.5463     0.963562     -20.0693
           0      3.52789            0      6.62012     -16.6313    -0.696729     -9.63325
           0     -3.97591            0     -1.39996     -32.8665     -11.0809     -14.2712
           0     -1.71709            0      20.9712     -27.6752      14.6108      16.9777
           0      3.61817            0     -23.9063     -54.8619       1.5055     -2.98029
           0     -4.20554            0     -4.26113     -11.2511      19.5994     -20.7964
           0    -0.370303            0     -8.51041      -14.369      22.1346     -3.82699
           0      1.37089            0     -4.00549     -5.03705       16.346       4.7525
           0     -0.35193            0     -4.44491     -7.37295      16.7036     -14.3799
           0    -0.362697            0     -12.7616     -20.1408     -11.6909     -4.09123
           0  0.000403383            0      3.86151     -11.5998     -1.13275     -11.2546
           0     -2.53254            0      7.56603     -15.2264     0.720823       1.8846
           0      4.08689            0      9.24036     -28.9289      17.1838     -3.82301
           0    -0.895447            0      4.75878     -9.11364      2.44223      1.92535
           0      1.27801            0      -7.2473     -8.21225       5.2125    -0.330876
           0     -4.38646            0     -3.53579     -13.9757      15.6722      5.55285
           0      2.39131            0      10.6318     -19.1433      6.75818     -6.81257
           0     -6.68121            0     -9.40769     -26.1867      -7.5108     -3.95508
           0      2.39332            0     -4.26625     -33.3734      6.72367      11.2619
           0    -0.824132            0     -5.22272     -17.9227     -4.75112     -2.84544
           0    -0.768223            0      10.9529     -19.1162      -1.0513   -0.0241476
           0     -1.76534            0    -0.965596     -10.4481     -1.81558     0.196411
           0    -0.809912            0     -8.76912     -19.9876      11.6705      9.03506
           0      1.71802            0     -13.5219     -23.1934     -11.7588     0.691065
           0      1.45682            0      13.4781     -19.5284        10.47      13.6329
           0      1.86622            0      7.11829     -17.4831      3.71774     -8.93902
           0     -2.24988            0     -3.76476     -6.49167      1.17796      0.23336
           0     -1.88941            0      5.76315     -22.3788     -2.38661      11.6468
           0    -0.565849            0     -9.00082     -29.4372     0.351874      11.3947
           0      2.20639            0      20.7362     -29.7294     -4.21767     -6.81037
           0      1.42952            0     -9.24963     -49.9872     -17.1536      11.5971
           0     -2.34406            0       7.5824     -27.2957      9.59311      4.73359
           0      0.28437            0     -1.76219     -9.42335      4.36775     -20.6272
           0       2.0491            0      6.52983     -13.5283    -0.239598     -5.78826
           0     0.223049            0       4.2677      -13.058      9.24214     -6.99873
           0     0.473096            0      5.58848     -20.9587      18.7421      17.1153
           0     -5.38159            0     -9.96129     -38.0121     -19.2462      8.94617
           0   -0.0201797            0      2.98896     -11.2587      15.4203      1.28149
           0      -4.7919            0      2.38699     -32.6894      13.9874      18.1907
           0     -3.42498            0      28.6139     -30.9883     -2.86504      16.3716
           0      2.87072            0     -22.3503     -23.6365      8.41911      13.5845
           0      1.26579            0      2.85792     -22.4719      3.88347     -13.7108
           0      1.07844            0      3.65477     -11.0798      10.1739      4.44127
           0      2.11941            0      11.0799     -27.4113       7.1276      16.0322
           0     0.615588            0      4.14623     -8.11233       8.2987      4.42365
           0    -0.737929            0      1.48058     -21.3676     0.698538      10.8235
           0     -7.91126            0      8.45087     -15.6309      11.7783     -16.6919
           0     0.788519            0    -0.912519     -11.6119      24.5408     -9.16057
           0    -0.278412            0     -8.95282     -38.4652     -10.6968      3.74518
           0     -3.61563            0      4.66715     -39.2895     -14.7108      6.16876
           0    -0.697628            0      3.30348     -18.4297     0.176339     -16.0773
           0      1.09928            0     -13.1051     -26.5885     -18.8303     -8.79305
           0     -3.59303            0  -0.00340617     -8.34347      6.72421     -6.62539
           0     0.121712            0        10.05     -12.4372      5.22673     -4.29947
           0      3.13612            0      27.0645      -36.762      7.04099     -17.7969
           0     -2.11256            0     -1.79404     -12.5986      15.6423      13.7967
           0     -3.66478            0      6.33055     -15.2513      1.82808      9.23999
           0     -2.75646            0    -0.937429     -4.59584      10.3537      1.80506
           0      5.30329            0     -16.2048     -36.7942     -7.98559      -11.931
           0      2.64995            0      14.3075     -21.8369      10.2259      4.05213
           0      -6.6459            0      -7.2332     -21.8682     -15.3347      1.45566
           0    -0.535869            0     -4.99792     -25.8951     0.159675      7.68398
           0     0.952761            0      1.59005     -19.1419      11.7665     -23.7558
           0     -1.15101            0     -3.35257     -3.93614      10.1642       3.0598
           0      2.17589            0    -0.644239     -23.4816      -5.3292      2.12838
           0     -3.44778            0     -6.01232     -19.2872     -3.80752      6.81506
           0      4.07345            0      4.60454     -21.5663      10.6911     -7.55692
           0     0.659449            0      2.15392     -31.9584      8.45454      4.36646
           0     -2.61412            0     -5.32516     -18.5051      2.84162     -6.50419
           0     0.017783            0     0.535746     -9.75752      2.72539     -21.0438
           0      -4.1958            0      1.58484     -12.1433      9.09368      9.58468
           0      5.07996            0      9.47151     -19.2515      13.2094     -16.2315
           0      -5.0315            0     -1.13389     -22.0694      5.37635     -11.4953
           0      3.10594            0     -14.2786     -32.0053      18.3182     -7.34012
           0      3.68301            0     -12.8128     -14.3136      32.1869     -2.64973
           0      -1.7499            0     -13.3858     -9.08661      24.6657      2.55413
           0      2.60555            0      2.45812     -21.9267      10.6986     -3.73967
           0      4.04991            0    -0.263349     -23.9904      10.3418      14.0224
           0     0.215076            0     -6.00634     -22.9366      3.14573     -2.41732
           0     -4.03338            0     -9.08198     -44.5593      -24.618    -0.576859
           0     -2.99624            0     -3.29701      -6.6459       13.215     -3.16992
           0       3.6018            0       5.2335     -31.1549     -5.19918      14.2743
           0     -3.80894            0      4.42588     -13.0231       10.054     -14.9128
           0     0.111408            0     -6.65471     -21.1846      6.61883     -7.48338
           0    -0.135887            0      5.41146     -14.3354      1.91718     -2.53636
           0    -0.980997            0      2.81325     -16.4699      11.0085     -6.85328
           0      7.23503            0      10.8784      -30.756      21.9205     -20.4552
           0    -0.418089            0       18.229     -41.8793     -14.4489      16.4761
           0     -9.26396            0     0.382693     -37.0151     -7.14388     -5.64899
           0     -2.40743            0      19.4882     -30.7315     -1.17691          -18
           0    -0.810793            0      12.3133     -28.8137     -3.24946     -15.3508
           0      3.00731            0     -3.56145     -32.1417     -7.40687      12.4284
           0     -1.95604            0      6.48018      -17.651   -0.0275682     -25.2632
           0     -2.84088            0     -10.0129     -14.4735      16.5388      6.17596
           0      1.69764            0     -8.48989      -36.813     -9.92208     -6.94686
           0      1.92616            0      2.17779     -21.0186      6.41329      9.60801
           0      3.02249            0     -3.81345     -30.3347     -3.72748      6.95174
           0      4.32075            0     -11.4144     -25.9188       2.9009    -0.452838
           0    -0.927097            0     -5.50229     -14.3747        25.84     -16.2497
           0   -0.0427458            0      6.14107     -12.9566      4.21321      8.31173
           0     -3.06081            0      2.64591     -8.67185      7.73847     -19.9843
           0     0.374336            0      14.2803     -28.1773       3.4264      -16.001
           0     -2.26302            0     -2.85259     -5.70125     0.624843     0.303615
           0     -11.2608            0     -9.61799     -17.9803      1.27568     -6.10911
           0     -3.78169            0     -13.8661     -19.8054       10.415     -4.24753
           0     -3.17749            0      -9.0688     -20.2555      17.7566      10.4783
           0     -3.09604            0      12.7436     -20.8087      2.72116      12.5862
           0     0.162054            0     -7.59516     -14.3714     -3.63632      7.71219
           0      2.15309            0       -8.295     -13.8938     -1.51935     -10.0654
           0     0.309044            0     -7.46868     -28.3787     -10.3231      8.71108
           0     -0.27897            0      1.68111     -13.6445      2.23907        3.756
           0      1.69047            0     -1.67028     -26.9726     -2.19469     -7.14476
           0      5.05604            0      2.93762     -23.1788      24.7658     -2.06175
           0     -6.30059            0       4.7406     -23.5512      1.56325     -6.61021
           0      -2.6628            0      8.32534     -22.5997      3.27637       3.1584
           0      2.11966            0     -3.75594     -18.2458      30.8448     -1.07008
           0      0.40912            0     -4.71445     -11.8683      9.07747      5.48558
           0     -10.1135            0     -5.65858      -13.098      8.23291     -11.6896
           0      1.07097            0      8.24294      -15.304    -0.682916     -13.6512
           0     -1.56085            0       2.3682     -8.42554       10.343     -8.29678
           0      1.29954            0      4.87624     -21.8081       1.6533     -14.1995
           0     -1.22396            0      6.19104     -30.0546     -7.03933     -4.78769
           0    -0.722573            0      7.84679     -13.1713      18.2204     -27.7832
           0     -1.60101            0     0.338769     -18.4533     -3.35236     -8.75899
           0     -7.13871            0      1.09478     -17.4584     -5.59421     -13.3846
           0    -0.230827            0      5.39907     -22.0372      13.8892      -28.128
           0    -0.115375            0      -6.8939     -27.9168     -12.1698     -4.80645
           0      1.00832            0       6.4668     -7.92092      3.43756     -7.54339
           0      3.47733            0      8.94103     -36.7869     -2.45824     -2.49168
           0      1.63065            0     -16.7989     -24.3933     -11.3524      6.13037
           0    -0.752182            0     -9.75934     -17.7599    -0.620066      2.74767
           0       1.2916            0       3.3076     -26.0086     -4.30967     -27.8348
           0      -2.9942            0      4.46705        -11.3      9.80391     -7.13163
           0     -3.04415            0      3.57946     -25.1264      9.79917      13.2956
           0      1.04701            0     -1.90689     -10.1619      6.60935      2.55764
           0     -3.45982            0     -4.05007     -16.7559      4.00578     -16.1025
           0      2.91356            0     -8.54567     -11.4924      21.0363       1.2203
           0     -9.37119            0      2.56188     -7.93988      3.46003     -2.81601
           0      1.26965            0      4.38049     -16.0926      18.9343     -1.78763
           0     -3.50003            0     -13.0765     -15.6678      8.72972      0.51123
           0    -0.648561            0      4.56618     -13.8416      23.5459      -5.1209
           0      3.08671            0     -21.0472     -27.1744      0.35184       7.0661
           0      1.31449            0      17.9688     -25.1073      13.0926     -25.5508
           0     -1.02897            0     -2.90807     -13.6042      12.9477     -3.68867
           0     -1.97973            0     -12.1548     -28.9649     -6.97213      8.44793
           0    -0.745922            0     -9.93192     -12.9657      9.36715     -9.84487
           0      1.27307            0       5.6116     -19.3108      8.79096       13.441
           0      1.58335            0     0.159104     -8.31583      9.01413      -6.4704
           0   -0.0597781            0     0.445987     -20.4309      8.88502      4.35574
           0     -5.50196            0     -5.73702     -17.2405      13.8213     -28.6829
           0      2.43227            0       9.8262     -18.7701      6.16908     -6.39298
           0      2.43623            0     -8.54541     -16.6918      6.55358     -9.47058
           0    -0.116135            0     0.455232     -12.4499      -4.4586     -12.7867
           0      1.77329            0      3.00167      -20.661     -6.83483      4.87961
           0     -2.41615            0     -2.92416     -9.41199      14.9311      -15.335
           0      1.91761            0     0.445027     -16.7093     -3.52135     -13.5183
           0     0.147055            0       4.0764      -17.877      5.43395      4.12827
           0      -2.6569            0     -12.3254     -30.7312     -11.2734     -3.14465
           0     -2.38732            0      16.3531     -37.3075     -4.55766      -5.2012
           0      4.47237            0      8.37699     -27.0801      9.20732      3.68671
           0     -4.38233            0      4.77911     -11.8196      4.09679      8.71752
           0      2.91334            0     -16.5423     -28.5646     -14.5897     -11.6139
           0     0.856726            0       5.8265     -21.8711      23.0472     -7.76838
           0     -1.38459            0     -10.3243     -34.6831     -9.74276     0.175768
           0      2.83933            0     -9.28313     -18.7095      4.36438      10.4725
           0      2.22424            0     -8.46325     -28.8577     -3.27569     -0.29115
