0.556667
    0.97
0.683333
    0.66
    0.48
0.573333
0.566667
0.496667
    0.42
0.576667
    0.46
0.836667
0.786667
0.566667
0.813333
    0.69
0.406667
    0.46
0.563333
0.686667
    0.69
0.696667
    1.09
    0.87
    1.05
    0.68
0.896667
    0.87
 1.50333
 1.01333
 1.05667
 1.38333
     1.1
 1.10667
    1.08
0.606667
 1.15333
 1.42667
0.883333
     0.8
0.703333
    0.89
 1.41333
    1.27
    1.12
 1.06333
0.686667
 1.19333
 1.09333
 1.48333
0.933333
0.533333
0.306667
    0.76
    0.52
     0.5
0.336667
0.493333
0.506667
0.513333
0.763333
0.433333
     0.5
    0.43
    0.47
0.946667
0.673333
0.713333
    0.44
0.563333
    0.75
    0.54
0.616667
     0.7
    0.78
0.723333
0.483333
0.586667
0.636667
0.593333
0.743333
0.696667
0.566667
0.353333
0.526667
    0.75
    0.82
 1.50333
    1.35
     1.5
 1.31667
    1.71
    1.83
0.986667
     1.9
 1.30667
 1.47333
     1.4
    0.97
 1.43667
 1.54333
 1.65667
 1.27667
    1.35
 1.39333
    1.22
 1.59667
    1.45
 1.49667
 2.37667
    1.99
 1.23667
    1.61
    1.74
0.756667
    1.58
 1.38333
    0.77
    1.36
0.876667
0.743333
0.543333
0.913333
0.516667
    0.67
0.586667
    0.25
0.636667
0.713333
0.643333
0.353333
0.563333
0.693333
0.793333
0.696667
0.723333
    0.66
0.893333
0.463333
0.766667
0.436667
    0.36
    0.79
    0.63
0.706667
    0.84
0.606667
0.673333
0.563333
0.433333
0.693333
0.793333
0.733333
0.593333
0.696667
0.313333
0.903333
0.606667
0.766667
    1.34
 1.24333
 1.07333
 1.24667
     1.4
    1.02
 1.36667
    1.51
 1.25667
 1.17667
 1.22333
 1.57667
    0.59
0.983333
    1.08
    0.98
    1.27
0.816667
    1.24
0.476667
0.586667
0.543333
0.393333
0.716667
0.393333
0.473333
0.376667
0.426667
0.676667
0.496667
    0.75
    0.59
0.666667
     0.6
    0.54
0.546667
0.646667
0.646667
0.626667
0.446667
0.503333
0.476667
     0.6
    0.61
0.526667
    0.58
    0.63
0.426667
0.686667
0.606667
0.506667
0.526667
    0.56
    0.59
0.566667
0.446667
    0.36
0.786667
     0.5
0.736667
0.726667
0.483333
0.486667
0.643333
0.436667
0.646667
    0.78
0.426667
0.533333
0.646667
0.746667
    0.49
0.573333
0.776667
0.683333
 1.38667
 1.12333
 1.11333
 1.39333
 1.59333
 1.34333
 1.48667
 1.54333
    1.81
 1.17333
 1.69667
 1.39667
    1.74
 1.73667
 1.16667
0.593333
    0.54
     0.5
0.706667
0.533333
0.493333
0.593333
0.536667
    0.73
0.576667
0.493333
0.533333
0.433333
    0.69
0.593333
    0.52
    0.61
0.656667
0.703333
0.493333
    0.69
    0.85
0.773333
    0.46
0.533333
0.566667
    0.58
0.563333
0.496667
    0.43
    0.57
0.576667
    0.66
     0.6
    0.47
0.603333
0.716667
0.766667
0.996667
    0.54
    0.98
 1.66333
 1.12333
0.846667
0.843333
 1.22667
     1.5
0.963333
 1.00333
     1.5
0.856667
 1.30333
 1.29333
 1.50667
    1.02
    1.54
 1.18333
 1.08667
 1.20333
0.803333
 1.26333
0.736667
 1.24667
    1.26
 1.17667
 1.61333
 1.19667
 1.52333
 1.51667
 1.08333
 1.46333
 1.44667
 1.32667
0.713333
0.463333
0.606667
0.666667
0.666667
     0.6
0.573333
0.586667
0.633333
     0.8
0.546667
0.856667
0.693333
    0.56
0.446667
0.653333
0.503333
0.503333
0.556667
0.346667
    0.62
    0.78
 1.27333
 1.17667
    1.05
 1.00667
 1.39333
0.733333
     0.9
    0.94
    1.35
 1.21667
 1.17333
    1.08
 1.43333
     1.2
 1.30667
0.826667
0.936667
 1.13667
 1.21667
    1.48
    0.87
0.853333
 1.33333
    0.89
    1.53
 1.42333
 1.14667
 1.20333
 1.04667
    0.79
0.926667
0.816667
 1.33333
 1.41667
0.513333
0.526667
0.506667
0.736667
0.683333
0.483333
0.496667
0.613333
    0.67
0.626667
    0.59
    0.76
    0.48
0.566667
    0.73
0.616667
    0.68
0.506667
    0.48
0.603333
0.746667
    0.43
0.533333
    0.78
0.486667
    0.38
    0.61
0.736667
0.426667
0.686667
    0.88
0.593333
0.433333
    0.46
0.593333
    1.31
0.996667
    1.51
0.986667
    1.23
 1.44667
 1.71667
    0.75
 1.63667
 1.13667
    1.49
0.926667
    0.98
0.853333
 1.17333
    1.28
    1.24
0.783333
    0.96
0.966667
 1.41667
 1.26333
    1.28
    1.33
 1.19667
    1.21
    1.03
 1.21667
 1.06667
 1.14667
 1.81333
    1.46
 1.18667
    1.37
 1.50667
    1.14
 1.55333
    1.01
 1.24667
0.686667
    1.58
 1.50667
 1.71667
 1.21667
    1.44
 1.56667
    0.73
 1.58333
 1.53333
0.533333
0.703333
0.616667
    0.68
0.493333
     0.6
    0.54
0.486667
0.426667
0.676667
0.543333
0.593333
0.393333
0.443333
0.496667
0.493333
    0.67
    0.69
0.726667
0.676667
    1.58
    1.33
 1.51333
    1.18
    1.39
    1.13
 1.77667
 1.28333
0.893333
 2.09667
    2.16
     1.1
    0.95
 1.65667
 1.20667
     1.3
 1.37333
 1.17667
    1.56
    1.34
    0.58
0.996667
 1.24333
    0.96
 2.03667
 1.66333
 2.09333
 1.37667
 1.26333
    0.54
     0.5
    1.47
 1.74333
 1.24333
 1.05667
 1.18333
 1.79333
0.876667
    1.16
0.946667
 1.30667
 1.64333
 1.06667
    0.94
 1.24333
 1.74333
 1.83333
 1.52333
 1.18667
 1.18667
    1.59
 1.08333
 1.23333
 1.35667
 1.32667
    1.13
 1.06667
    1.29
    1.45
 1.02667
    1.29
    1.61
    1.56
 1.04333
 1.37667
 1.52333
    1.11
 1.78667
 1.05333
 1.31333
 1.19667
    1.45
    1.64
 1.14667
    0.36
0.603333
0.676667
    0.47
0.696667
    0.86
0.676667
0.606667
0.563333
    0.45
0.696667
0.486667
0.566667
0.536667
0.713333
0.663333
0.463333
0.493333
0.643333
    0.55
0.496667
0.763333
0.696667
    0.55
0.493333
0.526667
0.616667
0.476667
    0.59
0.743333
0.483333
0.506667
0.856667
 1.64333
 1.27333
    1.75
 1.39667
    1.43
 1.40667
 1.60333
    2.06
     1.4
 1.05333
    1.09
 1.12667
 1.61333
 1.32333
 1.09333
 1.24333
 1.33333
 1.47667
 1.14667
    1.17
0.516667
0.583333
0.576667
0.493333
0.643333
0.583333
    0.51
    0.57
0.563333
0.463333
0.763333
0.773333
0.533333
0.653333
0.506667
    0.51
0.666667
     0.5
0.876667
0.706667
0.666667
0.543333
0.646667
0.816667
0.663333
    1.02
0.513333
0.786667
0.576667
0.533333
    0.78
    1.06
    1.21
 1.18667
 1.18333
 1.37333
    1.72
 1.41333
    1.06
 1.62333
 1.42333
 1.22333
 1.12333
    1.38
 1.21333
    1.27
 1.26667
 1.45333
0.793333
    1.19
 1.23333
 1.71333
 1.39333
0.746667
    1.27
 1.66333
 1.52333
    1.12
 1.18333
 1.16333
 1.33333
 1.56667
 1.17333
    0.83
 1.66667
0.846667
 1.06667
    1.63
    0.58
 1.82667
 1.05667
 1.78667
    1.62
    1.08
 1.81667
 1.53667
 1.16667
 1.10667
0.973333
    1.31
0.596667
0.483333
0.603333
0.676667
0.836667
0.426667
0.346667
    0.58
    0.87
0.476667
0.523333
    0.69
0.636667
0.703333
0.696667
0.613333
0.503333
 1.18333
    1.49
 1.34667
 1.63333
 1.59667
 1.06667
    0.74
 1.50333
    1.02
0.686667
 1.26667
    1.22
 1.15333
 1.12333
 1.87667
 1.55333
    1.39
0.866667
    1.39
0.803333
    1.22
0.986667
 1.76667
    1.55
    1.58
 1.35333
 1.31333
    0.92
 1.56667
    0.99
    1.68
 1.08667
 1.12333
       1
    1.18
    1.58
 1.34333
 1.17667
 1.06333
 1.31667
 1.48667
0.976667
 1.18667
    1.29
    0.98
0.556667
0.566667
    0.88
0.356667
    0.57
0.566667
0.333333
    0.49
0.556667
0.666667
    0.34
0.516667
    0.73
0.703333
    0.66
    0.52
0.756667
0.513333
    0.61
    0.55
    0.54
0.583333
0.746667
    0.42
    0.73
    0.37
0.453333
0.466667
    0.46
    0.37
0.516667
    0.66
0.706667
    0.82
0.406667
0.686667
0.626667
0.443333
0.593333
0.623333
0.596667
    0.57
    0.41
    0.53
0.553333
0.653333
0.573333
    0.54
0.606667
0.656667
0.553333
0.536667
     0.6
0.596667
0.623333
    0.88
    0.66
0.636667
 1.41333
 1.46667
    1.86
    1.23
    1.24
 1.17667
 1.54333
    1.22
    1.78
 1.26333
0.593333
0.623333
0.613333
    0.58
0.606667
    0.64
0.516667
0.496667
0.713333
0.593333
0.416667
0.573333
    0.62
     0.5
0.563333
    0.44
    0.54
0.516667
0.476667
    0.41
0.633333
0.653333
0.426667
    0.69
0.726667
0.443333
    0.69
     0.6
0.626667
    0.61
0.446667
0.653333
    0.59
0.776667
    0.54
    0.64
0.673333
0.686667
0.683333
    0.48
    0.51
0.906667
     0.5
0.676667
0.536667
     0.6
    0.73
0.646667
0.586667
    0.67
    0.51
0.666667
0.966667
    0.84
0.523333
    0.83
0.596667
    0.61
0.553333
0.586667
0.546667
     0.6
0.766667
    0.65
0.663333
0.643333
    0.56
0.616667
    0.62
0.673333
    0.61
 1.16333
    1.39
 1.04667
    0.95
 1.92333
 1.31667
 1.33333
 1.49667
    1.72
 1.40333
 1.53333
 1.28667
 1.21667
    1.89
    1.17
 1.53667
    1.53
    1.83
 1.17333
    2.21
    0.93
     1.6
 1.42333
 1.48667
    1.46
 1.53667
 1.19333
 1.30333
0.796667
 1.17667
    1.34
    1.16
 1.05667
    1.15
    2.15
 1.66667
 2.37333
 2.43667
 1.71667
     1.7
 1.51667
 1.34333
 2.59667
 2.33667
 1.72667
 2.14667
 1.17333
 1.25333
 1.41667
    1.47
 1.68667
 1.79333
 1.12333
0.973333
    1.34
     1.2
 1.00667
 1.07667
 1.50333
 1.10667
 1.60667
 1.19667
 1.04667
    1.59
    1.27
 1.31333
 1.86667
 1.08333
 1.64667
 1.16333
 1.28667
 1.34667
    1.28
0.546667
0.493333
0.836667
0.526667
    0.36
0.643333
    0.49
0.536667
0.503333
0.456667
0.646667
0.476667
     0.6
0.606667
0.683333
0.616667
0.406667
0.713333
    0.54
    0.41
    0.54
0.766667
    0.58
0.543333
0.806667
    0.61
0.543333
0.566667
    0.56
0.653333
0.473333
0.423333
    0.46
0.416667
    0.39
0.723333
0.576667
