    -10.9881      8.43791     -12.9971     -5.17004   1.4558e-05     -2.80671
     12.6933     -2.33953      -36.917      3.46391 -1.30973e-06      5.16403
     1.45874      0.59365     -9.01656     -3.06646 -1.63802e-06    -0.142341
     5.72437     -1.19021      -39.773      11.5002 -1.80977e-06     -2.55875
      2.6269     -3.28079     -19.4411      6.50353  -1.3678e-05     -3.69803
     -6.5633      2.73945     -34.1208      -15.487 -6.61407e-06      5.53721
    -7.09606     -2.11832     -18.1423      5.18547  3.02367e-06     -1.03335
    -19.1289      1.40101     -18.0551      12.0628  3.81942e-06     -2.29672
    -9.08761      3.47909     -10.4161      0.89391  5.50132e-06     -3.68439
     16.8244      -3.5216     -34.1213      6.39408 -1.98017e-07     -2.85827
    -3.34982     -5.25144     -22.0988     -10.5601  2.58839e-06     -4.66146
     12.3215      5.61015     -20.7943     -8.42415  1.21599e-07     -6.13006
     12.8687     -2.55296     -26.4539      -2.6805 -3.37796e-06     -1.22169
    -1.38271      2.49834     -19.9088      7.26141  4.38809e-06      7.53195
    -3.37097       5.7512     -8.91741     -4.25707  6.65787e-06     -2.61811
    -3.22749     0.958607     -24.6803      22.8302   9.8262e-06     -3.74806
    -1.02892      5.57497     -11.7206     -2.37617 -8.88386e-06      3.71278
     1.89005     -2.18548     -17.8393     -5.40236 -1.02772e-05      3.36397
     3.34849      7.01216     -19.2751      -3.7452 -1.48431e-05      2.20814
    -9.42128    0.0357212     -25.3517     -13.9847 -6.04211e-06     -1.46396
     10.8877     -2.32082     -52.5001      22.2469  5.52575e-06     0.330355
     8.22475     0.202462     -25.0495      9.32958 -7.83411e-06     -1.75391
    -4.03859      9.80244     -3.50794     -3.01638  1.15748e-06     -4.74257
    -2.62624     -3.97973     -29.9218     -21.1606  -9.1064e-06      3.48664
     15.2249      3.52916     -38.8164      7.93042 -8.53528e-06      6.87619
    0.789795      9.09687      -21.532      -5.0128 -8.06205e-06      5.63633
    -4.87038     -3.15517     -21.4579     -7.63693 -7.87519e-06      1.06982
     4.66712     -4.26589     -12.7788     -3.07453 -6.66953e-06      2.67935
     9.74028      1.91298     -21.9372       12.866 -7.73064e-06    0.0218064
    -7.29551     -1.53913     -21.6366      10.7251 -7.79374e-06    -0.825587
    -7.17387    0.0064971     -26.9367     -6.89039  2.71714e-07      7.70208
    -9.79725     0.866661     -35.5647     -5.55951 -2.89275e-06      15.4064
    -2.53747     -8.94002     -27.4708     -22.5286 -1.75642e-06     -6.98263
   -0.961871    -0.474922     -6.33745      -5.2637 -2.10922e-06    -0.128734
    -25.5796      6.48653      -19.048      5.12542 -4.57608e-07      4.16421
    -5.69773      11.9386     -21.6187     -8.22683   -5.974e-06      10.8135
    -1.12922       2.1795     -10.6959     0.981059 -9.01408e-06     -2.64193
     1.70419     -12.5669      -43.511     -27.0789 -1.27527e-05     -7.52571
    -32.1794     -2.25246     -36.6365      15.8289  2.17861e-06      10.6442
     9.60956      2.60591      -20.323      5.85848  7.93442e-06     -3.80936
    -3.91261      2.42631     -16.2692      -7.8285  -6.6533e-06    -0.299299
    0.145698     -6.70075     -46.7123      6.61514 -1.39982e-06     -4.04332
    -12.7225     -1.37204     -35.6151     -4.04017 -2.88605e-06     -1.30332
    -8.28056      6.35431     -29.4407      -14.614  1.13377e-06    -0.507836
     14.6121     -2.38098     -21.1742     0.772554  4.49165e-06      -2.1498
    -6.76199      -1.3178     -31.0507     -6.97776  1.40668e-05      11.9793
     12.6712     -1.65361     -20.6886      3.04105  5.33883e-06     -1.32408
    -2.90409     -1.23517     -8.89018      6.10141  5.51721e-06     -2.14826
    -4.72167      8.64188     -23.4319     -0.58406  7.75475e-07      5.28805
    -23.9784     -9.62118     -34.5221   -0.0562631 -2.84686e-06     -8.01702
      18.338      13.4657     -53.0509      23.2211 -3.38529e-06     -11.9002
    -6.15622       3.1744     -9.17727     -4.03947  -1.5658e-07      -0.1906
    -4.71853     -3.33167      -28.676      3.70489 -4.46706e-06      1.60056
    -2.80427     -5.25218     -26.1835     -13.5976  1.51645e-05      6.16627
     23.5556     0.791468     -30.1782      9.05423 -5.38615e-06     0.735876
    -2.04473      -3.7261     -26.9192     -14.5242  7.39909e-06     -8.14413
    -2.68267     0.238188       -18.65      1.76993 -8.49208e-06     -2.82427
    -11.0632      -4.9488     -29.1429     -6.82618 -8.38736e-06       5.2854
    -5.05899    -0.488652     -31.3131     -4.55987  1.13467e-05      1.50358
    -15.5858     -2.46181     -16.1594     -5.33064 -1.04742e-05     -4.47692
     14.2565     -3.84253     -26.0272       4.6437  7.83956e-06     -3.63331
    -20.8071      1.52766      -26.456      13.6519 -1.16986e-05     -11.2857
    -16.1306      3.10414     -42.0762     -11.1132   1.3737e-07      8.62808
     1.62195      9.03457     -15.4755     -2.09135 -5.93657e-06       5.3816
      5.5114      3.90898     -23.3937     -8.44851  6.31185e-06     -4.44109
    -9.82033     -3.88852     -27.6176     -3.08389  3.82743e-06      9.86686
     11.8612      0.19756     -12.1568      5.77797  3.36643e-06    -0.346235
     -1.8683     -1.93299     -19.4482      1.25798  3.68543e-06    -0.567981
      4.6813     -1.39393     -32.1581      14.1267  7.04213e-07     -1.46214
    -11.0666      2.70397       -22.45     0.872204   1.1218e-05      5.03899
    -3.27395     0.592164     -14.8862     -16.2446  2.96765e-06     -6.73315
    -2.51271     -4.49798     -24.8818       1.1358  3.32395e-06     -7.37448
     3.35115    -0.276801     -18.7858      6.56313 -1.14608e-06     -3.50631
    -16.3882     -6.01563     -25.2239     -8.35851  1.27501e-06     -2.87113
     10.7901     -2.49585     -29.6718     -2.05056   7.0543e-06     0.718799
     1.78581     0.272165     -49.8714      7.95272  1.33112e-05       13.909
     8.07799       2.3178        -16.2      3.05363 -6.59625e-07   -0.0913586
     1.63058      6.90535     -10.9334      3.42059 -1.29376e-05     -5.48042
      3.5776     -1.47599     -26.5385      -10.064 -2.41656e-06     -4.67782
      17.606      11.9633     -20.6981     -1.69855  3.90811e-07     -8.43478
   -0.456425      3.65722     -23.0173    0.0216647 -1.49468e-05      11.7281
   -0.513467       3.7462     -19.1668       7.2329 -4.37941e-06    -0.153137
    -7.58811     0.959673     -22.8503      8.29846  1.11213e-05      8.12321
   -0.108015      2.34055     -24.0248      4.99706  1.34945e-06     -2.31135
      3.8176    -0.299989     -57.8258     -7.65844 -8.96403e-06      1.14767
    -1.65488      1.64779     -17.4798      7.18104   2.7438e-06     -7.45262
     3.68285      -14.431     -48.5987     -20.9876 -9.94231e-07     -1.91492
   -0.527117     -1.51056     -12.9974     -12.9412 -6.40375e-06     -2.78395
    -6.28748     -1.01278     -32.8344    -0.568202  6.94564e-06      7.87103
   -0.188185      0.63575     -16.8862      9.61106  -3.7188e-06     -4.45162
     11.6042     -8.69699     -33.7416     -8.37925  8.93774e-06     -4.27776
    -4.06105    -0.544761     -15.9299      9.17373 -6.30043e-06     -1.65516
      3.4276    -0.631783     -18.4399      10.4643 -1.11203e-05     -2.74574
    -10.4515     -2.50775     -23.9166     -11.1431  -6.6588e-06     -3.33593
    -3.43299      1.57391     -29.5738     0.666741 -9.13049e-06      7.93988
    -15.2936      7.98425     -25.0871      1.63934  1.86368e-07     -1.22086
    -4.83571      4.49543     -37.8273      5.51035  7.73769e-06      12.0784
    -14.5311      2.58481     -7.96819     0.430708 -3.93589e-06     -3.22486
     13.0793      3.28453     -26.8489      10.1795  6.51317e-06      5.49395
     1.33152      15.5754     -16.1021     -8.10216 -2.27575e-06     -3.47811
    -29.1716      9.32932     -16.5965      3.42686 -4.15017e-06     -8.02303
     5.25528     -2.79765     -35.0787      1.90321   1.7533e-06    -0.554795
     13.5728     0.416984     -36.0927      13.8695  1.61834e-05       4.3564
    0.459386      6.31423     -7.33529    0.0620336  3.75577e-06     -1.49129
    -1.75516      3.00886     -32.4898     -9.32443 -1.86811e-06      10.2709
    -7.03623     -1.16095     -22.9677     -8.23839 -1.43653e-05     -6.25317
     -17.845     -2.92111     -26.5635      3.57077 -4.83982e-06      1.65345
     11.7811       2.0993     -19.7125       9.0264  5.11909e-09     -1.03919
    -6.64234      5.56956     -36.9275      14.5981  5.55351e-06     -5.15571
     6.03441     -5.30515     -29.1504     -9.36897  1.09797e-05    -0.787278
     14.8723    -0.548369     -31.0269      2.13243 -2.93883e-06    0.0759775
    0.515135      3.79852     -17.9677     -8.84701  2.93557e-06     0.359737
     10.5604     -3.99589     -22.3199   -0.0977286  4.04784e-06     -3.62402
    -8.67025      11.9733     -15.0184      3.82486  1.03079e-06     -6.31061
    -2.92867      2.30224      -16.929     -3.17866 -4.66951e-06      3.82766
    -6.63447      5.87648     -17.2269     -1.46084 -8.25649e-06      5.12194
    -8.24182     -5.94603     -36.8089      1.20013 -8.98696e-07      1.54001
     -3.3768      10.3354     -15.3412     -9.29157  1.19832e-05      4.91078
    -9.74679     -1.26949     -44.5631      14.8775  3.67612e-07      1.26662
    -5.13519     0.884253     -18.6557     -4.63354  4.41314e-06      7.11247
    -20.5061      6.47257     -15.3089      3.03744 -4.31351e-06     -2.25985
   -0.968224     -5.84107     -35.2473      5.59316  6.97255e-06     -9.18455
    -13.5175      6.53378     -16.6765     -1.85302  1.85308e-07      1.36818
     8.95438     -1.38797     -28.6473     -17.4254  5.56835e-06     -7.29034
    0.720885      1.32167     -15.9644     -6.99372  7.06917e-06   -0.0392351
    -15.1321      3.58173     -19.1938     -2.13303 -1.76484e-06     -2.97852
    -23.8191     -6.80031     -41.5789      4.62108 -1.06749e-06      9.52457
    -10.4516     -3.51606     -40.3155     -11.3817  -5.7822e-06    0.0529681
     1.27958      4.75497      -38.108      -4.8994 -1.20215e-05      10.9858
    -4.79044      3.57362     -33.3317     -22.7902 -1.11688e-05     -1.24343
    -11.4068      16.3637     -17.1142     -2.03225  9.20222e-06     -4.59477
    -9.97216      2.08944     -10.3473     -4.85662  2.80724e-06     -3.98274
     6.79942     -4.57132     -27.5554    -0.611689  2.08525e-07    -0.413609
     4.76325    -0.886759      -29.955   -0.0918543  4.03591e-06      5.44946
    -7.87217     -1.17818      -10.733      2.95767 -8.29003e-07   -0.0498217
     9.05847      6.87652     -25.2639      2.78586 -6.84151e-06      1.60582
     7.45678      5.15397     -23.1872     -3.57247  1.20101e-05     -5.47624
    -3.92719      4.85497      -28.811      8.93974 -7.91314e-06      1.66281
     4.36625      5.23829     -28.5223      1.34135  3.12527e-06      9.19465
    -19.4782      -1.5683     -22.0195       10.951 -1.30168e-05     -2.39538
     27.8744     -1.05475     -58.4163      6.45114 -8.87266e-07      2.89039
     -10.431      4.27937     -25.8219      8.61297 -7.17183e-07      3.32445
     11.9786      3.08604     -50.0495      11.8899 -1.20319e-05      13.4824
    -7.19683      4.34312     -26.5569     -6.84724 -2.80185e-06     -2.91906
    -3.79778     -3.34608     -24.3664      4.63216  8.69559e-08     -3.70139
    -10.4205    -0.146675     -16.7164       4.8324 -9.83832e-07      4.03502
      4.8119      3.02819     -25.1176       4.4856 -9.53534e-06     -4.12886
     5.19573    -0.993991     -13.8452      2.22167 -1.99334e-06      3.36261
    -5.94031      -2.0614     -25.7672      17.7312 -1.05131e-07      1.54223
    -14.4804       2.1027     -27.7178      8.92356 -8.46478e-06      4.55663
     1.35455     -3.71173      -21.176     0.239847 -1.07684e-06     -2.19539
    -3.15972      -1.6804     -22.4709      17.3261  4.45706e-06       -6.218
      8.8214    -0.491943     -34.5601     -10.6196 -5.31668e-06     -11.0294
     1.28823      2.13894     -28.9425     -3.15036 -3.86168e-06        8.743
    -10.7077      1.22622     -15.2071     -11.6633 -4.52452e-06     -7.57104
    -21.8939       12.288     -37.2847     -14.8149 -4.53454e-06    -0.620513
    -5.29173     0.336439      -18.572      10.2245 -8.89131e-06     -4.12628
    -3.14808      4.99165     -19.0948     -5.05411  8.42202e-06      4.07834
     18.5656      3.76496     -27.0897      8.37626  9.18733e-06     0.378285
    -2.09048      6.04416     -30.5148     -10.1994 -3.10795e-06      10.1146
    -6.27111      1.24881     -10.4882     -6.90712 -4.62533e-06     -2.26151
    -6.06105     -7.35495      -43.906     -10.5902 -1.04124e-06      1.02282
    -6.68466      9.89335      -11.968     -2.27995 -7.06396e-06     -2.82412
    -13.4052     -2.09761     -24.2741      7.17335  4.93763e-06     -6.78588
     3.36226     -4.69073     -28.3664     -9.62424   1.0153e-05    -0.103212
     3.38616     -1.55856     -39.0732     -1.98389 -7.12313e-06       1.6241
     1.56243      2.34587     -12.0259      6.15244 -5.37742e-06     -3.38391
     3.08525      2.90487     -18.8042      6.99433 -6.30981e-07      7.24698
   0.0425732      2.52731     -36.5543     -16.7419 -1.36544e-05     -1.61829
     16.1385     -5.37457     -34.9562      7.22344  8.91052e-06    -0.230514
     5.55867      2.02659     -26.4609      13.5332  1.14583e-05     -2.78841
     10.8883     -2.06943      -35.708      2.83747 -1.92342e-06     -3.01712
    0.726033      1.05592     -34.3165     -7.66672 -3.91518e-06      10.4701
    -14.6453     -4.63355     -25.3821     -3.14584 -7.18011e-06      -8.0865
    -1.26547     -1.39066     -11.2698      3.65567  6.02891e-07     -2.95544
    -5.46467     -3.99159     -48.6285     0.872153  9.24248e-07     -11.0469
   -0.444206     -3.03256     -31.5149      20.0946  9.43234e-06     -7.07313
    -6.70965      2.71236     -13.2091      3.59858  2.44594e-06     -2.87842
    -15.1453      7.53222     -31.5296     -5.86838 -4.34482e-06      6.46881
    -9.46811     -3.88772     -43.0263      15.0249  6.42304e-06       1.6268
     -1.5111     -2.45937      -22.595     0.666409 -6.95492e-06     -4.52679
    -30.0592      8.86085     -28.7079     -2.55755 -2.11922e-06     -9.05908
     6.61595      1.89776     -23.4937      3.05809 -6.41458e-06      1.74838
    -2.05811      9.49159      -18.329     -7.06467  1.28443e-05     0.724942
     1.00693     0.645589     -16.7979       3.8971  5.12101e-06    -0.408426
     -5.8069      1.05433     -28.6687     -8.51423  4.41753e-06      11.0153
     11.0031     -5.66174     -26.7932     -3.84651 -5.21115e-06     -1.24911
     -2.6069      7.86671     -20.2746     -3.00159  3.77058e-06      5.92224
    -21.1282     -6.21508     -15.4473      5.10867  5.04631e-06     -5.47001
     9.39801      2.00511     -28.9817     -8.97417 -2.75092e-06     -4.77549
    -14.3175      7.51342     -13.3658      3.92858   2.1187e-06     -5.98345
    -7.88018     -4.26271     -21.2594      8.47149  1.03454e-05     -3.90506
    -7.52915     -1.52774     -45.3496      5.97125  -7.5189e-06      4.03755
    -24.0153     -2.13381     -23.8738       13.542  1.23429e-05      2.53454
      11.779     -3.16327     -28.9853       3.2856 -3.53566e-06      0.50803
     12.1255      15.3071     -28.2432      5.90484 -4.57843e-06     -5.69931
    -11.2257     -3.10624     -18.6113      -2.2093 -3.86776e-06      -3.0331
     1.21966      2.94013     -23.5518     -5.41879  1.02876e-05      4.25798
     9.08368      2.76229     -16.1371      1.15665 -1.33587e-05      -4.4012
     10.2546      8.97717     -24.3591       4.0742  7.38149e-06      1.89579
     11.4359      3.19852     -45.4226      16.2646  1.80304e-05      1.48622
    0.765674      3.10721     -21.5703     -10.3031 -1.72912e-06     -1.95059
     5.98276     -6.70758      -42.206      8.94909  6.92414e-06     -4.73084
      14.616    -0.505106     -28.9082      27.2707  1.15481e-06     -7.59874
    -16.4974     -2.22151     -16.8078      12.2823  2.68515e-06     -5.80857
     8.34722      2.47979     -20.3087      8.95297  -2.1645e-06     -6.52602
     12.4597      4.17129     -42.6472     -4.93773  6.42832e-06      8.79817
    -10.4397     -4.65564     -37.7273     -12.9939  3.59927e-06      4.38389
    0.902838     0.716172     -20.9099     -18.0997 -1.53603e-06     -3.28138
    -12.8498      1.13845     -32.8032      12.9042  5.20116e-06      2.60249
    -4.31625     -5.05721     -28.3833     -14.7598 -2.98231e-06      5.30855
     1.33117     -3.23358     -20.6379   -0.0702907  1.11616e-05    -0.800604
    -14.2703      10.5597     -13.0272    0.0580416  1.84074e-06     -5.50345
     5.84676      1.87356     -20.1961      1.90321 -1.38423e-05     -3.59327
     -11.936        5.118     -22.1549      9.67752  5.06198e-06     -10.4201
     5.81071     0.394458     -24.8461      3.23858 -5.96368e-06      3.13164
     -18.215     -1.00077     -33.9161      19.7669  1.67162e-06     -6.11417
    -5.86252     -1.80998     -49.5579      5.19556 -6.02691e-07      1.86195
    -29.8667     -4.19607     -23.6134       9.5528  4.04344e-06      1.46086
    -22.5919    0.0457176     -41.6741     -7.42094  6.85507e-06      3.29373
     -1.6378      7.52542     -7.79115     -8.30367 -6.87791e-06    -0.929428
    -21.7466     -7.67403     -36.1123    -0.402329 -6.57719e-06      1.44267
     2.16456     -2.76948     -17.9911      7.36449 -7.96356e-06      1.04354
     10.4426       5.3655     -20.9093       4.0569 -7.09055e-06      4.28475
    -1.59689     -2.47744     -24.6997      5.34142  4.64777e-06     0.416189
     6.98909     0.632408     -11.7455      4.65068 -3.61276e-06      1.42552
    -10.6787     -1.07375     -21.3653     -9.59373 -4.88477e-06      -5.0693
    0.734097      8.45326     -18.1874     -5.66644   6.8511e-06     -7.50998
     21.7945     -6.14501     -43.1388     -3.36007 -8.19711e-06     -8.16189
    -9.95022     -2.46984     -21.3872     -3.97747 -3.47588e-06       5.3633
      5.3304      4.16159     -22.1252      10.5324  -8.5225e-07     -4.15485
    -2.75343      1.83429     -16.5724    -0.606292  1.28715e-06     -5.09863
     7.09149     -2.04518     -19.8297      1.28121  4.57484e-06     -5.43519
    -1.46054     -5.40757     -34.5973     -9.44156 -5.84405e-06     0.201469
    -2.74324      3.18159     -30.0037     -22.4989 -1.80491e-07     0.706011
     -4.2705      -5.5149     -19.9431     -1.91415 -7.86593e-06    -0.212631
     6.05774      2.28943     -20.9077      2.96517  2.14727e-06     0.404795
   -0.367468      6.87429     -16.5028      4.32277  5.20674e-06     -2.90693
    -1.25348     -2.49308     -13.1658     -3.17985  1.93322e-06     -4.25093
   -0.974746     -3.73093     -25.6944      4.05511  6.49843e-06     -8.77217
     2.02186     -5.16516     -41.6181     -23.5234 -5.24603e-06      6.16206
    -15.8308      1.02014     -21.6527      12.6753 -5.40913e-06     -1.43735
     2.13947    -0.362165     -27.5322      1.16322 -6.86733e-06     -7.64367
     3.72784     -1.92538     -19.8054     -4.26228 -5.26445e-06      -4.9909
    -13.5611       6.4394     -26.5317     0.240281  5.71904e-06     -6.83035
     14.8828      12.3552     -34.4421      17.6713 -3.58426e-06     -2.18832
     -6.8011      9.75381     -29.8806      8.90249  5.15187e-06      4.06426
     2.79603     -4.93678     -28.0738     -4.97851 -5.21139e-06       1.2594
     8.17062     -7.04165     -59.3741     -6.26689 -5.26204e-06      2.53638
     5.61811      2.67248     -17.3708     -11.0593 -2.44261e-06     -2.31475
     3.97262     -1.73476     -29.6195      3.83163  1.11048e-05    -0.631546
     3.54194     -1.13643     -30.6685     0.752458   5.6377e-06      7.01219
     6.21433     0.433927     -41.8321      6.86352 -1.40692e-05      9.36949
    -6.27554      1.43119     -6.17186     -3.51684  5.70606e-06     -1.81712
    -20.6172     -1.99867     -35.9061      2.88414  1.89212e-06      8.30167
    -5.90371     0.364639     -7.84047      1.80905   4.2892e-06      1.87191
     7.11742      10.5321     -18.6601      5.69411 -6.59364e-06     -6.73188
     11.8614      4.61204     -20.6606       4.6737  3.72839e-06     -4.82574
     5.40462     -1.43265     -26.5649      3.87538  -7.6007e-06     -4.24603
     10.1213      2.62917     -22.8892     0.892514 -9.99196e-06     -1.61411
     -4.6471     0.759613     -22.8865     -7.18956 -1.08221e-05    -0.460265
    -3.24378       -4.864     -22.3318      5.21064  5.58666e-06     -7.51143
     12.0953  0.000697195     -36.9395      1.99448 -6.75822e-06     -7.28569
    -10.5109      9.52048     -10.6442      3.47021 -6.13101e-06     -6.80911
    -5.46006     0.805751     -10.3783      1.55334 -1.94564e-06     -3.35495
      9.9876      4.26966     -19.7584      8.23206 -8.77472e-06      -2.5304
     2.63341     -9.45772     -33.4663     -14.8957  7.17382e-06      -4.0091
    -16.4646     -2.75669     -19.2224      -1.0312 -1.93656e-06     -7.04084
    -8.06894     0.965049     -28.5029      12.0291  6.87594e-06       3.7646
    -4.17992      14.7631     -9.78573     -11.8572  1.52069e-05    -0.671809
    -13.9908      4.51046     -22.0246      11.0739  5.78286e-06     -4.17832
    -9.55161      4.83467     -10.1014      5.42234 -1.30465e-05     -1.50875
     -8.2803      3.13313     -24.5995      1.34202  4.81921e-06     -6.15635
     8.86539     -2.27978      -20.801      -6.2803 -3.10671e-06    -0.769659
    -4.15058     -1.29083     -21.6753     -10.2635 -5.42954e-06     -4.12595
    0.416875    -0.302062     -41.4435     -5.88375 -8.08162e-08     -4.23035
    -15.3442      2.76385     -15.9929       3.5625 -1.28869e-06     0.347973
    0.942781     -5.22257     -40.8314     0.334578 -3.73521e-06     -6.34557
    -13.5711     0.174554      -32.351      8.70108  4.36104e-06      3.57985
     3.47366     -4.53919     -16.6195      -6.7374  -1.3532e-06     -2.03968
     21.6847     -6.49482     -52.6013     -0.46972 -4.26384e-06     0.644173
     10.8323      -1.5938     -22.2501      4.11228    4.279e-06      4.42516
    -1.28981      3.35406     -11.5139      2.02228 -1.01019e-05    -0.115793
    -4.18712    -0.040407     -13.2679     -3.09952 -4.09561e-06     -2.07812
     5.25875      4.52435     -28.0579    -0.786093 -7.39541e-06      4.96136
     3.47525     -3.67997     -41.7878    -0.856731  7.48095e-07      8.36124
     10.5094     -8.52294     -42.6882     -4.97433 -2.33057e-05     -8.60232
    -2.58252     -2.14967     -27.5348      1.55225  1.07372e-05     -3.98411
    -12.8538     -2.85107     -11.8716      14.7554  2.99278e-06     -5.39538
    -3.11781      4.08628     -46.8054     -5.13004   2.8381e-06      13.4627
     1.29642      6.32003     -29.5321     -1.32833 -3.35397e-06      9.01614
    -7.38967      8.10784     -17.2696      2.40082  1.67285e-06     -9.20634
     6.20691   0.00279668     -20.1912      2.88088 -2.04174e-06     -1.44524
    -6.66625     -5.59627     -22.0325     -7.95005 -5.18691e-06     -3.82539
    -8.33611     -10.0109     -41.4839     -11.5402 -6.21016e-06    -0.925511
    -2.48147     -3.28022     -27.2972       17.402 -8.96456e-06     -7.36945
     -21.201      5.54787     -24.9898      5.45922 -4.84848e-06     -3.68738
    -22.3125     -6.02094     -26.0943     -7.18985  1.99717e-06     -6.50753
    -10.6975    -0.649171     -17.8919      4.13302 -8.76887e-06     0.692804
    -11.8038      14.2294     -14.2313      -3.2121  -1.2759e-05     -0.56441
     3.02427      3.00122     -41.7156     -2.50381 -3.01955e-06      5.69065
     -11.823       8.2009     -14.5613     -5.88691  -3.7262e-06     -4.10151
    -2.10898     -4.47277     -19.3128     -8.80475  9.40032e-06      1.78781
       1.245     0.153854     -12.9539     -7.35639 -3.56181e-06      -1.7931
    -13.0964     0.605146     -28.7671       10.659   -1.921e-06     -4.26624
     5.03562    -0.497591      -26.088      6.92727  5.19192e-06      1.99967
    -18.3692     -3.35601     -17.7155       7.6291 -7.06859e-07      -5.9846
    -9.89868      2.85539     -12.6323     -1.12938 -1.60548e-06     -6.00763
    -5.73654      10.7036     -23.4357     -8.84186 -6.44062e-06      4.39578
    -13.7575      -1.8012      -28.635      2.51895  1.54631e-06      3.91816
     35.9362       1.9322     -46.8621     -3.45816  -9.1931e-06     -9.88689
     12.6088     0.886529     -35.1958      10.5684  7.59728e-06       10.347
     5.28158     -2.16632      -22.119     -4.46464  2.89662e-06     -2.87483
     -15.155      3.91983     -22.7846     -8.69176 -2.76429e-06     -1.74064
    -4.84494     0.925991     -23.5541      2.47701  1.42767e-05      1.11577
     12.4337      3.66454     -20.5907      8.20495  1.72548e-06     -4.03023
    -6.48782      3.44757     -15.0814    0.0113011 -4.58778e-06      3.69167
     4.01179      12.3549     -16.9707     -10.0911  3.17021e-06     -7.37382
    -1.73601      -1.0981     -20.9696     -5.75719 -7.82129e-06     -2.00797
    -7.37448   -0.0289386     -18.0349      -6.1124 -1.19523e-05     -1.59214
    -12.7139     -1.11855     -28.1166     -10.7759  -7.9481e-06     -4.39306
    -6.54512      3.30984     -30.3225     -3.14434 -1.13208e-05     -14.1717
    -6.20965     -10.8212     -32.3282     -13.4597  1.60972e-06      1.63698
     13.8325      6.71242     -24.9588      6.06311 -4.98647e-06     -8.53366
     5.63864    -0.316573     -26.7294     -4.50624 -5.50582e-06     -4.27882
    -12.4556      1.09147     -26.7287   -0.0611415 -3.58195e-07      12.6802
     5.13014      3.63157     -20.4889     -10.2608    1.426e-06     -3.03567
    -10.1526     0.264098     -21.7646     -6.88911   1.0291e-05      4.62211
    -6.55656      1.19051     -31.3021     -2.13312  1.94457e-06       -6.445
     20.5966      5.48006     -20.6564      8.93588 -2.09319e-06     -4.25901
    -1.34976     -1.01165     -17.0452     -12.4488  -2.2414e-06      4.83527
     4.19883     -2.69922      -32.836      10.8654 -8.99131e-06     -1.32962
    -34.4274      3.26906     -29.1747      8.10065 -5.27718e-06      1.38491
    -11.7086       2.0483     -50.3066      19.4641  1.73445e-06      2.43373
    0.949936      1.71063     -11.0023     0.846432  5.13574e-06      3.50695
     14.1788     -4.46664     -33.7842     -3.74949 -2.25003e-06     0.370041
     4.09236      1.57585     -25.2993     -2.65919  8.75337e-06     -3.43027
     6.78506      3.03837     -15.8552     -1.69698  9.67358e-07     -4.38564
    -16.5109      7.61494     -21.7548     -12.9282  -8.1568e-06      -5.0437
     8.62106      3.21338     -29.9906      -4.8367 -2.26294e-06    0.0710148
    -10.2329     0.957487      -17.113     -4.14546  1.41214e-05      4.98118
    -5.67413    -0.951768     -12.1634      14.6162 -2.69309e-06     -5.18498
     7.90427     -3.57529     -37.8825      7.85128 -1.25897e-05     -1.40162
     2.01087     -1.27872     -24.3493    -0.578642 -4.85895e-06      -4.7587
      10.674      9.30001     -25.6005     -7.54246  5.31996e-06     -9.19564
    -4.31822      7.34658     -11.9378     -14.9526 -4.63569e-06     -3.95523
    -16.8793      2.45595     -16.4851      4.55697 -2.27106e-06      5.48174
     3.38604     -4.22028     -16.5075     -5.33167 -3.09359e-06     -4.11519
    -6.40363      3.17489     -26.0341      10.0158 -5.21742e-06     -8.67692
     5.55395     0.460766     -31.0601      5.32195 -4.63535e-07    -0.649428
    -7.93814      3.26968     -40.1167      0.98408 -5.90981e-06     -14.8464
     5.52966      3.39704     -27.1827      14.5959  9.49774e-06     -2.54906
   0.0153788      1.07179     -11.6319     -5.86449 -3.27247e-06     -1.32107
     1.70161      3.37672     -17.2394       14.722  -3.5535e-06      -7.0821
    -9.02005     0.158555     -17.6229      3.59776 -5.51254e-06      2.18397
    -1.08328     -1.90806     -25.4877      1.63659  4.56698e-06     -7.01174
    -2.51629     -3.54218     -22.9614      2.19019 -3.34186e-06     -6.37068
    -2.52567      2.27705     -15.5897     -1.00831  7.12733e-07      4.87137
    -1.48148        6.465     -14.6166     -1.38616 -8.99505e-07     -2.40317
    -2.45307      -1.2654     -11.6307       4.2642 -4.17951e-06     -2.52324
      1.6222      1.76274     -11.8003     -4.32386 -2.49964e-06      1.57007
     9.28061     -7.97966      -33.086     -5.34345 -2.76863e-06     -3.83122
     1.15331      4.32157     -12.2881      2.56935 -6.25828e-06     -4.07293
    -11.9132     -6.94925     -43.6198     -7.93147 -2.44078e-06      -1.1721
     1.45884     -2.34007     -35.8265     -16.0861  1.73774e-06     -5.20613
    -12.4397      2.97691     -41.4023      15.6376 -6.30764e-06      -3.3343
   -0.502182     -6.02217     -26.6667     -4.01662  6.43028e-06      1.03945
    0.540997     -6.53781     -35.3943    -0.714864  1.24415e-05     -1.20935
     9.57896      4.30777     -26.7411      2.78076  -6.0317e-06      1.75963
     6.75474     0.428551     -20.9817    -0.630041 -1.29243e-05     -3.87313
     4.62631     -1.86194     -24.9392     -4.49412  3.48411e-06     -1.72938
    -8.19182     -4.63022     -27.5899     -2.63671 -6.12924e-06      3.52761
     -20.862     -6.33246     -17.4225      4.18017 -2.64724e-06      -5.3131
     -22.061     -2.01101     -26.1467      7.86009 -1.52887e-05     -2.03581
    -0.57378     -6.85253     -20.4658    -0.867958 -6.25144e-06     -2.41606
    -1.46468      1.02065     -20.9771       13.303  4.24079e-06   -0.0576515
     5.63123     -4.83071     -34.9816     -5.70934 -1.34636e-05      2.26671
    -17.9867     -9.33179     -36.1318     -12.7837 -7.27504e-07      1.99422
    -3.23887     -8.66557     -20.6989     -5.06617 -9.84555e-06     -1.87669
    -4.05651   -0.0853613     -20.1917      1.71065  4.14807e-07     -5.43003
     1.58306     0.255331     -27.9432      20.9797 -1.22814e-06     -6.25863
     22.5159      2.43795     -40.0156      5.22494 -1.09445e-05      2.97713
      1.7076      2.04666     -28.6123     0.774068  2.10284e-06     0.204029
     1.87054       1.1168     -32.6774     -6.44143  3.02401e-06      5.77779
     21.0837     0.378073     -46.1201      8.06402  6.07884e-06     -6.81357
     5.59186    0.0847454      -24.506     -7.40043  7.03748e-06    -0.314026
     18.6399    -0.486028     -20.3779      7.11932   9.4681e-06     -1.35769
    -15.7063    -0.196235     -41.6975      2.26071  2.07719e-06      8.55674
     -4.9474     -2.26387     -21.6263      8.06656 -1.06627e-05     -4.41989
     17.8384     -6.63656     -40.1715        1.392  1.29351e-05    0.0831626
    -9.19271      16.0136     -18.0202     -1.26982  -2.5274e-06     -2.05925
       20.37       -6.042     -34.2394      1.47789 -3.00523e-06   -0.0049155
   -0.637207      6.84307     -28.8817     0.605979  1.09459e-05      5.85442
     7.23804     0.822399     -49.4127      2.98624 -4.63948e-06     -2.32008
     6.66644     -1.56298     -43.4799      12.4048 -2.98944e-07      -7.1767
     -17.061    -0.625975      -5.0498      8.03725 -3.38946e-07     -2.86447
    -6.86306     -3.20237     -33.6188     -3.27946 -5.84843e-06       13.192
    -9.80967     -1.65262     -16.6997      7.20103 -3.50375e-06      5.01466
    -9.97875     -1.16849     -9.91329      8.36175  -3.9319e-06    -0.799556
     5.06223     -2.25119     -47.7129    -0.925654  8.00091e-06       10.885
    -2.77415      6.44582     -18.7839    -0.836047  -6.1476e-06      9.66067
     4.49991      5.57652     -12.3343     -4.55554  2.23932e-06      1.67745
    -1.73034     -5.82265     -38.6712     -16.7135 -8.38648e-06     -2.40029
     2.50381      5.81142     -22.5654     -15.5413  -4.2417e-06      1.00284
    -9.56299     -5.76268     -37.5701     -7.34937 -2.68464e-06      6.83498
     19.6685     -2.43684     -25.0201      1.89596 -7.53287e-06     -5.71049
    -2.97721      12.2268     -34.0634     -3.76422 -8.30806e-07      2.66602
    -13.9715     -2.92009     -30.7385     -9.15698 -7.83769e-06     -1.82627
     14.9824      8.18397     -35.6555     -9.90186 -1.01666e-05     -1.68338
    -13.4641     -12.4288     -55.0287     -27.4718 -1.10001e-05      6.01917
   -0.672463      4.35338     -37.7291      4.18243  2.18089e-06     -4.66852
     15.4122     -5.28209     -32.6961     -14.1268  -8.6901e-07      -7.5779
    -6.23545       2.7414     -23.1574     -10.9546  5.34441e-06      3.05082
    -15.8703     -6.53514     -38.9665     -7.00668  -2.1084e-06      4.53229
    -8.14083     -1.82091     -20.0164      3.28084  3.10062e-06     -1.49066
    -7.08027      1.14684     -30.4612     -4.75129 -8.84482e-06    -0.918464
    -4.85338     -5.30598      -19.182      -3.6292 -9.38309e-06     -2.70092
    -3.11647      1.33769     -17.2878     -3.86463 -7.66488e-06      -2.5288
     13.4154     -4.13891     -32.4202      -6.2605  2.01233e-06    -0.573227
    -6.28706      6.97511     -15.4416      2.30069 -4.62387e-06     0.693274
    -6.71285     0.359059     -28.4078     -2.12344  6.28723e-06      1.15569
    -9.93901      6.50639     -23.0934     -1.98303  4.44907e-07      5.10746
    -11.3612     -2.49816     -26.9051      7.58722  4.77054e-06      7.12977
    -4.39193      3.49075     -14.3438      -14.656  4.63095e-06     -5.42692
    -1.16749    -0.908127     -25.4688     -12.5469  6.64782e-06      8.98845
    -1.10136      1.92197     -19.0594      -4.0011 -4.44895e-06     -5.50321
    -11.6953     -2.34273     -39.6255     -9.46743  3.07168e-05     -1.90899
     5.01772      2.23686     -21.3802     -5.86766  1.27055e-05      4.24561
     -10.638      9.80855     -18.8339     -6.83446  2.88902e-05     -2.36221
    -23.8541      -2.1191     -22.5192      3.11947  1.26835e-05     -1.02218
     1.16003     -3.20293     -43.6729     -1.56987  1.23692e-05     -5.40671
     6.86645      13.9186     -21.5248    -0.717515  2.55933e-05     0.735435
    -4.93422      10.6407     -19.2995     -5.67136  1.46864e-05      4.77801
    -7.44112     -2.95651     -13.0059       5.0234  2.81212e-05     -4.70937
      7.1752    -0.107834     -21.8365     -9.63544  3.20611e-05     -6.28952
     9.42917      6.25377     -44.1443      11.8333  2.92915e-05       6.9667
    -15.1229      3.42771     -6.64737      5.06026  2.53616e-05     -5.69317
     -1.1524     -8.54871     -30.1291      -3.8335  3.52844e-05     -7.61626
    -9.21029      -9.4927     -35.5626      3.91388  3.78568e-06     0.670887
    -1.13156     -2.53671      -32.343     -5.18277  3.57722e-05       5.0164
    -4.51514      6.41065     -13.8205     -11.7793   3.2314e-05     -2.87128
      -2.234     -2.78229     -38.3417     -5.43792  3.10699e-05     -3.05306
    -5.17397      17.9765     -11.4032     -7.95339  4.48763e-05     -5.14546
      9.1392     -2.38332     -27.4373     -11.9771  1.21662e-05     -8.93478
     22.7207     0.684141     -33.8043     -7.55823  2.70028e-05     -8.90153
    -5.97126     0.636665     -23.6974     -5.69526  1.31213e-05    -0.718903
    -1.30242      9.66023     -22.2162     -1.81352  1.31184e-05     -9.49367
     8.80304     -6.96111     -25.7731     -8.08747  7.62024e-06     -6.09968
    -18.3333     -5.73212     -41.8579     -3.20858  2.35557e-05      -3.6688
     6.92047      11.4966     -29.9388     -1.39372  2.36379e-05      5.55858
    -16.2907      -5.1462     -48.7626      -14.523  1.47474e-05     -16.9394
     2.40206    -0.120813     -28.7575     -3.63223  1.64182e-05     -1.48609
     6.72841     0.519598      -17.321      3.36564  3.96756e-05      1.49768
     7.99833      1.29071     -39.5868      5.34249 -6.25219e-06      1.00632
     7.75573       4.4674      -23.429     -4.95595   1.0608e-05    -0.390062
    -12.1409      12.9497     -19.3563      3.16448  3.39108e-05     -2.00652
     3.97235     -5.26727     -35.8079     -4.22095  2.62056e-05     -3.97195
     4.93374     0.791832     -16.2668     -8.92268  6.43779e-06     -4.59737
    -6.14504     -3.92765     -15.7971     -7.52881  2.06911e-05     -5.32657
    -13.0917      1.07466     -17.8233      10.7208   3.3258e-05     -1.95746
     -6.1245     -1.10191     -21.3752      4.40025  1.70939e-05    -0.374806
     2.87708      3.20402     -17.2591        2.905  2.77762e-05     -4.62202
    0.205144     -8.21843     -33.4604     0.203466  1.77319e-05     -10.7101
    -2.10185     0.552803     -14.5128     -17.7506  3.37456e-05     -3.88025
    -4.48722      0.56186     -36.6397      11.5143  1.11743e-05      1.92802
     20.4297     -3.98891     -34.8376      11.1748   4.6669e-06     -1.64195
     12.9075      4.18228     -24.8433      1.47685  2.80892e-06      -3.8086
    -8.46867     -2.42169     -39.6297      9.91711  5.71648e-06     -3.83845
     5.29379     0.188714     -14.6624     -3.72483  -6.7317e-06    -0.508914
      17.331      2.52412     -36.3458     -1.05975 -5.29589e-06    -0.616534
     1.85238     -3.14969     -41.9964     -2.63867  4.94482e-06     -6.93592
    -9.43916     -5.47673     -14.8256     -5.50389  2.36017e-06     -3.46085
     2.30532     -1.34515      -7.6087      -1.8564 -1.37381e-06    -0.685521
     -7.1904     -3.96657     -25.6838      2.72983  1.66778e-07      1.83204
     9.02294      3.89983     -26.7485    -0.984927 -7.43164e-06      1.00568
     1.02973     -1.26692     -25.8695      14.6847 -1.67659e-06     -2.36697
     3.16461     0.622408     -23.8932      2.80629 -3.84573e-06      0.42802
      -6.463    -0.128803     -22.2728      8.86799 -1.39055e-05     -2.46436
     -7.6827      7.57713     -21.4071     -9.23036 -3.80495e-07      5.43947
    -24.1969      6.14626     -20.2086      5.29182  4.08478e-06      -1.9385
    -2.31662     -1.92164     -8.50547     -5.26503 -3.67864e-06    -0.514845
    -5.52397      6.52445     -7.12932    -0.935233  6.46136e-06     -1.93961
     10.8353      4.23613     -30.0984      2.86886  4.54541e-06    0.0869144
    -25.1168      1.71639     -15.7163      2.43503 -8.67232e-06     -8.02361
    -2.87614      1.16144      -15.321      5.08012 -1.38497e-06     -2.19972
    -1.29028      -5.1407     -17.0981     -12.7029 -1.66758e-06     -2.85891
     -7.4642    -0.292775     -27.7422      11.8422  2.69612e-06      8.18773
    -1.93478     -10.1211      -32.771      -19.713  1.54543e-06      4.15017
     17.2722      0.37104     -17.0738      7.83075 -8.49883e-06     -2.50045
     8.57827     -4.15827     -38.1112    -0.281828  -2.0798e-06     -2.62888
    -7.15069      4.62308     -32.8318      23.1666   3.0959e-06     -5.86215
     12.0215    0.0949759      -43.364     0.224393   4.2973e-06     0.849171
    -1.84904      4.17169      -25.341      7.90346 -1.44264e-06      4.28272
     -5.9055      4.46553     -18.6259     -2.06848  1.97041e-06     0.309162
     1.49501     -1.86733     -22.9243     -4.05038 -4.97149e-06    -0.942332
      21.421      1.20706     -33.8601      11.0356 -8.26567e-06     -6.12585
    -1.70964      6.69877     -30.4566     -6.16437  2.11923e-06      14.0425
     10.4475      1.04871     -17.8639      4.90924  6.54125e-07      1.04777
     11.9579     -3.35119     -27.1184      -1.3886 -1.46135e-07      1.24073
    -5.11813      2.39385     -9.98878      3.21172  2.09013e-06     -3.67147
     -2.5132    -0.555321     -19.3692    -0.134197 -1.28834e-06      5.21123
     8.47442     -1.23551     -29.1889      3.55761 -1.22567e-06      2.28378
    -28.6374     -3.49588     -34.7132      21.0913  7.45082e-06      3.92694
     8.26573      8.91595     -17.0119     -1.36406   -2.109e-06     -1.36584
     -3.9057     -3.70885     -11.4382     -4.64429 -7.56348e-06    -0.609671
    -4.16115      1.41587     -13.2161     -8.36725  1.20416e-05      -1.3343
     11.8811      1.12343     -21.6533      3.00571 -2.24527e-06     -1.74718
    -14.1092     -4.46669     -53.6407      10.8316  6.18274e-06      5.52804
     15.2561      6.28478     -26.1568      8.65523 -1.72948e-05     -7.00291
     2.20923     -5.47462     -21.9166     -7.45661  8.82272e-06      3.77979
    -20.8976     -4.74411     -28.3268       14.189 -3.36566e-06      2.16378
     7.39778     -5.91561     -25.6032     -9.58582  5.91944e-06     -0.41313
    -4.34439      3.51473     -27.6848       8.6757    7.335e-06     -5.27476
   -0.827945      5.47171     -28.2873      2.98374  7.70974e-06      1.89897
   -0.834015      5.92222     -24.6802     -14.5418 -7.83507e-06     -3.06898
    -9.04505     -1.82603     -16.4109     -1.16341  3.26059e-06    -0.460559
      2.1317      4.19965     -21.5282    0.0087321  3.08533e-06      -1.5927
    -22.2457     0.858287     -20.0098      13.4479  1.76472e-06     -6.71107
      12.577      6.89688     -28.1899      11.4165 -2.37919e-06     -6.38358
    -5.01019     -1.25761     -23.1121      10.5413  1.44342e-05     0.931282
    -8.23982      4.41797     -51.2073      19.7052  5.71124e-06     -4.72424
    -30.4835      3.16314      -29.713      1.46248 -3.23835e-06      4.45484
     8.90659      4.34936     -36.0853      4.47856   1.8556e-05      10.7216
     5.76769      1.02916     -24.1737      14.8958  1.77505e-06     -6.16759
    -6.71887      5.40034     -17.2963     -6.00583 -8.42855e-06      -4.2167
     4.01612      3.16297     -25.1956     -4.68684  5.42372e-06     0.881163
    -4.72517    -0.800558     -12.2482     -5.98435  8.77983e-08     -3.64992
    -6.45814      -3.0039     -12.1324     -3.83666  1.72001e-07      0.59703
    -2.96285      3.55607     -16.4021      2.64868  2.59686e-09      6.23254
    -10.9328       3.0437      -21.577      1.60051  4.59013e-08      3.17585
    -13.4717       6.9356     -24.9204       -5.681  3.41678e-06      2.91435
    -8.27054      3.50467     -18.7924     0.222433  2.73516e-07     -2.24156
     23.2133      1.54625     -37.0101     -4.95965  2.38917e-06     -4.54568
     2.41878     -3.01353     -24.0357      5.99401  2.44668e-06      1.77616
     3.67696      7.14568     -22.0403      7.00854 -5.51448e-06      3.39115
    0.628377      1.15287     -19.3223    -0.982349  7.36005e-07      6.68889
     7.91321     -4.12761     -30.2312       2.9252 -9.76584e-06     -5.29783
    -1.35983      8.68141      -28.265      10.0422 -1.06373e-05     -12.7386
    -7.26346     -2.17457     -12.9849     -7.38588  -1.0088e-05     -4.61412
    -9.43131      7.65443     -12.9713   -0.0882982  2.48263e-07     -1.34375
    -9.90408    -0.581793      -20.927     0.936284  5.42565e-06      10.2189
     9.55525      1.31477       -29.38      10.6877 -8.03066e-06   -0.0623274
     5.70528      7.96417     -22.0769     -5.12926 -7.18963e-06     -7.00367
     8.83229      3.26401     -35.2788      10.5584 -8.04523e-06     -4.07423
     14.6999      3.01387     -23.8945     -8.52977  1.81203e-06     -5.26424
    -7.71937      4.69398     -21.7377      -8.1232 -2.67837e-06      8.69073
    -11.7001     -1.19111      -25.926      5.11981 -4.68244e-06     -4.67665
     22.9248      -1.4154     -29.2403      17.7873  1.52639e-06     -4.74277
     32.6269    -0.259021     -42.0938      21.1807 -4.97751e-06     -3.72032
      10.731     -1.88148     -20.7332      4.71362  4.08632e-06     -4.63158
    -3.31595      4.60044     -31.0093      1.89401  8.75959e-06     -2.77719
    -15.5501      4.45148     -36.7179      19.9946  -1.7165e-05      1.50305
    -7.02822      4.33208     -19.5096     -2.34951 -7.72288e-06      2.81656
   -0.400654      6.94693     -18.6405      2.61386 -2.83732e-06      1.67545
     8.02666      5.88131     -32.2971     -9.58773  5.77851e-06     -4.13029
      4.6546      1.16534     -32.9902       -15.23  1.16385e-05      2.95063
    -1.99388      3.17632     -51.2442     -5.34149  4.26576e-08      6.00284
     20.9303     -1.92585     -27.2621    0.0156646   6.2636e-06     -2.54939
     -19.079     -1.12352     -20.9627      8.96941  2.05677e-06     -8.94823
     7.76906    -0.297594     -28.0944     -2.57795   5.1292e-06      7.40693
     8.26466      3.87377     -23.8104     -8.22976  3.04237e-06      -2.5778
    -9.96588      6.32638     -37.0416     -11.9951  1.21793e-06      7.67676
    -6.77348     -1.94139     -16.7264     -10.1681 -3.39648e-06     -5.30671
     3.30276    -0.526245     -19.8505      4.74021 -1.95342e-07      -4.3104
     4.00341      8.99867     -22.4679      1.62446 -1.22393e-06     -1.81613
    -2.81141      5.32034     -39.9121     -9.98048  5.90203e-06      9.35207
    -7.28016      1.51587      -24.744      16.0579 -3.34266e-06      2.30431
    -12.8079      -3.6298     -23.5412     -13.7485 -3.64945e-08     -4.73892
   -0.642236      2.80879     -12.0364      4.09796 -2.77335e-06     -1.21767
    -12.6008     -10.0349     -26.1256     -16.8082  3.99393e-06     -8.08052
    -14.6614      9.11004     -22.6414      0.67959  9.79714e-06     -2.55089
     6.86245    -0.216717     -28.6635      22.4555 -6.08529e-06     -7.20325
    -4.73594     -1.91571     -41.9088     -13.3344 -1.82342e-06     0.258473
    -11.3651      9.75639     -22.4744    -0.363717 -3.41498e-06      4.39398
     1.11126     -1.92892     -26.1787      7.89497 -6.72593e-06      1.43409
    0.733357      3.12594     -12.9628     -5.27851  7.11725e-06     -1.18311
     9.16476    -0.363681     -21.3309      7.76797 -3.83751e-06      3.72624
    -3.29726    -0.286088     -17.4875     -12.6256 -8.06875e-06     -6.99326
     0.82426     0.949796     -30.8807      13.9443  9.07483e-06      4.60859
    -9.92994     -3.85442     -20.0585     -9.24581  3.08346e-06     -3.13936
      -8.815     -6.13632     -23.1004      5.44484 -5.71644e-06     -4.88981
    -11.1383      7.89015     -35.3222      1.62371   7.8499e-06    -0.139269
    -2.16619      1.62842     -31.8077     -17.2671 -1.32437e-05      3.12425
     3.24579      1.13472     -13.1373      3.93698  1.59165e-05    -0.513923
     9.66877    -0.947115     -41.3473     -8.37456  3.48205e-06       2.3129
     1.55283      -2.0447      -25.951      9.02457  5.87183e-06     -2.19156
    -24.9384     -10.2376     -36.7958    -0.413048 -5.46399e-06    -0.881488
   -0.206922    -0.970094     -27.2638     -13.7559  -3.6232e-07      2.78647
     1.35403      6.18632      -7.3152     -6.82266 -6.48817e-06     -3.98635
    -1.60948      9.81921      -6.5945     -8.09974  1.43101e-05     -1.78798
     -27.071     0.474193     -24.8033      11.1827  1.64423e-05      1.51335
    -9.93451      2.63568      -37.877     -14.5262 -4.07701e-06      2.87704
    -10.7465     -1.59044     -14.9704      1.15696 -5.69192e-06     -2.05875
    -12.5782      7.09385     -17.4917     -3.55968 -8.04239e-06     -7.56614
     6.74533      3.76343     -25.0292     -8.76565 -5.41871e-06     -6.04346
    -1.48174    -0.914376     -22.9403     -11.6259 -2.46138e-06      3.53048
     10.1135     -0.91043     -16.2398     0.532532  4.80084e-07     -2.24966
    -2.15482      4.65612     -36.3588      2.86768 -6.85592e-08      15.9308
    -3.56349      8.12827     -9.61771     -8.34248  3.37749e-06     -1.10011
   -0.945171      4.57727     -8.85116     -6.37302  4.20517e-06     0.540222
    -17.8499      2.15056     -26.8841      7.43968  2.63365e-06      1.35738
    -22.2285     -12.7783     -43.2396     -2.84563 -1.90466e-06     -16.2295
   -0.724066      6.81707     -28.4433     -8.73206  6.81034e-06      7.29558
     -8.4671      4.46246     -26.1272     -3.36835 -2.19427e-07      -4.0477
   -0.997419    -0.293771     -28.5888    -0.519076  -4.0355e-06      8.29359
     17.0757     -3.46708     -46.3019      6.46931 -1.73154e-06      3.94894
     6.75627     -7.33117      -33.273     -14.9332 -2.08544e-06      5.23076
    -15.7691      7.85142     -26.0905      8.89966   3.2333e-06     0.519175
    -6.15358      6.31904     -35.6953     -23.9976  1.67079e-06      8.66831
     23.0175     -2.60311     -37.9949      22.4641 -8.74979e-09     -2.85161
    -10.2737     -2.48584     -16.0423      14.2762 -2.27999e-06     -4.86369
     14.8448     -3.63053     -27.1736      3.21144  5.53745e-06     -2.67336
      24.171     -2.12528     -42.7469      1.23165  8.27285e-06     -6.84572
    -26.5115     -5.56617     -22.3775      12.1219  9.17246e-06     -7.38462
     6.08751      3.99424       -10.39      1.67302  3.56868e-06     -3.39468
     11.6259      2.27472     -17.3735      2.67702 -7.06002e-07     -3.26566
   -0.331965       3.8053     -39.5848     -14.7138  1.08373e-05      2.84302
    -16.9137     -6.04641     -20.9106      2.90231  6.66519e-06     -1.22125
     20.9171     -6.94423     -39.7124     -8.71826 -7.70582e-06     0.213765
     7.92187      3.62766     -24.1215     -1.11194  1.30748e-05     -8.45008
    -3.81732    -0.748686     -29.2017        -13.2  4.32535e-06      7.57983
     13.0408      1.01359     -31.4916      6.07087  1.14736e-06      6.53049
    -3.60579       5.5237     -19.2638     -5.23545 -3.03955e-06    -0.384361
    -14.3145      1.95927     -11.7096      12.7192  2.83424e-06     -4.80435
    -20.5309     0.734182     -23.3714      11.9455  6.22823e-06      2.21747
    -4.99519      5.39522     -15.0191      -7.8714  6.22441e-06      -1.3926
      17.123    -0.117104     -37.0878      1.77085  1.25068e-06      1.55852
    -7.42534     -7.29113     -29.6021     -11.2249 -3.79522e-06     -6.93894
    -2.10661      1.82909      -10.909     -1.45534 -3.54692e-06     0.826143
    -4.75756     -1.52497     -29.7529     -2.84376  4.72231e-06     -4.52672
    -7.77941     -3.45109      -20.999     -6.30438 -2.19957e-06     0.641033
     -14.526     0.142712     -9.86502    -0.854037 -4.85789e-06      -3.9694
    -10.6557      1.19516     -24.0917     -5.37025 -1.98568e-06      2.92936
    -24.4794     -2.71443     -20.7586      9.41773  5.41753e-06    -0.624853
     8.29398      -1.0006     -29.7039      7.13121  3.43524e-06     -1.55851
    -12.9478      1.09452      -17.189     -1.05702  1.96976e-06      4.41284
    -5.88842      7.89526     -31.1343     -17.7722 -6.14431e-06     -6.58506
    -2.76324      6.75954     -13.1294     -6.68133 -4.57877e-07     -3.03638
    -1.86012      2.22274     -11.8441     -2.59848 -9.71433e-06      0.86944
     11.9873     -0.24355     -38.5846      14.7202  6.62319e-06      9.43299
     16.7226     0.549227     -39.0419     -12.8743 -3.71388e-06     -6.39884
    -5.90955     -12.5789     -36.0999     -25.0878 -5.55804e-06    -0.698553
    -2.70529      1.55191     -10.9274     -5.47569 -1.99415e-06     -3.46398
    -4.43749      5.63484     -13.5067     -2.66681 -1.05176e-05      4.12919
    -11.5665      12.3332     -15.1801     -2.64233 -5.15907e-06     -3.47806
     9.13332      4.21586     -21.4004     0.152888 -3.51592e-06     -7.16875
   -0.809737      1.20692     -14.3182     -4.20336 -3.12629e-06      2.47537
  -0.0189757     -1.67455      -30.709     -3.13138 -5.03045e-06      6.62858
     3.26037      3.60929      -27.626       6.2948 -8.14754e-06    0.0209216
    -2.29062    0.0348464     -31.8272     0.583988  8.07412e-06      4.54301
     16.2797     -1.00719     -57.1973      10.3494  1.35113e-06     -3.18148
    -13.7111       2.7223     -16.3413      12.6393 -1.94471e-06     -5.38823
     4.74032     -2.92661     -21.6823     -6.48064 -4.39078e-06       2.3998
     1.75324      -2.4808     -26.3953     0.173321  -1.8757e-06     -2.48242
      2.7283     -2.83378      -49.775      22.1796 -5.97871e-06     -10.0727
    -1.34879     -4.62712     -27.2176     -4.99699 -1.29389e-06     -5.93785
    -10.0229     -5.49609     -18.9381      -6.7005 -4.44454e-06     -5.53652
    -11.8946      1.93259     -19.2375      2.11335  1.90789e-06     -3.22583
      9.7296     -4.63977     -28.5571     -0.47587  8.41679e-07     -3.52187
     2.60565      3.63747     -9.93377     -5.33497  5.54455e-07     -5.95279
     12.4433      3.77903     -41.2672      21.2128  6.11582e-06       4.4285
     9.35741    0.0145193      -11.812      3.19119 -5.46299e-06     -0.70511
     5.20936      11.8217     -29.9928     -8.22097  2.90529e-06      2.58268
     7.22695      3.95165     -55.2923      19.7139 -9.37726e-06     -3.75487
    -12.9358     -1.10319     -13.5769     -3.62426  -4.3005e-06     -7.29936
     12.8691      9.82708     -21.7882     -2.24142  4.46149e-06     -8.14524
     6.25319     -4.70957     -35.4525      16.6542  9.76099e-06     -10.2449
    -5.64082     -1.12796     -20.2354     -8.08779  5.99716e-06    0.0568172
    -16.9853         4.11     -12.8044      4.35668 -9.34855e-06     -2.84001
    -13.5559      9.46037     -26.5993       5.8199 -7.39725e-06      4.74487
    -4.43373      1.24004     -15.2472     0.220539  -8.2766e-06     -4.74098
     3.57046       -1.399      -24.884     -10.7167  1.95066e-07     -4.55548
    0.560752     -3.58701     -29.2132     -1.23142  -3.0742e-06      5.63155
     8.46271      4.82764     -33.7959       5.4133 -2.64629e-06      6.36539
    -12.2601      6.63621     -29.0325      1.48151 -1.36625e-05       10.147
     3.36953      3.23393       -6.023     -3.03931  8.00631e-07     -2.17096
   -0.101676     -3.14556     -25.9195      1.37192  3.28189e-06    -0.230556
    -6.28483     0.555832     -22.4246     -7.84531  -2.6047e-06     -4.23003
    -2.05628     -3.51454     -27.0451     -8.24682  -6.6261e-06     -8.26431
    -16.7355    -0.850818     -11.9849      5.87003 -1.36368e-06      3.15467
    -1.74636      1.60056     -16.7545      8.87129 -3.17748e-06     -6.17336
    -2.20823    -0.941737     -23.9236     -0.19336 -1.75988e-06      12.0506
     7.15384      2.91126     -14.4318     -1.01736 -5.81643e-06     -2.84105
    -8.40346      8.13274     -27.1292     -4.33556  7.75901e-07      3.00004
     5.50746      1.98031     -20.3861     -2.08989    4.212e-06      2.96448
     -6.4306      6.75954     -26.9182     -8.50264 -6.90513e-06     -3.58337
     -2.4553      4.48686     -11.6536     -5.67447  7.73825e-06   0.00891112
    -1.63051      2.70046     -17.4846     -9.71918 -4.75151e-06     -7.57158
     3.86504      3.39837     -14.7573      4.11723  1.04116e-05      2.32163
     3.54044     -1.36636     -19.3268      10.7312   1.6032e-06     -1.76533
    -18.0004      4.04205     -21.9136     -2.61311    1.238e-05      2.97336
    -7.90791      3.72668     -24.4513     -6.23475 -2.79735e-06      2.15983
    -4.21582      4.45919     -52.4657      11.7853 -1.05279e-05      10.5632
    -14.4712     0.366475     -25.8164      13.3842 -3.01344e-06      1.22229
    -10.7239     -3.51967     -27.4112      3.42192 -2.87721e-06    -0.895604
    -6.28861      4.96397     -12.9917    -0.727143 -5.67852e-06     -2.83393
     -5.0058     -12.4811     -51.5192      -7.5258 -1.19966e-05     -4.97829
     2.64573     -3.07071     -32.7953      2.46913 -5.21187e-06     -8.36241
    -1.16797      5.47617     -12.8333     -5.09558 -1.00045e-05     -1.94424
    -12.9056      5.31438      -9.7021     -1.07426 -5.79377e-06     -4.51032
     21.5493      7.71498     -37.4666      9.07596 -5.12988e-06     0.474851
     7.11528     -6.38738     -40.4833     -4.81415 -1.01225e-05     -3.86748
    -14.9976     0.279026     -22.9721      10.0363  2.81233e-06      2.58355
     19.8984   -0.0202309     -31.3176      11.0908  -1.2419e-05         1.98
    -31.7962      0.90284     -19.6168      11.8484 -1.19766e-05     -11.1174
     14.8248      1.91521     -28.9628      8.81573 -8.47792e-06      7.75486
     2.59292    -0.664334     -30.8776     -5.33383 -3.71243e-06      11.0791
     2.54255     -3.96521     -29.2947     -8.65082   5.0266e-08     -4.38387
     1.09365      2.88737     -22.7377     -15.7857 -2.77289e-06     -8.90144
     10.9063      -1.1347     -27.1022       10.211 -6.61044e-06     0.607287
     -5.0289    -0.406329     -14.9897      11.2282 -6.51901e-06     -2.85511
     35.8227      8.35371     -53.2108      6.88388  -2.3064e-06     -4.88612
    -1.47057      1.81422     -22.3631   -0.0154948 -3.06263e-07       4.0572
    -3.92398     -1.01608     -58.1272     -20.8072 -7.18022e-06      13.3881
    -6.74596      3.77823      -17.248      5.18704 -3.43966e-06     0.431633
    -2.79973      9.92379     -43.5529    -0.397566 -1.17276e-05      8.32527
     6.16555         4.39     -18.4671       9.3763 -2.89342e-06     -4.81694
     8.14382      1.25863     -28.6427     -7.15462 -7.38221e-06     -2.05098
    -17.1236    -0.417281     -30.7834      12.1029 -1.87489e-06    -0.930551
    -24.6953     -1.70936     -18.7892       9.9374 -3.21028e-07     -6.84155
    -5.72415     -2.54114     -32.4745     -18.6502 -7.62971e-06     -0.35405
     15.3932      -2.2669     -26.4416      2.90892  7.54355e-06    -0.147747
    -1.83322      4.23575     -32.5279      1.13976 -1.55253e-05      5.85806
     8.30056    -0.907896     -27.7124      9.41821 -3.73418e-06     0.848541
    -10.9376     -1.64211     -23.9425     -6.41406 -1.15371e-05      2.94567
   0.0327211      4.50708     -18.8556       4.6703  9.10004e-07    -0.714673
    -12.9311    -0.954864     -26.0331      17.9871   1.5208e-05     -2.87164
    -13.5837      10.5801     -13.4713     0.668997  -4.7957e-06    -0.891967
     -5.2839      3.15501     -17.9532      0.98627  -1.4439e-07      10.3731
    -4.19567     -3.05154     -37.0907     -28.8248 -1.31942e-06     -6.92487
    -10.7683      -2.9982     -29.0583      1.25044   2.2695e-06      5.89419
      4.2717    -0.516062     -37.1758      16.4115  3.32813e-06      1.83987
     4.64281       11.941     -21.8402     -18.2691 -8.80138e-06     -8.45797
    -21.3552     -4.72045     -30.8141      10.6607  7.89122e-06     -9.52235
     10.1155     0.502515     -22.3721     -2.40021  2.24203e-06     -2.10692
    -20.1588      -1.1274     -30.6818     -2.44035  2.81534e-06      7.57704
    -11.9277     -3.72057     -37.2569     -27.4256 -1.04921e-06     -12.2823
     9.42756     -5.33079     -25.4716     -16.7226  -1.4424e-06     -4.85943
     -16.133      3.44737     -26.5744     -11.3428  6.44465e-06      -1.0171
     -3.0811     -2.85659     -34.3829     -12.8293  3.93074e-07        4.375
    -32.5854       1.6893     -19.9255      13.0978 -5.72593e-06     -5.08404
    -1.62097     -2.60449     -23.3817     -3.76306  5.77856e-06      5.37679
    -8.11037      5.71979     -34.5152       9.4949 -8.05157e-06      1.83441
     9.21895     -2.46949     -29.8432     -10.7583 -2.68282e-06     -0.62437
     9.27129      2.12983     -16.4313      8.42596  1.27561e-05     -1.63532
    -6.84503     -1.56593     -18.0624     -3.66743 -1.18742e-06       5.1797
     5.68374      1.17826     -27.9025      19.2726 -4.26854e-06      -1.7769
    -27.2972      -1.9317     -21.5233      5.01903   -2.047e-06     -3.94735
    -4.91455      3.92851      -29.586    -0.935094  9.04379e-07      5.00157
     13.8749      5.31259     -31.1976     -5.41055 -1.23993e-05     -7.20482
    -5.89362      -3.8894     -27.0604      4.40703  -1.4801e-05     -1.48659
    -8.31036      4.88705     -16.0941     -8.06059 -3.60268e-06    -0.247686
       13.34      4.32104     -47.8794     -1.82607  -4.9665e-06      9.53649
    -7.94934     -3.91772     -21.6295      7.13925  3.31257e-06     -3.01483
     3.76826      5.96664     -18.9191      4.14124 -8.16335e-06    -0.501657
    -14.5597     -7.33719     -30.1065      1.13175  1.62228e-05     -3.20663
      10.664     0.878963     -33.2088      3.39608 -3.47301e-06    -0.803281
      4.3065      3.12456     -33.0507      12.1993  -5.2891e-06      6.65808
     2.98043      3.36593     -26.8149      1.56321  7.40016e-07       9.2768
     16.4586     -5.50083     -40.7066      6.69309  8.28084e-06     -1.93354
     6.06917    -0.173008     -40.6436     -10.6812 -1.02026e-05      11.3369
     -20.318    -0.605804     -15.0438      8.34929  8.29439e-06     0.555174
    -1.62739      6.01596     -16.9807     -4.93476  7.67087e-06      2.34613
     3.62102     0.221151     -36.0217     -3.24677 -3.01329e-06      8.03981
     3.91614     -6.58149     -43.8245      -1.4488  4.28959e-07     -10.9773
     -15.884    -0.614678      -31.908      9.88247 -1.95232e-06      4.81649
    -6.78997      3.59733     -24.7102     -12.7495 -2.04003e-06     -1.00302
     20.2915     0.293166     -19.3174       14.498  8.40784e-06      -2.0141
    -8.83812     -7.69948     -31.8048     -9.63968 -2.88251e-06     0.888491
    -9.03189     -1.65194     -14.7841     -6.32037 -6.42546e-06     -5.03695
    -17.9023     -3.24107     -14.7109      1.15167 -2.30606e-06     -3.84398
    -4.40154      7.09136     -27.8881     -12.4469 -3.22423e-06      9.40864
     8.18065       1.0234      -19.726     0.237865 -5.97483e-06    -0.267083
     2.71568      13.2588     -22.6917     -4.66843 -1.12487e-07     -2.82065
     2.12815     -2.88189     -19.6494     -5.44006  -2.1657e-08     -3.34479
    0.919996     0.548359     -26.7916      5.09587 -2.20468e-06    -0.507247
    -14.9562    -0.634347     -24.8283      4.75393  1.16352e-05       3.3631
    -2.32901      7.04406     -32.5029      8.14484  5.07009e-06       1.3047
    -10.2511    -0.644119     -21.8901      9.71231  4.13623e-06     0.965626
    -10.9481      0.62506     -21.1603     -1.49397 -1.19436e-05      2.95292
      14.123      -6.7815        -53.6     -3.59682  5.51346e-06      -6.2009
       1.676    -0.625055     -19.4295     -4.14452 -2.85718e-06      7.48592
     7.86714      1.23074     -38.9737     -11.1033 -2.77058e-06      4.79069
     16.4023    -0.809133     -24.0155      3.99368   4.1091e-06     -5.34598
     2.32166     -2.91157     -15.6856     -7.36162 -3.56812e-06     -1.10334
     6.45267     -4.19184     -23.5042      11.1652 -4.57677e-06     -6.34241
     1.30698     -13.7949     -36.0256     -18.9252 -5.49226e-06     -6.29263
     3.75445      2.98012     -27.8449     -3.50176   1.7018e-05      6.62959
     4.42269     0.262075     -31.7615     -9.27503 -5.85011e-06     -2.72263
    -11.9073     -13.7618     -52.9474     -18.5536  5.89316e-06     -8.90894
     -3.5656     -1.45471     -15.9302      4.34933 -6.73582e-06     -2.07975
     4.82491      4.94912     -22.7101      10.0122 -1.06965e-05    -0.849512
    -13.6804      2.31147      -10.474      5.68136  4.24124e-06     -3.68514
     1.73722    -0.523846     -34.2451     -2.23613 -5.61782e-06      13.4149
    -3.40241      2.39598     -27.6705      5.80922 -1.03992e-05      3.95022
    -4.92099     -3.39299     -45.4765     -24.6554  3.78119e-07      8.76488
     14.3042     -1.86751     -44.6174      16.2019 -1.67267e-06     -1.85471
    -3.48203     -7.12599     -26.4797     -9.90985 -4.90038e-07     0.535856
    -8.81777       1.0804     -17.0422      2.29871 -2.24683e-06      -3.1206
      0.6067     -11.2724     -43.2146     -22.1523  5.71207e-06     -8.68959
    -2.52316   -0.0402345     -27.8706      11.6478  -1.3827e-05      2.76929
     7.35579     0.922232     -33.2023       19.679 -4.44692e-06     -4.46181
    -14.0111      1.46757     -18.9448      11.2915 -1.14844e-05     -5.62323
    -2.85006     0.539046     -28.6347      18.1306  6.85004e-06      3.34068
    -5.70959     -3.98057     -44.4564     -14.0826 -2.36607e-06      15.2691
    -21.7017    -0.785516      -24.331      10.3442  5.59861e-06     -6.06594
   -0.185394      3.21607     -19.5774      2.86351  3.23626e-06      5.99118
     4.21296      1.09457     -28.4289      4.26757  1.60543e-07     0.840127
    -8.05841     -4.48829     -7.69664     0.421142   1.6078e-06     -4.22061
    -1.49889     -1.72964     -28.5492     -5.43644  6.63888e-06      13.4927
    -2.50722      2.63509     -16.0764     -9.08255  6.97255e-06     -5.78248
     12.9387     -6.76358     -59.9126    -0.476341  9.45659e-06      2.25104
    -7.25174      -4.3623     -22.0693     -10.6089  -6.8618e-07     -8.24873
    -22.1136     0.437355     -22.5528      11.6808 -3.52616e-07     0.112109
     9.59538    -0.676891     -24.5439      7.78873  7.28925e-06      3.35368
    -14.8238       2.6218     -23.2904       2.5255  2.37824e-06     -9.59136
    -4.98889     -6.65588     -33.8468      22.2828  6.02235e-06     -8.81979
     17.4471      4.12375     -41.5936      15.5952 -2.72783e-06     -9.00513
    -9.28489     -3.55273     -13.7641    -0.266511 -3.73911e-06     -1.71498
    -16.7159     -3.74927     -13.5596      7.80924 -3.67817e-07     -3.83602
     7.33497      2.20169     -30.4149      -7.4269  2.80588e-07      4.04681
    -2.52023     0.787222     -22.7699     -8.73867   5.2369e-06      2.69559
     4.93776     -1.60919     -12.7613     -1.25578  4.42726e-06     -1.52256
     1.32627     -2.62262     -26.8932     -26.0276  6.42813e-06     -6.85234
   -0.719262      11.7783     -22.2108    -0.440859 -3.19221e-06      10.2453
    -27.5838     -2.65308     -28.7462      21.7701 -1.78372e-06     -1.00667
    -15.3152    -0.811147     -19.9217     -9.17967  1.82317e-06     -4.48019
     7.88544     -1.09115     -29.6628      7.10466 -4.18337e-06      8.36452
     6.62304    0.0888763     -23.2014     -3.64774 -8.56975e-07     -1.58417
     13.0955      2.77492     -31.3299      2.10479 -1.20355e-06      3.69887
     11.7727      12.9587     -22.6321     0.623114 -5.61184e-06     -6.18626
    -3.76352     -1.39787     -11.1011      5.89997 -5.49398e-06     -2.35531
     -7.1286     -3.54346     -24.3019      -3.6074 -6.54767e-06       1.6801
   -0.827331     0.441202     -28.6338     -6.59514   6.8153e-06      7.65042
     13.3355      7.35702     -30.3133    -0.389534   4.7622e-06    -0.316794
     3.36272    -0.469269     -13.0477      4.06324  7.05542e-06     -1.60096
    -3.35877      4.25981     -19.9742      -10.267 -4.98459e-06      2.11182
    -13.1908      1.47246     -7.48685      8.18959  -8.5916e-08     -2.80451
    -5.13154     0.860989     -20.9428      1.64104 -5.29093e-06      2.90262
     17.7816      5.03646     -20.8858      2.47271  9.52627e-06     -5.22336
    -1.96779     0.632763     -10.8999     -5.36846 -4.37896e-06     0.923592
    -10.4609     -2.79255     -11.4871      2.39695 -4.87286e-06     0.335906
    -1.60662      1.09641     -41.7292      3.36323 -5.59565e-06     -2.46656
    -5.82358     0.686308     -31.1861      -2.9779  3.96556e-06      10.3303
    -8.64287     -3.30367     -42.4158      5.88804 -1.86717e-06     -9.97053
    -38.3702     -9.64032     -21.1473      9.54549 -4.20436e-06     -8.48114
     1.10081     -1.08283     -36.0342      10.7723  1.82572e-06     -8.84529
    -7.25276      7.16416      -4.7053     -5.24304  4.99648e-06      -5.2393
    -8.61853    -0.569461     -33.3189      4.41818 -8.22408e-07    -0.282774
     12.4845      1.97476     -32.5365      6.08296 -4.99957e-06      6.96022
     -8.2662     -2.70073     -16.3391     -4.94625 -1.53608e-06    -0.895195
     1.44275      2.17801     -10.4959      1.91555  8.68122e-06     -1.99957
    -12.8899     -5.93341     -28.5243     -13.2837 -1.03699e-05     -1.37821
    -20.2413      10.6238      -24.583     -3.65415 -2.56139e-06     -1.12359
    -1.05009     -2.88389     -30.1745     -6.48378  -2.4786e-06    -0.456485
      2.0744      1.38856     -29.3558     -12.8048   1.0095e-06      6.67906
    0.573643      1.79657     -18.3166      2.68915  1.70513e-06      6.17913
     19.9549      3.07157     -37.0829      16.7605  5.91618e-06      3.93798
     4.38616     -5.15091     -34.9574     -10.3988 -6.82648e-06      6.21701
    -5.78509      6.07216     -11.2049     -5.12462  2.04562e-06      -7.1754
     2.21114      1.13908     -57.9745      22.3791 -1.82468e-05     -1.78096
    -7.41715     -3.67016     -11.6933     -2.97693 -2.49397e-06     -1.27301
   -0.826311    -0.300312     -20.0145      9.17648 -8.37601e-06      2.06968
     14.1212     0.945136     -43.5544     0.293864  2.84917e-06      6.62149
     7.13965     -4.41513     -42.7386     -16.0053 -4.94666e-06      6.23467
      7.8859      1.34318     -14.8023     -2.25522  6.63503e-06     -3.44966
    -3.96853    -0.501258     -13.7802     -13.6634 -9.85069e-06      -4.9145
     -14.211       8.2292     -39.1414      5.77854  6.73481e-07       8.2382
    -8.85851      8.75348     -11.7305        2.825 -8.95641e-06     -6.29013
    -1.55421     -5.90804     -23.2784      -11.336  3.57746e-06      2.45116
     7.36293    -0.231854     -48.2343       11.907 -1.16192e-05       1.8256
    -5.27053     -2.42804     -42.9007      1.37325 -1.92745e-06        14.07
    0.324789    -0.525447      -38.654      28.2988  3.32034e-06     -7.17314
    -12.8146      3.16347     -26.9198      3.23512  6.46337e-06      12.3681
     2.96651    -0.636005     -26.8672     -21.1391  1.37109e-05     -1.16674
    0.576902     -11.7197     -59.5804     -8.88571 -1.36798e-06      5.32454
    -1.17868    -0.723123     -33.4961    -0.341625  5.23163e-06      12.8436
     20.6351      4.40613     -51.8363    -0.393921 -1.24807e-05      5.06881
    -7.06183       3.3801      -21.101      1.70398 -2.84522e-06      -3.5859
    -5.45237     -2.28874     -36.1134      15.6415 -1.55238e-05     0.573629
    -7.58103     -1.98408     -27.5357      12.7296 -5.65242e-06     -6.05778
    -25.5102     -4.78526     -41.2524      17.8255  5.32108e-06       -3.011
     3.21899     -1.32759      -29.039     -2.24992  2.61574e-06      4.56978
    -18.6155      5.06445     -23.3317      1.21499 -7.46141e-06      -3.2032
    -8.04007     -3.55078     -22.4393      4.24521  1.20272e-05      3.79644
     18.0219     -3.54183     -27.2638      2.12072 -5.11972e-06     -4.44744
    -12.2066     -3.02387     -19.2092     -5.98873 -6.65027e-07     -8.24081
    -9.33583    -0.295104     -25.5945      15.7214  2.62923e-06     -3.45406
     12.1248      3.39106     -49.1654    -0.619305 -5.44611e-06     -3.80551
     8.11044    -0.188691     -26.6357      6.33648  8.54308e-06      0.58599
    -2.79995      5.16127     -31.5077      4.57209 -6.51207e-06      4.70643
    -8.71594      5.31704     -8.39523    0.0474345 -8.88787e-06     -6.28254
    -22.0915      0.30721      -31.911      4.19342 -3.94586e-06      6.34355
    0.591836     -2.23176     -30.2862      7.79721  8.10238e-07     -5.21459
    -22.8205     -11.1969     -34.5264     -6.54609 -4.40086e-06     -3.67565
    0.411056     -3.94844     -34.6958     -6.53579 -9.66247e-07      4.57465
    -2.73185     -6.25314     -28.3424      2.98776 -6.22211e-07     -4.28787
     7.42098     -2.52762     -38.2023    -0.573308  1.09803e-05      8.43151
     -7.2184     -2.87404     -7.92457      2.98501 -4.80809e-06     -1.67014
     6.93602      7.75894     -27.1818       10.368 -1.55889e-05     -4.57207
     6.30424     -3.22571     -31.3475     -13.9152 -1.00663e-05    -0.723137
     7.87539      9.00802     -18.4155      -5.6899  7.78046e-07     -7.53963
    -2.20616      10.5344     -14.9131     -9.86094 -4.92647e-06      -2.1287
    0.417775     -3.24104     -26.0979      9.56266 -7.68349e-06     -4.97548
    -12.8955     -4.41121     -36.4506       3.1836 -4.81159e-06     -4.53236
     6.80431     -1.03135     -26.4321      -9.6388  1.35238e-06     0.529734
    -2.51997      2.79023     -30.5437     -8.17455 -2.05827e-06      5.44472
     4.94222      3.26654      -43.172     -9.16526  6.06282e-06      8.32173
   -0.517156     0.723504     -29.6597      12.0243 -1.12927e-05      9.19868
    -11.4439      9.04997     -16.6919     -3.80798  3.07773e-06    -0.845876
    -8.91418     -2.12754     -25.7593        1.661 -2.33104e-06      1.22422
     -3.9922     -2.34154     -24.9235      5.75386  8.89522e-06      2.56188
     2.79569      5.22328     -43.8652      5.99407 -6.16665e-07     -6.54894
     -6.3305    -0.137035     -5.13311      2.97474  1.31664e-06     -3.52899
     5.90264     -1.51059     -22.9955     -11.0906  5.40308e-06     -1.45749
     4.01507     0.765194     -26.9777      3.72399   1.0556e-05      -5.3771
     9.61787      0.39051     -31.2867      4.51145   6.8825e-06      3.29869
     15.8548     -5.12466     -34.7241      3.31155  9.56326e-06     -6.82609
     10.3743     -5.68737     -34.4999     -3.19497   1.8825e-06      -8.3666
     11.5407   -0.0674314     -23.1784      7.00794     -2.7e-06      3.13293
    -9.91374     -7.20126     -27.0425     -1.55285 -1.42594e-06     -5.97567
    -3.87829     -1.34951     -23.6955      9.87097 -1.54321e-05      -4.9573
    -28.3979     -1.41347     -54.6421        25.66 -1.13619e-05      14.3801
    -8.54478     -2.12862     -13.5504     -3.84438  -4.0466e-06      2.14028
    -8.15714      -8.0308      -41.615     -14.6272  -3.1083e-06     -7.50917
    -4.04902     -14.0541     -34.4412     -27.8389   7.2926e-06     -8.72124
     -13.633      5.77134     -18.9389      2.65797  -8.4561e-06     -2.96743
     8.46413    -0.221418      -19.471      1.59668  1.20773e-05     -4.98748
   -0.244802      3.54889     -27.1421      8.29777 -1.86885e-05       0.1965
    0.880362      16.2356     -11.4682     -10.1098 -6.56506e-06     -6.01689
    -16.0606    -0.557589     -20.1523      7.78806 -5.69088e-07      1.82508
     2.79828       4.3975     -36.8128    -0.400845  5.51248e-06      4.75212
   -0.645027     -5.10387     -23.8543     -15.3504 -2.83877e-06     -1.14848
    -5.84949    -0.971579     -29.9797      6.26956 -1.16884e-05      6.22644
    -10.7075       7.9792     -13.0651  -0.00112845  8.19486e-06     0.488932
     1.48059      -4.9053     -28.7555     -14.1432 -9.41296e-06      4.56474
     4.48114      -2.7845     -21.2059    -0.755903  2.42109e-06     -1.78649
   -0.100191      1.43411     -42.2851       19.398  3.63909e-06      2.56942
    -8.81272      2.23732     -17.9502     -7.21267 -4.82088e-06     -1.33635
     5.44532      3.14316     -12.2627     -2.60039  -9.1298e-07     -3.28801
    0.980836     -1.23826     -26.5603     -5.38068 -9.49927e-07      6.36392
     18.0772     -1.02798     -35.3927      13.7278 -5.96025e-07     -1.12506
     6.16711     -2.78862     -21.0466     -12.1995  9.41254e-07    -0.110551
    -10.4605      4.59013     -20.5713    -0.298158  5.69175e-06      5.44005
    -6.03822      5.03634     -19.3324      7.54214 -8.79471e-06     -7.03184
    -3.07851     -2.43917     -14.8725     -4.36581  2.88279e-06     0.156653
     3.02295      2.18076     -31.6895      3.38273 -6.96676e-07     -1.79211
     13.7228    -0.723792     -29.6444      6.22139 -2.45532e-06     0.577577
   -0.933261      7.18415     -18.8125     -6.63972  3.18611e-06      4.04748
     4.06203      6.82602     -17.3629        6.658 -1.17679e-05   -0.0985283
      8.5082      1.64187     -23.6341     -15.7668 -1.49721e-06     -6.97333
     -7.6108     -1.57274     -26.4418      2.98808  1.53019e-06      4.87421
    -10.5189     0.882394     -17.1996      9.14906  6.09417e-06      3.38824
     12.5806     -6.87094     -43.8995     -16.7929 -5.63065e-06     -2.02582
    -22.2379      2.53633     -23.9671     -8.37029 -5.22858e-06      -9.7585
    -14.3401    -0.946845     -26.1585      13.8404  3.64335e-06     -2.62563
    0.798343     0.716776     -19.8836      2.66062  1.25694e-06      4.80317
    -11.4622     -3.68401     -13.5292    0.0622823 -9.26789e-06     -1.65669
     9.63251     -2.34364     -31.9239      13.3577 -2.82806e-06      1.16012
     13.6332      8.48855     -31.5184    0.0423845  1.40999e-06      -2.3267
     11.7731     0.614324     -39.5433      16.1255   7.7794e-06     -1.25805
     19.2236      2.13835      -41.814      15.5952   1.1597e-05      6.66464
    -16.3574      1.23693     -34.6119     -1.51646  -6.5039e-06     -1.96274
     4.78464      -2.2182     -26.4445     0.230616  2.63045e-06    -0.503343
    -32.6351     -10.1491     -42.2838     0.182667 -8.13201e-07     -10.8957
     21.1261   -0.0889585     -38.1781      15.1867 -6.17221e-06     -1.65964
    -8.58706      1.97073     -7.16111     0.730684 -6.07674e-06     -5.05271
     9.60767      0.74876     -32.6813      4.41734 -3.03839e-06     -8.14871
     -3.7575     -6.29076      -22.759     -15.3079  4.23936e-06     -3.73652
    -1.68676     0.242211     -25.5274      7.96493 -3.88052e-06     -7.18953
     24.1723     -7.57153     -46.3767      6.87596 -2.60761e-06     -2.14255
     11.9957     -6.26684     -61.5252      -16.483 -5.83655e-06      2.69998
    -7.76586      1.96451     -25.0605      10.6351  7.96659e-06      3.26439
    -18.0281      4.16254     -17.2475      7.96368   8.0787e-06     -9.26174
    -8.16784    -0.369953     -12.5542    -0.471348  3.75679e-06     0.614078
    -5.10788      7.33248     -34.7774      6.79393  1.57388e-05      13.4614
    -16.1907      -5.8869     -24.2809     -2.38184  3.94607e-06     -2.32104
    -2.95742       6.1158      -18.665      -4.0863 -7.71771e-06      9.84454
     13.4257      1.07785     -42.2703      9.37011  1.17337e-05       4.7352
     -6.4503     -4.84512     -33.8204     -10.1039 -7.69783e-06    -0.323976
    -21.3522     -3.34525     -21.1322     -3.63933  9.32314e-06     -6.06552
     26.7576      10.3244     -36.0942      19.7973  4.32618e-06     -11.3872
    -1.55645     -5.58765     -24.0806     -20.7671 -9.10051e-06     -5.13694
     2.97106     -4.17468     -48.6193      17.9567 -2.39483e-06     -8.30783
    -7.63927      4.36761     -16.6844     0.618727 -2.32387e-06     -8.27729
    -13.0395       2.4779     -14.5087       6.8495   5.6723e-06     -6.34474
    -7.36842      2.73358     -26.1027    -0.336948  3.44063e-06     -4.41339
     20.4643    -0.143124     -34.7925      13.0303  3.94537e-06     -5.05777
    -5.88706     -4.49431     -15.7163    -0.766883 -3.66479e-07    -0.618939
     2.13411     -2.09803     -38.1072     -14.1544 -2.37433e-06       6.7767
    -10.6247     -6.13582     -29.7165      -11.689  5.93013e-07     -2.35685
    -2.52366      7.14802     -17.1616      2.26856  7.78494e-06      3.09743
     8.78641      2.98514     -14.3254      9.28214 -4.67411e-06     -2.89617
     3.65714     -4.15561     -34.3554      -15.543  1.17043e-05      7.53925
    0.773173      14.5826     -16.5762      2.04772 -3.01495e-06     -2.29598
      6.4546     -3.87203     -29.4431     -6.15677  3.45115e-06     -5.35107
    -22.3521     -6.04034     -49.3177      4.37506  8.70677e-06     -2.86876
    -10.2711    -0.335568     -32.4503      9.33648 -1.72396e-06      2.92886
    -1.07394       5.9687     -41.4324      5.78895  9.29724e-06      2.84051
       7.244     -2.50069     -19.7663     -5.15527 -2.57175e-06      -3.3181
