5.97333
  12.48
   3.33
16.3867
      8
12.0067
   8.45
  10.51
   4.78
13.1067
   8.54
   6.83
   8.68
7.70333
   3.97
  12.34
3.58667
    5.6
6.46667
9.96667
  20.04
   8.23
2.37333
  19.47
19.7967
  14.24
  15.64
  10.88
15.8667
  17.22
12.7367
22.9033
15.4667
   6.47
16.4667
   7.85
4.54333
15.8867
17.2233
8.07667
6.86667
20.3033
  14.92
11.0633
7.46333
11.7033
   7.56
4.57667
8.79667
16.7533
23.3033
4.34667
11.7367
   9.32
10.7933
10.7867
7.87667
11.1533
   12.4
   7.77
9.81667
  14.94
  15.22
5.61667
8.78333
10.9767
3.89333
7.79667
12.6267
   8.87
   6.21
11.0633
7.31333
11.5433
10.3733
  17.31
5.36667
5.17667
  10.22
8.13333
7.84667
7.96667
   9.91
9.31667
  22.25
   8.77
18.2367
   4.73
11.7167
7.45667
  12.19
   6.99
7.45333
10.0867
  10.67
10.7033
13.9867
   5.41
9.39667
   6.38
  10.17
12.8267
12.3133
   3.35
  11.34
    9.4
11.2433
7.23333
  15.49
11.2567
10.8667
6.10333
   8.42
   7.18
   6.42
7.18333
14.7433
   5.02
18.8633
6.91333
   9.01
  15.06
   7.21
   9.29
5.99667
   9.63
17.0567
   16.5
12.8433
12.1033
7.86667
   4.99
10.2233
  11.13
   5.41
8.36667
9.13667
11.4767
9.83333
11.5133
20.0467
  10.89
16.6933
10.7833
10.6733
   7.48
9.45667
5.32667
11.8933
12.8733
8.38333
   12.2
13.5067
10.9333
   7.79
  15.48
8.42667
7.44667
   9.84
10.1867
   5.19
  16.73
5.43333
  13.25
10.6033
   14.1
   6.11
   7.12
13.1067
13.5433
10.9633
  13.39
11.1733
  11.54
5.61667
  20.58
13.9333
6.82667
13.2367
18.6333
9.67333
  14.76
8.79667
    7.3
   7.07
9.94333
9.67667
7.05333
9.45333
11.0433
7.63667
  10.04
17.5967
12.1967
10.0033
  11.39
   8.54
   7.58
5.89667
8.36333
17.3067
8.60333
17.2567
12.8533
   9.57
9.16333
14.6567
14.1033
7.44333
15.5267
10.3833
8.32333
   6.64
7.95333
  11.13
   9.03
   17.1
20.3667
13.1167
  18.14
2.49667
  15.78
   7.61
7.14667
10.2867
3.72667
9.24333
   7.36
  15.92
8.56333
9.44333
   6.69
8.04667
12.5633
10.6467
7.67667
9.04667
   6.17
6.08333
  12.17
   13.9
11.6867
12.3533
7.58667
12.4933
13.7733
11.6133
9.57333
22.1667
   5.64
  11.57
  10.55
15.0167
3.33667
14.9433
3.56333
   8.06
   7.28
10.6333
8.80333
9.51333
10.6667
  14.67
    5.7
   5.04
   7.62
12.8267
   9.78
12.4933
   3.89
  10.78
   5.42
  11.32
   6.27
    8.7
17.2867
7.98667
16.2433
14.3433
5.66667
17.6033
8.40333
4.67667
5.91667
10.4633
  15.49
17.4033
11.4767
7.48333
16.1833
    9.9
   9.22
   7.61
   9.28
17.3167
  13.46
11.7733
12.2767
7.95667
6.41667
15.4267
    6.4
7.06667
5.16333
13.9033
10.3133
   9.22
   6.33
8.23667
11.0733
16.5767
11.9867
7.60333
10.3133
10.2967
8.29333
5.81333
   6.09
    8.9
7.53667
  12.76
  15.15
11.7533
9.70667
10.8333
10.4767
7.42333
   9.23
13.9167
7.56333
5.94333
  12.93
   14.5
  21.53
4.11333
12.0667
9.86667
6.17667
10.3867
10.6467
7.32333
7.43333
15.6333
  10.66
9.36333
4.92333
   7.97
6.51667
12.5067
  13.12
  19.31
10.5133
   4.42
8.59333
6.93333
10.9733
10.0033
5.42333
   5.99
      5
   3.64
13.5433
5.30333
16.7433
13.4867
18.2533
9.83333
13.0733
9.37333
   8.05
9.16333
  11.12
   9.45
  13.17
7.96667
9.36667
12.4433
14.9333
   8.63
   8.37
12.7267
  13.37
  11.01
11.1567
  16.21
    9.2
   7.54
17.3433
  10.16
14.2667
   7.56
11.5533
9.94667
19.6633
18.3867
4.53667
  11.61
   7.51
5.34333
17.0233
5.82333
4.43667
  13.51
7.83667
14.6633
9.12333
   12.6
   12.4
12.2733
  19.59
  14.92
11.4433
9.12333
  15.85
8.61333
  11.54
   7.36
   6.44
11.4067
   6.39
12.4333
9.19667
  11.54
6.08333
8.07333
7.60333
17.4033
7.57667
   9.58
12.1433
  19.18
8.05667
   7.44
   6.99
9.04667
  17.07
   5.78
  13.54
14.9367
12.0967
   5.95
14.4367
5.88333
  10.67
12.3267
10.0567
10.0067
10.3567
19.2267
10.1033
22.5633
11.8767
   6.69
14.1167
   8.47
9.24333
  13.62
6.04333
   7.49
9.22333
9.80333
7.55333
15.2533
   5.86
  14.37
12.5533
9.39333
  17.05
5.26667
12.8233
  17.09
    6.9
   2.59
  10.63
9.47667
10.7967
   8.79
9.87667
8.51333
  10.05
3.25333
3.60667
  10.17
   9.89
6.90333
6.59333
9.98667
11.9833
5.96667
13.0533
  15.93
  15.35
8.99667
7.52333
8.56667
  12.87
10.1033
5.95333
9.82333
   5.14
7.02333
10.9133
  17.19
   5.73
4.30667
5.27667
8.63667
22.0133
9.87333
8.49667
13.8133
9.05333
  12.92
10.5367
    9.4
   7.22
   8.65
10.6267
  10.36
  10.11
  23.29
  14.13
12.1133
  10.35
7.59333
9.79667
   5.98
5.01333
5.91667
   9.66
9.52667
8.17667
  12.59
10.0967
   8.34
   7.04
12.6333
  13.88
6.91667
   6.08
8.72333
  10.85
8.75667
14.7233
    8.9
8.14667
11.9533
10.8167
16.1133
8.77333
14.0567
17.1433
   7.75
    7.6
12.3433
11.8567
20.1067
   9.21
11.9867
8.98667
   8.22
13.0267
   6.69
8.70333
   9.41
14.4967
10.9333
  10.37
5.34333
10.8933
   9.78
13.3867
15.9533
9.43667
10.0867
4.50333
7.72667
7.54667
12.0933
9.42667
  10.22
14.2367
11.0167
5.44333
  13.76
11.3167
15.8367
    9.9
2.82667
2.49333
12.2933
13.8533
7.01333
   8.09
9.14333
8.83667
   5.94
12.7133
3.79667
3.18333
  12.35
21.1833
   9.31
10.6833
   9.78
  15.84
11.2333
  12.59
12.3733
15.3433
   8.14
  10.75
  15.07
  12.82
4.34333
   6.54
14.5733
9.75333
  13.84
10.8233
10.3433
10.6333
7.19667
   7.53
11.5067
   6.12
  13.22
  12.61
4.31667
12.5667
8.41333
5.63333
   9.96
10.8767
12.1933
7.04333
  12.24
   5.85
    5.1
  13.29
15.1333
14.2367
   4.51
4.61667
7.46333
8.47667
5.15333
10.6267
10.2967
11.6567
  20.55
9.23667
7.19333
11.4367
22.2767
  11.33
9.80333
9.36333
10.1767
4.41333
16.7333
4.25667
9.78667
22.3833
7.07667
8.67333
15.9633
7.96333
7.34667
11.9533
   6.86
   9.27
  10.86
11.9133
10.0733
   2.11
10.1133
   9.94
11.4067
6.54333
   7.33
   7.73
5.50333
10.2667
   6.59
  10.14
   4.42
7.34333
5.51667
   8.64
10.0533
9.30333
  21.22
  12.33
11.4833
5.08667
19.6467
13.5133
5.13667
5.56667
13.4667
17.0467
9.97333
10.6533
13.0267
9.66333
  10.77
  10.72
   9.61
   9.69
7.05333
18.5933
8.49667
18.8933
6.92667
  17.26
7.24667
9.91333
13.4567
10.8533
11.1333
9.92667
10.9433
10.8033
9.21333
8.05333
  13.04
   6.43
6.32333
14.0333
11.8033
14.7667
7.87667
  16.33
8.56667
12.3767
  16.11
8.73667
10.4267
  12.49
11.5433
8.71333
14.6633
    9.4
6.25667
   6.92
  12.46
11.0567
11.1867
11.2667
11.5833
6.79333
  14.97
10.0467
6.54333
  13.25
  12.87
12.3633
9.82333
  14.75
  12.27
8.25667
6.19333
12.0667
18.0833
14.2267
9.44667
   7.21
12.8667
6.93333
7.76667
9.51333
7.26333
   9.08
   7.98
10.6367
11.3533
13.9833
10.5467
8.31667
20.3167
6.71667
13.2967
   9.43
5.94333
9.85333
13.8933
9.63667
12.3067
22.9567
7.17333
    9.6
6.32333
  11.58
10.7167
15.5467
   16.8
10.4833
   7.62
18.1133
  11.33
  14.89
   9.38
13.0633
14.5867
  13.53
7.53667
11.2267
4.91667
9.20667
7.13333
22.2533
   9.83
11.1433
8.86333
10.9233
  16.15
16.8167
   5.92
6.94333
9.94333
8.16667
4.44667
    9.9
   8.04
15.3767
9.42333
10.9433
8.33667
10.3433
8.47667
   5.74
9.10667
10.2867
10.7933
5.26333
8.15667
   4.81
8.83333
7.86333
3.67333
5.47667
16.6633
11.2533
19.1233
14.4567
  15.64
3.06667
13.6867
12.2933
5.86667
   5.03
11.2033
10.3867
12.3767
9.83333
6.69667
  13.74
11.1067
5.41667
24.2733
5.14333
   8.01
  14.44
14.2267
4.60333
5.38667
16.0433
5.95667
7.69333
19.5167
  15.21
17.5533
10.3033
   9.62
23.0533
11.1733
17.0067
9.18333
15.7067
12.9033
  20.08
10.5267
  11.37
9.82333
10.0633
   9.31
11.4533
  18.41
   9.32
11.6133
4.66667
  14.95
  12.34
15.2933
  12.35
12.6867
  11.85
   3.76
  11.54
10.5267
7.29333
5.72667
11.0433
15.9933
   9.78
10.7333
14.8933
11.5433
7.08667
10.9633
  10.53
  17.25
   3.19
8.09333
11.1067
11.3133
13.2567
  13.61
    7.6
  11.42
10.3833
24.1533
5.39667
17.4133
13.6833
   8.99
   7.56
11.0233
4.90333
9.66667
  13.46
8.52667
  11.36
   5.72
   9.49
8.11667
17.3867
7.24667
   4.62
   8.69
13.3367
7.40333
   8.93
   8.86
   5.85
12.0967
10.2333
6.22333
6.27667
8.40333
  10.38
8.01667
  15.22
12.6067
  12.08
6.95667
   6.28
11.7433
12.0367
  16.11
  15.62
15.8433
10.5567
20.4967
13.6133
4.37333
  13.42
9.06667
11.9067
16.2867
  21.22
10.1933
10.2767
5.70333
13.3733
  11.24
   6.16
15.8933
12.8333
  10.84
13.4767
8.82667
19.9167
8.53667
7.61667
11.7667
13.4767
6.62667
13.3833
12.2033
7.19333
5.93667
  10.84
6.79667
12.0967
21.3833
13.9133
15.4467
   7.44
