     745366           0           0           0     538.113     1008.28           0           0    -156.938     -981669    -1284.02
          0     19944.2           0           0     114.044           0           0           0           0           0           0
          0           0 1.53952e+07           0    -3976.04           0           0           0           0           0           0
          0           0           0 2.34335e+06     791.362           0           0           0           0           0           0
    538.113     114.044    -3976.04     791.362     28.2084     10.9474    -26.7824    -59871.2    -22.8544    -26613.6     83.4541
    1008.28           0           0           0     10.9474     3447.38    -72.3674     71427.2    -11.8823           0           0
          0           0           0           0    -26.7824    -72.3674      5231.2           0           0           0    -28.6206
          0           0           0           0    -59871.2     71427.2           0 9.76657e+09           0           0           0
   -156.938           0           0           0    -22.8544    -11.8823           0           0     747.637           0    -13.8076
    -981669           0           0           0    -26613.6           0           0           0           0 1.33967e+09    -36117.7
   -1284.02           0           0           0     83.4541           0    -28.6206           0    -13.8076    -36117.7     9859.85
