0.624954
 0.73288
0.625892
0.553247
0.647154
0.449601
0.528698
0.540663
0.769619
0.638402
0.465757
0.492811
0.514593
0.540767
0.482554
0.398411
0.260997
0.483679
0.453598
0.500984
0.538934
0.505685
0.873572
0.548734
0.492133
0.738788
0.595252
0.670211
0.397017
0.702298
0.628541
0.632878
0.771413
0.585579
0.544783
0.578688
0.676181
0.607457
0.535811
0.477323
0.367978
0.315256
  0.6678
 0.70108
0.473123
0.574556
0.674505
0.845942
0.493508
0.623721
0.520384
0.924564
0.440347
0.578902
0.526094
0.579083
0.472822
0.567133
0.632074
0.560455
0.607293
0.664499
 0.61305
 1.50925
 2.51425
 1.91591
 1.71769
 1.56617
 4.05369
 2.66589
 3.46262
 1.67631
 2.28317
 2.22285
 2.33516
 1.07137
 1.90263
 2.72767
 1.61883
 4.34736
 1.83829
 1.30958
 1.56795
 4.26575
 2.47484
 1.74972
 1.96565
 1.29669
 1.57353
 3.87179
 2.66824
  2.9177
 1.62112
 1.30715
 1.15022
 1.38545
 1.31419
 2.19907
 1.70379
0.753809
 1.58863
 1.35755
 1.08064
 1.69424
 2.36031
 1.65118
 1.16174
 0.47919
 1.31294
0.767866
 2.45412
  1.7549
 1.30489
 1.94075
 1.73243
 1.15197
  1.6078
 1.24167
 1.41405
0.972157
0.666041
 1.33914
 1.39453
 1.95059
 1.49181
  1.5052
 1.30172
 1.04353
 1.39564
0.615907
0.413343
0.832014
 0.54052
 0.50742
0.701671
0.648645
0.483184
0.535328
0.680041
0.793851
0.564854
0.484749
0.554883
 0.72336
 0.47448
0.609127
0.515794
0.606149
0.576217
0.657957
 0.61118
0.472685
0.466765
0.679519
0.388848
0.655187
0.518956
0.658123
0.606969
0.410716
 0.54167
0.529647
0.570247
0.652567
0.532868
0.466523
0.630971
0.460658
0.503818
0.611463
0.502591
0.368208
0.348943
0.397939
0.656739
 0.65311
0.709864
0.486429
0.603807
0.509962
 0.39419
0.560455
0.576903
0.493065
0.447965
0.542444
0.577365
0.572051
0.411181
0.897526
0.385622
0.563513
0.505177
0.359392
0.672208
0.767626
0.768335
 0.78597
0.538766
0.700578
0.772439
0.684465
 0.99158
0.590031
0.634343
0.521713
 0.54882
0.585551
0.459512
0.565552
0.496046
0.749031
0.491456
0.367859
0.550982
0.462838
0.664289
  0.5801
0.586152
0.673258
0.498082
0.617765
0.450823
 0.60168
0.242592
0.447262
0.927039
0.488499
 0.76132
0.684081
0.443675
0.491302
0.681074
0.598934
0.338359
0.697088
 0.75837
0.508845
0.755479
0.776047
0.328218
0.529214
0.455006
0.508972
0.611075
0.560982
0.443233
0.423108
0.434193
0.520891
0.413589
0.708248
0.639971
 0.42144
0.563424
0.562606
0.351992
0.363948
0.546652
0.405289
0.586403
 0.57808
0.668228
0.628112
 0.44282
0.613256
0.590654
0.572424
0.692496
0.666426
0.561093
0.530853
0.491251
0.560077
0.442038
0.655218
0.991354
0.763511
0.606934
0.476698
0.689936
0.770322
0.607676
0.993282
 0.50424
0.687496
0.749586
 0.56015
0.612648
0.459056
0.375403
0.714967
0.732207
 1.64364
0.731696
0.673567
 1.21543
0.977101
 1.65315
 1.52438
  1.3099
0.990831
 1.05975
0.762528
 1.42703
 1.88536
 1.90944
 1.05014
0.847475
 1.18217
 1.49047
 1.62063
 1.02415
 1.62876
0.996653
   1.579
 1.40883
0.899754
 1.30332
 1.28205
 1.80148
 1.21582
 1.32786
 1.44344
0.956798
 1.64333
0.951391
  1.2971
 1.04906
 1.13292
 1.34254
 0.78278
 1.29419
 1.44539
 2.21234
 1.27838
 1.05113
 1.36076
0.574939
 0.73223
0.752196
0.540492
0.902173
0.617124
0.499267
0.503983
0.404421
0.577047
0.393676
 0.46037
 0.62275
0.629836
0.452116
0.459763
0.470177
0.600392
0.534801
0.549466
0.686449
 0.60746
 0.50927
0.638277
0.775039
0.551168
0.694424
0.617184
0.407512
0.480808
0.517021
0.714008
 1.11151
0.541396
0.618375
0.483746
0.694588
0.537866
0.557245
0.397835
0.746516
 0.57535
0.438698
0.689168
0.702115
0.501997
0.645098
0.365157
0.598916
0.332805
0.695203
0.500102
0.613817
 0.56221
0.510105
0.576978
0.563984
0.640438
0.798717
0.422217
0.456502
0.462378
0.694517
0.422848
0.492017
0.457982
0.393429
0.495423
0.404996
0.647723
0.719003
0.402421
0.527699
0.463905
0.644059
0.439723
0.420277
0.615538
0.791222
0.730372
0.444375
0.768703
0.718068
0.739808
0.672402
0.704147
0.527914
0.900004
0.564355
0.437739
 0.33151
0.411323
0.610896
0.710558
0.556834
0.379223
0.676246
0.483003
0.586881
 0.61247
0.725096
0.575317
0.547391
0.518647
0.797078
 0.52774
0.580184
0.780756
0.559305
0.658294
0.477611
0.527014
0.978724
0.328514
0.669227
0.702403
0.763225
0.666322
0.434973
 0.54506
0.351141
0.435999
0.372947
0.524074
0.493354
0.423733
0.431541
 0.62505
  0.4561
0.335259
0.696273
0.683194
0.742189
0.589259
0.696228
0.741602
0.511463
 0.38874
0.535252
0.661377
0.523498
0.922596
0.732821
0.553807
0.660982
0.600109
0.609925
0.609213
0.558337
0.692734
0.381477
0.568843
0.538317
0.499128
0.662114
0.673342
0.501816
0.466709
0.523348
0.588504
 3.11107
 1.07493
 3.34986
  1.2035
 1.39968
 2.65242
 1.29863
 1.53175
 1.72145
 1.19328
 2.51285
 2.03811
 2.55048
 1.82635
 2.34774
 1.53494
 3.81602
 1.23444
 1.69857
0.558098
 0.36387
0.535782
0.393589
0.678943
0.598496
0.571968
0.407543
 1.16213
 1.65543
 1.01346
 1.07156
 1.42901
 1.88498
 1.05429
0.966682
 1.52716
0.691788
   1.618
 1.96939
 2.25788
 1.10126
 1.01686
  1.3096
 1.22118
 1.19588
 1.74807
 1.62505
0.990874
0.835915
0.748948
0.575606
0.562622
0.359429
 2.14148
 2.71682
 2.29898
 1.48662
 2.66441
 1.97271
0.658457
 2.21678
 1.26616
 2.27692
 1.74443
 1.21913
 1.80477
 1.01049
 1.04636
 1.29241
 1.79987
 2.02803
 0.56909
0.654294
0.386771
0.468051
0.525759
0.803318
0.747771
0.513604
 0.59526
0.489336
0.597955
0.472073
0.674304
0.336928
0.548144
0.509268
0.466551
0.478039
0.526813
0.591512
0.569779
0.465233
0.702062
0.772618
0.573369
0.488299
0.775788
 1.11408
 1.80685
 1.80165
  1.1691
 1.59367
 1.14617
 1.39209
 1.13878
0.962578
 1.19209
  1.9734
 2.02831
 2.12274
  1.3114
 1.44422
 2.03455
0.601495
 1.07011
 1.47209
 1.04476
 1.63506
 1.65421
 1.58374
 1.98217
 1.72158
 1.50654
 1.46563
 1.08996
 1.84359
0.463766
 0.59374
0.374478
 0.54017
0.402611
0.371856
 0.58464
0.540578
 1.01814
0.431598
 1.01482
0.511534
0.334406
0.386452
0.762699
0.502619
0.672383
  0.5947
 0.73018
0.887688
0.549896
0.352777
0.395225
0.553954
0.465561
 0.71413
0.732973
0.526485
0.444513
0.534372
0.559896
0.842852
0.680361
 0.60741
0.385317
0.635534
0.327673
0.310336
0.444962
0.645259
 0.33621
 0.55453
 0.56503
0.632942
0.612763
0.718681
0.393868
0.659025
0.437636
0.467935
0.449833
0.576117
0.683186
0.572847
 1.48614
0.910122
 1.80395
 2.11638
 1.80405
 2.14328
 1.07906
 1.22564
 2.18557
 1.64966
0.699298
 2.43965
 1.15244
 1.71901
0.808751
 2.58866
 1.22164
 1.15624
 1.25838
 2.25853
 1.55206
 1.41944
0.925436
 1.32912
 2.26949
 1.40964
 1.61022
  1.9642
 1.70114
 1.91583
 2.05668
 1.67082
 1.62325
 1.58352
 1.19906
  1.2624
 1.34004
0.562429
0.435112
0.525861
0.542459
  1.6091
 1.99378
 1.58763
 2.46565
 1.73095
  2.4917
 1.68941
 2.00642
 3.16531
 3.00197
 1.38294
 1.94197
 1.09444
 1.20309
 0.58101
0.361579
0.390847
0.624893
0.642342
0.430081
0.301742
0.676208
0.500573
0.590241
0.574086
0.647801
0.835036
0.843217
0.463794
0.459812
0.507243
0.905801
0.452362
0.456894
0.380041
0.567522
 1.19252
 1.23545
 1.68159
 1.13509
 2.41743
 1.74106
 1.15316
 1.32628
 1.70468
 1.14693
 1.58531
 1.81694
 1.16257
 1.58136
 1.44952
 1.72095
 1.44449
 1.67701
 1.37968
 1.31836
 1.13409
 1.18328
 1.27705
 1.96255
 1.55144
0.890389
 1.18168
 1.76343
 2.00116
0.566213
0.566535
0.603107
0.831764
0.661729
0.495051
0.535474
0.523835
0.616894
0.646387
0.554416
0.700452
0.930816
0.591056
0.639845
0.776749
0.543768
 0.51924
0.492735
0.636551
 1.14113
0.569947
0.591675
0.588888
0.633658
0.747809
0.303508
0.503328
0.599977
0.566422
0.422774
0.436419
0.476924
0.501246
0.454065
0.649594
0.674886
0.523229
0.607817
0.666168
0.648113
0.747704
0.568122
0.580136
0.551047
0.565061
0.701892
0.654627
0.440835
0.496522
 1.74656
 2.16038
 1.15858
 1.93308
 2.15729
 1.18983
  2.3406
 1.34878
 3.70021
 1.48158
 1.81847
   1.702
 1.47494
 1.05253
 1.85812
0.866451
0.565903
0.706199
0.593777
0.560406
0.458717
0.770843
0.517678
0.455646
0.452952
0.607152
0.607578
0.790361
0.609985
0.419109
0.671766
 0.57079
0.722018
0.522211
0.713913
0.737728
 0.71443
0.705553
 1.04652
 1.29402
 1.71972
 2.37044
 6.50507
 2.11211
 1.84821
 2.54008
0.558508
 1.54584
 2.06873
 2.94579
 1.92107
0.867398
 2.87399
0.704456
0.603989
0.767367
0.580507
0.444565
   1.121
 1.32725
  1.7617
0.886841
 1.20334
 1.41246
 1.18521
 0.96506
0.840216
0.919833
 1.11494
 1.24663
0.756889
0.953272
  1.3927
 1.83965
0.801379
  1.1184
 1.77372
 1.48343
 1.34477
0.922032
0.857789
 1.24589
 1.02471
 1.18356
 1.36366
 1.59824
0.725474
 1.20525
 1.19009
 1.37645
 1.40255
 1.73272
 1.42672
0.733047
 1.29952
0.772409
0.532758
0.498706
0.476726
0.493015
0.572669
0.666273
0.480775
0.895287
0.589541
0.458911
0.381946
0.511109
0.537569
 0.81143
0.902035
0.613322
0.627873
0.611018
0.632545
0.655068
0.532696
0.659578
0.585374
0.559607
0.723799
0.674693
0.499546
0.435088
0.523919
 1.77062
 1.63455
 2.02894
  2.8959
 1.70837
 1.46362
 3.78083
 1.50246
 2.14564
 2.18139
  1.4316
0.523819
0.517452
0.687787
0.544876
0.669357
0.562174
0.563167
0.448993
 0.96363
0.745904
0.755116
0.800912
 1.50311
 2.81523
 3.67236
  2.5427
 2.10162
    4.48
 2.90006
  2.7942
 1.08304
 3.42443
 2.02224
 1.81151
 2.71822
 1.47932
 1.87635
 2.80857
 1.31783
