0.473333
0.453333
     0.6
0.343333
0.493333
    0.97
 1.00667
 1.51667
    1.64
0.873333
    1.22
    0.76
    0.93
    0.82
 1.48667
    0.63
    0.84
 1.67333
    1.52
    1.46
 1.09333
 1.26667
    0.84
 1.15333
 1.25667
     0.9
 1.11333
    0.58
0.963333
    1.58
    1.11
    0.88
    1.18
0.833333
    1.31
 1.12667
 1.15667
 1.16333
    1.74
    1.16
0.736667
0.456667
0.496667
0.613333
0.653333
0.536667
0.316667
0.656667
0.303333
    0.67
0.323333
    0.46
0.426667
0.356667
0.373333
0.586667
 1.29333
0.916667
     0.9
    1.38
0.763333
 1.06667
 1.09667
    1.53
    1.04
    1.46
 1.14667
    1.48
     0.7
 1.11333
 1.15333
0.893333
0.536667
    0.43
0.556667
0.626667
     0.6
0.476667
    0.59
    0.47
0.616667
     0.6
0.373333
0.473333
0.386667
 1.27667
 1.16667
 1.39667
 1.30667
 1.40333
0.973333
 1.34333
    1.05
 1.32667
    1.16
    1.36
    1.01
    1.04
 1.12667
    1.39
 1.12667
 1.35667
0.336667
0.633333
    0.56
    0.62
    0.59
0.516667
0.523333
0.366667
0.563333
    0.52
0.453333
0.566667
0.606667
0.636667
    0.57
0.716667
    0.74
0.413333
0.746667
0.503333
0.333333
    0.64
    0.36
0.443333
    0.58
0.673333
    0.42
0.446667
0.453333
0.603333
0.296667
    0.42
    0.62
    0.45
0.573333
0.636667
0.496667
    0.54
0.766667
0.506667
0.603333
    0.61
0.563333
0.766667
0.443333
0.566667
    0.54
0.453333
0.566667
0.476667
0.533333
0.636667
0.366667
0.846667
0.446667
0.556667
0.606667
     0.5
    0.41
    0.46
0.496667
0.526667
0.523333
0.606667
0.746667
0.706667
0.556667
     0.4
    0.49
0.436667
    0.68
0.426667
0.596667
0.646667
0.603333
    0.61
0.576667
    1.34
0.833333
    0.76
    1.59
    1.29
    1.33
    0.58
 1.36333
    1.04
 1.21333
 1.01333
    1.13
 1.18667
    1.05
    1.13
 1.64333
 1.52333
    1.36
 1.12667
 1.12667
0.423333
    0.52
0.436667
    1.06
0.856667
    0.95
    0.78
0.953333
0.776667
 1.09667
 1.13333
 1.26667
 1.48667
0.686667
 1.00333
0.846667
0.973333
 1.29333
 1.16333
0.623333
 1.33333
0.786667
0.566667
    0.99
 1.53333
0.743333
0.503333
0.463333
    0.47
0.466667
    0.45
0.413333
0.316667
    0.46
0.583333
0.723333
0.406667
0.423333
0.436667
0.423333
    0.67
0.536667
0.713333
0.536667
0.463333
0.456667
0.563333
0.476667
    0.45
0.516667
0.706667
0.593333
0.413333
0.676667
0.423333
    0.77
0.683333
0.736667
0.576667
0.533333
    0.47
     0.7
    0.56
0.653333
0.596667
0.383333
0.746667
0.643333
0.533333
0.543333
0.553333
0.716667
0.493333
0.493333
0.416667
0.603333
0.856667
0.576667
    0.63
0.433333
0.686667
0.503333
    0.49
0.566667
    0.51
0.886667
0.666667
     0.5
0.466667
0.596667
0.546667
0.573333
    0.63
0.596667
0.426667
    0.49
0.513333
    0.43
0.416667
    0.56
0.726667
    0.59
0.323333
0.403333
0.576667
    0.44
     0.6
0.656667
0.516667
0.636667
0.546667
0.556667
    0.53
0.473333
    0.34
0.416667
0.633333
    0.61
     0.6
0.676667
    0.58
    0.54
0.396667
0.476667
    0.61
    0.65
    0.46
    0.52
0.536667
0.513333
    0.64
0.646667
    0.61
    0.47
0.476667
0.596667
    0.51
0.576667
0.616667
0.453333
0.616667
0.636667
0.616667
0.443333
0.566667
0.713333
    0.35
    0.46
0.683333
    0.53
    0.49
0.446667
0.576667
0.753333
 1.46667
 1.24667
    1.31
 1.61333
 1.58667
 1.31667
    1.48
 1.12667
    1.29
 1.13333
    1.29
 1.50667
 1.07333
    0.64
0.623333
    0.71
    0.55
    1.35
 1.38667
 1.11333
 1.14333
0.943333
    1.13
0.786667
 1.45333
 1.25667
0.963333
     0.7
 1.67667
    0.93
 1.49667
 1.07333
0.686667
    1.56
    1.32
 1.65667
    0.47
    0.37
0.456667
0.406667
0.443333
    0.36
0.443333
0.566667
    0.52
0.413333
    1.24
    1.18
 1.19667
0.863333
    1.19
    1.27
    1.14
    1.08
0.686667
    1.27
 1.11333
    0.91
 1.18333
    1.06
    1.31
0.996667
 1.36667
 1.18667
0.956667
 1.08667
    0.94
0.576667
 1.63333
    1.31
    1.15
    1.63
 1.38333
     1.1
    1.01
 1.33333
0.793333
0.873333
0.826667
0.976667
 1.16667
    1.18
 1.27667
0.513333
0.746667
0.633333
0.606667
    0.53
0.533333
    0.47
    0.62
0.476667
    0.65
0.406667
    0.49
0.496667
0.406667
0.413333
    0.57
    0.38
    0.63
0.576667
    0.57
0.513333
0.673333
0.523333
    0.59
0.603333
    0.72
    0.48
0.476667
0.426667
    0.78
    0.52
0.433333
0.376667
0.733333
    0.66
    0.91
0.623333
0.513333
0.713333
0.523333
    0.58
0.653333
0.466667
0.546667
0.593333
0.413333
0.393333
0.563333
0.676667
0.616667
    0.56
0.516667
    0.51
     0.3
    0.73
0.433333
    0.45
0.473333
0.483333
0.583333
0.713333
0.603333
0.343333
    0.57
0.306667
0.723333
    0.66
0.576667
0.746667
0.466667
    0.55
0.806667
0.503333
     0.6
0.563333
    0.64
0.813333
0.346667
    0.38
0.603333
0.563333
0.636667
    0.46
0.503333
0.483333
0.743333
0.453333
    0.56
    0.46
    0.48
0.333333
    0.64
     0.7
    0.55
0.626667
0.396667
0.426667
    0.49
0.506667
    0.33
0.736667
0.616667
0.653333
0.433333
0.566667
    0.63
0.546667
0.666667
0.473333
0.583333
    0.75
    1.06
    0.94
 1.06667
0.996667
    1.36
 1.41667
0.986667
    1.06
 1.32667
    1.24
 1.44333
    0.81
 1.19667
 1.30667
    1.25
 1.17333
 1.40333
    1.23
 1.30333
    1.62
0.973333
0.833333
0.976667
0.703333
 1.38333
 1.59333
0.903333
 1.59667
    1.25
    1.04
    1.34
0.646667
    1.18
 1.19667
 1.03667
 1.04333
    1.25
    0.88
 1.04333
 1.46333
0.903333
0.873333
    0.93
0.956667
 1.33667
 1.76667
 1.50667
    1.95
 1.47333
 1.11333
 1.43667
0.566667
 1.03667
0.966667
 1.23667
    0.62
    1.13
 1.10333
0.773333
     1.2
0.593333
0.916667
 1.71333
 1.11333
0.986667
 1.53667
0.856667
0.793333
 1.51333
     1.1
 1.23667
 1.06667
    1.14
 1.36333
0.656667
0.443333
0.386667
0.573333
0.606667
    0.13
    0.43
     0.6
0.446667
    0.52
0.496667
     0.4
0.466667
0.366667
0.453333
0.473333
0.673333
0.703333
    0.58
    0.39
    0.53
0.486667
0.476667
0.566667
    0.54
    0.48
0.556667
0.486667
    0.56
    0.62
0.853333
    0.56
0.443333
0.576667
    0.47
    0.73
    0.52
    0.61
0.573333
0.633333
0.546667
    0.75
0.693333
0.516667
0.866667
    1.51
       1
 1.11667
 1.47333
 1.48333
 1.21333
 1.18333
 1.28667
0.893333
0.876667
 1.25667
 1.10667
     1.2
0.973333
 1.21333
 1.06333
    1.68
0.916667
 1.04667
 1.72333
 1.17333
0.843333
    1.39
 1.19333
 1.37667
 1.34667
    1.41
     1.3
0.486667
0.833333
0.976667
    1.26
 1.03667
    0.66
0.413333
0.656667
    0.49
    0.65
    0.57
0.546667
0.546667
0.506667
    0.63
0.286667
 1.91333
    1.66
 2.07667
 1.72333
 1.09667
 1.38333
 1.43333
 1.49333
 1.35333
 1.85333
 1.26333
    1.13
 1.15333
 1.39667
 1.35667
    2.05
    1.26
    1.64
 1.39333
 1.68667
 1.39333
0.906667
 1.24667
    1.55
 1.23333
0.843333
 1.09667
 1.90667
 1.16333
 1.55667
 1.67667
 1.35333
    0.37
0.556667
    0.52
0.653333
0.773333
0.356667
0.353333
    0.77
0.453333
0.596667
0.443333
    0.42
0.563333
0.703333
0.603333
0.853333
0.486667
0.533333
0.593333
    0.54
0.423333
0.543333
    0.57
0.603333
0.406667
0.416667
0.526667
0.403333
0.463333
     0.6
    0.67
0.556667
0.496667
0.706667
0.533333
0.643333
    0.58
0.473333
    0.54
0.486667
    0.37
    0.67
    0.45
0.563333
0.613333
    0.69
0.433333
    0.47
0.673333
0.623333
0.486667
0.606667
0.533333
0.503333
0.523333
     0.8
 1.28333
    0.84
 1.14667
 1.21333
0.663333
0.906667
0.936667
 1.15667
0.763333
0.756667
0.393333
0.556667
0.596667
0.366667
    0.48
0.656667
0.656667
0.566667
0.613333
0.476667
0.336667
0.573333
0.586667
    0.64
0.513333
0.576667
    0.55
    0.66
0.503333
    0.53
0.383333
    0.47
     0.3
0.556667
0.333333
    0.38
0.503333
    0.52
0.336667
0.383333
    0.39
    0.41
0.536667
    0.65
0.403333
0.513333
0.723333
    0.61
0.656667
0.636667
0.473333
0.596667
0.656667
    0.65
    0.73
0.573333
    0.47
0.436667
0.713333
    0.64
0.566667
    0.39
0.563333
    0.56
    0.65
0.346667
    0.53
0.506667
0.536667
0.503333
0.726667
0.406667
0.403333
0.633333
    0.71
0.533333
    0.48
0.456667
0.476667
    0.66
0.533333
     0.7
0.686667
     0.4
    0.68
0.663333
0.406667
    0.48
0.413333
0.493333
0.586667
0.503333
0.333333
0.766667
0.306667
    0.48
    0.39
0.523333
0.823333
0.546667
    0.41
0.663333
    0.68
0.646667
    0.48
0.323333
0.486667
0.446667
0.376667
0.523333
0.646667
0.343333
    0.32
0.473333
0.676667
    0.44
    0.55
0.796667
0.456667
    0.67
    0.31
    0.41
    0.49
0.583333
0.683333
    0.36
0.596667
    0.54
0.463333
0.483333
    0.49
0.483333
0.536667
0.753333
0.623333
0.536667
0.636667
0.583333
    0.58
0.603333
    0.39
0.476667
    0.49
    0.38
0.683333
    0.63
    0.28
0.563333
0.466667
     0.5
    0.72
0.583333
0.643333
    0.54
0.926667
    0.47
0.513333
0.363333
0.403333
0.416667
0.496667
0.613333
0.473333
    0.63
0.533333
    0.52
    0.56
0.546667
0.666667
0.583333
    0.43
    0.46
0.443333
0.436667
0.593333
    0.47
    0.52
    0.53
0.476667
0.606667
0.366667
0.513333
0.373333
    0.63
0.536667
0.463333
0.466667
0.563333
 1.60333
    1.02
 1.63667
 1.00667
 1.63333
    1.51
 1.75667
0.786667
    1.02
 1.36333
    1.31
0.843333
 1.65333
     1.3
