0.436094
0.435902
0.746997
0.331285
0.523459
0.927021
0.967659
 2.39786
 2.07604
0.860093
 1.47649
0.847412
 1.04069
0.888704
 1.60214
0.551904
  1.0804
 2.08264
 2.20088
 1.71277
 1.14798
 1.81351
0.810011
 1.20335
 1.41191
 0.97711
 1.00925
0.684148
  0.9973
 1.56115
 1.36274
0.925961
 1.26102
0.875978
  1.6219
 1.27895
 1.29669
 1.39846
 2.00369
 1.43285
0.633425
0.579086
0.489041
0.763669
0.678827
0.483969
0.386873
0.729094
0.298767
0.787506
0.354247
0.477081
0.391073
0.332069
0.394753
0.601434
 2.32321
0.977604
 1.66164
 3.14444
0.979934
 2.16385
 1.94465
 3.91267
 1.88405
 3.76454
  2.2169
 3.07078
 1.26706
 2.75448
 2.17941
 1.55098
0.507164
 0.47899
0.604285
0.628664
0.684933
 0.49367
0.693983
0.473909
0.646293
 0.59504
0.356948
0.543411
0.420841
 2.25688
 1.37281
  1.8047
 1.86992
 1.83937
 1.16729
 1.93524
 1.27357
 1.56371
 1.15805
 1.89131
 1.07179
 1.18286
 1.42849
 1.73464
 1.15365
 2.65569
0.417727
0.642698
0.559418
0.674306
0.637597
0.499517
0.563113
0.348484
0.664684
0.610211
0.506956
0.613569
0.664266
0.633685
0.602828
0.740621
0.822537
0.412898
0.783169
0.554609
0.336027
0.615059
0.374484
0.449476
0.542489
0.693368
0.419857
0.446625
 0.42789
0.601739
0.321925
0.424311
0.601274
0.512333
0.628305
0.727618
0.510429
0.613049
0.915952
0.523471
 0.66337
0.600487
0.673244
0.806185
0.435329
0.582833
0.651886
0.388979
0.630683
  0.5844
0.543362
0.583859
 0.40359
 1.06779
 0.46981
0.610488
0.656559
0.479357
0.392261
0.514036
0.525034
 0.62153
0.580596
 0.73261
0.715389
0.705323
0.531016
0.406421
0.462917
0.499801
0.705582
0.508009
0.664749
0.693595
0.643152
0.653003
0.643354
  1.9222
 1.10942
0.920636
 2.65099
 1.41274
 1.73617
 0.78234
 2.20883
 1.26871
  1.4034
  1.1009
 1.26472
 1.68162
 1.32758
 1.24524
 2.49979
 2.06145
 2.00219
 1.26983
  1.2613
0.433057
0.535805
0.412518
 1.66258
0.964881
 1.43688
0.847447
 1.85182
0.940857
 1.50611
 2.19205
 2.35134
 3.62592
0.733739
 1.61808
 1.19246
 1.40613
 2.20667
 2.68104
0.871773
 3.42171
0.848033
0.637604
 1.74791
 3.07808
0.732449
0.517035
0.531141
 0.41742
0.455124
0.444985
0.488501
0.312561
0.467245
0.583608
0.848487
 0.47458
0.468423
0.418303
0.433614
0.743579
0.520377
0.788382
0.431915
0.409293
0.480145
0.695946
0.526113
 0.48858
0.585688
0.773221
0.690472
0.421352
0.807633
0.425738
0.700623
0.644879
0.700541
0.598006
0.595161
0.437989
 0.82286
0.507213
0.674525
0.670329
0.470593
0.668436
0.724679
0.498846
0.450473
0.507868
0.779542
0.542112
0.522455
0.378437
0.559166
0.839156
0.605495
0.602314
0.445252
0.743227
0.516879
0.567658
0.629121
0.523605
0.909371
0.678307
0.537484
0.507209
0.592079
0.586362
0.529179
0.665366
0.617317
0.402289
0.476677
0.547068
0.467035
0.453031
0.614364
 0.74998
0.597718
0.342881
0.463446
0.559321
0.428726
 0.55019
0.668822
0.542109
0.698367
0.590902
0.569006
0.533077
0.515976
0.369154
0.468608
0.627396
0.498583
0.715001
0.776473
0.701414
0.528658
0.415862
0.447528
0.679163
0.692644
 0.54302
0.585947
0.518172
0.448474
0.613213
0.788143
 0.56281
0.514335
0.486642
0.683036
0.522274
0.571026
 0.56759
0.528997
0.654452
 0.72366
0.748899
0.431695
0.506888
0.736439
0.344617
0.448839
0.756974
0.504555
0.482947
 0.42486
0.526355
0.691912
 2.08945
 1.79598
  1.9415
 2.50108
 3.10023
 1.92145
 2.00543
 1.47695
 1.48362
 1.30973
 1.52018
 2.08509
 1.41844
0.692871
0.650211
0.775711
0.502776
 2.10441
 1.65538
 1.13653
 1.33665
 1.08412
 1.18947
0.959594
 1.52746
 1.34334
0.930524
0.647331
 2.07042
0.921471
 1.57182
 1.06534
0.750907
 1.69518
 1.67405
 2.06541
0.405827
0.410001
0.506059
0.359101
0.454646
0.334699
0.502788
0.594137
0.558441
0.419134
 2.03285
 1.61037
 1.45683
  1.6174
 1.41651
 2.31432
 1.16716
 1.10644
0.699061
 1.26988
 1.36417
0.962838
  2.6686
 1.47327
 1.95958
 1.24606
 2.57692
 1.45588
 1.81001
 1.28849
 1.03901
0.745277
 3.58791
 2.02127
 2.17049
 2.81474
 1.85655
 1.95452
 1.29042
 1.82392
0.871844
 1.26231
0.890458
 1.49908
 2.05368
 1.84369
 1.46799
0.554465
0.713506
0.684941
0.750725
0.535374
0.569754
0.459614
0.571532
0.509222
0.636408
0.491189
0.509947
0.461605
 0.39605
0.458673
0.581173
0.350116
0.679262
 0.57735
0.556257
0.436828
0.818322
0.517348
0.662589
0.639766
 0.71209
0.479572
0.609834
0.465689
0.715087
0.487714
0.465295
0.377551
 0.73634
0.875966
0.894809
0.637477
0.607736
0.670653
0.535189
 0.48573
0.654205
0.538741
0.616122
0.641991
0.397746
0.383816
0.575918
0.680086
0.663529
0.607174
0.525694
0.552091
0.299589
0.735095
0.486612
0.426837
0.429151
 0.55914
 0.61552
0.694781
 0.62022
0.352952
0.633329
0.347993
0.825548
0.780393
0.579313
0.938581
0.460422
0.466944
0.895177
0.569937
0.576134
0.634138
0.674144
0.705992
 0.36338
0.336225
0.600514
0.518176
0.692559
0.435153
0.532514
0.475035
0.795979
0.437656
  0.6046
0.519118
0.464453
0.364992
0.669792
0.845235
0.438266
0.637527
0.415438
0.452147
0.521289
0.438871
0.320369
0.771469
 0.64392
0.642649
0.424225
0.537569
0.634082
0.506543
0.755508
0.479528
0.675851
0.811037
  1.1645
 1.17379
 1.88518
 0.94257
 1.64126
 1.85843
 1.04077
 1.32078
 1.40169
  1.4324
 1.77653
0.866863
 1.41903
 1.64941
 1.47568
 1.08656
 1.40057
 1.98744
 2.34984
 2.22397
0.935845
0.905476
 1.20111
  0.9359
 1.44532
 3.54843
0.975489
  2.0383
  1.2869
 1.28466
 1.49831
0.671215
 1.45108
 1.75075
  1.2892
 1.04961
 1.47711
 1.01523
 1.25332
 1.58792
 1.24069
0.932732
0.963613
 1.18309
 1.13062
 2.48396
 1.58798
  2.4071
 2.44735
 1.09945
 1.59112
0.559012
 1.13006
 1.05924
 1.28247
0.586893
 1.27117
 1.19968
0.806567
 1.22467
0.627898
 1.04771
 1.74417
 1.37734
  1.0027
 1.77207
  0.9773
0.922873
  1.8444
 1.01512
 1.31118
 1.42242
 1.39176
 1.61891
0.654351
0.491663
0.418307
0.593913
0.774279
0.130409
0.541191
0.592889
0.372031
0.538346
0.528482
0.473619
0.509916
0.378137
0.456099
0.483526
0.723209
0.597502
0.575774
0.373116
0.565592
0.467331
0.426083
0.575673
0.475844
0.479654
0.595956
0.476655
0.558491
0.648525
0.824468
0.573724
0.410235
0.575378
 0.46787
0.665223
0.477822
0.641237
0.556181
0.754942
0.498793
0.794107
0.801548
0.524214
0.857733
  1.8425
  1.0077
 1.09973
 1.84311
 1.83878
 1.21942
 1.39012
 1.37011
0.820668
0.886002
 1.36653
 1.28259
 1.39174
0.897541
 1.26616
 1.09472
 1.77502
0.989786
  1.0613
 2.01141
 1.21133
0.896447
   1.548
 1.36006
 1.35804
 1.64846
 1.47797
 1.44519
0.475761
0.832152
0.926529
  1.2948
 1.07895
0.667888
0.436534
0.710283
0.538635
0.827543
0.663936
0.526209
0.551792
0.607797
0.646598
0.293729
 2.24053
 1.69068
 2.49466
 1.63411
 1.18822
 1.71351
 1.57703
  1.9228
 1.28454
 1.75313
  1.1532
 1.25046
 1.39087
 1.29775
 1.55115
 2.96884
 1.34121
 1.77308
 1.59229
 1.69778
 1.69856
 1.08192
 1.23238
  1.7004
 1.33466
0.849821
 1.06467
 2.07683
 1.33539
 1.74451
 2.05747
 1.40005
0.374159
0.615331
0.555648
0.714614
0.835174
0.385817
0.357711
0.822721
0.419962
0.623418
0.483075
0.564702
0.706866
0.731201
0.595352
0.954236
0.451599
0.529589
0.645793
 0.47551
0.417852
0.561082
0.655063
0.743596
 0.45095
0.521525
0.493992
0.414458
0.522555
 0.61492
0.695619
0.567214
0.466053
0.788104
0.479346
0.654813
0.615361
0.435803
0.568674
0.537074
0.346891
0.737217
0.461345
0.548112
0.677433
0.851397
0.432328
0.477424
0.684295
0.596639
0.444003
0.611707
0.657136
0.600032
0.514183
 1.01689
 3.14907
0.922378
 3.06947
 2.13796
0.698705
 1.16348
 1.18946
 2.25695
0.979683
0.805475
0.384502
0.539011
0.571273
0.367907
0.511101
0.664596
0.603767
0.723638
 0.65483
0.451741
0.331722
0.642288
0.580427
0.630038
0.556639
0.566464
0.581437
 0.72445
0.504483
0.561364
0.370209
 0.51245
 0.31373
0.606407
0.390542
0.358153
0.598262
 0.52725
0.301381
0.454764
0.342949
0.467678
0.566867
0.676693
0.356479
0.527844
0.750095
0.643757
0.654646
0.670422
0.506057
0.773045
0.674557
0.761815
0.708089
0.447867
0.551014
0.464957
0.750679
0.620273
0.492873
0.417659
0.558239
0.524978
 0.61854
0.325621
0.480687
0.474862
0.507145
0.544283
0.785314
0.451513
0.422929
0.570036
0.708293
 0.59698
0.467566
0.449784
0.606637
0.772585
0.478809
0.704836
0.703483
 0.43297
0.802535
0.664749
0.408475
 0.46665
0.344287
0.467076
0.527986
0.501249
0.309345
0.700137
0.348108
0.499283
0.405568
0.470124
0.812414
0.620578
0.463429
0.638682
0.842596
0.697485
0.574769
0.364075
0.583259
0.423916
0.360288
0.481893
 0.67623
0.338327
0.307743
0.510339
0.696346
0.504962
0.600532
0.970902
0.447659
0.695874
0.318721
0.411923
0.477096
 0.60171
 0.62216
0.395451
0.651613
0.501214
0.567924
0.476758
0.459378
0.531258
 0.57849
0.794351
0.595437
 0.63584
0.576281
0.610378
 0.53129
0.635548
0.445664
 0.52607
0.462267
0.362659
0.638299
0.582845
0.269992
0.525999
0.516638
0.619487
0.787463
0.586492
0.570089
0.602877
0.947186
0.477218
0.493343
0.333459
 0.45467
0.476525
0.562469
0.639046
0.452687
0.701762
0.559372
0.601197
0.504764
0.521227
0.714533
0.724234
0.458408
0.443651
0.528061
0.416958
 0.66182
0.466046
0.661526
0.637375
0.599319
0.703769
0.363746
0.426433
0.416575
0.609772
0.524037
0.546473
0.513973
 0.47954
 1.73921
 1.24657
 2.05679
 1.11951
 2.30315
 1.67038
 2.28899
 1.54433
 1.06696
 1.81502
 1.64987
 1.17879
 1.91568
 1.38511
