    0.393873
   -0.380004
   0.0495607
    0.346589
   -0.106601
  -0.0897352
    0.344624
   -0.356466
    0.687486
    0.260818
     0.27617
   -0.490571
     0.26175
   -0.647743
   -0.281244
   -0.271891
    0.297322
   -0.168374
   -0.161341
   -0.884893
   0.0818126
    -0.27686
   0.0529149
   -0.368076
  -0.0864624
   -0.513974
   -0.454733
   -0.549103
  -0.0035291
    -0.17937
   0.0972849
   -0.118135
   -0.648692
   -0.294846
   -0.096199
   -0.544034
     0.36251
    0.442168
  -0.0141794
    0.750776
    0.234537
     0.81058
   -0.273068
    0.344437
   -0.190492
   -0.179597
   -0.350497
    0.283144
    0.686816
    0.371561
    0.464867
    -0.44957
    0.142136
    0.657719
   0.0103465
  -0.0748702
    0.127182
    0.222468
   -0.421838
    -0.48005
    0.154396
   -0.393004
    0.294518
    0.589877
  -0.0776627
   -0.140687
   -0.519333
   -0.473233
   -0.263841
   -0.543787
   -0.205335
  -0.0252455
   -0.472816
  -0.0627512
   -0.284004
   -0.194734
   0.0619524
   -0.110414
   -0.506085
    0.262819
   -0.755339
    0.180906
  -0.0838321
    0.296461
    0.434973
    0.880862
    0.285452
   0.0550318
   -0.328782
   -0.280117
    0.321797
   -0.120507
   -0.586444
    0.149165
   -0.417453
   0.0352842
     0.16703
    0.635348
   -0.710872
    0.576168
    0.865683
   -0.293796
    -0.40601
  -0.0258398
    0.210846
   0.0297396
    0.616941
    0.441123
    0.282555
    0.510981
   -0.651619
    0.428151
    0.563163
    0.587496
  -0.0476432
   -0.030736
   -0.333173
    0.420279
   0.0591198
    0.372298
    0.614194
   -0.316252
    0.323864
    -0.11067
   -0.159459
   -0.795867
   -0.638035
    0.011572
  -0.0721016
   -0.303262
  -0.0449412
   -0.626736
   -0.245327
   -0.249961
   0.0740623
    0.210694
   -0.178864
   -0.451194
   -0.081402
   -0.335572
   -0.515701
    0.123751
    0.686132
   -0.406332
   -0.179564
   -0.544206
    0.124331
  -0.0530051
   -0.233997
   -0.613966
   0.0235641
   0.0666536
   0.0369428
   -0.585703
   -0.551145
    0.722399
    0.490712
   -0.420636
     0.27758
    0.408969
    0.206627
    0.551985
   -0.164948
   -0.350349
   -0.111693
    0.186505
   -0.184597
   -0.282518
    0.330487
   0.0190429
   -0.115938
   -0.523771
   -0.817213
    0.692887
  -0.0449895
  0.00863599
    0.575115
   0.0509884
   -0.214145
    0.417946
    0.958787
   0.0159782
   -0.177642
   -0.228723
    0.634201
    0.482034
     0.18272
  -0.0201089
   0.0635569
    0.156621
    0.271606
  -0.0814366
    0.199387
    -0.42134
   0.0409749
   -0.457502
   0.0584564
  -0.0583051
    0.611575
   0.0245862
   -0.604226
    0.185918
    0.478934
   -0.124745
   -0.225475
     0.71086
   -0.566156
  0.00572192
  -0.0249198
   -0.903874
    0.682102
    0.749672
   -0.502935
    0.575755
   -0.182676
   -0.404459
    0.111343
   -0.689131
   -0.276613
    0.351146
  -0.0620036
  -0.0790128
    0.221413
    0.201558
   -0.136684
    0.571819
     0.28806
   0.0990297
   -0.451357
   -0.119084
    0.433183
    0.066442
    0.483867
    0.345509
     0.46056
    0.263718
    0.125653
    0.179422
    0.163495
    0.555421
   -0.209721
   -0.241833
    0.453259
    0.215243
    0.265393
  -0.0607587
    0.211717
    -0.57257
   -0.390805
    0.322107
     0.10136
    0.233739
   -0.299012
   -0.312775
    -0.22445
   -0.324215
   0.0613606
    0.212935
   -0.782434
   -0.193598
   -0.350374
    0.739964
  -0.0107162
    0.156367
    0.207085
   -0.327341
    0.044078
   0.0105491
    -0.25334
   -0.410426
   -0.563441
     0.75433
  -0.0243666
  -0.0716392
    0.682253
    0.108991
   -0.105055
    0.130405
   -0.659418
   0.0183928
    0.204679
   -0.455749
   -0.232367
    0.165358
    0.263643
  -0.0904704
    -0.18152
    0.411442
   -0.404194
   0.0670258
   -0.218102
   -0.330713
   -0.011232
   -0.126589
    0.353195
   -0.176605
    0.165527
   -0.112272
    0.403816
    -0.16064
    0.190975
   -0.667687
   -0.230052
   0.0300682
    0.555093
    0.385225
   -0.527896
   -0.103018
   -0.274346
    0.135821
   -0.042299
  -0.0229719
    0.331702
    0.154854
   -0.887647
  -0.0895871
     0.21699
    0.449551
  -0.0122259
    0.293253
    0.260321
    0.113047
  -0.0911017
    0.131525
    0.287712
    0.523057
   0.0377622
    0.105745
    0.308427
   -0.152939
    0.230129
   -0.155051
    0.207925
   -0.490482
    0.407066
    0.598259
    0.130119
   0.0434251
    0.720505
  -0.0804819
    0.172582
   -0.714124
    0.178717
  -0.0665646
    0.650004
   -0.177327
   -0.889177
   -0.613498
   -0.591223
   -0.433292
   -0.611442
    -1.25149
    0.179247
     0.13697
   -0.480795
   0.0750276
  -0.0448055
  -0.0168057
    0.214162
   -0.240744
   -0.240287
   0.0270433
   -0.141305
    0.150757
   -0.304854
   -0.308775
     0.08139
   -0.340526
    -0.35106
   -0.475682
    0.355438
   -0.710392
    0.103102
    0.202083
   -0.372629
    0.492661
   -0.268191
  -0.0107958
   0.0193803
   -0.111394
   0.0443996
   -0.175711
    0.129229
   -0.693303
   -0.238318
   -0.382105
     -0.1491
  -0.0263977
   -0.503256
    0.426263
    0.205936
    0.315261
    0.568883
    0.131197
    0.190504
    0.367476
    0.150892
    0.147332
     0.61894
    0.351507
   -0.457399
    0.703592
    0.149444
    0.065604
 -0.00410189
   -0.460666
    -0.13819
     0.43402
    0.289954
   -0.200096
   -0.400129
   -0.360718
   -0.619123
   -0.622899
  -0.0288721
    0.461048
    0.102054
   -0.305034
   -0.114531
    0.549658
  -0.0883699
   -0.305502
    0.409071
   -0.506211
    0.634401
    0.641962
   -0.193469
    0.359953
    0.642398
   -0.923801
   -0.268381
    0.393136
   -0.431731
    0.330126
    0.835449
   -0.208832
    0.198096
   -0.381141
    0.401128
    0.368535
    0.414001
    0.359358
    0.341537
  -0.0803281
   -0.033188
 -0.00989152
     0.56739
   -0.227785
   -0.465725
   -0.102037
    0.607164
   -0.803542
    0.564096
  -0.0784032
   -0.443885
    -1.10146
   -0.184025
   -0.461764
  -0.0164158
  -0.0469657
   -0.406325
   -0.253047
  -0.0639179
   -0.364053
   0.0156506
  -0.0750124
    0.269455
    0.786039
    0.157969
    0.393541
   -0.240674
    -0.35253
   0.0916692
   -0.327089
    0.314137
   -0.188625
  -0.0786976
    0.227298
    0.144473
   -0.388345
   0.0108163
  0.00698038
     1.13285
    0.163804
    0.452075
    0.138787
   -0.133915
   -0.515325
  -0.0876298
     0.27978
    0.643579
    0.229257
   -0.139334
   -0.628192
    0.230607
     0.66678
    0.176922
    0.417091
    0.858392
    0.224246
   0.0324293
   -0.355106
   -0.545256
    0.389688
 0.000785784
    0.688221
   -0.613864
   -0.308556
    0.269218
  -0.0219985
    0.311065
   -0.188668
  -0.0416177
   0.0568238
  -0.0141981
   -0.160036
    0.347929
  -0.0487253
    0.121502
    0.287733
     0.82993
    0.236236
   0.0404653
   -0.154223
   0.0785338
   0.0510214
    0.581641
    -0.34313
    0.163491
    -0.34077
   -0.437791
   -0.355151
   -0.163337
    0.468523
   -0.270307
  -0.0822311
    0.632965
   -0.197243
     0.17898
    0.181339
    0.392323
   -0.174379
    0.487688
  0.00462861
    0.206345
   0.0863747
    0.206735
  -0.0392005
     0.20223
    0.100128
    0.357904
   -0.567962
    0.446903
   -0.333266
  -0.0818213
   -0.258159
    0.751473
    0.287704
   -0.300701
   -0.688774
  -0.0774083
   -0.188106
     0.20253
   -0.463419
    0.410436
   -0.431868
   0.0568578
   -0.496132
   -0.713475
    0.296335
  -0.0748007
    0.149793
 -0.00949943
    0.212015
  -0.0948872
    0.550068
   0.0442086
    0.719503
    0.190842
   -0.147902
    0.705477
  -0.0780412
   -0.670205
    0.311449
   -0.016164
    0.130884
    -0.40968
 -0.00550276
   -0.170168
    0.456383
    0.595216
   -0.138785
   -0.569794
   -0.145314
   -0.198132
   0.0162688
    0.428453
   -0.365183
    -0.29698
   0.0180294
   -0.600521
  -0.0308322
    0.344253
   -0.266092
    -0.56418
    0.331403
   0.0419219
   -0.171471
   0.0763248
    0.392568
   -0.389582
   -0.135214
   0.0748191
    -1.11414
    0.198694
    0.824905
   -0.948969
   -0.294652
    0.316274
    0.278968
    0.326741
   -0.565892
   -0.250719
   -0.817852
   -0.569901
-0.000710129
    0.188614
   -0.143602
   -0.143158
    0.378452
    0.554482
   -0.433792
    0.712415
  0.00107831
    0.577898
   -0.284571
   -0.391313
   -0.495809
    0.718296
    0.625985
    0.761706
  -0.0638698
     0.17069
    0.192985
   -0.313063
    0.302505
    0.557744
    0.201841
     0.18624
    0.660413
  -0.0374292
    0.636248
    0.357758
   -0.369476
  0.00466844
   -0.191632
      0.3456
    0.598328
  -0.0136864
    0.247608
    0.104238
    0.134023
    0.897606
    0.188238
    0.427628
   0.0461016
    0.350335
   -0.524161
   -0.493207
    0.288247
   0.0375555
    0.373938
    0.353374
     0.15604
   -0.611515
   -0.115046
  0.00588901
   -0.205227
    0.319878
   0.0313422
    0.131633
    -0.52346
     0.26041
   -0.216822
    0.312814
   0.0310033
    0.130812
    0.357816
    -0.11263
   -0.384183
   -0.487212
    0.020408
    0.689344
   0.0802215
   -0.370053
   -0.482456
    0.288453
    0.366226
   -0.931539
  -0.0733613
   0.0660665
    0.072665
   0.0849181
    0.481348
    0.360117
   -0.232707
    0.299972
     0.17963
    -0.31746
    0.502133
    0.142562
   -0.174591
   0.0139576
     -0.1426
   0.0168954
   -0.203602
    0.143268
  -0.0897776
    0.536306
   -0.228123
     0.27399
    0.521115
    0.123775
    0.082985
     0.42759
   -0.439529
    0.246941
   0.0450626
    0.646285
   -0.484248
    0.284453
    0.116008
   -0.337045
   -0.253394
    0.239071
   -0.647145
    0.214404
    0.524445
    -0.51319
    0.122723
   -0.894316
    -0.41141
    0.021943
    0.862892
   -0.513861
   0.0677086
   -0.304436
   -0.308916
   0.0159275
    0.279394
   0.0232192
   -0.310145
   -0.328402
   0.0573924
   -0.102518
  -0.0642441
    0.343627
   -0.114675
   -0.856914
  0.00729909
    0.345384
   -0.274421
   -0.845448
   -0.174409
   -0.768018
  -0.0431791
   -0.136341
    0.188409
    0.181077
    0.706283
   -0.863272
   -0.205893
    0.208069
    0.860087
    0.454597
   -0.131222
    0.047939
      0.5627
  -0.0934613
    0.171865
   -0.671863
   -0.122482
   -0.268761
   0.0174531
   -0.175315
    0.745747
   -0.524578
    -0.48564
   -0.202948
    0.418199
    0.838649
  -0.0758763
    0.380612
    0.187468
     0.69266
    0.758233
    0.224269
   -0.352216
    0.277133
  -0.0454511
    0.659726
     0.47682
    0.404783
   0.0501263
    0.135048
    0.205194
    0.343814
   -0.125667
   0.0424432
    0.981796
   -0.139705
     0.66322
    0.551329
   -0.324447
    0.245422
    0.159446
    0.246668
   -0.115618
   -0.608498
    0.512281
    0.153667
   -0.893441
    0.331815
  -0.0167032
   -0.186804
    0.889693
   -0.287775
   0.0825163
    0.112812
   0.0460938
   0.0769115
   -0.666103
     0.12091
    0.421528
   -0.594679
  -0.0194496
   0.0930267
    0.562248
    -0.29358
   -0.122213
   -0.327401
    0.179105
     0.38514
   -0.219023
    0.642315
    0.116108
    -0.11808
    0.498488
    0.360661
   -0.220478
    0.135033
   0.0324919
  -0.0180678
   -0.601608
   -0.850192
   -0.103363
   0.0252413
    0.291565
   -0.132383
   -0.669515
    0.939968
    0.281343
   -0.257626
    -0.31957
   -0.118759
   0.0487683
    0.345022
    0.247008
    0.571177
   -0.318322
 -0.00265406
    0.275434
    -0.29687
    0.878578
   -0.401593
    0.106713
    0.131941
  -0.0101652
    0.400056
   -0.616048
    -0.15996
    0.782132
    0.550239
    0.111222
    0.182636
  -0.0690927
    -0.69163
    0.462931
   -0.227205
  -0.0303249
     -0.1195
    0.108407
    0.496651
   0.0338931
  -0.0760741
   0.0607761
    0.758499
     0.36016
   -0.386749
   0.0846863
 -0.00958306
   -0.226404
   -0.166028
    0.136507
   0.0645002
   -0.312635
   -0.687232
     -0.6013
   -0.473771
   -0.395266
   -0.316561
    0.318318
   -0.026491
    -1.05606
   -0.259172
    0.185803
    -0.55298
   -0.311002
  -0.0967565
    0.075786
   -0.112106
    0.200704
   -0.308943
   -0.313268
   -0.546071
   -0.735038
    0.157921
    0.156841
   -0.501763
  -0.0880122
   0.0602597
   0.0520587
    0.224177
  -0.0540422
    0.157644
    0.196959
   -0.112916
    0.377823
   0.0541928
    0.859282
    0.225841
   0.0799246
   0.0742787
    0.336167
     0.48632
  0.00985197
   -0.376818
   -0.179084
   -0.096672
   -0.179621
    0.603439
    -0.28424
    0.564009
    0.103142
   -0.370036
  -0.0182998
   -0.452441
   -0.618344
   -0.388679
   -0.364442
    0.193975
   0.0582426
   -0.559993
   -0.812835
   -0.523091
    0.314704
  -0.0467583
    0.706276
   -0.668624
      -0.771
   -0.457885
   -0.347308
   0.0345512
    0.631697
    0.109274
   -0.644289
   -0.129316
   -0.226065
   -0.538126
    0.196127
 -0.00881802
   -0.327312
     0.39486
   -0.568307
    0.435829
  -0.0270467
    0.270999
   -0.409971
  0.00253121
    0.114115
    0.196658
    0.146819
  -0.0158028
   -0.503695
   0.0418529
  0.00512553
    0.402528
    0.420515
    0.156898
   0.0884848
