    0.397123
   0.0789138
   -0.124898
   0.0185281
    0.419201
    0.438993
   -0.579808
    0.500864
    0.069008
    0.135846
   0.0163088
     1.18941
    0.490121
    0.126482
   0.0545655
   -0.138837
   -0.435365
    0.506387
    0.277768
    -0.32864
    0.355132
    0.318157
    0.566066
   0.0786178
   -0.238729
     0.39357
     0.13259
     0.13959
  -0.0386423
   -0.503835
    -0.11982
   -0.366812
    0.324502
 -0.00702027
  -0.0951486
   0.0952153
    0.183198
  -0.0263094
   -0.337943
    0.287678
   -0.715491
   -0.378276
   -0.303921
   -0.814524
    0.626256
   -0.748858
    0.420065
   0.0467767
  -0.0775321
   -0.220347
 -0.00302321
    0.850811
   -0.674453
    0.209941
   -0.579455
  -0.0140099
   -0.127999
    0.637404
     -0.7622
   -0.653873
   -0.125821
   -0.341338
   -0.356767
   -0.294368
  -0.0856052
    0.444495
   -0.652414
    0.281397
   -0.579875
   -0.200722
    0.739097
    0.126758
  -0.0667917
   -0.215943
-0.000120801
  -0.0689931
    0.120761
 -0.00801558
    0.216958
   -0.730508
    0.143735
    0.361164
   -0.163118
   0.0948339
    0.471857
    0.160542
   -0.259445
    0.157015
     1.51846
   -0.134642
  -0.0445896
   -0.130225
   -0.404995
   -0.410601
   -0.609169
  -0.0767613
   -0.129589
    0.788442
   -0.142795
   -0.504968
  -0.0760273
     0.38333
    0.775378
   -0.955716
    0.190543
   -0.442537
   0.0672699
   0.0099808
   -0.612092
    0.118945
   -0.516698
   -0.286237
    -0.35317
    0.476105
    0.617508
    0.364686
    0.529593
   -0.199746
   0.0881897
    0.489864
    0.594991
  -0.0856021
    0.314606
   0.0729126
 -0.00646893
    0.226416
    0.112203
   0.0359252
    0.571841
    0.345914
    0.270858
  -0.0296845
    0.096599
     1.12568
   -0.755855
    0.918347
   0.0233565
    -0.24046
   -0.651633
     0.49937
    0.453827
   -0.305023
 -0.00827918
   -0.149879
   -0.393402
    -1.09149
    0.239614
    0.334578
     -0.2924
     0.74355
   -0.379386
     0.35656
   -0.367819
   -0.396252
   -0.411057
   0.0400323
    0.405093
   0.0699809
     0.50845
    -0.28525
   -0.226648
    -0.45069
    0.345163
   0.0702718
    0.118601
    0.200059
   -0.142452
   0.0415337
    -1.02466
  -0.0674252
    0.907811
    0.101098
   -0.271139
     0.17403
    -1.24762
   -0.572979
    0.805323
    0.175777
    -0.08597
   -0.432131
   -0.284551
   -0.330566
    -1.20341
   -0.547915
   0.0758651
      0.5811
   0.0517035
   0.0303532
    0.237585
  -0.0418267
   0.0227122
  -0.0382816
  -0.0416852
    0.241301
    0.813956
   0.0938137
   -0.377706
    0.408075
  -0.0236728
    0.284193
   -0.457191
   -0.893739
    0.548344
    0.196906
   -0.230968
   -0.735627
    0.327268
     0.12478
   -0.446276
    -0.12822
    0.144034
    0.456243
   -0.179151
    0.365427
   -0.400456
   -0.295772
    0.619583
   -0.264133
   -0.192654
   -0.197541
   0.0756605
   -0.298365
   -0.343996
   -0.147868
    -0.59091
  -0.0366192
   0.0976211
   -0.371253
     0.81143
    0.117898
    0.125173
   0.0668787
    0.681499
    0.428746
   -0.147367
   -0.244982
   -0.156166
   -0.107447
    0.243649
    0.550992
  -0.0984503
   0.0417238
  -0.0819339
   -0.173198
   -0.679691
    0.201955
    -1.23781
    0.301754
   -0.853572
  -0.0932213
    0.153806
  0.00413337
    0.306708
   -0.119366
   0.0176555
        0.31
   -0.253849
    0.157778
    0.284656
    0.356787
  0.00684499
    0.402852
    0.571599
  0.00220476
    0.302506
    -0.50278
   -0.593465
    0.501007
   -0.116401
   -0.331607
   -0.446215
    -0.32769
    0.135601
     0.23429
  -0.0129698
    0.335433
    0.228356
   0.0946213
    0.465692
   -0.261502
    0.669466
   0.0105744
 -0.00877209
   -0.116854
    0.266178
    0.370278
    -0.14682
   -0.310698
    -0.15958
    0.273555
    0.046571
   -0.333896
   -0.148633
   -0.340873
   -0.272364
  -0.0834063
   -0.292401
   -0.372436
   -0.301853
   -0.196818
   -0.500846
   -0.119674
    0.656207
    0.727736
   -0.527757
   -0.454087
   0.0266662
   -0.839915
   -0.704669
    0.110956
    -0.18914
    0.368543
    0.362714
   -0.221343
    -0.43894
    0.250889
  -0.0365234
   -0.479751
    0.354715
   -0.901217
    0.211613
    0.221186
   0.0371308
   -0.514159
   -0.428099
   -0.357698
  -0.0651805
    0.291002
   -0.255046
    0.721763
    0.142429
  -0.0415362
    0.118817
   -0.261577
    0.537693
     0.45192
    0.489315
   -0.319231
   0.0133814
   -0.392378
    -0.74531
  -0.0503942
   -0.167971
   0.0400538
    0.787846
    0.105972
   -0.151235
     0.66871
   -0.461486
  -0.0033946
    0.176631
   -0.317864
    0.922703
  -0.0407142
   -0.086473
  -0.0152239
  -0.0858253
    0.382636
  -0.0369643
   0.0018509
    0.574167
   -0.339114
  -0.0813753
    -0.01505
  -0.0820821
  -0.0664728
   -0.532819
   -0.110264
   -0.378589
   -0.672533
  -0.0396346
    -0.31433
    0.131827
    0.236384
    0.252714
   -0.145515
     1.47349
     1.05141
   0.0643487
    0.796041
    0.421522
    0.282214
   -0.319991
     0.20521
    0.110455
   -0.491394
   0.0470353
    0.604378
   -0.617802
   -0.439141
    0.984327
    0.170456
   -0.427442
    0.428932
   -0.791349
    0.146364
   -0.180154
   0.0867603
 -0.00118098
    0.147022
   0.0870036
    0.848241
   -0.279685
   -0.351016
   -0.676351
  0.00988978
    0.156755
     0.86861
     -0.4011
    0.547242
    0.277298
    0.626742
   -0.362343
   -0.550468
   0.0786289
    0.868476
   0.0922027
    0.046934
    -0.39797
  0.00558073
   -0.334119
  -0.0462054
   -0.149055
   -0.442764
    0.427378
  -0.0370974
    -0.16567
    -0.25194
    0.568186
   -0.617845
 -0.00181391
    -0.17312
   0.0666428
   0.0152768
   0.0551085
    0.494994
   0.0527613
  -0.0895039
    -1.72558
     1.00684
     -1.2721
   -0.508069
   0.0202974
      0.5028
    0.679291
    0.115054
   0.0838991
   -0.087421
   -0.438781
    -0.11773
   -0.135156
     0.13795
    0.124367
    0.057942
    0.690699
   -0.636478
    0.578752
   0.0675591
   -0.443884
   -0.774166
   -0.342551
    0.286234
    0.204773
   -0.658324
    0.046051
     0.11036
   -0.312836
    0.603032
   -0.229221
     0.42336
   -0.500379
     -0.1489
    0.295719
    0.191095
 -0.00316219
   -0.694262
    0.276924
   -0.694227
   -0.212311
   -0.290109
    0.249961
   -0.272364
    0.244037
   -0.480827
    0.230286
   0.0869511
   -0.543983
   -0.513929
  -0.0443246
    0.486159
   -0.407456
   -0.253093
   -0.735313
    0.373041
    0.217001
   -0.606006
    0.370139
   0.0352433
    -0.32772
  -0.0732156
   0.0067607
    0.221325
    0.553708
    0.245066
    0.194428
  -0.0355699
    0.176869
   -0.241547
   -0.444396
    0.202086
    0.319762
    0.453954
   -0.239524
    0.235857
   -0.543257
  -0.0667832
   -0.392156
    0.264092
   -0.410916
    0.408163
   0.0289377
   -0.754255
   -0.125523
   -0.285464
   -0.995814
     0.27581
   -0.557693
   -0.176944
   -0.202504
    0.203989
     1.26196
    0.308461
    0.984911
    0.469437
   -0.583215
   -0.299201
   -0.584767
    0.456537
  0.00564648
   -0.331606
    0.015023
    0.240902
   -0.260192
    0.137362
    0.330519
   -0.826035
   -0.370113
    -0.35701
    0.470178
  -0.0335845
    0.662648
   -0.264122
    0.154662
  -0.0329627
    0.322681
   -0.171402
   -0.442199
  -0.0122259
   -0.449262
    -0.18196
    0.225552
    0.323878
    0.507084
    0.590201
   -0.319512
   0.0186596
    0.162591
    0.158733
   -0.271381
    0.330154
    0.847111
   -0.631392
    0.385134
    0.362953
    0.145921
    0.210772
  -0.0281286
    0.657445
    0.155873
    0.162337
    0.277056
   -0.838435
   -0.362319
    0.878027
   -0.297623
   -0.302091
    0.297565
  0.00606503
   0.0783899
   -0.401394
     0.23469
  0.00645307
    0.222733
  -0.0480142
   -0.445032
    0.226269
   -0.247958
   -0.420831
   -0.334427
   0.0625908
    0.602676
    0.179833
   -0.364841
    0.517319
   -0.278922
    0.269738
    0.250594
   0.0828335
   -0.245507
    0.340184
   -0.191966
    0.366125
  -0.0867075
   0.0357372
  -0.0198954
   -0.521071
   -0.423471
    0.303063
    0.105186
  -0.0262233
   -0.493227
   -0.358716
     0.14704
   -0.246189
   -0.815195
   -0.145374
   -0.255655
    0.355007
  -0.0189562
  -0.0790411
   0.0153866
  -0.0678228
    0.227498
   -0.736286
     -0.3114
   -0.195041
    0.168591
    0.650815
     1.24061
    0.398842
   -0.400602
   -0.233817
   -0.328333
    0.152203
   0.0139779
    0.560276
   -0.432336
    0.250344
    0.213653
    0.184125
   -0.310214
    -0.15316
   -0.249542
   0.0468184
   -0.170704
   -0.522958
   -0.911585
 -0.00129632
   -0.118764
   -0.221433
    0.804136
    0.375638
    -0.15549
    0.222196
   -0.954595
   -0.340756
   -0.051772
    0.535882
    0.126516
    0.895375
   -0.186291
   -0.567888
  -0.0467477
    0.699595
   -0.222178
   -0.315307
    0.216596
    0.240329
    0.516782
    0.310472
    0.372644
    0.530268
   -0.196362
  -0.0762774
   -0.224271
   -0.184607
    0.284218
   -0.850135
    0.866886
   0.0284824
   0.0123151
    0.361969
     0.34772
   -0.140953
   -0.105077
   -0.137187
    0.247794
   -0.244637
   0.0595946
    -0.60958
   -0.649447
   -0.146802
    0.415103
  -0.0432877
    0.291982
   -0.259672
   -0.349314
  -0.0186266
    0.193627
    0.173228
    0.172025
    0.794984
    0.496545
  -0.0364969
    0.272079
  -0.0917145
    0.219173
   -0.273462
   -0.333818
   -0.630287
   -0.241111
    0.254545
   -0.194181
    0.452301
   0.0564366
   -0.153609
  -0.0277694
     0.16625
  -0.0799736
    0.792518
   -0.683604
    0.327329
    0.570707
   0.0188519
    0.229857
  -0.0842432
  0.00670344
    0.209289
   -0.107251
   0.0725073
   0.0850799
   -0.260547
    -0.39605
   0.0642691
  -0.0118487
   -0.394775
   -0.037249
     0.27196
   0.0704611
   -0.222765
   0.0989076
   -0.287572
   -0.546384
   -0.501537
    0.883462
    0.826615
    0.144831
   -0.171452
     0.43246
   -0.346181
   -0.127023
    0.171694
     1.00493
   -0.299919
   -0.417417
      0.2773
    0.088396
    0.277659
  -0.0590796
  -0.0325136
   -0.416659
   -0.137069
    0.831693
    0.201507
    0.428594
  -0.0130761
    0.199264
    0.447644
    0.595297
   -0.330062
   -0.262962
   -0.409935
    0.390047
  -0.0248452
   -0.526137
    0.592375
    -0.31873
    0.568118
  -0.0893278
   0.0306323
   0.0170058
   -0.474008
    -0.12341
  -0.0746221
 -0.00633469
  -0.0633655
   -0.208995
    0.120427
     1.23288
    0.226796
   -0.551482
   0.0391573
    0.411635
     -0.2178
    0.356675
    -0.19234
    0.134448
   -0.242055
   -0.501358
    0.362837
   0.0104473
  -0.0466138
  -0.0277908
    0.242211
   -0.282976
      0.4174
    0.557801
   -0.170368
    0.385067
   -0.612545
    0.094918
    0.750763
   0.0442962
  -0.0496014
   -0.160416
    0.587972
    0.269949
   -0.366334
   -0.639829
    0.387894
   -0.139769
    0.442319
   -0.597314
    0.463224
    0.120905
   -0.713113
    0.056815
   -0.155644
   -0.302683
    0.266182
    0.343678
   -0.397412
  -0.0787264
     0.70728
   -0.100552
    0.179705
    -0.15082
     1.05542
 -0.00857925
   -0.607608
    0.327565
     0.20406
   -0.168432
    0.411324
  -0.0139311
    0.675219
    0.700916
     0.45732
    0.370587
    0.448641
   -0.265095
   0.0591013
    -0.31426
   -0.033943
   -0.910996
   0.0246118
   -0.332981
   -0.844745
    0.459055
    -0.17679
   -0.424347
   -0.449747
   -0.323984
    0.203254
   0.0346957
   -0.247856
     0.18548
  0.00597869
   -0.675384
    0.202388
    0.269304
   -0.193113
    0.384124
    0.330826
    -0.33696
    0.137297
   -0.713047
   -0.647367
    -0.39327
    0.216292
   0.0340303
   0.0516633
   -0.628194
    0.127366
   -0.659466
   -0.118392
    0.156137
  -0.0398013
  -0.0636293
   -0.797641
    0.108572
    0.382471
   -0.323228
    -0.11827
    0.394699
   -0.382926
  0.00952006
    0.408577
   -0.389861
   -0.297588
   -0.988588
   0.0183222
   -0.576652
   -0.269555
    -0.38056
   -0.152371
    -0.25596
   -0.853342
   0.0210322
    0.328823
    0.271893
   -0.394725
   -0.375725
    0.028861
   0.0415025
   -0.644605
   -0.245509
   -0.368074
  -0.0368494
  0.00748317
    0.727698
  -0.0134054
    0.738315
  -0.0545461
   -0.249699
    0.280638
     0.25234
   -0.559276
   -0.261776
    0.245469
    0.159977
    -0.42134
    0.118634
   -0.299901
  -0.0672988
   -0.586875
    0.345816
   -0.187872
   -0.221151
   -0.672412
   0.0195824
   -0.396096
    0.571064
    0.457773
   -0.553453
    0.496819
   -0.156329
   -0.767864
    0.420618
    -1.21451
  -0.0958085
    0.309364
   0.0690634
      0.5295
   -0.902408
   -0.284303
   -0.248399
    0.670006
   -0.775401
   -0.187326
    0.136159
    0.112369
    -0.88046
  -0.0758452
   -0.186964
   0.0579283
   0.0204072
    -0.63057
    0.273102
  -0.0766258
   -0.245183
    0.285845
    0.066952
    0.296665
   -0.577341
   -0.680962
    0.733409
   -0.162321
      0.2837
   0.0215216
      0.1313
   0.0774222
    0.203597
    0.343248
    0.587051
   -0.307506
   -0.814226
     0.41156
   -0.036182
   -0.178487
