0.852501
 1.05768
 1.08414
  1.0749
 1.01072
 1.17009
 1.03833
 1.07741
 1.03974
 1.15706
 1.15826
 1.08744
 1.00743
 1.08557
0.966298
0.929338
0.927342
0.833064
 1.06161
 1.13766
 1.03749
 1.20721
0.988795
0.958612
 1.09528
0.930767
  1.0082
 1.11678
 1.03526
 1.18784
 1.05268
 1.00056
0.971116
0.945473
 1.27631
 1.15436
 1.09602
 1.15053
 1.07605
 1.16371
 1.14442
 1.04883
 1.03513
 1.10853
0.875706
 1.23038
 1.31435
 1.20522
0.998157
 1.14151
 1.04406
 1.03482
0.981048
 1.21377
 1.06913
   1.204
 1.14538
 1.05135
0.997799
 1.39556
 1.33482
  1.0931
   1.059
0.850377
 1.17147
 1.25434
  1.1352
 1.09218
 1.41814
 1.07816
 1.00266
  1.4543
 1.13979
 1.01399
 1.06822
 1.29865
 1.23075
0.999725
 1.53603
0.993028
0.969333
  1.0301
 1.20142
 1.10819
 1.12708
 1.12379
0.901976
 1.08199
0.991217
 1.00789
 1.09837
0.973182
0.983823
 1.02776
 1.22204
0.963919
 1.09834
0.799278
 1.22759
 1.11676
0.936039
 1.02136
 1.15322
0.896614
0.996455
 1.22465
0.999318
 1.14961
 1.07925
0.981636
 1.14121
0.874832
 1.06766
 1.05064
  1.1466
 1.18186
 1.07786
 1.04327
0.900859
 1.04682
 1.08137
 1.03685
 1.05554
 1.15759
 1.06889
0.917125
 0.95014
0.875071
0.875683
 1.17299
 1.18119
 1.02296
 0.95005
 1.08622
 1.07648
 1.13527
 1.03249
  1.1121
0.954403
  1.0633
 1.07003
  1.0867
 1.09668
  1.0825
 1.01494
  1.0081
 1.12126
0.925281
 1.04523
 1.01402
 1.15612
 1.02521
 1.06259
  1.1112
 1.04415
 1.11543
 1.14585
 1.06179
 1.10258
 1.04036
 1.05716
0.996499
0.855661
 1.01806
 1.03547
  1.0491
 0.97398
0.958129
  1.0507
 1.06009
 1.07269
 1.13722
0.978745
 1.05925
0.930703
0.961981
 1.03967
  1.2153
 1.04411
 1.02209
0.988233
 1.06356
0.967116
0.962725
0.941353
 1.01642
 1.03536
 1.05036
 1.14767
 1.01495
 1.36534
 0.95708
 1.01562
 1.03571
 1.12292
 1.11878
 1.12527
  1.1379
 1.09088
0.965328
 1.01525
0.860578
0.979441
0.759765
 1.06333
 0.93615
 1.17199
0.996786
0.979614
 1.06812
 1.03681
 1.15281
0.915174
0.945849
 1.09297
0.930202
 1.12626
0.969883
 1.12062
 1.04917
 1.00006
 1.00145
0.970541
  0.9901
  1.0584
0.945784
0.931036
 1.06661
0.940489
 1.05012
 1.03865
0.953171
 1.14017
 1.19154
0.991228
0.927756
 1.80964
0.986733
 1.35264
  1.4561
 1.11952
 1.28006
 1.95208
 1.46265
  1.3223
 1.29073
 1.07502
0.989487
 1.13349
0.920184
 1.00764
 1.00154
 1.02713
0.996412
0.946397
0.936848
 1.09804
 1.00278
  1.0352
0.929591
 1.09187
 1.00358
 1.19547
 1.11015
 1.04022
0.898531
 1.23368
0.984092
0.998036
 1.16536
 1.09538
 1.13825
 1.03745
 1.12671
 1.08229
 1.09474
 1.22557
 1.02983
 0.98186
0.959807
 1.02301
0.905618
 1.03538
0.945196
 1.21411
0.914712
0.992195
 1.10833
  1.1055
 1.08547
 1.10363
 1.09732
 1.02043
 1.03644
 1.15449
 1.07503
 0.87453
0.989006
0.943348
 1.05136
 1.07908
 1.14166
 1.10524
0.913894
0.985021
0.939675
0.974448
 1.14176
 1.21735
 1.35022
 1.16885
 1.35242
 1.22957
 1.36188
 1.10258
 1.12358
0.998983
 1.18482
 1.12683
 1.07169
 1.14413
 1.05751
 1.09597
0.959126
 1.33208
 1.21045
0.993943
 1.36303
0.958635
 1.09271
 1.28383
 1.27426
 1.06171
 1.55476
 0.93015
 1.19416
 1.25721
 1.08592
 1.01177
 1.04458
 1.16009
 1.18908
 1.33907
  1.2584
 1.24676
 1.30844
 1.44992
 1.13618
 1.03859
0.981402
 0.98804
0.979018
0.999039
 1.08005
 1.04916
 1.12859
 1.03127
0.997915
 1.12008
 1.05785
0.994106
0.938064
 1.17772
0.872301
 1.08701
0.904373
   1.206
0.888072
 1.07968
0.975281
0.983221
 1.16065
 1.07699
 1.05927
 1.02129
 1.11333
 1.17284
 1.10933
 1.03399
 1.05839
0.983304
0.972643
 1.00556
0.981821
0.971559
 1.15458
0.899309
 1.02883
 1.15645
   1.006
0.933462
 1.00761
 1.23015
 1.08789
 1.26496
  1.2351
 1.07968
 1.31298
0.935937
 1.11722
0.946805
 1.08309
 1.13016
  1.0378
 1.02005
0.951097
 1.15577
 1.14966
 0.82363
0.936018
  1.1217
 1.05924
0.988299
 1.11769
 1.09815
 1.24494
 1.19594
 1.18024
 1.07183
 1.21761
 1.16551
 1.25349
 1.14285
 1.11199
 1.01925
 1.21028
 1.00613
 1.20809
 1.10896
 1.32716
 1.04129
 1.48728
 1.24111
 1.19087
 1.50639
  1.2071
 1.30984
 1.10534
 1.25339
 1.66415
 1.84671
 1.70684
 1.32449
 1.37468
 1.74553
  1.0996
0.975128
0.984003
 1.19251
0.954166
0.928368
 1.07592
 1.04138
0.938805
 1.13959
 1.30053
 0.95658
 1.03336
 1.04318
 1.15486
 1.10276
 1.01935
 1.02305
 1.06104
 1.11892
0.976771
 1.11366
0.988919
 1.11838
0.986229
 1.08949
 1.04174
 1.33506
 1.19236
 1.22449
  1.0226
 1.10646
0.862785
 1.02879
 1.02636
 1.03581
 1.04866
  1.0402
 1.06551
0.959791
0.906901
 1.04282
 1.04548
0.974307
  1.0308
 1.01418
  1.0854
 1.13224
 1.04932
0.934336
0.971295
 1.16845
 1.00063
 1.33025
 1.02176
 1.14016
 1.08528
 1.01712
 1.10003
  1.0418
0.980591
 1.01501
 1.22439
 1.05861
 1.19558
 1.01998
 1.09699
 1.05217
  1.1097
0.887508
 1.08873
 1.08644
0.921491
 1.06327
0.992358
0.969444
 1.10197
 1.34638
 1.01745
 1.29064
 1.53578
 1.08759
 1.18706
 1.07838
  1.3208
 1.22417
 1.21008
 1.25571
0.991389
 1.37812
 1.25091
  1.1856
 1.14186
 1.10462
 1.22809
 1.19042
 1.05271
 1.03774
 1.11034
 1.12263
 1.40099
 1.28997
  1.1218
 1.35244
 1.14888
 1.11414
 1.25263
 1.00642
 1.37009
 1.24721
 1.25011
 1.31062
 1.23818
 1.27028
0.960243
 1.07871
 1.22608
 1.04883
  1.0629
 1.08746
 1.07587
 1.04874
 0.97103
0.893429
0.905266
 1.21464
 1.14722
   1.039
0.937287
 1.13972
0.994925
 1.17588
 1.10076
 1.22844
0.908994
 1.04956
0.972031
 0.96178
 1.01842
 1.07501
 1.02377
 1.06361
 1.02242
  1.1013
 1.00412
 1.03742
0.910025
 1.02329
0.963473
 1.03902
 1.00198
 1.03143
  1.0134
0.842452
 1.06619
 1.09944
 1.01526
  1.1815
 1.08667
0.945601
 1.02331
 1.05223
 1.00614
 1.02934
  1.0917
 1.12774
 1.03941
0.933058
 1.21152
 1.03599
0.797783
 1.03224
0.946643
 0.88742
 1.15459
 1.00317
 0.93385
 1.11405
 1.07077
 1.08046
  1.0608
0.910403
  1.0488
 1.00361
 1.03858
 1.11578
 1.10136
0.956654
 1.00699
 1.08381
 1.24346
 1.17593
 1.09569
 1.08461
0.939773
 1.07764
 0.85003
 1.17859
 1.02835
0.980935
0.976732
0.882792
0.910294
0.982988
 1.12361
 1.21495
0.990255
 1.02138
 1.14043
 1.04023
 1.01453
 1.07746
0.923295
0.890459
0.963738
 1.04922
 1.10923
 0.99319
 1.12007
0.954967
0.963503
0.905454
 1.00716
 1.04077
0.863727
0.929137
0.997911
 0.95458
 1.12362
 1.04122
 1.00833
0.998969
 1.04566
 1.19714
 1.09131
 0.86254
0.985182
 1.17155
 1.07915
0.940917
 1.03417
 1.02397
0.942378
 0.88535
 1.02626
 1.03215
0.962822
 1.07431
  1.3024
 1.05438
0.925233
0.980373
  1.0365
 1.09555
0.987757
 1.22811
 1.04327
 1.28616
 1.14902
 1.02583
 1.20283
  1.2701
  1.1734
 1.11885
 1.11672
 1.07657
 1.36822
 1.20169
 1.15039
 1.40983
 1.11073
 1.30441
 1.18356
0.973347
 1.18909
0.892479
  1.1997
 1.15305
 1.35782
 1.01904
 1.10596
 1.34583
  1.1562
 1.38425
 1.19686
 1.17122
 1.50655
 1.48368
 1.41854
 1.19094
 1.36764
 1.17229
 2.03512
 1.61823
 1.47762
 1.33361
 1.30389
 1.17701
 1.09903
 1.29458
 1.19853
 1.39071
 1.25726
 1.03255
 1.08794
 1.06207
0.960542
 1.11965
 1.45316
 1.09462
 1.09766
  1.0949
 1.14459
 1.09882
 1.30127
   1.177
  1.2335
  1.1974
 1.20278
 1.20562
 1.11068
 1.29263
  1.3985
 1.16557
 1.14211
 1.21232
 1.19943
 1.28314
 1.18242
 1.08798
 1.07795
   1.143
 1.10753
 1.24012
 1.07668
 1.02437
 1.00184
 1.04991
 1.07743
 1.03681
 1.01338
 1.01896
 1.00688
 1.27113
 1.15415
 1.04478
0.986184
  1.1588
0.944516
 1.14838
 1.12275
   1.161
  1.2779
 1.05026
0.822938
 1.21021
 1.05388
 1.15718
 1.06598
 1.03979
 1.34046
 1.13023
 1.11308
0.943838
 1.09282
0.994321
 1.06207
0.971675
 1.11265
0.980549
0.744803
  1.1113
 1.10534
 1.16841
 1.16888
0.886948
 1.02362
 1.00407
0.909428
0.935409
 0.97042
0.930938
0.967371
 1.04993
0.970229
 1.02594
 1.01065
  1.1498
0.981628
0.906058
 1.25561
 1.09552
 1.01613
0.856583
 1.05619
  1.1949
 1.25637
0.941837
 1.18114
0.838739
0.983846
 1.21176
 1.15824
 1.12885
 1.11059
 1.00152
0.960677
 1.20335
 1.10813
 1.01329
  1.1095
0.955156
 1.06739
 0.85357
 1.00115
0.990148
 1.12727
 1.04327
 1.01546
0.973139
0.877022
 1.00393
0.990618
0.875768
0.924644
 1.17878
 1.07357
0.963531
 1.07542
0.904656
 1.01549
0.977938
 0.97108
 1.15963
 1.02626
 1.03532
 1.15642
 1.25786
 1.04658
0.998354
 1.06266
 1.14852
 1.15438
 1.03451
0.970946
0.928013
 1.13486
 1.01752
0.939167
 0.96003
 0.96373
0.978217
0.925378
0.862948
 1.16257
0.884416
 1.12684
0.894745
 1.00191
0.844129
0.929408
 1.02007
 1.09796
 1.03694
0.961883
 1.37022
0.948732
 1.19599
 1.10453
0.885406
0.932878
0.993086
0.959671
0.900343
 1.27004
0.975815
0.859804
0.868399
 1.12036
  1.1242
 1.14862
0.985244
 1.12432
0.985292
 1.01939
 1.00592
 1.02152
 0.95767
 1.02668
   1.061
0.969928
0.970952
 1.00923
0.967973
 1.05507
 1.16215
 1.12137
 1.12313
 0.93523
0.928019
 1.05758
 1.14566
0.995907
0.876444
 0.96984
  1.0905
0.969796
0.880085
 1.05076
0.950693
  1.0545
 1.25826
0.915448
0.994562
 1.24107
 1.14275
 1.16994
  1.1674
  1.2202
  1.5411
 1.25576
 1.19435
 1.33673
 1.50199
 1.26949
 1.29877
 1.32294
 1.14665
 0.99173
 1.18657
  1.1011
 1.15268
 1.25166
 1.08771
 1.13592
0.979094
 1.20634
 1.11157
 1.01781
 1.00858
 1.10962
0.927116
 1.20271
 1.04937
 1.08588
 1.04694
 1.11421
 1.10769
  0.9469
0.913371
 1.16007
 1.20086
 1.09073
 1.14213
0.879523
