 1.29789
 1.04603
0.927684
0.986551
 1.01629
0.967447
 1.09586
 1.21425
 1.01483
 1.17722
 1.19979
 0.94581
0.982033
0.988974
 1.02762
 1.10906
0.950499
0.958327
 1.00444
0.999293
 1.09051
 1.22691
 1.09203
0.946219
0.948845
0.830437
  1.2703
0.993194
 1.35019
 1.02806
 1.16163
0.985901
 1.02536
 1.12226
 1.13581
 1.22089
 1.17246
 1.00651
 1.08039
0.974349
 1.06889
 1.13301
0.985971
 1.06492
 1.08725
0.957964
 1.01586
 1.03264
0.951644
  1.1711
 1.05316
 1.05194
 1.16691
0.920308
 1.13043
0.946729
 1.09296
 1.21617
0.994843
0.880918
 1.00084
  1.0728
0.930496
 1.19308
 1.07318
0.961666
0.913531
 1.10304
0.984435
  1.0748
 1.32311
0.970875
   1.103
 1.00784
0.914097
 1.11843
 1.05846
0.949187
0.951113
 1.06078
0.938024
  1.1562
 1.08774
0.952429
  1.1227
 1.25843
0.970942
 1.08913
 1.07504
0.981939
 1.15792
 1.01366
 1.05356
0.988611
 1.14719
0.989198
 0.90868
0.956765
0.944037
 0.97824
 1.00076
 1.01994
 1.11446
 1.03315
0.927813
 1.17052
 1.09447
 1.05504
 1.13355
0.992504
 1.11551
 1.01144
 1.07627
 1.05877
 1.12966
0.909055
 1.09449
 1.09852
 0.98383
0.974908
   1.053
 1.02792
 1.03635
 1.15796
 1.25425
  1.2622
 1.07274
 1.02619
 1.01675
0.977743
0.909436
 1.15517
 1.12617
 1.16473
0.972351
 1.15009
0.974692
 1.23965
0.989147
 1.05925
 1.02729
 1.08873
0.947064
0.878471
 1.05786
 0.90608
 1.10721
 1.05459
0.959009
 1.07549
 1.04762
 1.03028
 1.12239
 1.23639
 1.13841
 1.08376
 1.32388
 1.04596
 1.10282
 1.10188
   1.129
 1.09177
 1.07147
 1.10809
 1.15983
0.947293
 1.11791
 1.16751
0.935303
 1.02805
 1.00257
 1.08558
 1.12506
 1.15024
 1.01823
0.991903
 1.14319
0.978234
0.924058
 1.04144
 1.06223
 1.07821
0.870606
0.942762
  1.0159
0.894065
 1.20293
 1.04307
 1.04264
0.987436
0.988193
 1.09445
 1.03998
 1.10028
0.916497
0.936743
    1.16
 0.94746
 1.10258
 1.18622
 1.13574
 1.16217
 0.99657
 1.02797
 1.23146
  1.0152
0.992402
 1.00803
0.847874
0.965736
 1.07256
 1.02186
0.938402
0.998394
0.995736
0.905865
 1.11535
0.976853
0.931877
0.978475
  1.0896
 1.09577
 1.11152
0.924206
 1.22483
 1.14045
 1.09872
 1.09907
 1.17832
 1.20613
 0.91459
 1.04146
0.952617
 1.06579
 1.23931
 1.06962
 1.04751
 1.00874
 1.06087
 1.03119
 1.14935
 1.20025
 1.08415
 1.05813
0.919246
0.963214
 1.21967
0.868799
0.921819
 1.21726
 1.08729
 1.15773
 1.17124
 1.06737
 1.08809
 1.22672
 1.12026
 1.06651
 1.11422
 1.26323
 1.57509
 1.47131
 1.20021
 1.04977
 1.37447
 1.46191
 1.16861
 1.16349
 1.23133
 1.26907
 1.34464
 1.20962
 1.10339
 1.51087
 1.34825
 1.38787
 1.28276
 1.54648
 1.27516
 1.16791
 1.28572
 1.18489
  1.1468
0.999577
 1.08727
0.961275
 1.11387
 1.01086
 1.14089
 1.01333
0.983834
  0.9068
 1.39691
 1.00456
0.956495
 1.10726
0.917545
 1.05673
 1.08718
 1.01295
 1.05935
 1.00401
0.915121
0.816608
 1.09426
0.817882
 1.01389
0.933138
  1.1318
0.958535
 1.12451
0.979983
0.934856
 1.04564
0.979949
0.989297
 1.09159
 1.23476
0.951905
0.918228
 1.11281
  1.2406
 1.15817
 1.16371
0.946494
 1.04829
 1.10895
0.933743
 1.08164
0.974617
 1.64762
 1.22432
 1.27109
 1.10967
 1.01227
0.887295
 1.44021
 1.35764
 1.17327
 1.17431
 1.15956
  1.1503
 1.22598
 1.23609
 1.38728
0.977684
 1.31022
 1.30714
 1.27164
 1.39067
 1.12207
 1.12411
0.996933
 1.02567
  1.4257
 1.10882
0.916093
 1.05714
   1.153
 1.21291
 1.17639
 1.14469
0.916099
 1.23576
 1.00951
 1.06783
 1.09519
 1.11467
 1.18605
0.978991
 1.25455
 1.15711
 1.17986
 1.62459
  1.3147
0.837797
 1.13949
 1.10212
 1.27176
 1.18966
 1.22496
 1.32651
 1.24119
 1.45252
 1.07971
0.983058
 1.22351
0.966923
  1.1675
 1.11969
 1.21335
 1.32003
 1.27559
  1.2424
   1.213
 1.28939
  1.0647
 1.19275
 1.23067
0.936255
0.941306
 1.00013
 1.06526
 1.15494
 1.07526
 1.06527
 1.04747
 1.05157
  1.0873
 1.13427
 1.09942
 1.15298
 0.96038
0.988598
 1.08883
0.921035
 1.03568
 1.00701
 1.06135
0.935464
0.980649
 1.14355
0.898685
  1.0635
 1.24414
 1.05142
 1.06832
 1.07456
 0.96041
0.919356
 1.20428
 1.11293
 1.20113
 1.01315
0.992513
 1.31547
0.911593
 1.03072
0.989272
0.998018
   1.085
  1.0833
0.949345
 1.06709
 1.22866
 1.06331
0.961217
0.955078
 1.15265
 1.10069
 1.11318
 1.17337
0.959406
 1.13707
 1.07876
0.909508
 1.21664
 1.01838
 0.93605
 1.15956
  1.1815
 1.07246
 1.14056
 1.12307
  1.1498
 1.06404
 1.04587
 1.08657
 1.15166
 1.10335
0.930317
 1.07418
0.779418
 1.08515
 1.10912
0.950747
 1.19592
 1.06773
0.843611
 1.11663
 1.24839
 1.07076
 1.07914
0.936525
 1.13054
 1.17493
0.985468
 1.25915
 1.24176
 1.08011
0.997147
 1.09765
 1.12986
 1.00782
0.996365
 1.06879
0.932706
 0.95551
 1.03671
 1.13237
 1.07874
0.950438
 1.05208
 1.01712
0.968417
0.938012
 1.11757
 1.14712
 0.91195
0.957034
0.949348
  1.0704
0.932929
 1.15753
 1.04472
0.959764
 1.05344
 1.09885
0.963392
 1.07861
 1.06414
0.992142
 1.04775
0.990146
 1.14417
 1.07799
 1.01369
 1.11295
 1.31933
 1.22352
 1.12297
 1.08664
0.986156
0.920581
 1.10806
 1.03081
 1.12066
 1.06101
  1.1148
 1.04963
0.945261
 1.07931
 1.17936
 1.26252
  1.1434
  1.0338
 1.17124
 1.26889
  1.0857
0.948084
 1.14745
 1.06525
 1.23444
 1.07019
 1.36473
 1.01967
 1.10041
 1.27579
0.974402
 1.24913
 1.05475
 1.22871
 1.07046
 1.06849
 1.56236
 1.22685
 1.01747
  1.0842
 1.25612
0.982824
 1.24987
 1.49412
 1.08223
 1.34678
 1.29526
 1.24555
 1.04705
 1.15104
  1.4283
 0.93316
 1.01009
  1.1468
 1.01829
 1.03031
0.945907
 1.19873
 1.23895
 1.13604
 1.01113
 1.23255
 1.02461
 1.00177
0.963928
 1.13926
 1.08358
0.991573
0.974779
 1.13491
0.983812
 1.07765
 1.17785
0.952687
 1.00484
0.988491
0.969538
  1.0942
 1.01987
0.932694
  1.2817
 1.03908
 1.09271
 1.12748
 1.14386
 1.07735
 1.13653
0.979322
 1.06461
0.809325
 1.04102
 1.15251
 1.16073
 1.15013
0.943922
0.967919
 1.18532
 1.06128
0.935166
 1.18869
 1.01136
 1.09874
 1.26415
0.971756
0.982926
 1.00519
 1.13029
 1.07466
 1.12602
 1.09185
0.908993
 1.01282
 1.03067
 1.12769
 1.13633
 1.07031
 1.22663
  1.0633
 1.10381
 1.09301
0.991262
 1.10025
 1.05564
 1.07485
0.944836
 1.10176
0.998031
  1.0598
0.847874
0.918904
 1.26703
 1.09188
 1.03717
  1.1523
   1.066
 1.00178
 1.07626
 1.08112
0.935207
 1.02952
 1.05641
 1.04065
 1.01135
 1.05178
0.909877
0.979836
 1.08038
 1.06349
 1.11791
 1.08924
 1.06146
 1.05887
 1.00177
0.958954
 1.10032
0.980709
 1.30054
0.923189
 1.08417
  1.0479
0.952534
 1.05642
 1.12489
0.977366
 1.29497
 1.02117
 1.39756
  1.0539
 1.32625
 1.05756
 1.08819
 1.15325
 1.11771
 1.45626
 1.22855
 1.34324
 1.24827
 1.01524
 1.25575
 1.16517
 1.33451
 1.42939
 1.46806
  1.5003
 1.18895
 1.21515
  1.2044
0.980667
 1.22274
 1.07906
  1.1348
 1.29523
 1.41651
0.970435
 1.23695
  1.0168
 1.01614
 1.26612
 1.36666
 1.07946
 1.18812
 1.22848
 1.25116
 1.16992
 1.03533
0.944045
 1.01548
 1.02479
0.993443
 1.11775
 1.04733
  1.0955
 1.16738
  1.1947
 1.10621
 1.08624
0.901667
0.974121
 1.09669
0.840261
  1.0442
0.964031
 1.14481
 1.15212
0.987529
 1.05507
0.894191
 1.15192
0.962738
 1.09051
 1.22643
 1.12721
0.953346
 1.21966
 1.26478
 1.29671
   1.098
 1.16783
 1.13845
 1.22213
 1.22146
 1.14501
 1.57512
 1.27643
 1.30104
 1.23751
 1.24084
 1.39636
 1.14517
0.990148
 1.06175
0.980757
 1.32642
 1.36447
  1.1244
  1.1063
 1.22505
0.936908
 1.21412
 1.22816
 1.22015
 1.14487
 1.21813
 1.21679
 1.00949
  1.5603
 1.27168
 1.38223
 1.32734
 1.39031
 1.96944
 1.45576
 1.51256
 1.11407
 1.05438
  1.0366
 1.25966
 1.16302
 1.21835
0.972554
0.972271
 1.01378
0.939412
 1.25193
  1.1105
 1.21274
 1.37577
0.999433
 1.08841
 1.02513
 1.17535
 1.13564
0.964443
 1.20034
 1.19953
 1.07848
 1.27165
  1.0748
 1.15466
 1.07697
 1.22598
   1.373
 1.05937
 1.11836
 1.07132
 1.06527
 1.12707
 1.33105
 1.24887
 1.52231
 1.07833
0.994395
 1.01233
 1.03684
 1.35902
 1.02952
 1.08372
 1.57746
 1.04439
 1.14425
 1.02732
 1.08739
 1.05685
 1.02844
 1.12457
 1.12029
0.978716
0.918155
 1.05177
 1.09973
 1.03708
 1.04345
 1.18656
 1.05158
 1.02328
 1.08329
 1.13007
 1.19165
 1.00436
 1.05705
 1.04132
 0.93681
  0.9389
 1.00388
 1.15429
 1.07041
 1.12559
 1.09472
 1.02967
 1.05439
0.918769
0.917751
0.988152
 1.06233
 1.06687
0.982952
  1.1759
 1.03447
 1.11471
 1.13741
 1.16088
 1.15009
  1.1914
 1.14608
 1.12894
 1.07218
0.848645
 1.09734
 1.15693
0.992124
0.911864
 1.09568
 1.13006
0.994819
 1.07886
 1.09122
 1.10316
 0.93207
 1.06759
  1.0908
 1.00733
 1.16012
 1.06784
0.944543
 1.06498
 1.00074
 1.27558
 1.01633
 1.13808
0.986171
 1.02513
 1.12598
 1.03648
 1.09174
0.994659
 1.13208
 1.00012
 1.10054
 1.00809
 1.09463
 1.41684
 1.13498
 1.14546
 1.04319
 1.06366
 1.23503
 1.06619
0.986815
0.964082
 1.17821
 1.27948
 1.14419
  1.0544
 1.07508
 1.00805
0.966316
 1.09655
 1.03679
 1.00339
0.969763
  1.0295
 1.11553
 1.09844
 1.13814
 1.12102
 1.12562
 1.21942
 1.05375
 1.27943
 1.16461
 1.10777
0.995711
 1.11374
0.966307
 0.99136
0.918464
 0.94616
 1.08264
0.962524
 1.06239
 1.12129
 1.19931
 1.25448
0.992781
 1.28976
  1.1384
  1.2389
 1.13089
 1.14388
 1.13323
  1.2605
 1.27326
 1.27935
 1.07724
 1.19159
0.961699
   1.144
 0.96544
 1.00764
 1.06075
0.985756
 1.09109
0.944909
0.968077
0.918812
 1.16521
 1.21827
 1.05153
 1.02656
 1.06515
 1.21234
 1.13504
