0.477595
0.440123
0.851404
0.708415
0.468798
0.492884
0.668606
0.317904
 0.84907
 1.01858
 1.13155
 2.40999
 1.92651
 1.62969
0.648736
 2.05149
 1.42893
 1.94352
 1.60701
 1.55581
 2.71597
 1.89246
 1.35934
 2.36854
  1.3417
0.592744
0.717204
 2.50469
 1.12953
 2.59346
 1.91393
 2.05734
 1.89637
 1.16406
 1.15099
  3.1526
 2.48454
  1.6548
 1.52297
  1.8653
  1.2189
0.588347
0.538554
0.394854
0.426971
0.485692
 0.66711
0.429989
0.473076
 0.74716
0.542226
0.480415
0.452342
0.603362
0.802297
0.639935
0.659011
0.865312
0.367339
0.507262
0.666123
0.657722
0.357904
 0.68634
0.445158
0.741909
0.486182
0.660954
0.977275
0.604819
0.764334
0.858196
0.835781
0.449699
0.445145
0.571239
0.826436
0.522048
0.873978
0.862997
0.664165
0.462446
0.546365
0.440579
0.566064
0.597192
0.620856
0.423976
0.636692
 0.37999
0.461327
0.332208
 0.44838
0.894576
0.526766
0.658757
 0.69156
0.723381
0.611233
0.653364
0.760614
 0.46415
0.407119
0.567027
0.708262
0.483906
0.587896
0.479573
0.675358
0.384434
0.577837
0.679066
0.402381
0.702912
0.748237
0.778294
0.440286
0.835277
0.499722
0.683571
0.759606
0.495427
0.397607
0.456057
0.441081
0.732916
0.703566
0.523073
0.909871
 1.17357
 4.62323
 1.53784
 1.97375
 1.87713
 1.81232
 2.26025
 3.17057
0.792541
 2.16985
 4.19609
 1.90145
 2.44029
 2.28566
0.755948
 0.60913
0.292238
0.508172
0.749124
0.526939
 0.56614
0.580042
0.522935
0.471901
0.602653
0.816134
0.499712
0.399227
0.350966
  0.4958
0.650497
   1.852
 1.33938
 1.30129
 1.81907
 2.02358
 1.89979
 2.21187
 1.91049
  1.2624
 2.31687
 2.53963
 1.60001
 1.35559
  2.1866
 1.94691
 1.76699
 1.31894
 1.72761
 1.02317
 1.95397
 2.74422
 1.49316
 2.62269
 1.89182
 1.54267
 2.30651
 1.58775
  1.3353
0.538127
0.406401
0.601242
0.626736
0.428454
0.646229
0.850832
0.679731
0.368503
0.534594
0.325125
0.544973
0.678607
0.544364
0.475469
0.776946
0.596398
  0.5695
0.813425
0.712869
0.389322
0.676903
0.630777
0.361631
0.468613
0.669397
0.321164
0.696603
0.432399
0.463415
0.650642
 0.58756
 0.45894
0.598476
 0.84577
0.573928
0.658764
0.807498
0.398796
0.928368
0.690855
0.487987
0.442725
0.566328
0.554388
0.603494
0.312735
0.471378
0.571375
0.476773
0.758692
0.735337
0.424311
0.434964
 0.40676
0.468352
0.476058
0.541561
0.450655
0.304667
0.360663
0.691017
0.723927
0.510996
0.762788
0.819706
0.487029
0.338044
0.522499
0.514928
0.777925
0.527057
0.603026
 0.64662
0.538661
0.549919
0.663664
0.437262
0.531882
0.975742
0.654296
0.383771
0.593628
0.611001
0.503573
0.572133
0.741852
0.680318
0.414373
0.376322
0.420814
 1.02424
0.861441
0.484458
 1.62196
 2.84842
 1.74065
 1.31663
 1.56734
 3.13675
   2.204
 1.35105
 1.63806
0.677955
 2.89556
 1.16128
 1.23788
 1.83836
0.746199
 1.47448
 2.07632
 1.20834
 1.35124
 1.85982
0.443798
  1.0917
 1.30026
 1.67809
0.888157
 1.12044
 3.15219
 3.16512
 2.87173
 2.86963
 4.00629
 2.15269
 2.00968
 1.31081
 2.36224
 2.51843
 1.46139
0.896895
 1.72621
 1.62331
 2.61422
 1.66705
 1.11638
0.536392
0.605505
 0.59976
  0.6594
0.743683
0.480305
0.395113
0.558933
0.438028
0.457296
0.467834
0.575073
 1.76191
0.909435
 1.40946
 1.37122
0.983466
 3.03499
 1.40303
0.882818
0.916016
 4.67978
0.938369
0.924654
 2.96929
 1.70993
0.878215
 2.79515
 2.88059
  1.2395
 1.61184
 1.37532
0.771868
 2.21054
 2.14823
  1.2711
  1.1342
 1.55829
  1.2245
 1.17791
 2.98326
 1.25071
0.660989
0.373397
0.370671
0.543304
0.559252
0.425862
 0.41551
0.561575
0.665576
0.577671
0.509571
 2.12871
 4.64987
 3.76472
 1.91211
 1.29813
 2.28079
 2.98933
 1.92812
 3.97477
   2.534
0.478086
 1.23711
 2.21619
 6.72831
 1.91711
 5.31589
  5.0204
  5.9985
 1.34868
 3.32158
 5.38023
 2.36376
 3.28398
 5.68865
 4.00768
 5.32448
 5.19572
  1.8799
 1.93105
 2.33094
 1.88229
 1.32163
 1.88977
 0.57511
0.628315
0.581878
0.665372
0.795506
0.720578
0.652883
0.617173
0.526993
0.472722
0.367354
0.459636
0.692773
 0.52249
0.503669
0.648459
0.759539
0.625541
0.539519
0.391842
0.643002
0.518659
0.630057
0.631429
0.667007
0.418075
0.425852
 1.06289
0.557371
0.834582
0.743071
0.523185
 0.36003
0.622273
0.324285
0.444463
0.673782
 0.67287
0.533365
0.595912
0.442244
0.610056
0.690929
0.773403
0.376251
 1.04006
0.620316
0.414928
0.686863
0.390323
0.652846
0.691256
0.677895
0.279886
0.456879
 0.49454
0.565793
0.535554
0.664518
0.564144
 0.62017
0.636261
0.685505
0.527741
0.689798
0.550651
0.664105
0.541251
0.430359
0.436936
0.549345
0.503853
0.516118
0.459642
0.404418
0.383125
0.627645
0.864969
0.649107
0.635952
0.609391
0.564104
  0.6758
0.737425
0.459947
 0.53177
0.535459
0.862933
0.426566
0.740354
 0.48436
 0.60753
0.622738
0.570808
0.513039
0.708976
0.753913
0.580573
0.386351
0.580568
0.679732
0.417847
0.512671
 0.84412
0.440068
0.645233
 0.55754
0.615698
0.500924
0.379275
0.537601
0.400904
0.554466
0.579143
0.502084
0.647591
0.797973
0.416952
 0.49307
0.833621
0.580939
0.774666
0.551734
 0.51343
0.412854
0.652156
0.535747
0.389788
0.603976
0.564997
 0.67802
0.315248
0.435578
0.755086
0.652376
0.510162
 0.54402
0.388358
0.704735
 3.21432
  1.9033
 1.13435
 3.58595
 10.9425
0.940872
 5.69436
 3.45532
 1.29437
 5.36731
0.966896
 1.14192
0.584933
0.838949
0.678852
0.600859
0.371671
0.621345
 1.12926
 1.99692
 2.05917
 2.02274
 3.88627
 1.24603
 1.62668
 1.09737
 1.13701
 1.23722
 1.77205
 2.25335
 1.19249
 1.79211
 2.01585
0.941849
 2.41936
 1.31871
 1.74045
 1.67738
 1.70113
 2.02286
 1.82976
0.611886
 2.05017
0.977901
0.883345
 1.48473
 1.86075
 1.95846
  1.9058
 1.96802
 1.14476
0.486762
0.510064
0.311863
0.571259
0.475241
0.585489
0.738205
0.540302
0.647811
0.373931
0.595237
0.446256
0.783297
0.583745
0.576275
0.475072
0.599062
 0.45403
 0.59114
0.686388
0.495722
0.466854
0.572891
0.554764
0.675584
0.624299
0.487355
0.605275
0.562977
0.660751
 0.72604
0.596069
0.790528
0.679621
0.577209
 0.42788
0.595098
0.594821
0.791056
0.757333
0.541869
0.424898
0.664266
0.401128
0.772637
 1.58166
 1.21766
 1.21317
 1.22259
 1.14953
 1.83567
0.884868
 1.09543
  1.4494
  1.4067
 1.10593
 1.57968
 2.10935
 1.71297
 1.18364
0.785386
 1.68736
 1.38446
 1.67644
 2.29163
0.367367
0.557515
0.563012
0.860739
0.337494
0.347841
 1.55933
 1.11713
 1.21272
 1.03205
 1.56563
  1.0581
 1.12931
 1.62841
 1.54032
0.793644
 1.06053
 1.26752
 1.41997
0.872082
  1.8404
0.751218
 1.50356
 1.65438
  1.3449
 1.18888
   1.181
0.892553
 1.30466
 1.37482
 1.01233
0.463902
 0.87444
 1.31329
0.851734
   1.009
 1.51358
0.936046
 1.40542
 1.12448
 1.22525
0.848074
 1.39451
0.485328
 1.16964
0.555617
0.666551
0.492459
 0.56477
0.708823
0.578842
0.560656
0.447948
0.538945
0.596289
0.593367
0.767771
0.552324
0.466568
0.514538
0.488063
0.622338
0.901831
0.566838
0.681004
0.591759
 0.54775
0.544478
0.745635
0.550705
0.548269
 0.73962
 0.82073
0.649767
  0.6544
0.547415
0.513814
0.806083
0.489228
0.596664
0.461671
0.371742
0.744929
0.595844
0.344732
 0.37643
 0.43454
 0.54395
0.606846
0.526788
0.434648
0.635073
0.583071
0.529678
0.750798
 1.45067
 1.15476
 1.39608
  1.9143
 1.36222
 1.13288
 1.34461
 1.07741
 1.23623
0.924434
0.661049
 1.06187
 1.52992
0.800807
0.532474
 2.34974
 1.79785
 1.51306
 1.27029
 1.55534
 1.02558
 1.72835
0.478588
  1.5249
0.839093
 1.60056
 1.04822
0.904205
 1.59491
 1.09134
 1.28236
 1.47951
 1.65313
 1.75911
 1.04855
 1.20873
 1.04491
0.970145
0.863253
 1.03424
 1.60268
 1.70167
 0.94787
 1.61511
 1.87958
 1.00181
 1.18137
 1.42392
 1.02537
 1.84427
0.615298
0.498226
0.475226
0.963647
0.495967
0.584296
0.497102
0.780547
0.496903
0.536997
0.796148
0.765753
0.524365
 1.06336
 1.95175
0.830411
 1.03555
 1.57542
 1.52569
 1.86438
 1.39985
 1.18305
 1.99614
 1.47438
 1.24665
 2.15933
 1.16688
 1.47713
 2.82554
 2.37842
 1.47151
 1.38993
 1.50964
 1.51642
0.503711
0.483982
0.806606
0.750395
0.548169
0.425729
0.669718
0.486725
0.346302
0.395127
0.540939
0.653776
0.413086
0.530437
 0.47387
0.517032
0.602527
0.592399
0.726913
 1.08916
0.576484
0.351873
 0.61986
0.277296
0.583213
0.584987
0.466221
0.432664
0.467816
0.508377
0.502592
0.480472
0.575526
0.751871
 0.82902
0.820238
0.463418
 0.66458
0.724338
0.503483
0.538193
0.888414
0.536591
0.704198
0.516618
 0.68804
0.917996
0.676148
0.308064
0.698375
 0.30665
0.658354
0.549373
 0.56286
0.606792
0.393379
0.711099
0.622011
0.652814
0.581775
0.526543
0.379551
0.674225
0.634906
0.434141
0.694764
0.783551
0.882443
 0.51217
0.401866
0.633739
0.765931
0.806812
0.529534
0.850837
0.423594
0.404114
 0.48414
0.579485
0.874989
 0.51927
0.628964
0.635893
0.524729
0.689469
   0.691
0.473954
 0.76927
0.609604
0.429366
0.527807
 0.52289
0.548284
0.596026
0.492541
0.576114
0.813056
 1.05113
0.998199
 1.44356
 1.01472
0.719266
 1.29124
 1.38406
 1.16506
 1.56653
 1.48001
 1.49879
0.819482
 1.20558
 1.32635
0.710976
 1.63918
 1.40016
0.935286
0.972015
0.698634
  1.2112
0.868791
 1.22549
 1.43477
  1.1057
 1.24661
 1.02128
 1.77985
 1.36242
 1.93899
 1.78115
 1.22906
 2.33207
 1.39105
0.806643
 1.09942
0.713082
0.517484
0.601718
0.660688
0.768562
0.647376
0.636342
0.737255
0.650684
0.414974
0.875201
0.580287
 0.72502
0.796732
0.557541
0.782536
0.499777
0.478886
0.571048
0.470432
0.503184
0.635927
