 1.33143
 1.05294
 1.10366
 1.83546
  1.4334
 1.59607
 1.23703
 1.47725
 1.60999
 1.43123
 1.12528
  1.2124
 1.46102
 1.42398
 1.09036
 1.63455
 1.18989
 1.42163
0.990775
 1.01021
0.917068
 1.15845
 1.03968
0.982601
 1.01637
 1.34037
 1.03702
 1.06348
  1.1269
 1.07593
 1.13521
0.887339
 1.06321
 1.04793
0.995632
0.957533
 1.02309
0.941913
  1.0961
0.945062
  1.0245
 1.14698
0.954293
 1.19512
 1.06244
0.952894
 1.32184
0.971903
  0.9342
 1.20999
 1.16455
 1.03422
 1.00318
 1.03956
 1.10137
 1.00322
 1.08323
0.960735
0.857681
 1.18028
 1.10204
 1.14028
 1.09193
 1.18968
0.977875
  1.0614
  1.0812
 1.28734
0.992751
 1.40341
 1.06164
 1.26544
 1.28931
 1.15466
 1.10271
 1.10422
 1.26674
 1.17642
 1.15438
 1.18007
 1.21296
 1.29194
 1.30149
 1.18289
 1.15216
 1.01596
 1.07468
 1.24869
 1.00156
 1.16298
 1.06139
 1.00648
 1.42839
0.971056
 1.17955
 1.10631
 1.18905
 1.11488
 1.12078
 1.34732
 1.15321
0.961796
 0.97976
0.966524
 1.03045
 1.00876
 1.06739
 1.14935
0.938558
 1.15474
  1.1098
 1.05516
 1.11426
 0.97869
 1.03607
0.937056
0.987151
 1.06074
0.992171
 1.31863
 1.12924
 1.18797
  1.0225
  1.1158
 1.15078
 0.93561
 1.01874
 1.07785
 1.01481
 1.21331
 1.01165
 1.01498
 1.04639
0.964181
 1.21584
 1.10762
 1.05736
 1.11216
 1.03133
 1.15806
0.912898
 1.00683
  1.1413
 1.19435
 1.00985
0.957509
0.992655
 1.09935
 1.19546
0.917393
0.839095
0.975483
 1.03413
 1.04882
  1.0119
0.946733
 1.04527
 1.14488
 1.05027
0.983611
0.922358
 1.15194
  1.1674
0.898736
 1.13643
0.951512
  1.0015
0.896401
 1.03298
 1.12003
0.993717
 1.09445
0.827015
0.939241
  1.2047
 1.03161
  1.0336
0.971319
 1.06265
0.964204
0.966992
0.982617
 0.94694
 1.00937
 1.07317
 1.13025
 1.14959
 1.00739
0.965802
 1.06319
0.898168
 1.14635
 1.11459
 1.07836
 1.16584
0.914143
 1.12283
 1.05012
 1.22004
 1.07388
 1.26198
  1.0161
0.857165
0.980375
  1.0511
 1.02676
 1.02146
 1.12448
 1.08476
 1.07622
0.996814
 1.02573
0.850421
0.977583
0.875503
 1.20191
 1.01147
 1.17546
 1.06056
 1.05838
 1.19145
 1.22128
 1.10687
0.961598
 1.06316
 1.05281
 0.90237
0.904258
 1.14284
 1.12741
  1.1565
0.941015
0.944701
0.973919
 1.14693
 1.03972
 1.02356
 1.13199
 1.11242
 1.01027
  1.1384
 1.03729
 1.18286
 1.07822
 0.91246
  1.0498
 1.13239
 1.01535
0.936034
0.965991
 1.01788
 1.05951
 1.00988
 1.09604
 1.21048
 1.10657
 1.06189
 1.01782
 1.03435
 1.09332
 1.03826
 1.12231
 0.94387
0.969992
  1.1687
0.967234
 1.13608
0.984784
0.976933
 1.05412
 1.22652
 1.18044
  1.1161
 1.09232
 1.13257
  1.0035
 1.03094
 1.20944
 1.08169
 1.11709
 1.12063
0.970716
 1.12727
 1.04016
 1.63837
 1.06774
 1.20595
 1.35846
 1.14109
 1.64307
 1.44822
 1.16493
 1.51672
  1.2148
 1.69279
 1.09011
 1.10655
0.920495
 1.04003
  1.0081
 1.13903
  1.1023
 1.19666
0.826967
0.976357
 1.21775
 1.22933
 1.00466
 1.17139
 1.04595
  1.0844
 1.06991
0.964029
 1.15754
 1.10923
 1.11741
 1.08313
 1.01814
 1.01465
0.974962
0.882674
0.910366
0.863652
 1.15387
 1.00743
 1.01853
 1.21031
 1.07003
 1.12839
 1.17489
 0.98994
 1.13054
 1.08191
 1.02036
0.978126
 1.09747
 1.07007
 1.03366
 1.04611
0.988145
 1.00747
 1.19074
0.967402
 1.02002
 1.14879
0.980203
 1.00498
0.888495
0.921871
 1.00437
 1.15505
0.926727
0.979027
0.935548
0.953519
 1.00188
0.916037
 1.08011
 1.02528
 1.19019
0.901903
 1.18612
0.974406
0.922402
0.971815
 1.02738
 1.06246
0.982721
0.942883
 1.01925
 1.07417
0.931099
 1.02198
 1.26007
 1.31642
 1.31173
  1.1788
 1.06474
 1.03488
  1.1127
 1.11115
 1.32991
 1.31914
 1.47434
 1.25934
 1.18789
 1.80438
 1.26517
 1.23927
 1.18818
 1.14977
 1.12281
 1.09258
 1.09242
 1.03173
 1.07379
 0.96836
0.909167
 1.13796
 1.11712
0.916202
 1.14814
 1.07195
 1.48593
   1.132
 1.15718
 1.26193
 1.18695
 1.13785
 0.94475
 1.21628
  1.2135
 1.13492
  1.1936
 1.04646
 1.07738
  1.1315
  1.0085
 1.26169
0.941061
 1.12293
  1.2658
0.996852
0.952095
0.956195
 1.11934
 0.97245
 1.23996
 1.15798
 1.08076
 1.42792
0.992173
 1.15618
0.962082
 1.10945
 1.15854
0.976206
   1.339
 1.14212
 1.26451
 1.03075
  1.0929
 1.10106
 1.32349
 1.06874
 1.08525
 1.07985
 1.22777
 1.16451
 1.10198
 1.13469
 1.12812
 1.02396
 1.19479
 1.13597
 1.17487
 1.10975
 1.28878
 1.25252
 1.23345
 1.38096
 1.05199
 1.14427
 1.22053
 1.19068
 1.37525
0.871066
 1.27248
 1.08523
0.925609
 1.03043
0.949757
 1.12404
 1.09697
 1.18248
  1.1051
 1.03587
0.915516
 1.05607
  1.0512
 1.09998
 1.18449
 1.03758
 1.10394
0.893158
 1.13001
0.989847
0.962586
 1.06995
 1.02097
0.991393
0.960814
0.958518
0.997659
 1.14271
 1.08974
 1.00963
  1.0415
 1.09718
  1.1722
 1.05677
0.996734
 1.01315
0.993312
0.849081
0.911356
0.940744
0.976359
 1.27373
 1.08038
   1.026
0.912512
0.901978
 0.90972
 1.16979
 1.15758
  1.0365
 1.01711
 1.02918
 1.16341
 1.22983
0.957632
 1.10227
0.919765
0.872452
 1.10424
  1.0675
 1.17119
0.920388
0.960981
0.999693
 1.05841
 1.16428
0.881234
 1.21326
0.998709
 1.14226
 1.03133
 1.48328
 1.14342
 1.24304
 1.67364
 1.33252
 1.39987
 1.37037
 1.23644
0.902831
 1.60649
 1.24029
 1.08339
 1.53513
 1.67951
 1.14165
 1.37471
 1.32429
 1.10074
 1.41822
0.900677
 1.33771
 1.47681
 1.30408
 1.00844
 1.40843
 1.38276
 1.28441
 1.22352
 1.52584
 1.04407
   1.409
 1.12688
 1.43599
 1.40492
 1.22646
 1.14688
 1.33198
 2.08044
 1.21554
 1.65138
  1.4156
 1.24776
 1.91459
 1.22668
 1.13937
 1.05233
 1.41296
 1.12867
 1.00365
    1.09
 1.07688
 1.03328
0.973042
 1.05244
 1.13304
 1.04769
 1.04478
 1.00201
 1.11523
 0.96686
 1.06262
 1.12352
 1.05214
 1.16549
 1.08006
0.976111
0.973881
 1.25718
  1.0409
 1.09879
  1.0588
 1.22554
0.941294
 1.00527
 1.04878
 1.14114
 1.18216
 1.02038
 1.12086
 1.15182
 1.15117
 1.07808
0.975974
  1.0423
0.993232
  1.1233
0.933549
  1.2076
 1.02537
 1.27921
 1.17708
 1.22565
 0.97153
 1.12536
 1.03619
0.999468
 0.97703
 1.14966
0.950454
0.982349
 1.23878
 1.04645
  1.1163
0.971697
 1.04693
 1.13635
0.884337
   1.076
0.879066
 1.08697
  1.0915
0.975486
0.999401
 0.92432
 1.14468
0.966495
 1.09265
 1.14266
0.958812
0.885277
0.875398
 1.10392
0.929508
0.920059
 1.03624
 1.13005
  1.0563
0.928186
0.992654
 1.05794
  1.0239
0.965852
0.991238
 1.23283
0.915872
 0.97156
 1.02975
 1.17744
 1.00842
 1.06482
 1.05562
 1.13337
0.973542
0.964083
  1.0631
0.951544
 1.09728
 1.06551
  1.1079
 1.03508
0.970867
 1.13878
 1.03979
 1.24887
 1.12053
0.843467
 1.05592
 1.04446
 1.06762
 1.04674
 1.10843
 1.00575
 1.05556
0.970897
  1.1561
 1.02663
 1.00559
 1.04998
 1.02784
 1.12916
 1.09861
 1.06416
 1.10006
 1.02149
 1.12318
 1.15256
0.925992
0.970167
 1.06178
 1.10661
 1.09439
  1.1493
 1.11355
0.951008
0.994082
  1.1562
 1.10863
  1.2059
 1.10848
0.946716
0.934502
 1.04678
 1.08898
0.993834
0.970297
  1.0169
  1.1433
 1.02474
 1.24129
 1.08414
 1.30034
 1.12127
 1.33617
 1.00403
 1.27475
 1.29889
  1.1371
 1.12036
  1.0298
 1.08965
0.878042
 1.48175
0.871801
 1.26292
 1.32102
 1.25377
  1.1157
 1.22165
 1.69392
 1.24558
 1.52251
 1.68912
 1.04174
 1.08371
 1.17975
   1.158
  1.1449
 1.35898
 1.19283
 1.39235
 1.42139
  1.1409
  1.0805
 1.06732
 1.22314
 1.37617
 1.26693
 1.08841
 1.08037
 1.04026
 1.23749
 1.11875
 1.02442
  1.4585
 1.02939
 1.00041
  1.0388
 1.01676
 1.18509
 1.14768
 1.03998
0.987637
 1.08348
 1.04688
0.889871
    1.16
 1.12077
0.952367
 1.05272
 1.31297
  1.0358
 1.16666
0.935915
 1.05624
 0.94801
0.925856
 1.11431
 1.04298
 1.02238
 1.21922
 1.21062
 1.06486
 0.97619
0.939247
  1.1742
0.993587
 1.17475
0.982386
 1.06834
 1.11976
  1.1982
 1.03357
 1.06556
 1.13609
  1.0077
   1.088
 1.11214
0.845348
0.926075
 1.17713
0.992467
  1.0137
 1.01571
 1.08245
 1.13611
 1.07825
 1.11338
 1.17655
 1.05364
 0.98139
 1.09284
 1.20925
 1.03929
 1.07082
0.908575
0.955146
 0.89114
 0.97517
 1.05414
 1.03668
 1.01281
 1.03625
0.930032
0.968241
0.974501
0.967296
0.870748
 1.01276
 1.11483
 1.05708
  1.2444
 1.28458
0.902627
0.967267
0.963196
 1.18817
 1.00669
 1.22495
  1.0336
 1.23231
 1.05912
 1.12225
 1.14983
0.980639
 1.03383
 1.09893
 1.12008
0.941615
 1.07815
 1.06818
0.982351
0.939821
 1.01399
0.979533
 1.21026
 1.09193
0.873914
 1.04747
 1.02112
 1.00948
0.973162
0.958489
 1.10113
 1.23482
 1.45389
 1.11386
0.880544
0.975137
 1.14596
  1.0891
 1.10824
 1.19426
 1.05601
 1.07358
 1.02723
 1.04439
  1.1144
 1.08812
 1.11791
 0.97539
0.952888
 1.09156
 1.15036
 1.05657
 1.10643
 1.03019
 1.01029
 1.06093
 1.08854
 1.12812
0.985165
0.969125
 1.51471
0.931354
0.979701
 1.01274
 1.13681
0.913372
 1.09742
 1.04614
 1.08149
 1.09395
 1.14515
0.906012
0.941059
 1.08357
0.968044
  1.0211
0.952418
  1.2555
0.984479
 1.08317
 1.03928
 1.11832
0.903846
 1.02787
 1.21684
 1.00767
   1.056
 1.03782
 1.08314
 1.01952
0.879508
 1.05734
 1.06742
 1.08636
0.925825
 1.04372
 0.91147
 1.17624
 1.03505
  1.0144
0.910223
 1.04142
0.996044
  1.2456
0.945964
0.876722
 1.03764
 1.03466
 1.20673
 1.03254
0.991031
 1.12135
  0.9923
 1.01923
0.953035
0.950662
0.971143
 1.10092
0.900403
 1.21317
0.971954
0.999271
0.859692
 1.01811
 1.02345
 1.06325
0.987475
 1.10181
 1.19544
 1.05958
 1.17775
 1.06683
 1.28782
 1.11768
  1.0397
  1.1302
 1.16103
 1.07214
 1.01407
 1.05432
