-4.39725383653333,-3.78492952603225,1.8808337084743,-0.623161915322708,148.224673962278,-60.8610214075458,-0.264119098018702,18.3954264158807,-6.29146209557152,35.0959634738245,-74.6164847357884,31.4830152001805,-1.14782214285564,-8.44749610902299,-13.0583422037716
-0.318317402554968,-3.09323589965743,11.4041731074208,-3.54656471329879,-190.188995454709,-160.272684008551,127.771174448906,16.1606678852611,102.129405748237,-56.4724666729711,-74.6347844437111,-11.7071092310599,-65.1507827268735,-50.1589644048212,-91.3315863018728
1.13530364883336,5.33307096005124,-6.11650347996339,3.14237015484877,-50.4729496570819,105.20215212289,51.5453237992592,-3.87724418763873,-87.7911887652456,-85.699422140083,-41.3707355503453,75.8028886416414,26.6334740376623,104.744717198069,30.242291688342
-3.29644785325625,5.68050455392257,3.81968197223025,-1.61731852969846,190.72459545227,96.1898705990517,-26.4255982669549,-30.2067500131048,-6.59566109206988,-15.4673807631002,21.5546251289448,62.2806248071041,87.118576153959,-10.3684369503312,67.2202839562719
-0.944431956317146,-0.613170150165584,-11.2572327897807,-0.632840393633835,-39.3685264079993,35.9506305243211,99.9467347427575,26.9237270241146,51.2054084562447,32.6824652073105,60.1513394513642,-54.2340738130068,69.9161480621895,56.244581519576,10.8075524245487
-2.17536358531003,1.30836090490123,1.03140260247087,-1.55425922766647,-194.878809660183,-10.0743425320535,63.4128630973968,30.2874405183081,38.3793033968939,-12.9963812442032,43.9063512600796,68.0645774561878,97.1540615926844,18.5186317185139,-89.4728251244464
0.181000186492417,-1.89824400790503,6.01726694631178,-1.11088617703784,-11.3691139138456,157.875238453258,4.0161392423593,89.9201411054377,-53.653677573053,31.485307128642,-43.9788673624333,67.797064838689,-25.4612862040864,-48.2854434109946,-22.9902736148474
4.74950762846413,5.88205126073411,-0.569621779826668,0.932185741624968,215.827458994468,33.6071347169648,-11.208947230745,-15.3576105770843,5.04699627705472,-4.43325427978182,-110.801268725888,38.9030405534839,-111.062758566224,-6.29407734839597,9.04929936893295
-0.66438207375282,0.45958242279946,-7.9278970264237,-0.370706719746905,221.417798769713,-27.6542115982363,-81.8107869661106,13.7908485179339,-27.4255845776649,-7.61895665601122,-40.3000350677609,4.0074410319052,66.5342548296538,-93.2369898630158,-4.7680922462209
-0.641704434023893,4.22417046481076,-4.60915494799022,6.34855905004356,-353.413466914394,110.679564866827,-140.038148041707,-58.9620136801276,29.1338332500921,-77.3081238230177,85.4287148213991,-39.2446174799217,-79.6879812438945,-2.20926511415052,-102.103831616861
-0.136373470148529,7.25588102616182,-0.344590175832196,2.75269459895184,-51.0167655944429,21.3558554370641,99.2690725633266,-60.505732734867,-53.2696926191171,72.561042425697,67.2764019533513,180.83315852489,-93.6615600995642,-62.6371745414055,12.5707318482066
-0.677289203242544,-1.02560543617744,-5.49745356155834,8.36808518226113,75.8957053589901,87.7630628108951,22.8922583057481,-9.69063417825645,-20.0248457772241,-53.2770040530975,18.40347583781,-148.34352163076,-135.290882606489,-33.154551917274,-75.4600382834461
4.31065739584467,-0.711314299484888,-6.41389650350566,-9.86709510847748,-147.641787973584,34.7634285416365,-91.3028832234837,-3.85351978518738,-34.5288232314991,5.96070750140755,49.1933341607933,25.7698424348978,-120.316228054313,70.6490550353927,12.9251419936967
2.96653674091977,0.269397211254432,-0.490882796281555,-6.1359584822313,111.420160519078,41.3610222566739,-109.896262405321,46.371192600352,17.9990117646187,-15.1720306644052,61.2929807840779,-56.5329013311677,-127.041005727955,56.7785001307834,-84.6125510128372
-1.59632275991787,-4.7350657048807,-14.452252751238,-6.13786204650063,-62.2055728731225,-17.0706325010613,-10.3058860935996,18.5753985863106,2.29072801077999,27.5132074207237,-41.1468017082252,81.6106086380796,-11.5139032234222,-141.435480718569,46.5784815258257
4.78941485368703,-4.71055143151037,-3.68206642060489,-5.91706812095171,111.769313218918,43.9134231228573,21.1941183234239,48.9743579088506,47.2666848948741,13.2117947922653,31.5568002979537,-22.3504435970401,27.682581282203,-1033.72287800895,32.7950183748753
-6.8846412679627,-5.08748068113261,-0.0382792906388414,-3.54513648369985,-42.5419644279057,-36.7684472062739,-58.8665000567347,96.5211985993501,4.42185823928844,-46.9808867944543,25.1677625157416,-52.6502306848374,-41.4202807388763,1316.46568024625,-78.1304585225006
1.22740817323345,-1.95345861555822,4.63248113390494,1.74263747733443,98.1633556420064,-48.5183122973318,9.43556337640117,-90.7021285772698,-27.9439070688733,-29.222425063791,46.4470628360216,213.204996903242,42.4796988216755,-455.726138304261,42.4384764253953
-4.03288900907785,3.42806940638409,-6.98682289753862,2.02093917625965,-75.5722836923279,11.7694329112536,95.2936474145476,-37.3336903494821,-30.0737473864368,72.9525167987005,-92.281356093601,788.758764037606,-45.0661313580707,181.032152385527,7.51352007267081
-2.4825215245381,-4.74549079793625,-7.12119021262951,-3.34474720676034,-24.9100156564727,89.2474338615549,-268.255633216121,-23.8071715869108,49.6864472720095,31.0293723528187,-37.6820703053149,945.551879150073,30.107670686084,446.95175115497,1.27011372018555
-4.44665627407694,-5.77295994992774,-6.2927534382323,-3.91437311579688,-44.2555753044236,102.542591404342,1.62986480577043,47.5770601455835,-13.8494480101308,-121.056892803219,-40.0909999947591,263.544583310489,29.3683296996264,79.7149584862989,-7.48261138280557
-4.60754002554035,10.5337247494158,-0.739098867433372,-6.52739266104454,-16.7614620673428,-2.0954399774019,117.960907492852,-94.3449922351037,35.9986572300901,58.8218769049626,-104.622636426429,-1233.38498990342,-7.3031550656027,44.7944539761101,44.3011570400127
-4.52812876488981,-3.06850883201556,1.02897661067834,1.73003550683612,138.351506952115,50.4548879763667,-9.76247419133932,-26.3961526174995,-28.0423638554141,21.1106621869882,-0.259249464680111,-699.278281693624,-32.5493075665326,-34.2666089471626,-51.5356157686366
9.75864859687011,1.3173459522014,2.15141064359224,1.20466858053822,-95.5734184543304,-121.977884218828,-34.3929833100658,-64.1101860753248,35.6445569222604,-64.0247181237552,-39.8388878782576,-206.278171521233,-42.8740598025341,59.8638941385098,69.7356025094905
-1.62191591605666,-4.62208393828033,-6.86010212636403,-7.19200077627208,22.4784152183166,117.572204467675,54.3759729084921,-42.5444382677309,-47.2143912634764,54.8129793121193,11.6427034917834,-252.448728200919,21.3147691127721,16.4150017893712,50.9720837115057
7.23947168394479,0.00210211515577424,-1.2924531268234,2.82333920195584,-54.6793354298953,67.0282388126799,19.620292259078,-77.9283129840158,50.0421479951489,19.8497041847485,20.6628060580085,19.4058120843113,88.8390882248037,-78.2542627045909,33.6524035052939
6.3970432648894,3.80045397379251,1.56161021913835,0.252595388736431,115.273114595598,-9.94770368893996,-3.35070592185201,-142.163316015872,-16.1051374839034,89.6937434730786,-63.979191389529,42.6194113631228,-76.6862747608199,-128.708089767704,25.0514801611657
9.77575088281001,1.34965144757068,-1.62441215387414,-16.5358424875209,-340.0387852403,21.5989850533435,154.975079683252,-5.89777679891218,7.17946477081234,26.744509565373,131.909274124134,-53.4949566111303,48.6618557529029,81.4612024923022,25.1228811565191
-2.0592538101353,9.23158811176082,7.04863601099242,-6.00358577846618,306.29126620068,-15.3620507305687,-50.7809478550856,-13.638161047871,-30.9489720270454,-7.47160469814689,-50.8711431916526,-171.203027691536,21.584328805089,12.7370369242058,68.4627378732665
2.34462224567698,-0.667367786638052,3.24362404936885,-5.51731410551589,41.5119653119142,78.4522450558911,2.16119477431652,-11.1381276216709,-39.059004862079,20.4735858315417,100.586914526521,0.251849633304489,8.03594974557648,-31.9318458531385,12.2018561139674
2.75990479571441,-2.58173285223568,0.0617558141823903,-2.47953701207609,-11.7443954184343,71.5075610055175,-294.640950734575,30.0022556503098,81.1696161094205,6.5073721807521,94.292235665544,-128.289401126122,108.538384959743,91.7829141823618,105.749993266361
-2.88729005272331,-0.136693632039945,-2.29943176332191,4.71724665069918,-68.4668209617045,-38.4366867457233,3.46086143582227,8.55880101122168,-20.0849014966784,-52.1418056253603,22.1199412008679,45.4511728033489,-58.9905221893721,113.539880045784,-106.562932799734
-1.04647450253193,7.76090427463524,0.656147848031472,2.59746197026096,64.6206108186455,-151.097919267533,38.086680100631,17.0640587716594,-56.5912839276687,53.9804879494176,-3.02293305711321,-74.2499971197624,-106.216764424458,99.2810826326269,-19.2455495747548
3.74040184159905,-0.696072607926704,8.00437506350787,4.43987088924388,-256.662231072258,-254.563418712845,-59.1771706949313,-38.7387142063488,31.6143990669655,52.7343535395085,-30.2591001174006,-103.569419472531,-96.1965386448358,-57.3856187705674,-37.0317324216796
5.59169926966898,1.65003561673637,1.22859516868437,-1.02896409920314,354.558966660148,15.715420178639,88.9687045925836,31.4504755743573,64.1425508057176,35.0410149476487,-16.5324675967486,108.559109021852,51.6506186175729,-48.2383273001498,128.756696328684
-8.04107284983904,0.107140841233116,-1.71731242843612,4.23004296444996,-83.7347360908387,-93.8362630307021,-14.2712871113788,95.6976075644125,20.4162586397595,41.601071449928,66.6278332893469,-37.7216682433592,7.525423634035,-81.3638775535835,-4.02996549844185
4.94865900167014,5.23292900182395,3.74757353873969,-6.97890608073124,-143.328435702524,195.344608709034,29.3588245475145,-32.4446207686365,-45.3481415759677,-17.6615746496935,-116.91040062125,63.2353161159968,81.0996644775157,24.400680141282,-92.8121134172385
-2.90159810505876,2.02753837148638,4.77756769918276,5.27493645259508,157.310638528382,-53.9673157749015,136.451269254856,-8.24048497503441,-11.8669035058809,0.0431056603582598,-88.7557380245602,101.396553685404,-84.3248487656224,-53.8529869626848,27.3974467663638
-2.18257208441351,5.68625666303765,-1.78477052285412,5.23832879451588,41.4438430884569,76.9660857000103,93.215852825297,0.417854292390046,17.6671745412391,-11.7288960302989,51.1920401368019,-50.5643727999998,108.003199550723,-40.281290849051,12.2493397542383
5.63493993712844,4.81229755591197,1.42246193537911,-5.09668789439619,114.251135220385,49.2358975296635,232.158746871642,-67.7490442812666,-11.1141695920929,-11.6446152334511,-129.378763058166,-7.86834219011721,-83.8379890626049,-67.2289461645699,-37.0082889787595
0.243077294061645,-1.75827236218581,0.167430783164338,6.35905799788186,258.340759510687,40.2382863512644,86.8293843330311,2.97521826898602,-83.9364861399147,11.0190750050292,42.4829039045174,-54.8503809827672,6.15856194754557,71.654987391391,19.0465501567474
-10.965349585326,-8.26984862715729,1.03122742874806,-2.2493209467588,-74.8415255322081,5.90371634843016,79.197188308352,49.202641617561,-44.561930848822,111.026004541038,-37.9447187744471,129.393237302279,5.91854039984825,65.4887725358082,-44.9801547354145
1.00220716525024,6.4130689023608,-0.575338640477106,1.92200423242493,-154.086795752703,78.0280903277543,114.306984921829,135.325671544795,-2.85962270603699,34.7435440928634,-22.5498003668926,-64.9746916474751,-58.080015424581,-64.7390918208681,-39.6961593175981
0.0742935527430879,3.82317096110618,2.94035813644371,0.40927649549523,-116.604936464203,47.1159931677769,57.2838127262168,-43.3696293035121,-78.4984357794915,-24.8954690073549,-32.7475363178116,30.6483770214655,29.0454611543386,-116.429285516657,4.288454824945
-5.43487827230739,5.2087540339511,2.37117331318951,4.40636980188595,256.865002928569,-18.9661237644925,-52.600288095983,-33.0466434725667,-54.1896357024886,-42.1237828258043,-6.8836793481951,115.335111484355,141.299069772627,-27.6466744840235,-44.1294053825581
9.58151433985865,-1.54342771050359,-0.909392059146954,8.87765632210616,-58.2862087917294,-21.5973344299248,-197.341084043964,17.5502539324659,93.4645286712519,-65.9221021732081,135.17425773275,101.789437948825,27.4724358793719,57.3243628231758,-6.86035736012839
3.61533912000137,5.34582485960008,-0.196841007639206,4.89679522364209,-399.047336081629,110.441310403287,-28.6003793268691,53.8615598533981,57.6417129994083,84.2786487088815,-60.2887041415609,77.9578245908978,7.99753761123838,-20.7352608599769,47.953149726438
-0.7459496148767,7.76004996808374,-7.02070013091582,1.11734343651386,-173.504987325809,-28.9772217125676,23.489667587354,41.1159147115466,-2.64147022336252,20.831292982832,2.42728079408987,77.257564271676,-26.1353127782591,-54.8083364507314,91.1703895673404
-5.01446634916767,0.00469294964059434,4.7658448153293,-5.69716872911926,-91.8600647415864,146.947027585372,-49.4966083861778,-14.5804423682678,-37.605256679643,16.8155175751126,-52.9113521025744,12.1828345753253,-59.6347530797159,-46.2927772313994,38.8556353067436
-3.66746992125874,-9.30472873057971,1.18717398361641,-2.78251530938389,-137.752280868827,-112.605161764501,-93.631687424708,-87.1492125769003,-38.6641868766945,30.1821282282874,-28.7850704850764,167.755988976379,38.7911287582821,-63.4445713385877,27.3644742468688
0.7766711602254,3.06420958448661,-5.75253643892245,5.37234996159518,-31.0265996525663,-41.3306842959667,-44.9457697169347,36.8101961202727,13.7693428100155,-73.3742139955173,-21.10226453737,-33.9492045460844,-49.302280837944,-18.3697008481285,-68.4532097372855
10.0069617594021,3.09669018739643,0.99116028896388,-6.21165049753864,-110.224597902844,-88.9286879480642,34.9594762422581,-3.48128976229519,-59.7044049822881,-15.2774309732007,20.6193907934746,39.0645866086435,-92.5111312225775,-113.896387470051,-4.96939044121733
2.34675595999462,3.73763510020794,7.92728698899391,13.2120071791795,-115.352039252135,-143.313570929002,-44.8002934875777,-120.016185521996,124.948075497234,10.7356875678719,-61.9191277379774,62.8565775514384,11.4954445908879,63.7243536662839,55.2713597060304
6.11428521839088,13.0097402693507,1.83931026941874,-1.74487138457513,-42.4460519592668,-31.6210915366885,25.1251493108076,1.56491674072722,14.827803022442,93.292356331207,76.8313725183016,125.556241862285,-59.7711659799058,-34.6968353533443,-63.1675097074959
-2.84136905261013,-3.25891339483338,4.79336721273723,-7.67406044137071,83.9571976885659,-97.0463189233803,-124.225730079067,26.7915543899637,58.8662214347041,-42.4163096028907,42.197597649632,117.514930663946,38.2796485513288,-25.1349610044426,-81.2397490685543
4.18772667768254,4.58169378777688,-0.723772535185088,6.23272243508998,-130.181603721411,-93.6327988467547,47.2476947281083,-4.64861974467537,-67.546122013146,-24.3102295839761,-22.5033700501191,-84.6546631830769,26.4657955401058,87.1545192475243,75.2220055582656
-1.33817285381138,-0.772846373837273,9.68303862064712,2.22524887966001,-230.378750629448,120.525997894427,179.044512980777,12.6027596355466,-93.6609300943047,53.6081224122658,-45.3557988204544,126.015073623831,-67.7055215934094,-14.1317541730621,57.9457432889889
-0.67134832005614,-0.0221405260023917,0.250572916600738,-4.93490058728431,28.2657160200822,-80.0613879607641,30.6093164859029,-63.7192776053588,164.891241520482,1.8739514896807,-30.6112287109098,-39.6955820267801,-16.6285347696995,-47.0881197578337,50.6226101443688
-2.60773657035043,-0.49467132420848,-0.125542780098303,4.87390828427607,24.1781099141574,52.7010770287893,67.8118893161221,30.6432705863432,26.3000851477238,-64.0308062524393,26.0243112904237,-72.2098811276001,17.8937527436536,-6.50667930780548,-88.7241665779996
-0.718887648634494,0.847188309061326,-4.37141966112025,0.0312133725824019,278.09590168235,11.4208019829168,-188.059586702166,16.8635998936387,43.0168262996237,104.653965312989,42.0569525013334,30.3817503259178,-52.3779423924563,30.3099133189159,23.1290536255896
4.74791650029892,-2.42402758893577,1.63082057348362,0.535302936359654,19.5239182784934,-47.8178520100804,-188.678820447841,58.2172604107206,-11.0865970094165,16.0382452491958,-4.2790247973702,-227.592521368804,-120.050483856589,-116.004473015684,49.4958021653228
-3.63093895912115,-5.30639239353685,2.09326410687579,-5.85711995500084,23.7662950544492,6.25748909432373,118.688067422196,5.2537697970436,1.26522183421745,-0.468006071841872,48.4685918915576,-157.12858008179,35.436751512394,-43.9412701992748,-2.31958683740252
7.31484063567162,-5.41815930628513,0.331588411041198,2.49224177823251,-67.7015078808824,48.4232544972659,84.6022031244958,79.6527753462013,-55.390259165025,28.5098204592489,25.8565030903324,43.8470364017979,44.2303987179429,-51.7745805744904,16.0766232214153
-3.92817882017233,-4.08911189120983,2.50864649993188,-6.24057737487571,162.914011238498,-18.6327199728144,-58.794613902779,23.244586336168,31.3676566471465,-17.7685522386398,31.1823314664872,-86.8097537545162,68.5606273705867,-191.047340925557,29.408744180178
8.49825852532166,-3.72844475522781,4.88071787707525,-6.51127560707738,16.6133614110657,-41.9328689147992,35.7690013238326,-15.8227641200435,-78.1368680358748,93.6826163534758,-106.288105409732,57.1070576490895,40.0809594407076,10.6702566393868,-68.5933383077226
-2.1395153711242,-4.8660507794507,4.56307394758104,6.87929129967223,-20.4724500227053,-110.020718835274,106.818799739481,7.22204376006415,-115.570805185014,-7.18192427327545,23.4461262164864,-41.9006313817314,-30.2218163561909,182.471704190659,69.0323625278542
2.64050492278975,-1.39523267231132,1.12452330531815,5.17195279456348,-56.265885777589,-3.56238763286643,-70.0814700170634,-10.3640039860956,80.7115382270068,99.3208996974313,-53.8508453991075,59.0988245690695,97.5988269721799,-8.81169899396313,-22.860925421299
-3.18725140497688,3.64334716713403,-0.746851407190147,1.35188360023597,-152.65436015951,164.479660073621,77.8464711557033,-24.0959844418078,25.8692531412839,-50.7498172551061,-2.50075324522487,51.5352363324356,17.9268043770666,-27.8703656510578,-40.8916136723429
0.173752140955312,-1.84663477453276,0.231097885575301,4.74215377963469,-191.241270944741,-77.9938570984775,240.950891064234,13.7700907970216,-163.658715878098,17.2554833558846,39.9441154369363,2.96587651710195,83.4746370121953,42.1632723073069,36.7027955848446
-8.86548048288345,5.33870954495427,-4.51245150054718,-1.93609107232505,-20.294593207972,116.936392816435,60.1320982896733,3.40119651177821,127.356321244929,81.8302956393928,69.8523707411971,62.2987662541922,98.5014075247366,-68.0549735679095,44.5665008483742
5.77815866117041,3.09084301263167,-1.70114024168133,0.0661389892526726,32.3730237237127,-129.473468030351,-80.0966113397939,-156.057167814591,36.5898907572549,54.5057220625777,3.94449379588371,-32.9358850224426,119.767476557864,51.5741141235493,10.5198467743404
4.00637736893785,-12.6688695617723,-2.02215250285863,-1.23898899138879,29.402231446074,9.64677844312163,117.674455373506,-39.2934924516086,64.2532126332347,73.651779991348,11.8649547219307,-81.6405353701364,-53.7459295210631,45.5076043061136,-30.8022797128703
3.39778157604817,5.08090164471706,-15.7636277636159,0.407344584471115,-6.02327813884634,-122.272457295167,76.4919233002105,-11.983567138105,-89.7833476822322,-102.479518885272,-22.825025877957,-8.76315722156634,11.7607264813891,2.32272487876127,96.8801636931989
-2.04061192289693,5.0574905483336,-2.34339870091124,-0.765488836429332,-170.535781640132,44.0408195349257,22.8274666701956,-68.9004928614125,-54.1680851659678,18.0514520879741,-108.208141095272,-17.1022477907273,-43.1203445272372,30.7081283386992,62.9025578566677
-7.25100551103178,2.26798478943271,-5.83687775633082,7.48936912879937,-185.721895305069,-71.6816263796188,77.5164246727561,-56.4342710688203,-102.544819116276,-28.9143860470256,38.8525916557136,-6.81855609227717,-22.3674872249264,57.8219618931226,-15.2008097319804
3.96299637899192,-3.37953564360763,-5.45920414147792,2.53868371017189,165.488505403508,106.531688017259,78.2463104798756,54.4373684759899,-65.9913266354606,3.01719739655745,61.8231478625156,77.7766559505265,28.3385597937101,-55.1976942576377,-81.3210053385131
2.30852054092962,-6.95113043628331,2.44218698477832,-8.02517221061882,42.9742273125387,12.0854641881267,-54.1278353029886,51.7965686526158,-24.1010061780912,-0.747118206401274,-1.6874104765366,149.731952074746,-14.744071247683,-118.887358730503,48.3373804237181
-1.89056386575343,-5.77611630630307,1.18522577536736,0.416579001718353,27.0008898511662,10.8160104863521,76.7117585881346,-85.211271844134,39.8509081776931,48.2891217139635,9.45423545527166,-108.730500438593,23.7304461729541,-69.7870107078109,-3.40457756342593
1.96762618606389,6.66092596447052,-4.46494740472733,-7.7836366156842,-65.4502154522002,-22.4064730805496,-58.2516415618631,24.727870587578,-24.5549025339654,37.8284689115261,9.08050050871606,87.4543847562546,-24.9384585213702,-54.4582337562632,-62.6850394582723
-8.09265615414293,-5.17241072846323,1.23758861434169,-9.33377460664964,-12.6949091210106,89.2039971444334,-75.0270947909054,-20.730539818347,18.9110525681449,-73.7760523167368,68.6626006085657,-127.952681040498,-19.0485804811484,83.4383951651326,-2.59221465465014
1.6186321577552,-1.27524335918991,-1.24363157886127,-5.58999185870376,-189.628669474553,103.543409454345,38.3590906082571,28.6559973122266,-37.4451837906876,-36.6545936868462,-20.024934359062,-38.118454375081,33.0204743365061,33.7045915588306,25.0293786825664
-6.45892602207035,4.83563399421629,2.33656703026309,-1.31840237251918,-100.188401646508,-87.1780446483291,228.142431798621,2.26132038195683,-34.0702103514097,-16.4600630390905,2.22152897327479,22.6254178136411,-37.2474966676841,-8.192510114162,15.7263580247154
-0.621559223167698,-3.80967012323059,5.10197298902105,-5.80552038692736,22.5146245046221,-142.303211986064,39.4557852635141,93.0645166793058,5.74907030731977,39.4905464673102,69.580332891716,-12.4562318496264,57.7302965479899,88.8605321149179,37.391655889765
8.28047381522932,0.313139292188726,-4.38046885919311,-1.94665820367331,-32.521505297874,88.9878764562049,81.2831707135786,-52.4035497614691,4.08586994156064,40.4643929185853,46.5979976474766,-31.5804177966745,6.74131184698161,70.5143929394275,-30.6508656607158
6.69320137346961,0.832328909791503,-10.0664939886404,-3.76815187623091,401.496814951019,-15.7702429224983,234.128119601966,11.6392470618843,-16.9313091370302,-120.568295300386,-0.286315076112544,-64.2779552753775,-150.44471594315,17.9254483005508,23.9041361785822
2.47794700495101,-7.38047659906217,3.11723518780856,6.56489082715486,-131.488860363078,27.3519504570196,44.5299988719909,96.6438678436629,-70.330726991646,-51.3828441198035,-7.83061740381606,73.9675636888594,11.2152440771836,-117.737033669395,29.8789038377135
8.58829504253906,7.23688178544405,-2.33024917271479,-0.54956063422827,-219.118736829246,23.8847819087817,10.1042655415635,92.9306375330707,36.3311080695148,-65.0302171684496,109.176284317042,-9.80141286527736,73.8825929563516,35.0354534538061,25.7310665221078
-0.480061811174114,-2.05204829353646,2.33441649448397,-1.02249605518575,-157.447617151276,63.6483908874407,-16.8326739578752,-72.0708243616508,100.321948451935,-0.105658001873198,46.0028538138926,10.3553722546555,-4.65185503837869,55.4550347158605,24.2002870094916
7.98361946946399,5.06765265682706,1.45938762562732,1.97487902883939,-232.53903540923,28.5131438006464,-152.889472778025,-33.8092751032247,-31.0530139762472,-132.056395930425,-93.5460773011249,-17.2752441397868,110.112023688112,-29.2450614569301,-26.3472423631554
-8.41104071089002,7.04394245248653,-8.68901383151783,-4.94570055913011,27.5457645862349,19.9961385440263,-12.7260009810017,-25.1913303899572,76.2015945621879,-11.8203104142897,48.934475394,-50.9373369992814,-68.8030082816332,-55.7177015099395,-55.0080217415734
-2.66419456887511,0.13749811743463,1.13150434027289,0.595303415836153,-135.839283712069,64.2342049301181,-147.156660705951,-29.5800278952046,34.0159005356258,24.6615253790078,11.8393342179255,-68.2137481241199,-72.9330605947649,-66.9502346089686,-15.1344328992296
4.36173470892498,-5.39335077665136,-2.25369947780991,4.42445024625141,-43.4111208525594,152.360301424301,-136.949321073341,26.9435110959177,-54.0265240608297,-90.8238386459205,116.525574973646,-30.5789361707937,-40.7581191606404,21.3115636188879,0.335260855711729
-3.56902438652131,5.80830669131888,9.78812742148741,0.312525070763199,-334.336130040184,155.760152864297,-134.356847714859,10.7639046913972,20.821149794748,-109.013803964414,-63.8361934597048,-50.7367406219255,-19.1174891388329,15.2124087082885,75.7723262538944
2.19696309192997,-2.22921370024978,-5.8131477854502,-0.347114343576156,-16.1392439320853,63.2398017605562,133.104713546782,-2.8336354156304,-39.1653591213812,-28.6764956102796,-29.5493176277625,85.1559668973063,-26.9819928576244,52.3546283726632,73.7641620830102
-4.57230020233901,3.07274349328254,4.4615214355176,-4.70670875158604,-40.0166251130851,-20.4378305808196,-35.5935257170856,-30.018128008417,-37.0963941047658,-45.2436766752535,33.5027570549568,85.5816551247977,-43.6691042464822,-59.0178378696258,3.98076988240039
-5.01986495005938,-0.489531337333,-0.974326443247374,-9.18308593041899,-136.521617972723,36.5682694010403,62.8287935616672,-31.7909014265722,0.0486903724757158,-115.609189052436,48.7746615717895,20.6941058542027,-142.120360022981,-10.7766397514637,31.8381771700989
-0.936695869461715,-3.63960584253714,-0.319092072445668,6.0734787379608,-280.270922780966,-62.0553503387868,-26.8695697150457,-0.836916328555018,-11.3707272261119,-63.156911190844,-41.0736357022429,-25.8810598923555,-30.7744823029329,36.3693165342099,-15.896889949738
8.52351946803728,2.41632960800884,-0.0865976267502963,7.64202536927433,46.0507000639453,24.6075671648435,-26.2433279400611,-28.1622694127487,33.6361082690979,64.8106963011936,-107.29524493284,-15.891185136667,51.4463763523944,59.8026850196324,509.378729572622
3.40503590691231,2.3380533512673,2.13787515449496,0.338071393625689,-88.4484075726065,20.1543243194297,42.6233449720816,-87.0746122139207,56.5576121815073,-23.7210146642779,8.23293785966992,-76.9132424776459,37.649108732685,-13.7150629413287,-747.093953873276
-4.9040877368462,5.6247462111296,-9.59114929862909,10.7386593329356,181.322957230804,-71.4140872304728,18.7213749957967,-19.6981132459228,-34.8240841178936,-27.1821649212145,-15.0866755663788,115.98179872724,59.0117565158221,-52.6494511451588,-610.682516183643
-1.1498816961103,0.316257692135237,-0.311290049765398,6.73928908071783,-160.121914622093,1.67215109640813,-112.469246528174,54.0251998112256,112.753128909896,-42.0272436590457,24.314079621691,42.1802606540849,84.267894514969,43.3002345341061,520.954033934435
-2.53513376922046,7.4920459519516,4.41161791897877,5.31040502350453,140.377279576382,32.8760460128362,-8.69217603809799,33.449091610733,131.137007537683,50.280161004246,67.6823605199015,29.7276064640271,-15.6348135884426,26.2655335454251,-248.400899003203
4.37766228483746,-10.7867707303057,-1.37671156079964,2.83423177178405,184.211368277947,102.21476259708,132.032270387551,-6.4180376142692,-29.5406500536462,-60.9376043372409,56.163189079877,45.622465670899,26.5700324748675,-45.9490303632494,-148.168917689288
3.25610518619378,-8.35400207432676,-0.56190478333838,-2.34343531695451,35.5778084616199,20.6193829829128,-90.2358776297946,117.411683336409,91.7326394922054,45.4203085733191,-3.39273590105889,20.8908785423126,-13.7619224160174,-28.5956420253753,-690.740575117344
1.21778745229562,-0.430805026898053,-1.44344247622016,7.78866706977013,-68.7549653983876,27.8976651425944,-58.8000856656613,22.0384700638518,-44.4653746017954,-41.2472425989958,-33.1733115354724,-8.5899661923237,-72.3860894918448,20.3253287560836,2.60145468257653
-0.0341811511882969,-2.62308513096842,4.20905391795634,-1.68730760263417,48.2345278135287,17.1723924459573,327.155277190036,44.9561011634348,-3.15184209247022,69.7457049685957,-63.3578040467267,154.412417926241,30.6590562817101,-24.1663861618181,20.9135873653534
-6.67414635283655,-9.00286442629154,2.80522745124562,2.19536167686568,63.0111772349916,38.1298598828904,-53.1638599747791,-42.0723369096978,8.1185318355154,21.1548165595156,78.7301470481573,-78.8252553267759,12.2692728471892,51.4593759645784,-13.0845441428031
-9.4118797742973,3.44097429122795,1.87345409515543,0.201841368467037,39.912545532747,10.3223058300727,199.345822945062,134.214491048632,27.210955503115,41.6210892229659,-59.8050618100378,23.4292667352344,44.1818677467379,149.563735425931,56.1968052051379
-3.37967470227332,-7.08406485966599,4.49170237725132,-1.82143048885146,189.640176168607,-68.545842293837,-38.4280636500008,68.6954290876736,-3.59357479719448,76.5266547607012,-30.2288574244605,83.152855410758,-10.6826784152727,16.9425266817638,36.9589640492417
5.08828350419589,1.5366472877126,-4.26209309416337,1.60959318884359,250.830739511846,-80.2244290672889,-12.2302110277869,89.1379130586372,-5.27794469133443,10.6621923424979,34.7722062143946,-134.350896354005,-66.8089482905526,142.308350171863,-14.2235283895431
-2.20473210365386,-5.39245845989999,-0.965290037838679,3.05823235690904,221.498839888186,-75.4906052828311,-81.6068907764613,-105.40378657305,52.2575349350789,57.1208351741294,-49.897873425873,-52.0292461287321,-106.744537913325,0.0173956052084688,-47.8383394155292
-0.382889419219852,1.18958258625022,-0.245145069575516,-6.84752392695283,-278.751731860821,-79.3907047547645,-100.476986019334,23.6906889191021,10.9743598177329,103.08290680344,5.11290550791138,-93.8416711759533,179.177905393371,168.14576820916,59.225198978154
-1.11052611717457,6.37923409912063,12.1496352432388,10.2102545689634,35.0352407037009,-1.57773346909519,194.296213884868,88.2609235197883,-82.8203650056041,5.16000940855258,-77.5646629923828,17.5566213695158,-14.2393444825807,-4.89647100870364,-20.1121199893466
5.42742284352658,0.423375159205111,-1.21094541404958,6.3979687905301,-65.1840531692507,38.2234694272444,59.6437233883449,-19.7502541132475,14.9518768696435,109.872112762736,86.8067886832043,24.6590290694504,12.4227228118044,85.0839362775861,84.9277081680723
-0.657544765583907,-0.189078317440399,7.701921025901,3.06517265137372,-36.1888108095653,-74.1931586833435,-126.684793935119,-13.7661452445435,22.1377012224111,46.9715494980006,4.00083182744703,31.5766391284311,13.9936464792988,-9.73610050739517,-13.5265848941102
2.21172903746878,11.1861246246709,-3.68047011999136,10.5549467594417,-159.712341658652,136.248806560693,-43.9057885031711,43.9002976029246,54.9928912331565,172.622811726863,-85.8649121402393,-147.40818385468,-0.029642925404592,-36.8688183670511,-37.9140049774555
-0.677253855080366,3.99324243649398,-1.31057317667063,2.04030968916206,-35.2268545396958,-92.7589429938001,58.2014295983622,-54.1318669292575,6.26533047126366,-52.0000611743607,-32.9270990685907,-10.6734925859202,77.9365397336813,23.6238379184562,15.6872072504131
8.27784354446628,-4.36967375064845,-2.73188543025402,-4.56945453721377,15.7632741384559,145.78237225934,130.879801233125,83.5312925224656,35.3508979359436,655.589441847592,-195.254156439739,-73.7592928833109,-25.3928360005998,-36.1495132444188,-37.409008610118
-4.83242102521752,-3.85248071417565,-0.644084912216325,-0.0163378181418525,-154.822318326205,7.8178756805309,-46.6751568680261,11.1727391823971,22.1749063969863,-723.856162075867,-22.3267654614654,46.2677691036455,7.93829643090638,-19.4442310035855,52.3230559097023
6.21092223918738,-5.41441298888198,0.414057225430223,6.56865442267501,-14.8936339584075,15.273811137024,-31.504002372398,-25.4980081701514,-76.2297004932682,-571.803440677627,9.60238234121048,116.758130195363,-5.73518393663566,-67.6861292177126,-34.9099491551451
2.62141952213421,0.875941703428851,-2.62251150100003,-5.35099747734554,51.4732410503973,-205.109530822634,36.9119818251081,-80.383028640649,4.02297456194779,247.787323885338,-83.273228003639,-184.826404085513,-12.8067575521552,-64.2752142101768,-16.0895657088885
0.297156822820356,-4.79057684087809,-15.0791387123727,-7.43825575936036,-140.61211388588,49.989672771151,-176.965902295606,-56.1756095695533,20.8252524578251,683.178798011583,27.5850861952168,157.664822249023,-173.306204970697,-21.6796171102302,49.8057767085797
-7.76339986333158,2.01279940415599,-2.11065160829511,-0.513510693740122,23.0612034428666,117.621749757245,-11.7092362752684,16.4030453190155,74.2094865698393,130.574103728357,110.353911741958,-29.5728863608986,-124.871597353886,-51.4487444303915,74.2086912768723
1.67244980564715,-2.69087802655175,-5.90823958154752,-8.84976663265066,38.9466047289711,-95.7842794718802,57.1335367955268,25.7949128947919,10.2442112145191,321.061735798729,-38.4210386536395,-42.033293689976,-13.8558781285595,-92.4538301377514,0.983536641185354
2.4805523469761,4.20074311146953,1.89843103553122,0.455213225777951,-203.001679563388,-136.061146603036,102.720983824545,-93.9305639402162,-75.5232681809278,399.302183533226,19.4250254601861,37.4859803326765,85.4699327361437,-41.6123526654707,-3.55863862913675
2.372266248761,-1.78905982095441,-1.61574216124464,13.0019664178943,-4.51614712402863,33.6686764401965,-188.363480874158,-53.013240470113,26.0732583823646,-727.17557756365,-21.6003992248263,-30.4792105950237,32.4912140001888,9.14173493338774,77.4138041380367
0.39124120578361,4.14228556992654,6.60964202641379,2.43441786381127,91.0742109401418,7.2559883491663,-167.97687520689,55.1724152529456,1.64446576860498,689.029800255621,84.0916999734787,8.16088349694695,7.12371552730221,-0.499291780314993,55.9559537932589
-5.07105092279929,-0.623061737791561,0.539885308707675,-3.55004467370313,61.1595540982129,-60.0407962854511,123.363998304365,-740.087925599211,1.72000502427495,-692.492389122358,128.22575602234,113.504567350657,120.633895013196,79.1742831371358,-16.3455619299115
3.46488041913492,-3.40500938398227,2.11811015337765,-12.9182234676918,-112.297138221026,106.307552917869,22.3748437807083,429.336442163141,-12.5671673345093,905.032818543618,-80.8978816778976,89.0275694799797,86.8125955122018,-17.7382785672967,19.2030019456477
5.544922050954,2.19409392458211,-1.57668422440168,0.486104089566594,40.3928593108674,-7.51629252359807,219.02296865899,691.637322683614,142.265765217966,-617.035209033382,-39.6974413610463,66.8383080750664,85.9032329005403,-41.4963451712627,24.297210178689
10.6341179953281,-1.80078631862849,-0.0115143549342172,1.40987699035594,-109.11583812941,29.930647616308,272.944097090207,-656.272697738734,54.6758689413828,-73.0733548675577,69.1572326003561,-17.368782778953,63.2143899844964,53.4901450935321,52.9223355996619
-0.829118865726311,8.88465962183739,-1.23894700835012,-0.637902992894506,-256.804155928343,123.754018101956,25.9353178933298,313.74324240367,64.8479174821412,-17.6157927799459,-6.00117648469697,-30.335216985683,-109.934119570319,-27.6781710676805,18.9019791062586
-6.94316805074219,-4.40367431057535,6.03145559691363,6.10369546928466,26.3946095176502,25.6327711083578,46.7020811009366,581.174527191963,-145.278505579674,1.10756650609969,50.6813655998922,-106.003375368216,-106.144292414853,48.7572104350347,-30.1123114478854
-10.9008057253207,-2.65873125111225,-4.66205952900726,4.93446286860963,156.585568684351,-104.137255986037,66.8303230810304,-763.261997698201,-32.0801171315637,13.4673179047086,0.781000673281393,59.6987199122983,-34.3808998498811,-52.3796814985508,-29.5440735579329
4.55859201226815,-6.11431969443559,0.192164078228619,0.983108849087632,-226.889908489259,80.2902158847312,76.8814491573023,-259.850948578445,-71.0915377162064,44.1237121419782,-69.0806457176863,-125.400700830163,76.0734312294255,-31.6329031174817,-74.4306666282855
1.19307794953022,-6.10185762641299,-0.571983734030667,-2.14584299649459,-8.23351819095087,97.1768868636785,-93.531528687448,-865.434563235768,-33.1018377319877,-8.04019776221912,-2.25471304791027,70.9592324152248,24.1471152215553,17.8665817364315,-29.6650200334607
-3.47359368321639,-2.47174817929376,-0.791675560073365,2.19013699416488,-7.72931342988413,56.1757130485059,81.2220651529642,793.830701471548,-70.3734090712286,-12.6374347410882,-15.2248156368251,-73.5067768636257,114.423894173742,18.9751903891977,22.0093311565081
-5.83782777679995,1.2364415941697,-5.75077437756583,3.0238604168256,350.450066195357,114.729004190746,64.7897496678583,475.586628842748,-45.6324649036446,14.150990201746,-21.8823198159482,-16.8517728970035,116.776043890209,-40.8817183548963,-57.2997045491308
-2.06992447474385,-1.62291834618849,6.55910964339279,6.65739435867139,-10.4664310597032,0.266804949162794,147.017356635958,157.542302965204,-53.7955224212741,-106.463641000569,43.5152797173926,-6.77789830106995,46.0124484410954,-13.0891422566076,69.2754938848337
4.00206685381314,-1.80763949802388,4.052198085945,-6.49761217611946,365.999457622832,163.480874034823,-135.192137140801,784.142573751432,21.4136622516755,-6.67885761868409,32.8231389978331,-57.1194199076676,68.3188436012278,101.536084883148,33.1707736945716
-9.66611374093421,3.14523558456458,-12.7281073630892,-3.3614605518002,121.248086128028,118.121101837655,75.8018415399106,485.876523178628,-66.5647198006967,-10.9324185644992,46.830325854548,-119.096477387687,14.5359410407371,91.4275267682051,76.7593018982488
1.94635495621728,5.74082594813396,-1.43754918212876,-2.00445567681207,-76.1871626363228,-113.858330972996,-120.820899895326,732.705607775432,-17.48942234005,-9.0328816972438,49.1893104170612,-7.20260428271038,-49.2036416241052,77.41212369794,-94.4695266845908
-2.55767720859796,2.06590512914843,0.896455259635633,-8.40363147172263,117.952296340666,-1.96867566189152,87.9335495556018,-64.1116892406439,31.0657083284108,-67.3261913561402,72.1057404636383,53.5340965357583,-55.2204984321157,-23.9501611549045,124.670843139351
6.49685802951161,8.69658143611597,-7.27831157366825,10.081827323068,-194.390471448494,-40.2959304774475,-41.8449731550216,-569.95087529033,101.634872848753,61.6512917664759,-56.4704037999678,-120.653839845332,50.6680415479141,-38.8526231762628,-54.5385299455278
0.0978512721624583,2.71137535427789,-2.45368946352868,-0.110549381708906,-70.3729408852115,65.8198643642192,0.00697512753544593,702.061645051213,75.4322625361303,-27.0038915292501,-59.1128922432482,62.4097370775468,141.952142394549,-61.9503753576391,-6.78542351557955
-2.24894206265568,0.501063185212922,-1.51225520240578,-0.701196029252623,80.3864164089565,123.936256729513,32.9539093569257,1053.40076838295,-38.0959988333311,-50.6937958960608,-41.2440043706253,30.8908644547713,-129.253832680272,-18.3206548869353,7.81773733853068
-5.1841710894667,-5.9924729258372,-0.313619898569827,-5.61868658213029,223.77870842473,120.311750993118,34.2988226257937,-16.3855711786235,-79.2494751727593,21.6927946688316,-19.8529335180138,-65.5077493296202,16.6684711629027,-68.9977488854688,81.9538363420853
-1.4749139464639,-3.12786057489367,0.051704455818518,-4.79428010400672,88.3904093748038,-107.351123916481,-142.934097006469,50.9584008250558,41.2751872925686,11.5283279404286,-56.4321807755078,85.5307881216646,-99.0106204265984,5.61531755894942,51.8835208326958
0.676151222879703,-1.02636100618862,0.46714191245219,1.33443335356363,193.350050752105,87.0739737049649,-24.1315904017224,-40.866637340508,55.3308073989275,-15.6365408889172,-4.75074502662269,-121.330253250188,14.689402687901,59.7006377945319,42.2130402345641
-2.59735874546943,0.3996610819128,-7.24218918997657,-0.906597372191085,-300.717742318959,-122.986039113977,-124.437167716058,67.9937412130465,44.5096067760253,-37.3502641138543,-30.5905357309103,142.574953800318,110.265935373269,29.7622306188576,-145.372467477464
0.849727832129776,-0.622877291261312,0.0879886219432149,-4.91806890731394,109.327895822873,-99.2007311834938,21.5903122839247,28.0699422827324,63.1996417208378,56.0395579366778,43.5245367255141,-136.035327362504,77.4504334472041,56.8901804212074,30.2512175635435
-0.58265507356449,-2.58713923433724,-8.18048255162122,-1.81531410975068,317.824006257315,104.683108067137,-9.23926409363275,-38.3504537915554,-58.3999224234365,-7.21228762558757,-55.4277757168572,161.130982892614,-44.225429551587,-99.7817851540421,23.9418181300249
4.83098026310799,-4.67916531578708,-1.36126151006593,-2.63564878203707,102.788416226815,110.043010200709,-138.383174045452,45.5309506110282,105.448285429222,-80.457357665725,-47.8311627344472,146.1711104599,-54.3201197901784,-99.8563241489196,38.4033759756742
-2.59516624865026,-0.173034118820668,-4.02939361710113,-9.18333842868452,-229.148503918115,-7.03750720858824,-32.1255136359093,-41.3852005824154,-133.042406319671,-44.4777403322001,28.3325623968958,-41.7877796814369,-86.7931399001814,-46.0138377214952,-52.5373685763509
7.54036495485222,6.26079195631768,2.5975854530343,3.32902228283351,229.251407175291,66.0084662132176,-233.35241996205,28.3479621078182,-109.072626848012,-26.1152665892798,81.722255037718,-103.900658783982,112.850461421727,89.6447024503061,27.2117892834895
8.6179420772664,-2.77483563784164,-0.406087873126742,-1.61043982091815,68.6664456984684,25.3817318001012,119.111521856069,21.1768130720019,-59.3194126810545,39.1018216050887,23.4292162738266,80.8956063830571,42.5759793386943,-30.367645016227,-27.5866543806894
-2.44630443766228,6.85977068175187,-1.59077524775173,6.14779722347394,-221.965049119735,-59.6658307465638,-115.331176141875,-15.5996928056461,59.8878414217125,67.7131274272321,34.3721296722101,129.206094943714,-35.8789212749339,-62.9891191008412,-31.9059917835264
-2.71365683247688,2.8616327720624,-10.3108464870142,7.05044510275866,18.8961173233808,-79.3605276474067,80.4738164122873,-15.6428548916806,-24.5183125930461,-25.796779448565,-0.376361758727102,-56.7263791249182,25.1020412633253,-130.666472793752,60.3959247670568
-2.29733201313675,-3.20165109002076,-3.86249054800622,-2.17563378209411,-27.6551928556772,197.81210118815,-61.0467156545222,18.2198937979991,21.2995714573196,-46.1823394033644,-45.8093071163141,118.871062474149,27.2434446607901,-26.2644088629626,-64.4488499401852
-5.24638486959854,-1.35430492471386,-0.944723382089954,-0.218528592141494,54.265648709363,81.1440022956288,-85.1335441499301,-56.8907026674004,59.8607646455723,85.2095525416536,55.1043586070272,35.6346538873275,34.2487637775021,-104.616486853809,-10.7975830071407
5.71741561172796,2.20432422914054,-2.7548319914309,-5.81520129646374,156.701660314716,37.8826975115708,19.2042630848421,43.6461325659761,14.4889828604005,-77.2011846575939,20.1086254019911,101.844460824359,34.6021335859526,110.900472157833,11.7853028741305
1.59399708073209,1.53410055266518,4.06045225666601,-4.01319744433857,-225.784333914792,6.13332316273762,34.6347571372669,-4.8649392917006,-47.3695931500457,-96.4357457225595,102.344269014367,105.765195155824,126.863352079206,75.4767366622585,56.5138328010804
1.20416265100541,-3.85074841691199,1.42214661327986,-4.34663373086355,-70.2484581924153,117.139305599223,183.897967615509,-22.3941572250212,21.6026336292157,7.36813765616228,14.477034682139,129.677697393861,86.6703908044048,-32.9201545701772,30.5078573347203
0.0866441048522933,-3.44248443591658,9.96440227467483,6.70258551606152,214.885104645691,57.031490375414,-2160.69051778515,-66.7462875596994,-35.3709371959917,-29.2634829529006,2.46757941746327,-63.5468051578163,37.3762648477138,25.6112926464887,29.1336219020793
1.1027587726179,1.32609488010903,3.56302670209124,2.17727588640087,277.214146291643,-75.2362383845782,6.77872258090792,42.8409528370933,-15.0061145083285,51.3018517943437,-8.75597760815001,-33.470857610781,-29.5389811821716,40.658190301691,-21.4567324070494
1.31936199717588,-3.2675286448193,-9.17062989703927,-9.56939054545671,-229.608141028222,-99.891769733399,-810.587950990313,-20.5660428068144,48.8607412515133,0.390241699331938,-91.019346601534,34.4582634783637,1.64457923286862,62.5229457755253,-51.7811023357162
-2.36650117092228,-7.28054987131676,-3.70626966184356,3.34896014302951,-45.0887082854565,116.031237665556,558.762725276129,46.3112170865048,34.0574202408366,-5.89502924259232,95.0351570011108,-91.0087978283008,-107.693326872607,24.0710690475228,13.9534475644554
3.29094657189003,-1.4257376025896,-4.28885854204287,-6.32533196556916,-190.066345178042,-69.7927264047883,-1544.60002940172,-9.51314665276075,-85.012724106973,-9.34802340309181,10.1380388964814,-67.865995529966,-116.341766489036,-91.4975772578554,1.70276961752051
-1.35690833423478,-5.09355779742867,14.1420818293753,-7.19042215676335,5.6155026280231,120.390095354621,-1396.6056266242,-11.6134847835389,-17.0279701757853,25.1896866059034,35.3900480576204,-49.4812632146323,-71.0174504574338,-109.417539692169,-48.6154762084391
-3.16632472420318,2.40042486334439,1.28906368013678,4.99616708943959,-329.94776677561,-131.477957548448,-1391.66370516323,52.8788629878845,55.7333046623281,-11.1642389439115,-104.854330516053,126.29649441141,-31.176264146948,33.0799574773481,30.759297841931
-3.35493504050626,2.06439402624544,-0.432477182287664,-5.47250822391864,-216.354522401894,36.7384847825595,315.188928052118,-65.9203658129778,6.91862806302426,57.0363746148164,40.5257463687349,-136.759208234118,19.6850092474031,-8.65845985273907,76.805132399551
-4.45607417530059,-2.62564291884744,5.1687428937419,-5.92680089715554,-28.4251536345576,100.360848044541,-794.962313752474,-19.3247851316567,16.9323694211494,17.2458241848791,53.8337134074522,60.4612669283675,-119.434348019866,22.8902360104356,-24.2116478799327
-3.09633867020943,-0.2846357766146,-2.55869386368004,-4.80983758463164,-58.4896787163557,-235.602003268904,1557.34121529396,124.742040477989,-1.97663747087446,86.038104023924,42.7408192713131,94.1248716598101,-20.0077523850483,48.0452171393981,64.7241920518293
4.8345862512889,-3.01523087741745,-1.72437155069012,7.54318640394709,144.521079200579,91.8584435233464,-404.461692365562,-37.3458256331433,-23.2216975216104,20.2067874763818,-67.0115072477555,99.1828501294245,35.6771175201218,52.7196006866592,78.08696507497
6.22771046330405,6.00633722701005,0.916713478026906,5.96062452561515,-124.400104900452,-80.1081459279909,472.440501784436,-17.1591180711843,14.9105511266109,-32.702085167754,71.0158032047032,170.421259167793,30.0059645646015,-90.3294352477612,7.69135246085131
0.737051981491688,-1.51903750588963,-2.9570742336812,4.82896649827185,-138.802506864147,161.663757606105,-1491.47963059415,-11.6017637714185,83.9201769085068,-82.0238596165328,71.8129639860252,-51.2930125279313,-17.2251801971202,-63.4527185092875,0.743753563146194
3.70817773844183,-5.34411415853526,-0.797151382656005,3.23261750250906,-260.033006999936,75.6630921021667,1393.16831108666,25.8574002998224,3.80220196116494,-77.6446220644106,-98.0178292933069,21.4281275394133,10.4208583878853,-16.3086345426965,-42.8809265871846
-1.72371885469382,9.82066548683641,1.36849992721284,-3.99218529892552,35.0085814576821,-14.7246059587648,-1190.90325417338,56.2568501390223,-31.4290686709264,31.7942360487779,-2.37521566743839,10.1055508846317,1.19294990692665,23.7753158443637,-30.6498966164083
4.30905906811699,2.9546163456175,9.66335070722552,-9.37945488979678,-174.696976745448,93.3943313685821,-1724.6842316914,56.0707732301977,-3.16788550039358,-13.9581919197779,162.769334591207,139.686873462417,-20.7476281013242,4.08610649728592,1.22239286173421
3.37298334642229,-7.51808019482936,-4.27240133301406,6.30234801482984,253.430957631539,-22.9203062157331,1699.73155459404,-66.0526894539969,-4.23395080149113,-26.8245563639181,62.6015042447495,54.429433326889,38.6936040350821,-45.1474652974364,-62.822519872417
0.948280347356051,-2.72838800411031,-3.75830064280945,-5.31229127223609,181.238897872878,10.3508142765078,-921.138178246843,-37.7131490060795,-9.17212996384003,-28.5468760540333,-52.5354277457391,-83.7890938521629,-32.3151406094263,-9.24114504520842,50.2821410215671
3.39711770030104,0.000861731177126381,-5.98533005874007,0.901544048592509,85.8129497468344,-156.91709238404,1540.31573841356,26.0842318383284,-6.43854513883678,60.3287589793968,75.8360668925053,-43.0372556997365,-14.1034281651873,-26.2919176901594,13.9495688482136
9.19710515234001,-0.76843348954923,2.6550911412687,3.98691902802902,71.4319081863964,119.18659277069,162.579106368731,-0.164591172966173,-76.0886641023575,2.57123940434956,56.3110066132082,-29.1433633380026,-48.1242540027778,124.445540405562,76.3457235123195
7.37245608772295,0.0988089958115175,5.48956770813091,4.23630594807149,-87.4144551176981,126.277964868258,-115.266589070437,-105.242697473145,-71.2430098742962,112.619311513336,787.275632647574,-82.6688838736103,-73.4196034778966,-100.200868027463,-40.6902084828133
2.49424554323505,-6.81790445916446,3.57930208770321,-2.22347903192951,16.8843741193148,-95.0394601366859,36.1082931843263,29.0385238357553,-68.9376341866045,-8.2822085918228,-522.068578244325,-12.5040598066656,-32.2682648719698,165.883331439512,-0.784053489691298
8.14687359739564,-6.83188993993057,2.32780057921178,3.66675156955484,-32.2445184999191,-82.167544756881,31.6470730041271,11.272328826185,103.586318902784,30.9071514481821,517.729326086999,-48.2827787057761,54.086163602377,62.0113309104092,87.7096220559346
4.56300225076826,1.40305942431659,7.37778468954349,5.48497516564654,99.8111245987265,-80.7619118822621,149.570436167084,-63.7892867016224,11.2737825910296,-48.109153910617,-187.563611498961,-14.9358010104117,2.29164010466637,7.47597153530533,-50.081509313646
0.819221780403971,-8.9304933164626,5.3707847434246,12.3150677516192,-112.377282562366,214.914061627802,-84.4920446826342,-40.8712745875306,-81.5630165233837,64.6524761901854,-599.006302883098,-58.4734137685985,39.117984200096,-74.493950909019,-34.4800686783059
1.65580919440623,-4.7746054868245,-0.798568582175562,1.94087698464385,95.6945256198685,-83.9775781667449,60.8965516503945,45.6781341142894,-90.2018322286812,-103.483241772263,-163.847896865908,-1.66058858866893,-70.8082909081754,99.4636533689018,-31.0286818588311
2.65264022001783,-4.37538954422021,-9.64193227424728,-6.69524646126063,-457.208280469092,-96.0064647189112,172.937304908881,19.9992906580072,-35.8069253652864,-25.1129315697052,-661.572968162407,-89.2161939796053,9.87216150180099,-113.129097112836,-79.2488632647572
1.01688467890987,-1.61568300644151,6.7433317320905,-8.07113079107692,-198.43083821736,71.4300473789165,-61.9811280204943,-45.9832755684123,-15.5253026184777,-22.6441358978077,738.519911508987,-87.1938090117454,48.4432055264082,-5.86677268690905,-143.243548148723
1.72977329967517,-6.67732814491615,-0.0666721022667427,4.56092121035078,125.335191710841,36.4698612573301,-2.12796496149749,66.2939365722413,30.0162848554095,-30.2640357795424,268.88104734967,-135.237441535971,4.47905004266924,19.2514535991176,-94.3731119827651
1.06604542210591,2.35108474259493,5.99531887242885,5.57841134604065,-186.022813768261,10.2567286436398,207.563103803542,78.7473265355158,-57.9475962948992,4.64090664379563,935.990841026612,14.4446061272849,28.4692154399398,-80.3964820652551,-4.9940567912377
0.242374449426162,1.52076289897517,-3.2574190132433,-3.50584322212667,59.597980541537,45.2852668131497,-51.5681284296171,-2.23263000854564,-24.3112227358282,-30.7918957080921,256.136850121535,-21.2558350546796,-88.9929548659684,43.1421051236347,15.9807616971138
4.55182407487333,7.83283341409291,-6.30119083782349,-3.14807196482731,106.367263872867,101.863174217829,108.200032626826,30.7869741302446,-5.19394773887651,-31.1926295609637,927.542016791743,94.8942274753387,-48.4709951785339,-44.5162566009681,-90.9169269142979
-9.0900488355937,-1.67771640464912,-5.60600283699522,-7.3069897908819,-40.152624099637,70.1089773363425,-156.631750175912,-115.683334698113,56.6758395218451,110.274001468726,530.769324452053,62.7736855965319,15.7781026693175,87.1870079273735,67.8643805947451
-3.38849362402098,2.069509619259,0.614303758301953,-5.46921085132726,-68.2526102814246,-137.412247107254,-72.2964610506141,-20.3208001681757,22.2855159229954,-49.3773209231845,-643.653539328326,161.347643408989,79.2200503886843,8.90112487970339,-63.9800197804589
6.35419097169218,3.92799817322915,-2.14661005812648,-2.12682088868759,356.231449869185,36.6420450038753,160.838115732796,41.3311004778196,-20.0793877685494,-24.1247181289655,127.585183171525,82.6904550254558,40.7285442998593,-105.437738713804,38.5952539099006
2.05587293679811,-1.18152379751507,-0.357192984525559,6.1908114013208,-71.1767944702949,-3.33933757839181,28.8896356889451,7.66553187366082,138.875349792604,34.5096764920259,24.7051858891346,20.7505311908875,-23.1473004609915,112.624833293621,122.012949785737
-10.988035627763,0.70366722763956,-6.00395923070854,1.34506383074967,-61.6825072950502,-32.2940078629975,-51.7251670546978,61.2850745871353,69.108678383436,37.6050259929181,-85.9919181725491,-27.6637928080648,47.0118726717205,-169.131972601828,-55.2938923845846
-1.6452453474063,4.43444480639909,-3.02839407014592,5.43720835794905,144.763274796443,-72.5934028309009,-73.2612239436734,20.9165939951496,-8.16440519530506,-0.0325570617043508,14.8808618098965,85.527936752302,-52.7044275185697,-62.2409792110946,-20.7792005100921
-2.0871285623451,1.92877199352315,0.285839649116095,-6.89360306281057,-252.122188526632,-40.1981743879225,153.12542230046,-40.9967116227391,-61.4653072216441,28.951794154564,13.8249753963587,-40.1013778193472,59.4196125914074,-70.4945663451394,-75.069805196953
-3.36233799086,-6.59900495244831,-2.6545083610985,1.50469382113718,298.490940125042,-96.1672241281915,-3.8552513906495,21.7549357240738,32.3870370232593,-48.4078988772934,-24.2880685141715,255.10874080056,-8.90757296878377,-22.1884320422371,-84.0814103839767
3.82542875446961,10.2579261139456,-8.46372459358595,-0.303923226886243,-18.7388269507527,29.3650989569786,33.8848272898159,0.102106176361427,20.1329691894875,29.2297565068878,97.1708481345449,111.743928828962,-35.2644894557588,32.5737069938131,-96.5479243882709
8.36548706291105,-0.8206310333778,2.43412262047661,-9.08739357798442,49.6591341470744,-60.5781798448649,-53.1346137171973,89.0697723584504,-117.269548864525,26.043280536955,-3.47072867053628,-92.6134130286288,36.7524463059135,2.74622978129559,40.096949004313
-1.78782457941241,-1.33191732363936,10.7581802111839,-3.33191766298495,-42.4132975345632,-17.7504875099974,134.152048811149,23.9109256629904,-9.63030755551069,-96.2804286861676,56.4054113704136,72.9067304095646,-65.5795247121381,-114.762570745768,-50.2404768163032
0.987635301315005,-4.7438252697386,-0.310548077460361,-9.23051448607577,-46.5643443531821,93.2532386317186,46.6481425640405,-13.0451083094698,-6.16065187308258,52.1703914619861,-42.5286557716085,13.1476401919742,32.34015844203,96.3486496355019,-28.228906334364
-1.61871546185609,0.0614725964511259,-1.11940106588042,-4.68545928797522,-74.522885341813,-41.4132582687256,73.6031277379817,11.6641262810868,18.7357545214669,19.7874399112487,101.447711479826,73.4521980860958,37.5394766669246,-58.0531030137996,79.3604468061379
4.17245935668,3.50716919791574,1.10880347026407,-11.0185890041584,152.835075391697,-75.4568156906132,29.4616483394702,-50.5692985441213,-13.574238794896,-7.8342525632448,-90.1066372533342,-64.8512583860945,-9.72772055878379,71.8847143466171,-10.8323859005728
5.8364305975878,16.522530929267,3.36651754957907,-1.79531928049595,226.501052860276,115.578710889556,-81.8063603491883,-12.4852362897459,-47.1658421580311,63.258108181008,-23.8092979227458,8.10738341908209,44.5930177475596,-49.4115216036816,-28.797377640718
6.41106443310963,-7.07709767112526,-5.49614481115417,0.470866392796385,26.8506409428295,-49.8666025282125,72.1270996220695,-121.633987801761,19.8856836711767,-11.4227523171031,-32.7476413831221,23.2574480152885,-86.2260205742263,4.79041962649077,18.7899761793498
-1.17951122594969,-2.9362645121325,-0.472581221460593,-4.72331492826474,108.212664539173,67.8424441775911,-123.64375406182,-1.72702647146144,-6.50568614005496,-35.4051362524772,-116.617199414132,167.623318247367,116.079341106395,-148.604240206025,17.8157918557762
-1.74704739673781,-4.32018197642151,-6.56736117627375,1.95175409585579,-46.383944407182,-4.83222636478857,139.271516250647,38.7846355171824,16.1659482520367,60.9067483301896,92.2205197096584,-100.157402615894,19.5841359562095,130.635426462358,6.30336485257794
2.29015080682848,4.58159809298486,-0.469681172111736,-2.39568660734633,-110.920614727913,56.9655917780473,80.1959475326554,132.930350799006,-96.0564156066026,-46.9937791841457,86.9553308041397,-26.2738910071492,26.3591949910484,-32.2167756268987,-76.9578867315855
-12.9198684351221,5.84251211014473,-3.58037047477798,3.57332417609221,156.651725600963,84.5427072135989,-79.800174584465,30.8092751367864,38.3269649535142,15.9578911582423,85.5499175098724,-139.941862381664,69.014435532001,-33.3805065785385,-23.668151903127
1.64869318094173,11.5118462445573,-5.04938558159741,-6.88159553933678,-89.5473394171665,-12.7607819337442,-36.452548225331,54.8246380180914,-44.3694824366458,18.5638453280162,5.28228707357182,-6.55306265063832,-27.1496300701075,-45.9889441764206,-18.7560736650972
-6.7034444806632,-6.94872288240218,-1.01200791358547,-2.56367228989345,-161.351289168975,-54.0871976133186,74.1478812526657,-60.9907398864658,46.0654371114498,-13.5795755177057,55.5503284708223,-75.6192703363244,115.162426345436,49.0390574342838,30.7859040351213
-1.99832774876304,-0.398893521687777,-7.96129851463449,-2.77982208318579,-110.056408127326,-25.9010717025035,-132.189804363756,-26.4379332101402,-39.1818851056345,-93.6785908013914,-152.225094607055,91.0516486743663,-30.4114770076224,46.0182723986995,-70.9397638359623
2.70773453188363,4.68531537597756,1.40592358264872,2.495469312545,-57.5050789769658,33.9276802795156,34.4634235100915,-31.7343961731012,-81.4816829475308,-73.4031588985392,5.52856849614094,56.5651136392794,-38.7170991935825,-48.9296105801637,-20.3537195769702
-1.90248041364628,4.18029861079053,-3.44749395855705,5.056999048794,-175.814240936138,-18.5868068341851,126.069596876707,6.77317876822366,-17.7700402410021,49.1265934273411,59.6333186457621,-66.1916132109938,21.6987240047149,167.934778978067,10.704744090186
6.423238857478,-3.39768308089159,3.49440834970641,-9.18312778226453,-124.63284600896,-30.6341038613156,-171.697278186997,-85.1179509318024,26.9205969941542,-18.4728244062548,-27.8373971586451,-27.3502337239506,-121.705906284759,-0.0591197073182289,45.5287289632564
1.77074423530796,6.90754937400771,-7.08317488329301,4.30882636415308,148.016753544072,-49.1459358513046,-96.6202402623959,8.69612853400841,-10.3154355737182,0.989319467291925,104.864511718772,33.1724017748049,-37.0898818044774,-118.626462229753,36.1313685594205
-6.40783401987455,7.55579730517275,2.74284489299998,-1.34028965529156,102.154800167822,5.51404197756275,93.0613617880802,-37.3334808907399,35.6417334747308,-40.1989327037667,-79.5647574733427,108.012765335873,26.7750432017812,93.2716198939294,124.709841113614
-3.56376826141227,2.09429056629033,6.14547454155388,-2.52148442987947,50.6139443010009,85.8275580267019,12.7156544376665,-19.2638626954863,96.5589076503473,-14.7175525146394,-30.2210170924772,113.08842391765,76.332872624388,-0.116491443593796,-57.6031133434575
1.26247164247485,-8.21472685765379,-1.51140776691978,4.90117363245764,114.045678278926,-85.2981498565803,141.219022109955,7.62413763625755,52.0047301792851,-31.0441395464808,47.21605044305,-35.7890092296933,-24.9349449990039,18.501195567529,-12.9237690982317
1.76176872262803,10.3856832261564,5.00861798212457,0.131716738520365,-61.0208662958831,-26.8937776978298,180.675660460663,-65.3115910188609,57.100148965961,-49.1803774227379,143.809931658497,-128.745869384873,48.3802424220697,-18.0007980643135,-12.6188461235098
-1.23179914280164,2.25714589923036,4.59081903073687,-4.53365291077357,-12.1636325193154,-99.9839293856737,-216.930001002139,49.2980194778287,-14.548711972404,-25.9119438722823,82.052855624356,148.53876083888,40.1800849557136,-131.003445051433,-0.234206260714278
1.46148686863277,-4.36663153113359,0.841437369325253,0.663816399440322,-220.558123035493,-74.8985423891939,126.9185291259,-81.9994089178588,6.42165910889271,124.661606089945,9.73165611370204,9.26348610067371,-56.1075605411869,3.67947755607829,93.4801826106342
-8.28096882861669,-4.79382621647708,-3.53301046992907,14.2156828212072,-46.1163212823189,-48.3396900500517,48.2486799939162,-48.7426203875218,-73.2057348952621,19.1391791028734,53.3994231042216,-113.274323104662,-79.1781006358637,-41.0266822680327,39.6733370343303
1.44261757792101,-4.8749795827528,5.99376120115552,4.49270281978409,23.2358550826508,-35.1165156583501,-182.688433414688,20.5787995665073,-64.8399590177252,-59.9879170790647,102.733170161612,-43.1542288126583,23.0479525472747,-39.7240720628866,7.07256241680052
4.39268452413865,0.88103601162657,-10.5229735735497,-4.63971618008789,95.3424548070288,7.77994559648316,-242.34647085764,3.41394029796287,6.1886466535622,52.3368472109318,-13.6582031407291,80.4368537322796,207.214658378309,-40.7741266203766,-105.209586523293
0.776838196545967,-7.19027116347583,-5.06643963053818,1.90328583968903,-91.493511711073,161.726868057002,-0.848055405521604,-15.5559684583593,-7.87618725895233,31.6572876001172,-44.8392583035387,-47.0361532632126,96.2521544084634,59.0134323520372,21.9878032592689
-2.06621148484228,10.6503007629331,8.01066205754343,-0.871675534591859,269.779004898936,28.4859358255039,62.0739365927173,-37.2265935375717,-81.9247990500381,-51.1926015297623,-31.4513464814054,-63.286883503982,39.1294541048545,158.88080153248,-80.2801103280442
-1.28248915204898,-7.02311312398709,1.99584219060682,-1.39103629218943,-64.1781003974716,-126.86579249401,11.8072656144063,-118.55284262951,3.20191659255507,-56.7632571368474,-39.3262113403003,-64.7739985318181,96.9031118664348,-47.6863460917409,-65.4429138078502
0.901298398787708,-3.3256069683424,-4.10646960466886,4.54456835488663,-133.053798781429,-16.9070134693512,-11.7150806662481,16.1644886707173,79.946118765618,44.7989822509239,36.9776294513582,-119.410898835534,233.326100722916,-41.8471071609751,44.5493555659929
-5.47630427658341,-5.48274865073697,-1.94664457743178,7.2780291377769,-67.448193647138,56.7462893553897,67.7909834552389,-0.756376351854413,55.4038148490195,21.1797758891989,14.6115859362304,175.018611421666,-63.9885925230895,-51.7213139276214,-49.5480535953308
-6.41299144309541,10.569517545523,3.70584319196296,-8.89936212626577,-223.216400758181,-141.643282660768,-49.6984388390184,-1.94480752249532,35.8190193156597,-4.45520104854954,82.2063337783203,-65.1766526317716,-3.30043903675895,-53.381038445784,50.1744697093425
0.393096767554339,9.79975572819157,-3.22260118710444,-12.4749346051437,140.356444250192,-91.9592181490186,-49.4066442676489,131.119667732354,-53.0858919790346,11.3536492541846,-29.4168433683481,-123.720665212249,-58.2319339053788,-37.4139182896772,-14.9762531557987
-2.47626405102542,8.3542840659647,0.477824962714775,-3.69713649544809,245.244636200908,-50.4446314010711,-142.064243968215,-71.6185659244965,8.42330945139545,13.4077379563089,-41.7667570141388,81.9464696320387,23.5921915600088,-41.302852425792,-92.7400768655433
3.46358835596782,-3.05354630375749,3.31319254534101,-0.735657781139295,42.2693649979324,-109.424987871721,146.17992706783,-125.00129826634,273.442835687281,83.3142444580765,97.0291511811847,89.8817474890541,-104.416505734552,-7.2629735952147,22.9049098683371
3.84260158674573,4.96267484421525,-12.1726255091205,5.06565877009804,107.746363843606,153.333933011667,-55.5435553437855,93.7019758945248,619.95873873799,39.52028947056,138.197717505898,80.2753812567066,6.67121345115159,104.417801175818,-112.31415246069
-8.17388902987855,-3.24008975606426,5.32626889372376,4.7609900094274,207.101345353689,-88.4714012702332,68.2914757922062,-18.3142997839485,-1100.34990827527,-2.02204701470783,46.6971410830799,-33.2842909184891,-64.3346414910453,-22.5198101768651,-38.7136650612812
-0.0932637819585561,-0.0798315207659279,-5.9902880621239,-0.342258441449819,115.376085141034,-75.9637309827646,-122.864453923611,6.27991890583049,-460.116349622047,-26.2514647067726,-5.99892766416381,65.7145582044762,52.8309312014266,10.2586855903255,11.9448889574832
0.549363701793944,-0.146258033053183,-14.2164606166519,-2.00763241688645,104.091903336541,72.569689757923,90.2876757812104,-70.5007072439803,-610.03472880757,111.080732699027,6.93547191847352,-118.128153154144,176.245906115713,92.6639086523326,47.5835194192378
0.757498033893788,2.78695807750896,-4.91775614546113,3.72454118906039,74.96644647404,-118.34252133705,25.8164911899829,-4.58165775605238,652.194204145289,13.1143994736614,-60.8269549099723,6.19900025002359,-44.4810343454827,33.8756058062964,7.86992201487634
5.31577141071281,1.48715521091408,1.19141631790616,-7.09173486834437,364.237946490796,80.1331298405716,11.6625880788012,-13.7992282752627,-222.884348647432,-119.223806627453,-90.9224012562083,-51.8930305257631,-19.0847708738826,40.6611269744558,-11.9681501242371
4.76273161695161,3.53154989067593,4.2162878504308,-8.72424293388802,29.1408432924795,16.6535530239974,-76.6724964380468,-74.8939274862943,-779.285814374184,28.2290626204088,-58.1254184736124,7.82815267270164,50.453349854485,36.9566275133829,26.1531413813998
-0.212382091702845,1.50219725182504,3.92547138232605,-2.24196254949846,-136.326639708465,42.5916130335763,166.702025144618,-38.6587666901077,-15.1655651043206,-14.2866840655613,-13.6918800754907,22.4137551698295,95.6286340305987,162.797730125224,-93.0071566368106
-7.30483760332442,6.2999880477061,-1.68624073306165,-3.14801523987611,30.67835062524,66.7890374913703,-18.030675093707,-0.708600051495744,-330.784671927609,-35.989873188775,-5.15081397064971,8.04573653952463,60.0828615956542,97.494717215937,-64.9220432464018
0.805436752901225,5.00702597204351,7.71242413636663,5.39697740218473,-62.5975527908906,60.9391217347653,-83.8655154420328,-39.0693037629836,-698.404143004643,38.7394251161919,14.1307766632843,-14.1871917737785,-25.5310158838912,-114.665621196515,-81.4577739834983
0.365942093609618,6.0489962888114,-0.697918504991714,-7.19113055676273,34.3354192844294,-65.5790886207737,6.97051388345343,6.01814573053584,-419.598565662414,62.1196659396139,52.0981639898375,49.2463294825262,-8.10232983454108,-41.2530474908778,-55.3823375655459
2.36105574063428,-1.13568654084407,-5.97464046755434,6.82444581189832,-235.584412829907,29.1889717851759,138.0030391474,112.666732193095,-508.680819048055,-23.4959325923474,-15.2534400267419,32.2661826144295,79.2311005257875,-19.2969350362699,-30.4783758230388
2.32206792691068,-1.57565419291977,-0.539478503005536,0.65080509504634,-210.554645301599,-958.206892700805,-143.760483996133,86.3376021975801,-799.806667048995,13.8194673066625,38.1897254188272,-2.77777549597185,-31.3229932510029,14.1212097155933,-0.268467074018219
1.60999291678822,-1.82209761306269,3.17461830816538,-5.68500977640207,163.673160733406,-1316.222257697,36.4847615165831,-24.9651297209033,515.358237092035,55.4070156318262,-26.7255366226993,21.473364436469,-49.3714908585209,0.182834584048818,1.67973791790834
-8.44714564825403,2.70264093929177,9.73258166750759,-7.30276039402418,-8.12987445480409,-386.479016884139,145.460209791591,55.6679538786747,147.948846908362,-65.1069741857177,-29.2882016833954,-190.041580803941,167.863852414319,-2.38392222894741,-31.3938179274825
3.10180756398754,5.96419350473522,-1.32088589721468,-1.53796899223609,175.645666186137,-1482.61986082215,-105.601174242591,-19.2765371494601,531.150522409656,-96.0575676038332,67.6664609254237,16.9257105032683,57.8415241704938,67.2213572089874,-20.7143224135152
-0.680767528136361,-0.544165707024848,4.05652304611821,0.549422090155418,-62.9542988230007,961.045696470996,12.7031585885013,18.333807177287,13.4378732486702,32.4695109632052,-17.8573270311237,-64.2150456325745,-21.2925011884331,48.7056675867095,-4.92949852731546
6.94721388889928,0.660331156592338,0.0564220534958473,2.90573078377924,70.2631263322325,-364.797356768344,71.304788621451,-14.7718674597098,-6.78575932856887,-27.6245344540239,108.484342201474,-20.6248511252886,-17.1660724764056,-44.3448579042987,-68.19683723807
3.45155758143232,0.619414494989999,-13.2363336965698,1.89386079243376,31.441986373688,414.583883113009,-82.2960959095747,26.4659675746163,-26.0794610513288,-9.64827404784689,-96.7679608541914,-152.401467344134,15.0969126522476,-90.9370904764778,-64.0523218809328
-0.779090393667779,3.64856067767043,7.86388030648683,0.569261818012583,245.607166621625,1120.40545836569,-165.595499242215,-40.7529727737367,13.5255928068341,52.3063178351347,53.6950262651241,126.8104947458,-35.5631004049946,65.3871324536244,-0.771019944776861
-11.1911207317498,4.32931159863005,8.50837083375115,-3.884661200043,253.894072207197,1041.53612759722,9.63278464133602,17.2987108694041,30.6124113241561,-125.069722476678,69.2295238160518,-119.654121331379,40.5093502347117,77.5033193778368,-31.9071851660837
0.988879954759592,5.35741558262545,-0.678560080021635,2.07599961774356,-28.8625629423128,-60.0769026356916,-41.1416190525693,41.020385952471,-10.8921338974678,-5.35754636256544,-20.5469290292661,10.0173388192462,-14.3340732309952,-67.4031797316163,-3.35386498142681
-1.92026405138245,7.60182218527115,4.99953115363297,-1.08466867186934,-125.332059828268,76.1142123685137,164.0043167673,-6.0373651686495,53.0169084779843,-34.3092813865309,-174.008658548302,91.2066183058383,-70.3728378157133,87.7666367500366,10.8500163284713
0.675522487282237,-5.19697482920883,-1.37356469772848,3.44075412348591,-232.403067264565,-171.339610346619,-49.3031987724464,18.0331043673858,-46.8558232139412,-29.4640593702005,-32.1798400030265,-97.2117484513893,16.2618203271144,127.750262597745,15.096982156375
-3.4464037317995,-2.32257809036519,-2.9990928163649,3.27402835921314,7.82714028751432,-38.4630644116141,-63.0421247540579,-49.8601651499962,-97.5787670041946,93.3082224455503,-14.7239108604158,-20.8237777118038,77.7464993481638,32.7050602795879,6.79358901002858
4.76993188842751,8.08712864616338,-7.11012872503927,2.59845476105772,25.7490642912335,-81.2883654637071,-88.4224950627132,38.5224092028303,-36.7794325854428,54.2791412281506,7.65817960562012,92.0606875078884,-5.01863058040627,-17.0217767050299,-8.29940294648278
-8.24002247913627,4.82079832706498,-1.00987944630928,-5.60948605681852,-153.708019045344,30.1649514901402,-223.921640570541,14.9570042235359,-139.19924962192,47.0414197376118,-66.8808344620124,-38.2117826258216,129.644139122459,8.78227316154023,48.4110284413264
-7.75020229909447,0.161156207817867,-3.0955400803606,9.43865624030442,130.137539223894,59.185125744467,39.0189926188483,-41.7684417716907,-35.3060411697976,9.35419296287809,-31.4587954397814,-34.9430292182999,-161.224943691937,59.6218584037162,52.2548045522296
4.49704261344039,-5.23218947624199,-4.5167274569372,-1.20357339059449,71.3646658599761,-128.398278379718,55.5968056480951,18.761178667436,51.7399412388852,-44.1823651141823,-83.6492213141649,-106.627107501678,145.584101024166,52.6647209443237,-2.22193596583282
-4.55366221949035,-3.0341999312187,-3.49193200953563,-1.6151526733802,54.0449019901102,-76.6567476689948,24.4371637914682,-54.9435957065073,-16.5180426348056,-2.93017604108537,-95.1133522124184,-35.0622052529435,-935.954166077571,53.6707287528807,-0.814788255828312
-0.138944891056001,9.69817630693092,2.15563272399799,1.22583780465599,-78.7862325969208,68.9747431613392,132.388679742398,-33.1528245705299,46.4737299302829,63.2253740128531,-21.2731314595463,-27.053955809889,-831.291485483678,97.3467897019277,25.3325339824194
-0.634316386303405,-6.05408361756775,-6.77118487223812,-1.31833253204462,70.6347826553704,69.2944528415671,67.9211246436442,-64.9892576156849,56.3864929999681,52.4229201568954,1.99085121264064,-57.4192654043925,49.8257238987282,-23.6602532793498,-15.0347224960836
-3.49925380562131,-3.44953811008182,-7.76259642511694,1.01613004167557,-121.099185641818,24.7391518645535,189.593482398643,-78.8511986869776,-36.9642864893373,-74.6733870753653,27.2652557339212,-50.24109208826,241.834568288654,75.813624689167,39.2132204992603
-0.365387556887599,0.973688151902005,1.03714461784802,-6.78032365745756,-222.614618764379,66.6468028589735,57.6599680638603,61.5524561952413,41.2063908288261,-21.6395723691584,60.2760449943929,-50.1598983747625,-763.872311423321,-9.93101014306648,38.0264506387354
4.99034797185643,-1.84982027959663,3.00234537613493,-7.53948098290073,-12.3023443378063,74.9646995967554,-55.9548410879858,58.5206859842,-0.685630312811193,59.3540983653951,-43.7017420733694,-92.7108216138458,2.94295171040339,73.295817813956,-23.8321703105573
-0.167017748689013,4.63968331980473,2.48293371737592,-8.79014440402188,151.366584819237,1.61903490055191,138.630865875176,-89.3762104952455,-19.925938567046,-39.8267057037307,115.630599138003,1.03620464501168,-35.4539209274124,79.4278113918347,-39.3846748363282
-0.827178256219469,7.21062755983254,-0.729226811640409,-3.11437102930704,20.635113134302,52.925026576944,25.5349904788096,48.632291935528,14.865234599178,-57.370434832116,-78.8636390313965,-98.7322065587531,-67.6652158099483,77.7645262100897,78.8227926110131
1.8862061775602,-2.37664421647483,1.10222701493401,5.51527161940735,-265.758620188478,66.7269889537831,-83.4773731394256,-51.7399092996177,28.1172697208572,-95.9096493286647,71.2523577157978,136.561936490421,-62.2273080046596,35.4271798010492,-40.9882505423912
2.85340447147298,-5.38797359557377,3.17800935637222,-3.19527083232502,180.676084910391,-132.508724990313,-91.9492434731108,13.976339606169,87.6822893884825,57.5447800726605,7.67624837414665,31.2850227537818,2.41344697085387,16.3390119316431,53.3817374093295
4.09527260332757,2.71047718005235,0.72034636997315,-3.18385487872277,28.0647694219443,102.290268060218,-190.593914271062,53.7386491356798,31.438398194817,23.2785659758739,-24.4425368128918,41.0814852841246,-10.0181774533414,14.2275662423172,68.2093496936653
2.42756311403751,-3.66097431279598,4.17447270446877,-3.29550320586503,-1.56970681880784,-39.215052335605,-180.202988523653,-36.5816970388504,70.6877913008933,22.1239346613876,43.0611217464314,-317.182064217634,73.2842032764778,-70.4416864623742,-49.1794844068724
1.24586320298863,1.16705190786503,2.41823466433229,0.981458287282319,148.26715025065,-45.6870362015103,54.0319507339035,12.8413809593793,-22.0810591043421,-103.931817466828,30.1973091024839,60.1116361159772,112.438830320778,13.4625925826949,-75.4505840272782
-2.98951582700662,-2.08154791222059,-5.26467820851688,0.977521423343964,89.8515795790155,-53.8569628771177,-108.78580799537,75.4075312039925,-35.5327504714604,-9.40618687601405,-24.0526760269176,-54.2687756556192,88.2405020540127,95.8862397352599,-59.5294623270261
0.847100720563602,1.16709202829949,3.03468276125164,4.09684599292881,-73.9851374645348,-51.1201776532897,-134.066393140144,-9.64859914822052,16.7632021357893,17.0322403769658,37.5106954354555,-291.63153448086,-8.39138233562647,66.9130330242743,1.70449941569481
-5.59074378082397,5.54378081152516,-0.292861035524969,0.715192329293755,-165.837973601848,-94.673748833941,-172.700111913563,-66.873838250475,-66.7861018584268,-24.4612863552776,-72.5196390444578,34.290971797092,-4.53724332021145,25.2175286460808,93.9529386747107
-4.27662883536017,2.48041225188188,1.12935014470819,-7.51841358840694,-33.0752771606438,-85.0408514297897,-31.3757803192976,-19.8206181319165,-75.9244733980534,35.5981635184493,15.0821172906802,-19.0813136995128,62.0693121750294,9.44254511915357,-44.2831888742151
-1.84715788456796,3.62733694985655,1.70310962016443,-0.62887839900948,-79.4823327392818,27.7236339688332,-23.9791030180234,56.0812388099642,15.5642074968604,-34.8111373243849,0.803020280590641,-98.4871088208005,14.9202168050182,-36.4688418835846,-56.3721878348361
2.96433311008065,-0.32856842702817,-8.28554665553369,-6.52134544189804,239.222998964164,-150.782367534262,247.321456922891,19.3756703604929,-25.6482024779854,-47.2966559566297,25.1436468631478,-66.9157466770476,-49.7768989871706,30.3023562606986,22.1374280308705
-4.00091280901985,-2.48932742246332,0.986490957920277,2.35308421069284,-246.936392252057,-162.632833345189,-85.6428478067805,53.4324885002902,-42.4995407656373,1.16987381944241,12.7942325557304,29.7826024713375,-29.6032285013456,39.7591535219951,-7.46587342774073
0.969320416449127,3.27585299460726,3.94779418102934,7.99360129243504,37.2373086400637,160.283399340436,-70.4527403686862,65.1587697779002,64.3254339117794,62.0123019404545,-56.3564963858878,1.26586544240886,46.0929700447324,-77.8365403173531,-44.3643576051726
1.17564318842738,2.10108229827421,3.66129290319277,3.9115172720214,175.681732643759,16.0587604153172,211.438625530134,-93.0409367265158,-6.60977509020884,-23.0079812792637,-35.3427413331924,-33.6876392733214,-28.3544939980891,11.510425558052,45.6325550181824
4.01435504419244,-3.75145719105745,-7.39752040338456,-3.92802067411287,-314.605524826437,6.86146036614154,89.650346638559,-56.4503485218552,11.6766558083497,-77.3017917351821,75.409747645012,-10.207885510238,-87.590078652317,41.1175951155471,-62.9860729814447
6.89798263587932,-5.12834304478742,3.83724543127589,0.100661715255706,-6.33730703955166,-104.687660966352,-21.0654372336997,-25.5398410795755,26.6502073429531,40.7514836726937,-93.8514750554996,-46.9496110500182,-28.5863211977624,80.1002266257169,-84.9385663627554
0.243240647653509,9.21564051229465,-5.12938426361856,1.52863277091882,134.598077149251,62.9868338247417,114.697318745458,-99.0854574962211,2.63566088371854,-101.43319360251,-73.8047854884446,-168.94411160736,8.86678517637454,-58.7127405354779,93.6522756231926
3.45408373299213,-0.128948088579355,-1.67870171540107,-0.232962646437248,-211.028713476115,-13.559365962048,-54.9188809160144,-29.6971102974759,-16.8510282283587,45.5044234812236,51.1863895308922,-22.7477215324919,-37.7440787846303,74.467272573763,126.657080819866
3.56592699500697,7.9014318870565,-1.55900454934687,6.53434085963627,116.910554799888,-93.2996179450743,-120.083609144927,-17.1553744779706,1.16743878043104,30.9838658125143,-0.820773590799717,-13.8691424296154,29.2309332553034,29.7337109415235,5.73137413287384
7.45163288470267,-1.69654113787732,7.29783374495583,5.72035607306525,370.553045249082,-37.7411128902292,-81.7372325553188,130.647052938786,51.5112792132447,49.511128873068,57.7009483437898,-11.7091531901158,58.464567635518,143.018375481792,1.45797269402239
2.79769166698665,-0.968601528036969,-4.46392127177575,-3.38095272106915,-26.33936133653,-86.6350574436298,23.3542543816794,-28.2181129427552,-22.2465887234984,-33.6764333600152,-18.6536620440327,81.1814002057624,-70.8720328955751,75.5191201090349,40.4033808745331
-0.801408309409077,5.263659089195,1.55082230445613,-4.44536171947679,-149.860591551275,-101.54656131239,-136.816047780221,6.29760173564777,29.6677601509444,59.9257239861858,59.1119524927837,-171.563677751511,-57.1188066695654,78.3981618546491,-94.9122817550695
0.68284622926099,-2.14757932758873,4.32517078083513,1.52262104869023,-422.028622182293,-36.6718273727514,-11.0157439744668,115.631883499068,-71.0787827237192,12.3647138756162,-38.3700250431358,-90.9920046931212,55.6510363142889,-8.25180543904969,82.6412667370209
