  -0.330192    -6.60052     24.0982     41.2271     6.90223
   -0.55284       -3.02    -12.0217     20.5596    -4.48066
  0.0500485     0.97147     -6.1063     15.5402   -0.369154
  -0.904033    -3.13756    -3.14031     10.2508    -2.12666
   0.591081     5.81166      3.8842     26.2286    -4.06347
  0.0963465    -4.05487     0.50608     5.01624   -0.706383
   0.204699    -11.4955    -7.74766     19.2056    -3.39496
  0.0464416    -8.18398      4.1136     17.1327    -5.52522
   0.526195    -3.32409     5.69779     21.2944     10.5381
  -0.282254   -0.660264     5.51218     12.5906    -5.12216
    1.34251    -1.57435    -24.1535     42.6225     11.8181
  -0.751549     9.51465    -9.30142     17.7175    -1.32465
   0.271699    -2.84966     12.9068     31.8153     1.32661
-0.00421203   -0.770073     2.31993     29.2388     16.6367
  0.0713533    -10.3277    -12.1429     14.6965     5.33997
   -1.36989   -0.489989    -7.80768     14.0304     2.10066
  -0.278412     1.59949     16.1915     24.5026     11.7121
    0.32797     1.62305     10.3101     24.6245     5.51902
   -1.78099     4.24727    -4.38122     19.5301     16.0982
  -0.965308     7.08499    -4.12831     31.4147     -7.8509
  -0.299369    -5.40424     5.06698     25.8386    -8.45595
  0.0159564    -17.3243    -3.47015     31.5695    -6.12653
   0.118258     1.39291     12.9267     18.2662     -4.4185
   0.112321    0.353131     4.75025     13.0881    -1.53856
  -0.391113    -8.97726     -8.2904     45.9793    -6.87058
   0.243004    -14.5804      1.0415     36.1808    0.564113
  -0.397256     4.01832    -5.75756     25.4831     10.3602
   -1.34343     -4.6174     2.07546      16.866     16.0341
   -1.16071     9.10331     16.6775     32.2005    -16.4831
  -0.802799    -9.11546    -5.15374     20.9206     6.03705
   0.596639     9.39989     12.0188     33.1218    -2.77941
    0.90405     7.33634     6.08114     25.1461    0.893135
   -1.25862    -12.0106     5.49262     30.6532     12.1755
   0.884158    -3.23268    -11.1023     23.3335     -4.6792
   0.159145     7.94953     2.60816     42.9225    -3.29013
    -1.5955    -7.20759     10.2263     19.8467     -1.0891
   0.146599     15.3534    -6.32183      29.283     11.1456
   -2.03621    0.740529    -3.88259      9.9095     9.84499
 -0.0900123    -1.75315      2.8363     18.4156    -5.72079
   0.291977       17.97    -5.28419     29.7394    -1.89712
 0.00260218      11.389    -7.12483     19.5684     7.08494
  -0.287811   -0.826047    -3.14272     12.4203    -3.99502
  -0.307108    -0.21403     3.77543     5.70997    -1.05812
  -0.102344    -10.3151      12.028     28.2429    -1.62459
  0.0286928     -1.5361     8.91109     29.2304    -3.16065
   0.818907    -9.39173     15.1215     36.7218    -6.09495
  -0.609043    -5.61377    -4.52162     18.3507     2.83766
   -1.83994    -9.56414    -8.74226      10.323    0.925468
   0.510771     -4.1611    -16.2421      41.909   -0.772517
   0.719081    -15.3404    -16.0071     26.4253     14.8777
   0.816803    0.530569    0.515924     15.0099     8.00067
   0.821602    -2.23424     20.9587     26.4297    -8.90474
   0.688404    -2.17646    0.512527     32.1768    -6.60649
  -0.824306     3.67298   -0.647518     28.2524    -3.81884
     0.3221     3.34472     9.17783     23.3107     6.04684
    0.85072     9.51655     1.33618     40.2741     23.7144
   -0.77881    -8.91522     1.59825     9.99483      -5.547
   0.544381     6.74665    -3.45253     24.3185     -8.0682
  -0.832436    -18.3972     3.10732     22.2626    -5.47855
   -0.36238     2.11178    0.967647     10.9608   -0.446648
    1.56163     11.6086    -9.27133     42.4468     5.00145
  -0.189423    0.956732     4.43892      17.634     14.1204
   0.754068     7.00679     14.7096     40.8999     4.33887
   0.569184     4.02498    -7.29065     26.0605    -3.43551
  -0.745179    -1.47976     13.3351     23.3268     8.61786
   0.555867    -1.98951     8.82325     26.7292    -11.2142
   0.077862     3.72513     2.26444     25.4061     -6.1675
  -0.420549     1.18512     18.7948     26.0292     -4.7912
   -1.08427    -4.53533     5.28055     9.11027    -2.76105
   0.718269    -8.38016    -16.8433     21.9216    -12.4202
   -1.75121      1.4113     9.89236     27.1205     -12.813
   0.420225     4.92518      6.1776     17.6587    -6.37444
   -1.12615      7.1252    -7.31334     16.6761     4.56009
   -0.37631    -5.88505    -1.11894     7.02087    -2.31236
  -0.902159    -2.22599    -7.18864     11.1745    -4.18485
    1.38093     15.6173     15.0944      48.627    -24.0089
   0.393132   -0.329646    -10.1614     33.9404     13.7406
  -0.290263    -10.8663     12.9709     32.3013    -2.23515
   0.242041     12.7292    -10.8553       27.27    -16.9379
  0.0659965     -18.438     -1.4855     19.3771     -6.2164
  -0.175383    -6.16559     10.0048     28.4234     14.8415
  -0.372925    0.147654     7.33073     13.3609     5.99478
   0.859302    -11.3507    -8.67644     29.3179     17.4939
 -0.0796803    -12.2104     -2.7796     14.0966    0.210718
   0.282511     10.6289    -13.0726     28.7691      14.053
   0.259774     3.01115    -4.79826      21.591     7.29863
   -0.49268     3.38244    -3.57048     22.7164     -6.1712
    0.57632    -16.8349    -8.31397     22.7649    -10.5115
    -1.2016     4.84013    -4.99004     17.0455     21.7717
  -0.819366    -11.5516    -10.3598     10.9773    -4.89971
  -0.454944     5.01748    0.736323     11.6893    -5.37627
  -0.992818     -1.7785     11.6914     14.2036     2.20827
  -0.298624     5.48022     8.40569     20.9356    -9.42624
  -0.883515   -0.625541     9.49394     11.7739    -1.85703
   -1.16774    -15.5521    -10.8149     23.2319    -12.2691
   -2.73676    -17.9223    -5.89019     34.3151     2.76637
   0.632069     4.88301     4.06041     33.0513     -12.611
   0.435562     1.39905     4.79933     28.3385     1.21285
  0.0519668     9.80289    -13.4335       29.62     -4.5786
   0.369155    -11.8486    -11.3163     19.9103     1.62023
  0.0735317    -7.34055    -8.07841     14.9313     11.9694
   0.576114    -14.5902    -11.9964     24.8971    -12.2972
  0.0611276     5.23122   -0.820005     34.9902    -17.1245
    1.04626    -12.1582    -24.0836     36.0601     -17.285
   -1.52311    -6.77936    0.464211     34.0512    -5.83586
   0.860933    -11.7872     3.40266     26.7775     10.8298
  -0.510182    -2.44842     18.4776      24.447    0.108703
  -0.759664      2.0599    -2.09242     27.6741     4.44817
  -0.780896    -3.21091    -2.75764     30.7928     11.5712
  -0.919981     -4.2253    -2.59342     39.7753    -4.64198
  -0.758855    -2.59281     23.7928     29.1303    -1.72495
   -1.78026     1.33337    -8.16277     19.3471      12.645
  -0.174073     1.93173     7.71076     14.2282    -1.77532
   -1.44071    -8.55918     13.3481     14.5398    -1.77637
   -2.14024    -5.32904     3.74894     15.4958     3.21453
  -0.574489     6.20644     4.08669     17.5319     2.42644
    1.08648     2.68256     15.5857     28.5773    0.700148
  -0.878844     5.91799     -2.2649     29.3268      26.816
   0.280788     6.40394     8.38638     18.3392    -1.87797
   0.227336    -1.21112     8.28158     16.4491     6.78291
   -0.60807   -0.354718    -2.90407     8.25335     8.46895
    0.45075     4.12081     -12.473     24.2117     3.08638
   0.157792    -4.66998     6.66506     19.5139    -2.75957
-0.00416474     -11.606    -10.3177     22.1609       5.957
   0.887709    0.195485     6.41623     28.1235     9.88328
   0.560028      3.6983     4.95308     31.9124     8.05036
   0.129988    0.267823    -9.87309     24.7647     3.60084
  -0.192942    -5.22283    -5.59593     9.24806     4.43449
  -0.853275    -3.32179    -8.69399     12.0204    -1.05491
  -0.255736     12.7184    0.840758     28.3396   -0.911728
  -0.689429     4.02198     15.1757     23.5879    -9.83502
  -0.798239    -21.4087    -17.4684     19.6019     1.09072
   0.260968      6.1728    -1.90395      33.438     23.5135
  -0.508455     2.65118    -7.81708     18.3748    -13.2115
   0.940156     1.53583     7.21575     28.2254    -13.7453
     0.6271    -2.92148     3.44741     17.3536     4.37806
   -0.18271     5.89903    -4.58915     26.8198     2.93543
   0.214929     10.5749    -3.57528     17.2003    -10.4888
  -0.322461    -2.08833    -5.34217     14.7749     2.24004
   0.158195     3.15295    -9.57995     17.3568     9.15059
   0.246971     1.32382     1.42272     10.4873      6.1649
  -0.901719   -0.507481     1.15865     6.61384    -1.21608
    0.43466   -0.403142    -13.0378     17.0415    -9.43656
      0.186     9.10096     2.39985     18.9395    -11.4045
  -0.628719    0.816284    -3.10961     6.77556     1.55349
   -1.69227       2.644    -16.1501     24.4406    -8.59229
    0.19994     3.37153    -4.91242     39.0567     13.7493
  -0.146903     -13.075    -15.1508     16.9815     8.20869
 -0.0390518    -5.07866      8.9755     18.5084    -4.65124
  -0.673014     10.5302    -4.20251     19.2534   -0.665669
 -0.0424908    -4.34267     2.14202     19.6764    -5.20028
    0.28816    -7.76761     4.09159     18.0408     3.68627
  -0.335271    -10.5411     12.5568     15.0357    -2.63001
  -0.200512    -1.01388    -2.41674      11.816     5.93281
  0.0192489     4.80306    -15.0245     28.0942     1.02182
   0.750439    -3.53479     6.02818     50.0382     3.99469
   -1.28107     9.08952    -7.64093     25.4406    -12.2435
   -2.12881     4.21355    0.569437     19.0941     4.66998
  -0.411354    -1.88707    -5.06081     16.0395    0.682459
  -0.778871    -2.16033    0.123404     21.4476    -5.80048
   -1.36614    -13.5457      -11.53     15.6328    -2.23808
  -0.207209    -2.99401     7.29769     26.2932    -12.8191
   0.800291     1.44587     11.6297     35.2545    -5.07234
  -0.615194     8.09785     2.02172      21.561    -10.0698
  -0.695352     14.2704    -8.30852       27.04    -3.03742
   -1.51203    -6.26302    -3.45118     35.3359     8.33156
 -0.0485354     2.17497     9.54386     30.6574   -0.916883
  0.0596141     16.5287    -4.37809     36.0086     4.80711
  -0.669865     9.48795     3.41672     38.6308     7.27495
  -0.634984    -8.29225    -8.95054     29.7412    -8.25239
  -0.211543   -0.870482    -14.9736      42.411    -8.13049
  -0.169075    -2.43237    -5.01967     28.1099    -15.7879
   -0.33105    -4.06622     16.6828     27.3132     16.3682
  -0.616214    -8.48106    -4.19975     25.1855     6.23267
   -2.30461    -3.89524    -8.00358     20.6809     9.70264
  -0.305497     2.11462     -1.2645     26.0675    -5.00548
  -0.839779    -10.7195    -4.58549     15.8426    -6.08625
    1.35109     17.2871    -9.20433     39.8258    -23.8334
  -0.332162     4.68339    -4.44955     19.3062     2.21237
  -0.905607     3.60401    -7.67966      15.451    -10.8047
   0.628592    -3.08764      19.739     35.0504      9.1106
   0.741482     9.16492    -12.8815     26.0355    -13.5926
   0.248336     -8.0136      10.565     24.9286     12.7828
  -0.486641    -7.16975    0.037742     16.0296     8.56946
   -1.14943    -7.71804     7.37124     20.5432    -2.35364
   0.296577    -8.96595   -0.280554     30.3702    0.629752
  -0.226387    0.776292     6.01067     13.7022   -0.172687
     0.2504     -12.225    -6.25098     20.8439    -4.30433
   0.503637    -11.1833     -9.6773     17.0481     3.91036
   -2.34284      5.3419    -13.8592     24.9536      5.0819
   -1.18651    0.812858     7.06305     19.7529      6.7019
   0.243477     3.20643      7.8066     26.4944      4.0852
 -0.0917753    -5.18048     -2.6979     10.5096    -2.80073
  0.0536979     4.61778    -11.2661     28.9972     2.56835
  -0.250638    -3.18361     1.04217     19.7653     4.96775
   0.731481    0.325361    -1.12881     31.7752    -18.7607
   0.844129    -11.8192    -13.2355     26.5389     22.6424
    0.50242    0.362463     4.59112     33.1149   -0.837423
   -1.03492    -8.97377      22.608     28.7796   -0.878543
   0.458706    -1.97046     13.5902     24.2155     7.18472
 -0.0568676     1.34521   -0.368706     16.8871    -12.3262
   -1.45538    -4.85467     20.9035     21.3073    -7.23119
   0.925036    -16.1605    -22.9491     26.6002   -0.691529
   0.110329    -1.84922       1.445     16.3681     -5.3494
   -0.45448     2.41695    -8.60165     15.6083     1.52486
   -1.55736     5.59361    -13.4041     27.9023    -11.6477
   0.608368     -3.9625    -13.5004     15.8752    -5.20114
   -0.37502    -3.78462     2.58213     7.22547   -0.733267
  -0.131851     1.33147     1.41335     12.4386      7.2324
   0.209812     4.95605    -3.86033     18.9424    -8.51645
   0.635393     7.78935     4.71082     33.9805     9.71246
  -0.279667    -3.77238      3.3571     19.0599    -5.46058
   0.585304     12.9355    -6.10585     27.4875    -13.0676
   -0.71198    -1.16309     3.75578     7.63047     2.82142
  -0.664769     5.25765    -1.49834     14.2303      5.9195
  -0.119497    -26.1657    -18.3389      19.811     -13.174
  -0.269259    -7.99799     4.60555     20.2331     4.78834
  -0.546274    -4.45958     1.54125      9.8013     5.06333
   0.465592    -1.87882     15.9365     22.8295    -9.59155
    1.44471      -15.52    -6.26059     31.9819   -0.768271
   0.588054    -3.67311    -5.88337     30.7027     7.00765
   -1.16875     11.1873     -5.1061     24.8148     1.59642
  -0.862667    -11.8972    -5.38023     17.8281    -2.32643
   0.405234    -9.44728     4.30509     16.5076      1.0232
  -0.617683     3.99716    -11.7321     34.6503    -8.19725
   -1.89145     9.69178    -8.83766     22.2106     5.19078
  0.0652562    -2.83694     2.32516     8.22991     4.00835
   0.879682    0.554492    -15.6506     23.0724    -4.05045
 -0.0400627    -1.17291    -13.5396     21.7154      12.984
   -1.66844    -1.89521    -5.51126     10.3818     4.24768
  -0.542838    -7.87991    -4.94139      21.685      14.532
   0.729741     12.9518     -2.8029     30.4198    -10.7467
  -0.841761    -15.1164    -7.85095     13.7651      2.3956
    1.06495     4.83669    -2.44795     27.3096    -11.0861
  -0.426734     4.72957   -0.742548     27.8301     2.79884
 -0.0626319     1.90436     2.79144       14.31     0.52798
    0.29915    -4.12601   -0.923305     18.0545   -0.623779
   0.194455    -4.06319     3.50556     21.0583    -13.0555
   -1.23338     8.11716    -10.3213     26.3288     2.32075
   0.921554     1.73661     6.53172     18.1048     14.6357
 -0.0563643     12.4087    -7.10337     18.0224     4.81559
   -1.09623    0.734155    -7.46749     8.92123    -5.17012
    1.33826     18.5265    -6.85016     37.9809     12.7395
   0.915488     13.2907      8.6867     36.9939    -11.7233
   -0.33671    -17.7498    -11.6561     15.0137    -6.90259
  -0.880484    -11.5352    -15.7577     19.3001    -2.56386
    0.90586     15.5138     3.28373     45.9744    -23.6146
     0.2954     1.13033  -0.0118902     29.1903     5.31441
   -1.28844      8.1476     1.40701     33.3576      -12.69
  -0.160049    0.732331      4.0761     21.6805    -4.09994
   0.481159    -8.88086    -5.01049     22.1149    -9.44823
  -0.618882    -2.40898     8.82433     12.3174   -0.420804
  -0.126306     -3.7541    -6.78188     14.3721    -1.37646
  -0.231199     4.32087      5.7354     12.2786    -5.90915
   0.806813     1.02885     9.40585      20.701     7.69034
   0.581278      16.218    -12.4304      30.665    -1.38303
   -2.63703     -3.6971    -3.81243     11.5325     8.77635
   -1.01739     4.87138    -2.02759     23.0312    -2.47129
  0.0977355    -7.62558     6.40448     15.1339    -1.99672
  -0.778445     2.09216    -4.57103     16.7736      18.327
   0.278573    -3.06633     13.9399      16.098    -4.27113
   0.161626    -10.1412    -5.81859     22.3006     11.3447
   -2.31272    -3.88866    -5.39761     6.59579     3.26978
   -1.39309     3.10717     10.3094     16.1327    -6.30902
   0.767419     5.01009     1.65383     33.9912    -3.24214
  0.0694855    -2.43285    0.782053     27.5179    -5.63839
  -0.701074    -5.63977    -4.99134     8.46507    -4.48489
  -0.330975    -2.74463   -0.641848     18.9855   -0.594464
   0.935661     1.32311    -2.20542     34.9078     19.7977
   0.303878      3.4867    -3.76446      13.425    -2.92464
  -0.217501     3.76969    0.279338     20.5448    -7.50254
   0.654639     3.40354    -3.92657     24.0305     22.5813
  0.0807128    -1.51028     4.69875     11.8731     2.48735
   0.612641     8.81033    -4.69148     29.7609     8.38804
  -0.395865     5.26368    -4.92213     28.0991     43.5773
  -0.431268     15.2931    -3.61595     21.7292    -12.8298
    0.27984     5.91104     4.13415     16.8602     1.97761
    -0.4405     7.79564     5.64473     34.6341     12.9862
   0.060897    -1.87345   -0.462869     19.5038    -8.43331
   0.110691    -11.8125    -22.2682     28.3761     15.5868
  -0.822914     2.81468    -5.44873     17.0683      2.3508
  -0.644009     4.72636    -9.30371      17.177    -8.04683
   0.640655    -3.03065    -14.9852     25.7306    -11.8704
    1.41236    -2.54919    -12.4026     21.7707       7.994
   -1.26866       8.374    -6.05993     13.3219    -3.44808
    1.08152     6.58902     20.1254     43.7841     2.79214
  -0.153239   -0.791044    -5.85945     14.2408      8.7872
    1.20592    -19.0372    -2.41631     34.6125    -2.52164
   -1.02397     8.45598   -0.512454     14.0896    -7.04498
    -3.1612     6.73582      -5.996     14.9328    -4.48568
   0.435096     2.45008     11.1496     20.9204    -1.05952
  -0.365694     11.0464     -5.2837     30.3464     1.33501
   0.237944    0.627634     5.81231     13.2251     5.16014
   -1.11362    -1.87189     -3.5836     10.4893     10.4687
    0.37662    -7.75698     4.31555     17.2993     2.46531
  -0.146989    -9.34932    -7.78407     13.3713     6.86111
 -0.0161795    -2.99467    -7.05057      13.634     16.9523
   -1.30963    -17.1062     21.6449     46.0864    -7.68146
  0.0659329     8.83696      -4.468     17.0861    -8.46217
  -0.156553    -3.45947     13.1428     23.4041      11.264
 -0.0179685    -4.10491     2.34828     12.9102    -6.16913
   0.666619    -13.9525    -1.70287     22.4658    -3.86736
   0.408425    -1.30198     4.64862     34.6588    -3.39038
   -0.93334     5.87111    -8.31197     28.0655     9.70881
  -0.236761     12.8251    -4.32657     28.9708    -17.9706
   -0.40081    0.321598     3.19753     12.0824     -3.7588
   -0.69442    -10.0621   -0.903123     23.3473     7.87826
   -1.62083    -6.20689     -5.0552      8.3693     4.06009
   -0.41033    -2.82439    -14.5257     22.9205     10.1698
  -0.410771     4.64588     3.46372     25.9354     10.6903
   0.410798    -10.4412     5.09531     27.5097     5.51645
 -0.0300944    -8.38057    -9.25637     10.5836    -1.35512
  0.0989397    -8.53686     9.70749     20.9948    -10.6283
   0.283956    -13.7638    -12.1874      18.844    -5.73665
  -0.615023    -11.3876     1.08941     16.3387    -2.46575
  -0.829454     7.78902    -6.42397     15.1827    -11.4068
  -0.962046     2.47593    -9.48298     19.4128     -11.475
     -1.261    -2.15905      3.0294     12.9216     2.73837
   -1.07476    -6.85848    -2.16879     15.7626    -10.7687
    0.43258    -18.9032    -15.1198     22.6718      1.6203
   -1.50196    -5.62187     20.0488     23.4498    -6.84111
  -0.114312     3.72309     5.85206      20.891    -2.81347
   0.964793     10.2697    -9.05168     31.7491     2.88761
    1.57667    -0.25726   -0.476666     35.2008     7.29049
   0.504266    0.857116    -4.65858     17.2187     5.59425
   0.573794    -6.30261     9.71099     15.3506    -3.08927
     1.1668    -6.40712    0.208848     36.1355    -1.74253
  -0.518696    -9.42673     13.0681     25.5223   -0.781807
   -1.98874    -14.1105     5.44451     14.7782    -7.68987
  -0.399993      2.2288    -5.28903     9.05387     10.4462
   -0.22343      5.3914    -3.72799     15.5826     2.44009
  -0.594954    -6.37343     15.0909     21.8686    -4.03409
    1.23312     6.81181     9.00438     25.0367    -6.13828
    0.79448    -8.63117     5.04888     31.0653     7.28867
  -0.603572    -11.0218    -6.81337     22.1124      1.8633
   -1.26264    -0.36354    -0.78675     7.84018      2.9402
   -1.49887    -1.42472    -2.58125     30.1809    -14.2345
   0.811733    -17.2039    -19.6002     22.7085    -11.1435
   0.630508     9.65142      1.2522     24.5164     8.41107
    0.75822     4.89992   -0.984557     20.2551    -0.47383
  -0.428784    0.374599     5.84534     11.3554    -6.32326
  -0.010506     1.27491    -9.73213     15.7023     2.87154
  0.0971339      5.1596     4.94165     17.6211    -1.16212
    0.41815     -7.8433   0.0399862     9.62638    -4.68209
   0.237984     2.34853    -11.0934     26.5981   -0.189891
   -1.55764     -2.1104    -4.37291     23.6682    -10.0684
   0.282001     3.31143     1.98678     21.1998       17.42
   -0.04724   -0.170008     4.71309     16.3687     3.47843
  0.0252262    -4.66196    -2.61693     10.7189    -4.01779
  -0.892091     6.85081    -3.42319     24.0021     13.0443
  -0.437234    0.747317    -8.49454     12.3898    -5.43295
-0.00166463    -8.21867    -8.11988     13.3241    -8.44739
    1.01628    -10.6521     2.77189     35.3038     2.67841
    1.12295    -12.4224     7.39234      29.004    -7.23289
   0.542609     6.85158     20.7793     47.8675     -1.8868
   0.386207      4.4986  -0.0182914     32.8725     5.03662
    -1.1381    -5.63029    -6.75252     11.4919   -0.907588
  -0.513072    -8.80748    -9.77013     23.9308    -6.61921
   -2.01269     -3.0926    -5.60054     8.11471   -0.621855
   0.564424    -5.67073    -0.47771     20.0657    -2.99259
  -0.207477    -15.8777    -12.0162     12.9354    -4.74264
    0.01865    0.770032     2.41553     23.5582    -3.77108
    1.13388    -8.96576    -9.68762     33.6047     33.1378
   0.117284    -13.5922    -11.1743     22.8333    -3.42117
   -0.89156    -1.37131    0.954385     15.0388    -1.08643
    0.31491    -4.40196     6.60175     30.1243     14.3753
   0.617245     10.0669    -4.24508     28.2054     -1.6634
-0.00372221    -5.23319      12.264     27.4216    -9.46438
  -0.226057    -13.6637     13.5376     16.9474    -7.27062
  -0.625999     5.02476    0.274956      31.089    -6.46046
   0.427567    0.510877    -6.10913     16.5606    -9.47876
   -0.50294     9.44484      7.0817     31.3516    -11.0433
  0.0580413     6.32788    -3.02688     9.56416   -0.844538
   -1.40176    -2.23263    -5.64387      18.752     16.5519
   0.631583     2.52969     1.31586     27.3357    -2.56761
  0.0471156    -7.44403    -8.54905     9.65647     3.59701
   0.318819    -19.4755     8.61613     29.6113    -5.40395
 0.00156244     -3.9095      5.5981     25.4029    -6.62022
  -0.724345     5.57978    0.974021     28.1578    -9.85103
  -0.655006     0.87927    -7.65503     20.4906     5.39141
  -0.794935    0.323319    -9.54294     16.9796    -4.51857
   -1.74228    -6.87997     0.48255     23.9585    -12.6898
    1.29489    -6.91022     2.72621     38.3261     11.0847
    1.32761     12.7158    0.737204      31.628      12.844
   -1.20866     4.68623     9.56954      24.003     3.19936
   -1.07327     7.13775    -9.06699     24.4647    -13.1751
   0.120492    -9.51516    -6.80545     25.4476    -14.1653
   -1.22277    -1.72654     7.53906     8.15974     1.48633
   0.362722     18.3075    -10.0426     28.8015    -7.53511
  -0.714975    -5.92574    -5.00467     20.7731    -1.77998
  -0.183627    -11.4709     13.0764     23.2135     4.14899
   0.224031     6.67946    -6.59347     19.9238     1.71948
  -0.772229      9.4151    -4.97297     21.2384   -0.729595
   -2.37079     5.86111    -7.01787     20.0743    -12.3774
    0.39473     6.38273     3.88735     27.1419    0.922294
    0.38493     3.65071    -8.92372     19.5114     16.3373
  -0.189846     -2.4229    -1.65502     6.07739     6.02401
   -1.35965     1.85329    -12.1934     24.2961     14.9491
    0.73921    -14.6426    -6.84998     27.4836    -6.10677
   0.381997    -14.1556       -3.51     15.8258   0.0828485
   0.706505   -0.654822     8.57253     16.2831     9.89382
  -0.363562    -9.53913    -6.00597     17.0428     2.65501
    0.60672    -18.6986    -7.20027     23.8508    -3.31197
   0.164537     15.6712    -6.23842     30.6128     7.19502
   0.927667    -1.05885     4.07006     33.8159     3.02184
  0.0521214     1.57322     4.32657     27.8195    -14.0875
  -0.888393     5.86046     7.41022     27.1641    -5.80267
   -1.51833    -21.1749    -9.95714     22.2631    -1.27101
   0.611675     3.81222    0.646689     22.4153    -1.44984
   0.105447     6.87633     3.31761     18.0432    -9.48349
   -1.46889    -3.96747     -1.8065     8.90061     3.47387
-0.00869276   -0.960523   -0.949196     34.1768     2.10388
   0.182062    -16.6556    -0.56118     19.3963    -0.91452
   0.218242    -3.14406    -3.84868     21.6757    -2.10249
   0.184708    -10.7718     3.15637     24.8871     10.1398
  -0.108352    -3.58547     6.83969     14.9476    -5.10864
   0.371282     2.47073     4.73361     28.3441    -6.21539
 -0.0752687      3.1775     14.7815     21.6177    -4.62897
    1.15957    -6.66992     8.17856     32.9122    -9.26566
  0.0855289     17.1768     -8.5859     32.3962     12.7561
  -0.584198    -3.01265    -12.3627     21.5982     -13.322
   0.663023    0.412795     12.7706     18.1095     4.32503
   0.200983     6.16428    -4.43725      26.769     5.00873
  0.0228197   -0.432673    -7.36128     42.8302     2.69211
   0.770017    -20.7302    -1.95103     34.3798    -3.23328
   0.705044     8.53915    -10.7533      27.457    -12.2159
   0.254859    -11.4882    -4.90749     23.5591    -1.07443
   0.255089     7.38334    -1.07305     27.1166     2.68193
    1.00523     5.96605     5.33518     28.4135    -10.9979
   -1.47385     3.16287     2.42107     19.0727    -7.72358
   0.620323     -5.8286     3.69661     32.2111     18.1431
-0.00184827     10.4808    -7.11434     15.6372     2.01288
   0.681764    -5.11033     11.2077      26.793    -7.63054
    0.19296      5.0768    -11.5585     34.0234      40.416
   0.929345    -17.0697     8.59213     40.3739      6.2149
  -0.395468     11.3812    -2.77423     24.9226    -1.04372
   0.697511    -1.55006    -7.61364      17.157     6.08672
   0.142133    -3.36652   -0.796971     23.6066     4.41332
  -0.401436    -8.19609    -7.63521     19.5099     13.0003
    1.27404     -5.2869    -4.78795     31.6693    -4.45677
  -0.702794     2.13369    -4.46017     19.8273     3.12902
  -0.397213     16.0134    -1.74096     30.3538    -18.7647
   -2.01223    0.709489    -2.11315     13.8117     10.1092
   0.424611    -7.36998     21.7631     18.8569    -4.54681
   0.970451    -10.8599    -14.6262     34.3906    -4.51584
   -0.11358    -4.91313   -0.143182     16.6984     9.15229
   0.173901     6.20775     1.64904     17.2875     11.6435
  -0.207279    -5.29339    -7.62513     28.3969    -4.26452
  -0.475988    0.605331     4.29887     6.54858    0.729258
  -0.608684    -4.60305     2.21151     6.26846    -2.59504
   0.157052    -13.7751     28.0776     30.5659    -4.56816
   0.453569    -3.39034    -4.26582     20.8097      8.7843
   0.378574    -13.8431    -4.79532     39.4126     19.1493
   0.711817    0.781984     6.11691     28.5008     -9.3864
   0.124716    0.121135     9.46171      11.093    0.736385
  -0.020056     4.51023    0.413922     25.0054     16.6319
   0.269492    -13.5229    -17.7067     20.8681    -5.56077
  -0.413647    -1.93635    -4.14128     16.1482   -0.940515
  -0.450052    -3.80235     13.3557     18.4624    -4.11352
   0.729066    -10.2501     17.9385     28.9476    -12.0627
  -0.296114    -4.12856    -7.20991     14.0306    -8.15712
  -0.605301     4.23813     8.05712     26.2785     9.49671
  -0.625795    0.529747     5.38011     14.0956    -5.42378
  -0.232353    -5.92283     2.63317      11.593    -2.80357
       -1.1   -0.145118    -4.92902     13.7701    -5.82142
   0.843482  0.00489691    -21.6766     37.6283    -4.21235
   0.241786    -14.1527     2.11534     31.2668    -14.1381
   -1.21778     1.77916      2.8564     8.82778    0.753283
   0.485783    -6.95165     26.7433     18.8052    -4.52435
  -0.973007     5.89759     -4.7884     29.6057    -7.47828
    1.01985    -4.41497     12.4447     21.2693     6.92591
  -0.117576    -3.99003      22.894     20.0249    -5.27542
   -1.32825      8.6137     0.56201     31.7655    -5.07381
   0.913688     4.58699    -13.3078     37.9057      26.697
   0.402766    -3.35361     8.32473      21.259     11.4702
   0.513101    -17.5925    -1.50378     17.7064    -1.84046
   0.231021     3.61711    -1.41081     22.0798     26.7484
  -0.855255    -10.9516     11.6087     27.3696    -4.16669
  0.0561056     7.79398    -5.19047     15.6414    -5.95658
  -0.028142      4.7337     11.7639     22.9988     14.2272
   0.453411    -1.33021    -9.20046     14.8672    0.528414
 -0.0667337     7.92156     6.07885     29.0095       5.097
  -0.352215    -8.60347    -9.97125     16.5396    -1.20244
  -0.546305    0.916081      19.982     31.6264     6.23712
   -1.81005    -1.83753     13.3083     20.1204      10.531
   0.287012     7.50112    -4.24537     18.1697     17.9527
  -0.415192     5.43548    -2.44241     19.5559    -2.51561
   0.167165     8.76154    -4.48546     16.2667    -3.92423
  -0.107004     -2.1159    -3.86126     16.4398    -3.61332
  0.0865864     5.38789    -11.7468     27.4407    -11.3214
  0.0976428    0.173103     5.67082     12.5161     3.42462
   -0.85757    -3.49867    -3.92738     6.63865     1.43952
  -0.171097    -10.5047     39.2651     46.8204    0.954568
   0.684946      -7.571    -5.51193     17.8236    -2.58083
   0.192965    -3.13452    -4.75264     24.9847     28.8943
   -1.19621     2.84764     -3.6277     13.5702    0.182788
    -1.5589     1.96598    0.193785     14.7112     2.44724
    -0.6335     3.77123    -14.5708     34.3029     4.53732
   0.554534   -0.961895     1.78462     23.4049     -2.8938
   0.294244    0.255938     -4.8057     16.1578    -6.68354
   0.255003     12.9941    -3.08361     19.5747    -9.49329
   -1.36096     5.99486    -5.18898     23.5181     22.4396
  -0.516934    -8.10808     18.8577     21.6704     -6.4005
   0.641047     2.52898   -0.749234     24.0783      3.4951
    1.13276    -10.0727    -4.81876     34.7619    -11.8716
   0.181979    -4.52786     -5.0648     20.7692     14.0533
   0.214431     2.46721     1.11756     15.7709      5.3629
  -0.746465    -10.4883    -3.87416     18.0302    -5.98252
   -0.47368    -1.09936    -3.46488     11.5484     4.83213
   0.482328    -9.91259    -10.1315     22.1282    -3.57426
 -0.0748176     4.82061    0.245673     14.1224    -8.85174
  -0.150747     1.05387     11.6118     21.5949    -9.32933
  -0.565274    -4.19731     1.37819     21.9289    -4.85813
  -0.199017     2.57265     8.61404     20.3726     19.7577
   0.756025    -5.31754     9.07532     23.5152    -7.44881
    0.92725     8.63851     1.85659     22.6533     -2.4424
    1.17695     9.92943    -5.58814     22.8976     8.20748
  -0.107769    -8.75418    -2.86513     23.2718       9.327
  -0.686939     1.26167    -2.62875     14.3574   -0.803162
   0.550274  -0.0946611    -16.8772     28.1512     5.35463
   0.321493     7.11674    -2.44854     18.0333     18.9091
  -0.140298     11.0276    -6.74324     25.7665     12.6666
  0.0779928     13.4055    -3.51069     17.6438    -1.05339
   0.518051    -7.86648    -1.78673     30.2185    -11.8171
   0.334947   -0.653825   -0.567767     13.0633    -3.74372
  -0.366065    -3.13544    -5.92642     10.8505    -4.22263
 -0.0934284    -8.20291    -5.89808     25.6151    -13.7821
   0.579629    -1.21846    -11.2056     20.4717    -13.4417
   -1.08698    -2.82259     9.04276      12.147     5.36761
  -0.212729     3.85213     2.25287     17.4014    -5.05155
   -1.36595    -2.71846      -6.014      11.394    -2.16677
   0.306521    -0.39114    -1.02962     21.4006    -7.79852
   -1.91465     -4.9629    -6.63825     9.87391     6.34074
    1.79211    -5.81767     19.5723     52.0602    -4.36176
    1.40508     3.09201     19.8869     31.6776    -9.86886
0.000446529     4.17236     14.2456     38.8872     9.84436
  -0.808849    -4.49655     5.07377     15.5418     5.67121
   0.546151    0.576928    -4.66454     11.4614     15.9746
   0.185408      -8.774     -9.3591     12.0659     6.06822
  -0.101887     2.03132     7.42815     20.2292     11.6193
   0.279494     11.4451     -2.2638     24.3124     1.79215
   0.600316     5.81758     3.75306     15.1269    -9.18517
   0.575331     5.83739     2.50775      36.202    -6.70566
   -1.62697    -13.2958     10.3029     19.3711    -1.07188
   -0.70944      1.3195     4.90568     35.2198     8.70603
   0.122258     11.4941    -4.84419     23.2782    -12.6175
    -1.6209    -3.69608  -0.0246862     14.1458    -3.71681
   0.764737    -21.0644    -11.7497     21.8268     -3.5272
  -0.692953     4.30326    -8.13436     24.2395    -5.84933
   0.168794     10.2051     8.97966     32.1131   -0.969776
   0.601391     3.41005    -5.69639     18.9448     20.2167
   -1.12588     0.74866    0.517073     29.2755     12.6917
   -3.23829    -1.20456     3.68172     9.05893    -2.17482
   0.662496    -5.02764    -10.1802     14.4364     1.55974
   -1.44914      12.719    -3.13329     39.1457    -6.68146
   0.648474    -3.60299     16.0051     35.4512    -17.2656
   0.777886    -3.57976    -8.24465     31.8803     20.6497
   0.116276    -10.2084      10.496     21.8928    0.468703
   0.333654     2.59721     8.45759     11.8869    -1.36227
   0.218014     7.68615     8.64892     23.9004    -7.29436
   0.153201     2.55631    -5.88594     20.8951    -3.37682
 -0.0313439   -0.462433    -4.53005     8.80428      -1.915
   0.629315    -6.21364     26.3579     27.7221     3.35146
   0.523787    -6.66585     1.23215     16.3115    -5.54372
   0.013082     2.02046    -6.36868     12.7434    -3.35266
  -0.512273    -10.6783    -1.51287     18.8188    -1.73589
    0.19464    -2.15475    -1.07291     9.99181    -4.93594
   -0.32038    -3.15504    -7.37555     23.4948     7.85026
   0.382728    -5.01049    -11.8198     20.6895     22.6399
  -0.623172 -0.00165113    0.847901     5.58808     1.82409
  -0.659161    -3.15828    -6.46808     23.7785     16.8383
    0.59381    -14.1418     -13.205     23.2496     14.2382
   -1.21294     8.89339    -8.57195     18.5061     2.85016
   -1.16744    -9.52528    -2.38844     15.9674    -1.97562
   -1.75096     -12.217     3.51551     22.1514    -6.27314
  -0.270849    -9.76349     8.70504     29.1985     10.6388
  0.0654145     7.78277    -10.9147     27.2339    -9.31033
  -0.155688      1.4895      3.0426     20.9853    -1.57632
  -0.200325     8.31533    -4.35355     17.4716     6.38137
   0.492131    -8.85191     15.7037     22.7562    -3.48617
   0.312408   -0.722308    -15.2435      20.025    -9.57486
  -0.572824      3.7978     2.75721      12.666    -3.88349
   0.774473     -11.457    -13.6874     23.8913     8.13344
   -0.14133    -1.89119     13.5224      16.811     0.17448
   0.757562     3.26709     19.8126     32.3967    0.827037
  -0.220553  -0.0202311     5.17886     28.5479     4.33614
   -1.23006    -5.92791     6.80531     23.4413     1.73278
  0.0610949      5.8825    -4.09219     18.6649    0.679877
  -0.785189     17.6567    -16.5377     39.2735     5.07018
   0.944189     -5.2706     8.61959     30.1318     3.20309
  -0.722394     6.56245     3.80222     28.9179     16.0477
  -0.123009    -5.37133     6.84557     35.2661    -2.74446
  -0.272812    -5.12788     3.68684     12.6278     1.51116
   0.659372     8.72552    -5.40065     26.5059     -10.017
   -0.27152     3.97074    -3.33552       21.68     15.3937
   -1.33736     3.38443    -6.40223     18.0566     -4.7809
   -1.55705      4.7596     5.80613     19.0177     11.7748
   0.829789     9.01445     3.17934     20.2068    -9.43144
   -1.66635     1.31303     13.0382     17.3248     1.24064
   0.392747     1.17748     5.27043     28.3012     8.09312
  -0.423528    -9.50456    -2.91693     29.1011     1.47936
  0.0183744    -1.28138    -9.94167     19.0402     -7.4901
   -0.25017     -7.8145   -0.519213     30.0582    -6.69927
  -0.446503     1.08106     5.46069     22.1632     7.87684
    0.47833     1.80523     2.55662     23.8397     15.0777
   -0.55292   -0.220866     5.28742      28.026    -9.26583
  -0.176696    -3.12842    -5.98813     12.4573     0.66196
   0.119895     11.4167    -10.0699     34.5864   -0.977047
   0.727789     8.33883   -0.990137     18.9948     3.39227
   -1.21282    -11.9905    -3.55377     21.2444     -11.053
   0.226897    -22.3133    -10.0843     17.3017    -8.14362
   0.968971    -9.80057    -13.6543     37.9575    -11.3759
   0.414064    -4.38343     7.05086      19.097     3.94226
  -0.350806   -0.662532    -0.70152     10.4746    0.904725
    1.06205    -5.34381    -8.33663     29.3597     18.3932
  -0.219197    -11.1716    -1.59653     22.6446    -7.69248
  -0.418121    -6.85461     25.6547     35.0599    -2.62619
  -0.675778    -10.3582     3.11984     20.8091     4.00933
 -0.0691743     6.75756    -3.94257      18.217     14.5392
   0.249678    -11.3211    -2.56038     25.5343    -10.4838
  -0.752162    0.887898     4.73389     15.7209     19.4821
   -1.95437     9.00809    -3.62829     18.6143     18.6331
  0.0646727   -0.167535    -7.14793     19.9057    -2.96043
   0.633789     10.3279   0.0223046     25.0801     4.30706
   0.738604      4.7054     1.21452     25.0108     14.1871
 -0.0618744     7.46665    -10.4688      22.268     5.64575
   0.766753      9.1701    -5.17615     30.8171    -14.5963
  0.0367867   -0.677562     1.57233     24.0178      12.517
   0.433116    -5.52905    -1.78591     27.0591    -9.44488
   -1.17495    0.312701      5.5394     14.0764     5.75383
  -0.213956     5.23221     3.43096      23.546    -10.9112
   -0.19978   -0.367605   -0.131985     4.43324     3.89632
  -0.232966     10.5813     5.24016     30.2215    -8.02838
   0.760503    -5.70891     3.24822     18.4402     9.03502
  -0.683399     4.82555     1.71309     20.6282    -3.87945
     0.1594     17.1413     19.8614     49.8413    -15.8639
    -1.4065     6.96098    -6.33724     14.6748     -4.2276
   0.376519    -3.58558     1.65506     12.3138    -4.62207
    1.00946    -1.84393     14.4227     34.1672     17.1275
   0.106986   -0.306346     14.9424     32.4566    -13.5538
   0.421386    -9.25107     14.2937     32.1105     5.37222
 -0.0159954    -7.59885     8.79474     29.9519      16.283
   0.808919    -27.9412    -1.50621     34.9752     3.70531
   0.331197      3.6863    -11.1783     41.0575     5.48092
   0.938008    -6.81144     -8.3928     19.9327     7.36312
  -0.829935    -9.27794    -3.34297     22.0672    -9.65367
  -0.324086    -14.5103     10.2172     31.8036    -3.19945
  -0.521369     3.80024     15.5926     32.9863    -9.57555
    1.01415     9.60323     2.95175     34.8802     15.6565
   0.468772     11.9505    -3.58438     30.2422     22.1277
  -0.475456     8.99315    -10.2337     22.6237     15.0355
   0.262419    0.751916    -22.0763     38.7711     3.01574
   -2.62317    -1.25641     10.6582      26.896    -8.27632
   -2.00018     6.28288    -3.55681     17.0849    -11.7745
   -1.62684  -0.0809294    -9.43173     14.6221     5.77007
  -0.756627    -2.89659    -7.94667     10.3868    -7.41635
-0.00719343    -3.74808    -3.83202     29.3633     10.4011
   0.247013     2.51059     26.7125     30.0401    -10.7981
  -0.776884    -15.9376    -16.1387     21.0467     2.55609
  -0.276096     -14.063    -5.70418     14.2085    -1.58499
   -2.30244     8.83708     12.5533     47.2085     20.0887
   -1.49454    -8.26365     -8.9431     14.7525    -1.76769
  -0.537469     3.69401    0.627193     19.3916     2.40815
   -2.19822     -8.4279    -4.90225     8.25745    -4.88689
  -0.833237    -12.2548     14.3944      26.021     2.68984
  -0.340969    -2.95367    -5.64623      16.317     5.07836
  0.0635934    -4.41724    -6.29184     37.0573     26.3675
   -1.33273   0.0419125     1.00875     32.1336     17.5231
 0.00471642    -1.14296    -1.32462     10.1541     6.56729
   0.979481    -20.5829    -4.16409      25.545     4.67186
  -0.583986    0.793466    -7.32889     10.5415     3.35516
 -0.0118348    -2.80848     11.4677     23.7796    -7.02835
   -0.48548    -15.6004     3.01142     26.2574    -12.5878
   0.303861     5.27308    -12.5286     30.1728     -14.207
   0.769777     1.55807     2.74848     30.5818    -7.90309
   0.442957    -8.08551    -17.6593     29.1514     5.91099
   0.516652     5.20022     10.1427     28.1767      10.516
   -1.89656    -9.10698     4.59076     9.36678    -1.72908
  -0.664971     5.07368    -2.36519     31.6342     8.44713
   0.475165    -1.08184     -3.0562     16.4036     1.84797
   0.920616    -12.9265     6.99745     29.5978     4.17612
    0.37179    -1.21382    -9.18637     15.2058     1.07264
   0.802738     4.51588     4.22839     33.7482     18.2204
  -0.684458    -6.56965     17.1944     25.0444  -0.0405417
   0.397324    -3.40827     5.37853     13.2258    -3.23755
   -1.97446    0.871008    0.598123      5.6763    -2.79386
  -0.348532    -1.85084    -8.32258     26.1446     3.79413
   0.235113    -9.85787    -6.64318     21.8822     7.62418
  -0.369033    -14.3971     -10.821     21.3449     10.0121
   0.218242    -19.0513    -9.18599      31.252    -3.70375
  -0.193161     4.25813     12.4327     32.3695   -0.219595
    1.33575     16.6318    -19.3875     34.3013     -22.656
 -0.0387146     8.52876     12.6164      36.206    -8.10882
  -0.609778    0.747441    -7.01256     15.6903    -6.41947
   0.887824     14.0147    -5.01101     29.3709    -4.44859
   0.655446     16.8165    -3.28844     25.0231    -13.1652
   0.472195     5.81754    -4.58409     15.0096      2.2042
  -0.512408     5.53256    -1.26674     32.7951     13.9048
   0.755908     2.05881     10.0423     22.1089     10.5843
  -0.369349     15.0529    -14.6828     26.3545    -10.0182
   -1.65665    -1.74174     10.3873     22.8572     9.27327
   0.402961    -15.9932     -7.2631     24.6345    -1.03359
   0.428605    0.280643    -6.24197     14.1082     -6.4712
  -0.603424     2.62151    -6.26818     12.4856     7.38052
  -0.292155     2.39592    -9.91853     21.6254      -10.89
   -0.37017    -30.6597    -19.5617     41.9095    -10.1856
   -1.92147    -1.04226     8.74681     14.3164    -1.95736
   -1.69856    -2.98819     3.59511     16.3359    -5.63894
  -0.832056    -6.94393     1.87582     10.1003     2.69877
   0.194666     -15.469    -11.5151      19.053     7.92148
 -0.0594021    -15.3687    -13.4445     12.2044     2.00283
   0.572929    -1.52879     15.9006     26.2155     18.0597
   0.205223    -1.96065     13.4891     9.99981     -3.6136
   0.412153    -9.36041     1.53898     27.6467    -5.52762
   0.430977    -4.46113    -8.32548     17.4955     17.5478
  -0.662664     3.10338    -4.67333     34.7937     14.2481
   0.125231     3.68207     4.42487     18.9951      19.581
  -0.640941     4.24992     1.36788     23.0712     24.0336
   0.208566    -1.18274    -6.71422     10.4554      5.3945
   0.616504    -3.89796     2.44657     26.4808     14.5391
   -0.24736    -14.3053    -15.4387     27.4552    -14.1907
   -1.86169     0.82448    -2.73859     9.18406     -3.4207
  -0.746044     7.98013   -0.751358     22.1708    -11.4977
   0.388681     5.35313    -6.43443     21.0494    -9.66528
  -0.157823    -10.2539    -6.30346     9.57839    -2.00761
   0.273726    -5.07672    -5.87614     31.0218    -15.6433
   0.143468     9.03084    -6.09193     19.6604    -6.74492
   0.549853     16.4119   -0.410423     34.7543    -12.5328
   0.743136     15.2292   -0.126129     30.7463    0.253706
   0.554177     12.8391      20.832     48.8068    -1.51638
 -0.0920382     1.46387    -6.67179     15.3905     6.51233
  -0.944929    -1.32809   -0.378596     19.9479    -5.55171
  -0.647766    -9.67505     12.9039     30.5996    -11.3273
   0.990432     15.7469    -10.8675     23.1798      3.7165
  0.0299562    -11.4057    -3.46485     17.3495    -5.57313
   0.716713     12.7788     4.90391     35.7607    -5.82599
   0.570426    -1.37138      10.176     41.3737    -11.4493
   -2.35942     7.37673     2.56549     26.1143     12.5642
   0.649771    -13.3051     14.7117     31.2115    -3.30523
  -0.379983      2.4305    0.223518     17.8272     2.48807
   0.684438    -11.9066    -4.82064     19.4197   -0.180828
   0.600262     12.3468     -10.461     25.4683    -11.6841
   0.735428     5.06198    0.290459     23.5976    -9.29922
 -0.0384792    -6.17728    -3.94815     19.2224     10.1366
  -0.120222     1.49686    -3.60473     17.8484     23.5739
  -0.080938     3.03316    -5.47107     16.9109    -1.17646
  -0.419877    0.170507     4.85579     33.3596     17.7548
   -1.25978     7.86382     7.96689     24.3609    0.480102
   0.747808    -8.30939    -7.03414     15.8555     5.47164
   0.663166    -7.47194    -5.52023     10.4442    -1.36128
   0.131053     1.72067     5.29289     11.3341    -1.88691
    0.90324    -16.2533     -6.4727     31.2118    -20.1922
  -0.707615     5.85657      2.1613       26.21     2.15522
  0.0962432     4.31936    -11.9921     17.9337    -9.74335
   0.652919     4.70671    -6.87416     24.0084     25.2933
    1.10011    -17.3331    -2.58853     31.5565     4.37633
   -1.47328    -6.21735    -6.70169     8.68043     6.94178
   0.659719     11.4304    -4.13731      31.774     6.16669
  -0.220217    -1.77778    -9.19628     16.3049     1.32611
    -1.1843    -4.97795    -15.4922     21.6922    -10.4624
   0.858808   -0.665402     11.1601     33.1391     5.93465
  -0.445712     -6.2786   -0.397937     25.2907     9.43072
    1.26081      12.112    -12.7572     35.9069    -6.41367
     1.0518    -3.75799     13.1649     28.0632    -1.38765
   0.230024    -1.72107     -13.433     27.4531    -6.50452
   0.323686    -7.05859     27.0553      24.274    -6.88529
   0.349662    -4.19335    0.328998     16.2304    -7.78489
 -0.0791594     1.35656     12.5277     27.6502      10.357
  -0.284398   0.0902582     2.87306     14.0418     11.6768
  0.0442403    -12.3667    -7.19218      12.145    -4.13352
  0.0433965    0.685201    -8.78914     13.3398    -3.82646
   0.227343    -1.30177    -1.68302     16.7912    -5.89754
  -0.717881     5.82811    -4.18954     22.3694     25.3271
   0.914299     4.36567     20.1285     36.8302     14.4841
   0.546842    -1.69178     10.9036     23.2996    -7.63457
   -2.32233     7.56536    -6.52811     12.0807    -5.16911
    0.03019    -4.85237    -4.77721     14.7892    -4.95084
    1.06363    -2.12828    0.646641     24.8829    -6.65504
  -0.453999    -8.58733     8.69121      14.432     -5.9134
   0.115755     3.23499     2.00153     10.7488   -0.908296
  -0.356101     6.21004    -8.38306      12.281    -9.30954
   0.662676    -5.46276    -6.60955     10.1499    -7.36211
   0.758962     11.1607    -6.93594     25.5005    -4.14735
   -2.27721     1.23458  -0.0201686     7.70724    -4.16337
   -0.12156     9.02748     2.22342     29.5297     5.91338
  -0.614095    -1.69397     11.3817     13.1743     7.90104
  -0.233412     -5.2576    0.160358     15.5453    -5.35286
    -1.0685   -0.750628      9.2623     12.0482     -1.7584
  -0.746678    -2.74751    -4.71825     17.4476     12.0664
   -0.64497     4.88825    -0.51029     16.5095   -0.165732
   0.216973     3.36276    -3.24891     9.87035     8.13109
  -0.307025     -4.5485    -1.98437     16.8404        8.85
  -0.769357    0.289976    -1.44745     11.8148     4.32462
   0.964371     5.45374     6.23697     22.9276    -14.2869
   -1.46559    -9.47852     -6.6813      9.0558     -1.7898
  -0.488694     3.61286    -8.04359     19.8722     7.38722
   0.900834      -1.875    -11.2537     29.9303     19.8636
 -0.0102736     12.0783    -16.5678     28.4608     -18.984
  -0.263595    -1.76583    -1.19987     20.2114     -7.2198
   0.378708     1.82635    -9.20238     19.6396    -13.3183
   0.320405     8.04569    0.690148      19.287     4.42831
   0.876077    -5.09612      -5.245     18.3269     5.20614
    -1.0471    -10.1924    -6.13246     14.0853     1.82822
  -0.373477    -2.48994    -8.68735     13.9477    -6.92211
   0.238287     7.09087    -7.42153     22.6994     15.8136
  -0.875377    0.970609     6.89918     21.0697     14.2306
   -1.21651     6.33918   -0.758473     22.7598    -1.52342
   -1.15619    -2.87842     4.14844     8.43534      4.6729
  -0.372613   -0.448741    0.765652     8.35159    -1.33537
   0.948736    -7.84726     1.75361      21.357    -7.83772
 -0.0900697   -0.408297    -3.90971      22.507     21.1164
 -0.0180863    -1.93817     4.39003     12.9079  -0.0542403
  -0.861914    -4.02826     1.58712     24.0467     7.35232
   0.442299    -10.5487    -1.37249     14.3997    -3.79226
   0.527715   -0.333669    -9.04754     18.0855     8.87378
  -0.411579     6.67976    -3.04782     11.4689    -2.32403
   0.843812     15.2843    -2.08394     45.8508     -14.509
 -0.0151694    -2.85728    -1.30644     17.2814     7.36982
   0.388355   -0.920574     -8.8006     19.3161     1.91721
   0.960879     7.70799     11.9054     32.2088    -10.5201
  -0.328221     5.47148    -0.76734     15.6298   -0.710204
   0.839516    -18.9359    -19.5646     25.8885    -13.7224
   0.193074    -3.62699     11.3616     21.9798     12.2387
   0.221202    -4.03209     11.4049     11.7185    -2.64176
   0.766854    -2.12168     16.0238     38.5833      13.097
  -0.196125     3.29546     -3.9673      15.817     18.5724
  -0.600734     5.15616    -12.0634     22.4066     5.33397
  -0.389679   -0.317492     1.54638     20.2063     20.7105
   0.138096     2.07351    -11.2459     20.1859     8.11738
 -0.0279747     5.57502    -18.4953     38.6087    -2.75196
  -0.491706    -13.8016    -16.5492     20.6436     1.21833
   0.261331    -3.44505     17.1336     14.9554   -0.236823
   0.794737    -26.8663     11.0729      34.696    -4.14934
   0.939392     6.46316      1.3527     54.1471    -8.64329
  -0.897181     2.15603      3.5323     13.8973     4.16897
   0.150267     2.59536    -3.79068     42.5441     2.00595
    1.43552    -3.04553    -5.60573     40.4891      4.5528
   0.799279    -2.83942     -7.8185     35.6461     7.92133
  -0.147756     15.2359    -11.1939     40.2767     2.99605
   0.266884    -8.21098    -9.15007     27.6044    -15.7654
   -1.11163     13.1092    -8.36768     28.0482     -10.733
   -1.34703     9.57012    -4.69212     16.5121     2.19647
  -0.052421     2.92389    -8.16388     23.6042    -9.49117
  -0.612725     5.33825    -2.05685     24.5314    -13.3539
 -0.0570923    -7.64877    -9.78571     17.4054    -3.78739
   -1.13819     3.52669      1.4509     15.2342     5.81204
   0.182138    -10.7125     1.42813     10.2567    -5.09063
  -0.125855     9.99481    -4.85056     15.0084    -8.57498
  -0.373366    -9.25967    0.148406     31.0031    -9.65953
    0.68275     4.78477    -3.52508     26.9284    -7.92804
  -0.563162    -3.66284   -0.624155     25.2059    -13.7729
  -0.934574    -7.17714    0.579961     12.5306     3.38223
   0.835339     8.29358     10.4112     48.6719    -4.52029
   0.709948     3.62866    -2.11239     25.0039    -11.4353
  -0.415744    -9.27203    -10.1006       13.83     3.58188
   0.197103    -4.09781    -12.5812     31.6042     5.34961
  -0.109627    -2.60703      6.1882     20.1556     14.5057
  -0.438365    -0.58594      9.7958     19.8585    -5.20515
  -0.118869     12.5787    -11.9261     25.6287    -1.74212
   -2.28539     2.26259    -1.92299     22.3424     13.7227
  -0.566433      3.8469    0.796891     21.8202    -10.4726
   0.132156     -10.623    -7.30043     28.0486     6.31852
   0.499872     8.82504   -0.114913     22.0525    -12.2591
   0.342645    -1.82751     24.0355     24.9014    -6.02595
  -0.468702    -4.05791     10.7137     12.8785     -1.3932
   -1.94439     15.2526    -1.74821     25.2931    -10.6546
   -1.06133     5.87921     1.25511     23.7571     9.65707
  -0.328242      3.3386      2.4042     21.5142     11.5414
     1.4418    -19.2684   -0.375656     39.2507    -18.1661
     0.2553      7.1817     7.32507     28.0261    -6.46654
   0.671648     9.33324    0.847092     32.1686     6.84849
   -2.39777    -4.15245     -6.1915     4.26919    -2.45232
   0.384901     -5.2013     3.60269     25.3674     5.34437
  -0.349323    -7.25638     11.7635     20.9584     4.74842
   0.664407     6.93195    -4.16243      23.749     1.57227
  -0.785398     -4.0835     8.23546     14.4309      2.2608
    0.66486    -7.76857     14.5628      23.549     6.11755
  -0.151712       12.96     -15.315     35.7806    -7.34932
   0.961453    -6.81667    -4.85477     18.3467     7.96816
   0.548722     9.75776    -8.39388     24.1875     9.64644
    1.26678     7.53237     21.5614      53.035     22.7093
  -0.096102     -3.6417   -0.560246     7.05836     1.69154
   -1.34017     4.19066    -2.91601       19.21     15.8873
  0.0120669     1.53811    -13.8402     21.7621    -15.0028
  -0.815206     -4.8609      24.912     22.6626    -8.21156
   0.802806    -1.77944    -4.92552     18.9514    -8.05692
  -0.188076     6.19493    -7.81008     16.5687    -1.85731
   0.115373    -11.6523     1.36756      10.669    -2.37619
    0.72188    -1.59969     13.6148     25.8897     10.1898
   0.422617   -0.647351     6.78196     12.5772    -4.78596
   0.505534     13.5077    -13.6896     23.2405    -6.53042
  -0.874998     2.28392      4.1386     10.6235     4.14424
    0.35575     8.96289     3.50033     33.3866    -15.4749
   0.543808      -1.361     8.35224     26.0935     2.15827
  -0.832895    -2.26739     7.28934     24.0112     5.25669
   0.186836     7.12749    -10.3677     20.8838     -9.4528
   0.332832     1.76002    -7.21302       11.89    0.049654
   -0.47065     5.66251    -13.0805     23.0359    -14.3502
  -0.804086   -0.359267    -5.39835     16.3767     2.80108
  -0.684335     1.59108    -1.75173     40.7996     18.7493
  -0.231726     3.75868    -15.8824      25.518    -13.3141
   0.185644    -7.30144     14.7858     13.9731    -3.02091
  0.0114894    -2.03121     -11.295     14.1434    -9.24557
   0.542377     5.36482    -4.54509     12.2143     8.24925
   0.274895     4.23198     7.57518     29.7157    -11.0819
  -0.888507     4.06592    -3.19694     28.7621    -10.9314
   0.149151    -3.10066      20.973      22.101    -8.52983
   -0.67437    0.993799     11.0381     26.6019     6.59336
   -0.59612     7.99675     -3.6544      13.993     3.69461
  0.0514801     6.59755     5.16716      21.952    0.490864
   -0.33779     2.88395    -1.74762     13.5123     5.68477
   0.226452    -9.60198     7.77102     30.5324   -0.483729
   0.210397    -12.4657     2.55881     26.5271     -9.2673
   0.328715    -8.03724    -10.1192     16.2169     5.35782
   0.557026    -8.93214    -14.7028     18.5254    -5.24866
   0.859227    -4.16528     12.8796     33.4432     4.62982
   0.964013    -0.64525    -8.41394     33.3055    -14.3898
  -0.647211    -7.48506     2.70136     27.1132     7.59248
   -0.11219    -8.83907     -1.8327     11.1709    -2.52088
   -1.70834     3.30714    -9.90802     23.1448    -4.77055
   0.775932      11.293    -9.94669     30.5167    -9.63417
   -1.50945     13.9616    -6.61286      27.529    -10.0376
  -0.298609     1.66581      12.168     24.4664     7.06487
   0.513274    -7.84695   -0.617609     31.6075     8.97632
  0.0374022    -12.5579    -8.96056      15.537    -11.1819
   -2.76207    -1.08128     1.19893     5.56701    -2.81162
   -1.31677     4.23172   -0.372772     18.3931    -1.87936
  -0.668193    0.251301   -0.711635     16.5367     2.84023
   0.215897    -5.98913    -7.50525     28.3226    -1.95258
   0.870661      3.1827    -1.49533     20.4452     -4.7802
   -0.53309     1.49976     25.0872      35.938    -12.7797
   0.124849     4.14715    -8.08948     19.7303     7.33576
   0.717367   -0.605598    -6.08649     27.8976    -13.2646
  -0.640068    -12.6484     5.93969      27.443      -12.08
   -1.73588    -1.52643    -1.53771     10.9972      6.0047
    0.92069     -15.686    -10.4734     35.5095     4.53312
   0.783027     14.1065    -11.0468     29.7149    -9.36692
 -0.0215089    -2.44342   -0.137345     24.2277     1.28274
   -1.42398    -2.55213    -9.87375     16.1609    -6.79048
  -0.119238    -9.24724     12.1052     18.3455    -5.93983
   0.942773     5.10568    -6.42928      21.651     5.55861
   0.597572     4.73457     8.10168     26.0063    -3.77346
  0.0886114   -0.439491     8.80643     23.2325     9.31191
   0.133907     2.31391     3.20371     36.0491     13.7582
  -0.102138     9.07797     -6.9325     26.7801     2.23723
   0.529366     1.59544    -13.7577     24.0244      -7.555
   0.371723    -3.27126     2.83192     18.8622     4.66961
   0.148432     -1.4637    -2.93217     13.9884    -5.72727
   0.273459    -9.93521    -9.12572     20.2873     4.31532
   0.236346     3.65169     2.67548     25.5922     8.45814
   0.464132  -0.0622806     8.65728     21.0423      -10.34
  -0.528214      5.7926    -12.3512     25.4801     8.69064
   0.368811    -7.25524    0.128294     24.1253    -8.97498
 -0.0209648   -0.054911   -0.279195     15.6838      9.1246
   0.867595     -4.7898    -9.78855     22.0945     11.0759
   0.306076     -15.364    -10.6093     27.4437    -12.7425
  -0.920149     7.29896     6.51833     28.2249    -5.68994
   0.762186    -17.4824    -16.9138     30.2163    -1.04053
   0.356254     7.73774    -10.0718     31.4429     2.41428
   0.189259    -2.88149    -8.57963     40.8091   -0.597725
  -0.695215     8.40491   -0.453386     36.7319    -18.4686
  -0.490483    -2.26081    -2.65513     9.86471    -7.17651
  -0.360039     2.87578    -6.01269     18.7787    -9.05027
   0.638483     9.98811   -0.704861     32.3046     19.1406
  0.0259694     10.1895    -6.00039     15.3694    -5.95009
   0.583926    -2.79749    -4.36096     20.1096    -10.5322
   0.849988    -4.09264    -7.59611     38.7775    -9.97123
   0.412978    0.280782     -4.5054     13.1487    -4.11746
   0.314855     1.20477     5.45226     28.7999    -5.92993
   0.649986    -4.94393    -19.7046     35.4606    -18.5206
   0.336952     5.80212      7.1272     25.0656     9.33129
    -0.8593     10.4138     -1.5354     35.3304     15.7226
   -0.49471     1.13688      8.6264     17.2981    -11.1313
   0.612947    -3.14825     5.09311     22.1522     8.07897
   0.109984    -8.03891     -12.754     13.3539     -10.328
 -0.0889478     17.8065    -6.44565     21.0594    -11.6871
    -0.5907     -8.8501     2.38276     24.0221     2.34354
  -0.359727   -0.283363     2.08333     5.61052     5.54002
  -0.962982    -3.57083      7.3864     30.6024    -9.89839
  -0.892697     9.93711    -1.98902     26.9723     -6.3694
  -0.685384    -7.63074    -4.95423     9.15843     1.65579
    1.28326     -9.9642    -2.14817     36.2321     7.90083
   0.424256   0.0834928    -1.86545     26.3556     16.8495
  -0.615687    -7.01218     20.1846     47.5223    -4.00775
  0.0765731    -6.05882     -12.802     28.0341     15.4184
   0.322876    -1.18467    -5.36016      14.018     8.03271
    0.43714    -7.70956     4.32081     12.3915    -3.05674
   0.845271     5.74427     10.1283     23.6536    -4.67527
  -0.333731     0.68599   -0.356358     7.52984    -1.16182
   0.331178     8.06523    -1.24435     18.0123    -7.37076
   0.798161    -11.5782    -9.66114     34.2316    -9.59153
   -0.32758    0.788421     6.18283     25.3037    -7.67658
   0.498788     -8.2229     -5.4017     23.1318    -2.67579
  -0.294309     7.83585     1.77587     25.3958    -6.88505
   0.177231     4.35918     1.60383     17.5348     15.3752
   0.209852    -17.2012     1.20035     26.2969    -1.24869
   -1.08054     8.63163     4.02138     23.5638    -3.56167
  -0.553248     5.61163    -1.81172     26.2841    -3.45278
   0.757565    0.372262     -5.1241     35.1749    -16.2438
   -1.20211     6.65259     2.47646     19.3918     2.71733
