 2.29698e-06      22.5109            0     -8.23622     -6.92744      40.8441
 9.01011e-06      10.6665            0     -0.82284      2.65941      8.09471
 2.74148e-06       38.488            0     -14.4465     -1.51182      1.65509
 -1.9095e-05        12.51            0      6.18301      10.3044     -2.33411
 4.53143e-06     -5.65183            0     -22.6263      21.9128      32.4797
 1.00417e-05       28.627            0     -6.29564      4.28889     -8.46495
-1.54471e-05      26.7378            0      1.33502       3.4597     -4.31964
-1.39661e-06      21.5613            0     -23.5745     -2.78211      11.1827
-9.66475e-06      31.1853            0     -5.90799      3.48622     -3.71471
 2.91623e-06     -8.04473            0     -6.61914      51.1975     -6.14556
 8.09168e-06      14.0889            0      9.61292      6.66485      9.05681
-7.12631e-06      10.6037            0      13.1415      19.4202      1.78774
-1.24424e-05      11.8793            0     -32.6767      21.3297     -11.7194
 -3.6399e-06     -14.2517            0     -4.82425      22.5953      14.7961
 -8.1184e-06      25.2309            0     -1.67057       13.165     -8.81658
 4.18845e-06      33.8218            0     -16.2236      4.62715     -12.5257
 3.45926e-06     -4.30546            0     0.426444      25.1546      4.56684
 1.76099e-07      23.6312            0      -23.451      16.9295     -7.63336
-1.24796e-05      31.4193            0      1.90755      2.81241      26.8679
-6.44835e-06      8.74524            0      5.69446      24.2737     -4.68747
-4.62466e-06      1.39486            0     -2.26693      10.6264     0.591062
-5.97516e-06     -1.51982            0      2.92031      24.5633     -0.54441
-2.37144e-05      13.7562            0      14.6192      20.8431     -2.59572
 1.00008e-05    -0.766633            0     -5.35504     -4.86291      45.4936
-6.34938e-06      7.76368            0     -11.2871      16.2604     -10.9518
 5.58105e-06      15.6355            0     -11.6305      4.81999      6.97829
-7.64131e-06        12.81            0      1.89171      1.92592      12.3712
-4.39966e-06      9.66665            0     -16.7417      6.37836      2.82904
 1.88722e-06     -28.9849            0     -13.0305      55.0236     -9.94947
-1.29383e-05      6.67793            0      6.68846      30.2226      8.21501
 1.24677e-06     -1.32023            0     -14.6117      17.5275      19.8976
 5.53967e-06     -2.80289            0     -10.2834      26.0995     -8.65892
-2.02111e-05      -15.682            0     -6.11696      29.7074      8.03992
 3.14671e-06      7.78606            0     -1.86397      16.3152     -6.02149
 1.00611e-05      8.53436            0     -1.51688      27.9198      7.97026
 3.28524e-06      10.8457            0      5.10127      14.9039      12.9335
 7.58125e-06       12.648            0      3.01989      20.1577     -4.42211
 7.10119e-06      9.61312            0     -10.3493     -2.92785    -0.415139
-1.61359e-05      15.8032            0      5.44882      3.76718      2.24719
 1.72519e-06      6.77802            0       1.4417      15.6371      1.51883
-9.66829e-06     -7.28936            0     -1.63589      31.4507     -2.32378
 2.56079e-06      -3.5445            0     0.944095      42.8449    -0.153194
 1.13246e-05      -2.0004            0     -9.09936      2.70415      15.4634
 4.99273e-06      14.7237            0      1.06314      6.56234      8.35473
-1.34025e-05      3.04095            0      17.3727      42.5097     -2.96794
 -6.3053e-07      16.6997            0      4.01971      8.21373      1.52731
-7.15366e-06      13.7231            0     -22.0268      6.23194     -10.3438
 4.11991e-06      27.8651            0     -15.8659       1.1825     -11.9065
 4.00145e-06      12.7028            0      19.7748      39.3298     -8.57623
 1.12672e-06      35.7817            0     -13.0722      7.76281     -16.3691
-1.34452e-05      6.02989            0     -2.39613        11.18      5.16815
-5.17462e-06      28.2011            0      7.91174      5.00338      7.11716
-5.96106e-06      25.0455            0     0.616959      1.50482     -0.76222
 1.14387e-06      18.6039            0     -17.9184      27.6916     -4.31228
 5.87494e-08      26.1526            0     -3.97925      2.11461     -5.89677
 4.11528e-07      12.7951            0     -5.47235       2.4402      10.6287
 4.96044e-06      13.5109            0     -4.74435      3.63385      16.0307
-2.62233e-06     -3.13926            0     -2.93901      21.8455     -4.75971
-2.00011e-06      31.2392            0      18.1589      9.53674      12.6288
 2.05696e-05     -15.7823            0     -6.24144      47.6738     -10.1127
-2.91946e-06      3.95945            0     -15.8966      11.5928      13.0681
 1.04646e-05      19.9442            0      13.3143      17.9333      12.6302
-7.87777e-07      15.3121            0     -16.9394      26.4058     -15.3527
 7.99946e-06      10.5832            0      9.77275      12.0335      2.67479
 -9.9913e-06      8.18594            0     0.957602      11.4222      2.40567
-7.95751e-06      20.8038            0     0.119227      24.3326      9.32006
 4.58715e-06      10.0206            0      8.39671      9.17027      19.9727
-1.41328e-05      -10.574            0     -12.1778      30.3866       -8.556
-7.78745e-06     -12.0159            0     -7.28109      20.2805      10.4158
-8.40588e-06      13.8546            0      7.60705      7.56517      3.60173
 9.44579e-06     -3.48241            0     -18.9743      25.1062     -5.80544
-2.45907e-06     -6.09873            0     -15.9943      20.1802     -3.59306
 3.25034e-06      6.65544            0     -10.5213      29.2715     -3.10111
-7.27456e-06      39.8517            0      23.8313      14.6484      7.61492
 4.90694e-06      4.16393            0     -15.5148      5.06445      28.3659
  3.9801e-06     -4.66619            0    -0.869323      12.9571    -0.113806
 3.22771e-06      13.9367            0     -16.1719      1.07889      6.66367
 5.23766e-06      5.40612            0       15.362      45.5699     -6.19367
 5.96993e-07      4.11708            0      6.69461       19.644      2.49653
 4.35897e-06     -1.71349            0      -4.4651      7.67034      21.8464
-1.33766e-05     -7.44301            0      -10.081      23.9727     -3.55249
 4.46854e-06     -6.41531            0      -26.581      28.4937      6.34648
  6.2567e-06      21.2939            0      2.91182      9.78863      26.2327
 6.91672e-06     -2.01404            0     -18.5326      16.0836      21.7633
  5.8568e-06      7.79285            0      10.7533      27.9793     -6.86436
 1.35419e-06       4.3642            0     -9.35032      18.4502       9.7837
 1.28468e-05      15.0877            0     -15.5686      8.26615      15.3663
 1.17911e-06      27.2923            0      11.2278      8.53076      11.7064
 -9.6672e-06       4.5037            0     -15.4953      16.1116      8.49294
 5.60465e-06      26.1875            0      8.23321      23.1477     -3.24374
-3.93862e-06      6.39554            0     -34.4766      20.4063     -16.1361
 7.41125e-06     -11.1497            0     -13.3338      34.8318      1.37094
-1.28752e-06     0.850332            0     -14.8571      9.69476      16.7964
-2.03462e-06     -6.68867            0     -12.7818      26.9258      24.1956
 5.31061e-06      8.11976            0     -5.95192      35.8586     0.977158
-3.80178e-06      3.66637            0     -10.1926      8.52864     -3.72336
-2.06058e-08      21.2463            0     -11.1907     0.777502      1.78549
-8.55502e-06      13.6078            0     -10.0771      5.34895      5.33884
 8.47911e-06      -12.056            0     -3.74932      19.8256      5.92576
 -7.8496e-06      7.64498            0      4.85521      16.7487      1.86459
 4.11203e-06       15.473            0     -11.9378      11.5026      8.40237
-6.94707e-06      6.65787            0     0.729754      2.33054   0.00901829
-2.09296e-06      3.00544            0     -10.5941      20.7386     -5.92916
 4.39266e-06      6.43599            0     -9.84065      -1.4015      11.1944
 6.53181e-06      13.4665            0      1.56144      23.2375      4.08812
-3.38613e-06      13.7797            0      2.54444      11.8289     -0.72021
 4.29986e-06      4.41506            0     -2.79074      11.8892      18.6842
 1.21123e-06    -0.195499            0      2.65928      8.25323   -0.0893187
  2.4895e-06     -8.07989            0     -2.62008      21.3721      15.0694
-3.69174e-06      15.4002            0      2.03189      1.67061       1.0756
 5.13289e-06      7.39786            0    -0.449997      12.1909       30.931
-1.19235e-05      4.71727            0   -0.0402138      1.82875      5.55721
 1.78793e-05      3.04325            0      15.2874      47.1032    -0.818272
 -4.4328e-06      12.8564            0     -1.17977      13.9397      19.4334
 1.12015e-05       42.855            0     -7.73574     0.887416    -0.994583
-7.67209e-07      2.67388            0     -6.60568      14.1837      28.0239
-1.83377e-06      30.0149            0     -25.4139     -5.47631     -1.97444
-1.05414e-05      1.51758            0     -2.19043      25.2364    -0.668257
 8.40989e-06      21.6776            0     -28.0444       3.1453     -6.24035
 1.97861e-06     -4.90117            0       1.1589      25.9157     -5.35582
  1.6657e-05      12.9705            0      -17.419      17.8614     -4.08601
-7.61142e-06     -19.8082            0     -8.65481      32.3705      19.1775
-5.74022e-06      34.0244            0       25.811      21.5916     -7.40634
-1.35201e-05     -4.95345            0      -2.2227      23.5137      3.71671
 2.08916e-06      24.6892            0      1.44404      8.09892      21.3166
-4.80041e-06      19.4773            0     -2.76531     -1.23565      35.5853
 9.13973e-06      4.89187            0     -5.43631      11.3612     -3.72143
-5.52825e-06      13.6993            0      2.37317      9.19813     -2.54154
 7.13397e-06     -11.7546            0     -1.91422       24.836     -1.49631
-4.75875e-06      8.35858            0     -10.6412     -1.62122       1.5572
 -1.0012e-05      2.14925            0        1.008      8.49071      1.43688
-8.00631e-06     -2.89452            0     -4.97768       18.152     -2.52991
-2.20927e-06      5.54163            0      4.24063      12.6098     -5.36361
-1.32605e-05      1.44057            0    -0.204843      15.1913      6.30628
-1.00381e-05      21.4719            0     -8.40602      7.60935     -9.82217
 3.09186e-06      3.60561            0     -2.43141     -2.45068      16.7292
-9.20984e-06     -2.50256            0     -11.4903       24.144      24.9997
-2.49416e-05      28.6556            0     -8.55314      1.34552      1.16257
-7.16954e-06      15.9125            0     -6.95222      14.7338      14.2577
 3.91137e-06      26.4036            0      5.47151      35.4959     -15.2407
-1.25241e-05       38.872            0       13.309      6.19151      1.84411
-2.12641e-06     -1.87145            0     -8.31131      10.0669     -1.98492
 1.26825e-06      1.21628            0     -1.00118      22.6799     -6.49649
 -9.0064e-06      10.5275            0     -9.19677      4.40281      24.5702
 3.84943e-06     0.269958            0     -13.7203      22.0763     -10.2635
-7.52393e-06      25.9735            0     -23.4043       2.9723       -11.26
 8.80449e-06      26.0772            0     -21.1915       13.349      6.50442
 1.11706e-05      9.92166            0     -14.7617      28.1705      5.83954
 3.26414e-06     -1.73997            0     -2.47023      45.5386     -3.00658
-6.79774e-06     -20.8839            0     -9.86208      51.6048     0.808949
-5.07036e-06      15.5308            0     -16.9393      13.2357      4.28616
 1.08453e-05      6.61498            0      5.52027      22.6506       7.5777
-8.91877e-06      6.84237            0    -0.477896      15.3698      5.86406
 1.06393e-06      14.2024            0     -20.0329     -1.79691      7.20842
 9.00474e-06      16.7233            0     -18.2247      1.24416      3.08682
 -7.2896e-06      -20.162            0     -1.64599      42.8576     -4.99141
 4.33345e-06      5.67495            0       4.2012      6.24224      2.26746
 4.73522e-06      14.3768            0      9.80043      30.4365      -10.287
-3.07996e-06      16.6157            0     -1.37025      19.2854      2.17132
-6.70127e-06      15.9643      1.49267      1.38669      2.84147        5.238
 6.62288e-06      6.09356      5.80366     -4.63615      6.21342      24.8642
-4.40905e-06      6.97961      8.40616     -11.2903      6.30735      3.74257
 1.08188e-05     -3.85438      11.4606       12.842      29.4383     -4.87063
 8.83422e-06      19.8196      8.68634      1.79185      8.34605     -7.12963
 3.94629e-06      3.51469      8.03549     -3.93409      9.54112      1.89001
 6.90902e-06      2.16185      11.6683      4.64626    -0.188614      11.9302
 3.30979e-06     -4.14591      1.72589     -9.32122      13.8986     -1.93813
  5.9746e-06     -3.08741      7.06528     -2.82092      20.5359     -4.80532
-8.79695e-06      21.4213      12.2491     -12.2715      -3.5181     -10.5138
-7.40664e-07       27.875      8.22424      13.7553      3.70456       13.056
-1.07266e-05      7.99216      5.61501     -29.0844      26.5113     -16.0946
-7.87035e-06     -5.78498      5.61393     -8.04536      10.7051     0.425861
 -1.2055e-07     -5.32744        10.83     -9.65934      4.66618      14.8995
 6.80033e-06      22.1885      9.98708      21.4793      18.4625      1.86666
-1.81376e-07      3.50084      9.22988      5.40682      24.9378      3.33599
 3.39232e-06      24.6085      9.03414     -11.0619     -5.11437     -13.1678
 5.28536e-06      22.4836      6.11513     -6.36069      0.77783     0.666286
 2.94935e-06      11.8637      8.20862     -5.76554    -0.261906      6.33087
 5.76819e-06     -6.06974      3.98809     -7.37221      21.4896      13.2087
-1.19473e-06     -6.53026      13.8087      18.0319      65.0273      9.62536
-1.39132e-05      33.0595      6.84443      4.83452      4.60192       1.4045
 6.07963e-07      13.0832      9.37802       2.5012      12.0676      7.29448
-3.78233e-06      28.4378      9.29644      3.17968      10.0225      11.1042
-3.76208e-06      1.16546      3.72714     -1.51523     0.542672      8.94381
  4.1048e-06      24.4565      7.72916     -17.7429     -8.11015      6.42004
 7.34512e-07      13.7953      3.91916      3.91813      5.75239      14.0448
-4.77656e-06     0.554051      3.54939     -4.48091       14.482      25.2402
-1.08614e-05      28.5512       11.003      1.14216      6.82126     -11.4429
-6.61254e-06      23.0778      6.18446     -8.94207    -0.552484      11.5417
-1.62541e-06      7.13884      8.64922     -4.79478    -0.116695     -4.36258
 1.04126e-05      5.10431      8.66051      6.72247      15.9631     -2.16338
 3.94857e-06      5.01314      2.65811     -15.6624      18.9322      -11.795
-3.78632e-06     -7.42517      5.93224      3.67648      20.3618      5.98452
 5.16026e-06      7.37968      9.09654     -11.0965      19.6103     -9.57401
-3.25542e-06      17.6131      7.20183      12.2253      4.41569       3.4678
-8.62116e-06     -1.77452      6.63529     -5.10128      12.8796      10.9694
-4.52641e-07       12.207      9.22997      0.99644      10.0929      11.9513
 4.45658e-06     -10.5815      11.0013     -4.71861      15.3393       3.9484
-1.12356e-06      31.1472      8.15732      16.3574      5.58536      16.4698
 1.05682e-05      21.6237      4.39367      12.5197      9.35001      15.5801
-4.39964e-07      23.9766      6.76523     -8.20206     -3.44806      20.8388
 5.65646e-06      21.0253        9.059     -24.3264      18.5826     0.382401
-9.41089e-06     -7.97521      4.29031     -1.35265      15.5369    -0.327518
 3.65774e-06     -8.93861       8.0736      1.22596       8.1747      2.61013
-5.18522e-06      21.3781      6.40969     -26.0888     -1.58974     -8.71879
  -1.837e-06      9.21861      8.53091      -7.4552     -7.74039      7.36079
-4.98114e-06     -8.33922      3.68274        -4.45      7.28302      21.5024
 -8.2668e-07      -16.834       6.1813     -2.98802      39.3639      24.4064
-8.84922e-07      23.7219      9.03485      13.8002      5.02459     -2.39146
-2.20414e-08        28.62            0     0.667815      4.70243      16.3021
 5.30918e-06     -2.93646            0     -3.60491      12.2973      4.22351
  2.6869e-08      19.3812            0      -16.303      1.19196     -9.48395
 4.08501e-06      1.35615            0      6.29867      22.8327      -5.7465
-3.80895e-06      10.9887            0     -6.55373      23.8669     -10.7043
 8.57557e-06      4.44358            0     -3.38658      9.09383      9.66268
-1.03705e-05      20.3395            0     -16.6027      3.74815     -4.01255
-2.79315e-06      19.2195            0     0.142611     -1.85062      25.7717
-6.79703e-06      22.0183            0     -17.5865        10.43      3.01531
-7.03122e-06      4.40029            0     -4.11295      1.76531      -3.7354
-6.54998e-06      7.13768            0      3.04695      11.2853      5.76283
  2.5462e-06      4.72699            0     -19.8392      6.82981      2.38669
-5.41619e-06      9.86253            0       6.0535       3.7149      20.4122
-1.20014e-05     -8.37059            0     -16.3654      32.6959     -1.75571
 1.14125e-05      23.4877            0     -2.53219    -0.131585      18.1252
-1.76024e-05      17.1839            0      3.64795       11.751     -7.16817
-3.97554e-06      14.6283            0     -24.4412     -7.20608      22.0041
-8.59856e-06       7.7204            0     -11.1018      -1.2384     -3.55789
 1.76346e-06      1.18886            0     -13.3473      9.47157      42.9124
 9.17213e-06       8.4031            0      1.19783      27.9209     0.610973
-1.03786e-05     -9.39354            0     -2.07222      26.2295     -0.57098
 -1.6741e-06      7.10725            0      14.0946      31.8868     -7.46626
 2.00745e-06      15.0265            0     -19.7674      -0.3936     -6.53654
-4.23504e-06      4.86899            0      12.4827      24.9292      8.96352
-2.73869e-06      7.52399            0     -1.91532      18.1083     -2.43594
-6.16777e-06      15.3039            0     -2.20455      16.0039     -1.29485
-1.14958e-05      14.2473            0     -21.4647     0.487278      3.04679
 9.39648e-06     -1.49298            0      14.7945         40.6    -0.905734
 7.74517e-06       32.194            0     -20.8903      19.7745     -16.0857
-1.96623e-05      2.36914            0   -0.0294035      4.02627      13.6548
-2.04791e-05      7.18553            0      13.8338      25.4492     -1.18236
 9.47186e-06      22.0339            0      10.7778      20.2788      -4.8339
 3.26508e-06      29.2389            0      -22.045     -5.49438     -4.34953
-9.82037e-06      13.6855            0       8.4206        10.37     -1.97361
 7.52196e-07      20.4986            0       15.668      17.3214        1.869
-7.99119e-06      12.5892            0      10.2606      11.3889      9.46766
 7.55273e-06      28.4636            0      13.5486      12.1414     -7.22124
-2.63082e-06      10.2295            0      4.00817      9.90292      3.17469
 2.83841e-06      22.9055            0     -9.18068       16.535     -14.7464
 7.18476e-06      15.5228            0     -12.3694     -2.63037       -2.113
 8.50385e-06     -13.0478            0     0.326033      50.2122      26.9119
 2.64827e-06     -16.2229            0      2.72349       35.107     -3.60222
-6.00922e-06      7.04683            0     -2.86638     -1.30187      28.0265
-4.64438e-06     0.125674            0     -2.46032      2.21196      34.6631
 1.10234e-06      -5.1382            0     -2.80744      14.0705      6.62377
 -3.0234e-06     0.301752            0      3.37142      23.7235     -1.00981
 5.33032e-06      8.85674            0     -9.20991      4.82825     -2.16489
-7.01491e-06     -3.48975            0      -8.5487      6.80513      27.2238
-1.81736e-05      6.99822            0      2.39786      7.82522      5.22301
 4.03907e-06      8.10255            0     -5.91578     0.899561      7.73393
-1.28254e-05      9.05911            0      2.22531       2.9284      24.0864
-8.74915e-07     0.068786            0     -7.58137      11.0389     -5.24732
 2.08447e-06      14.6565            0      10.2576      25.3607      -2.5647
 2.11071e-06       29.036            0      13.9512      32.3557     -5.35972
 1.15468e-06      7.24264            0     -3.84016      1.07698      12.0667
-1.18459e-06       25.282            0      4.06931      13.7924    -0.863252
-1.67422e-07      18.8729            0     -22.5323      8.97376     -11.4054
-9.22285e-06      12.3168            0     -1.19891     -2.49693      15.1738
-4.82831e-06      1.24824            0     -6.46273      4.65049      3.29215
 1.23058e-05      11.3972            0     -8.41263      14.1182      5.67244
 6.96202e-06      4.30873            0     -8.86994      2.54527      6.81684
 1.83714e-06      33.4596            0     -11.7598      17.6289     -2.92489
 -6.5891e-06      6.34122            0      14.9996      35.7393      -5.4212
  8.8825e-06     -3.21144            0     -9.24524      15.9502      -1.7544
 -1.4221e-05      18.3962            0      11.2695      7.18496   -0.0424779
 9.61835e-06      -10.237            0     -8.74306      23.3311      5.01788
 2.32561e-06       11.453            0     -9.36155      2.14307      35.4978
-1.01156e-05      2.46789            0      8.82102      26.4295    -0.881154
 2.91174e-06     0.774225            0    -0.866632      1.31579      6.03026
 8.78915e-06      11.1975            0     -19.2693    -0.355871     -2.77978
 4.85691e-07      13.1091            0     -12.4503     -2.36457      30.1806
-7.08675e-06      39.8133            0      6.05011      7.46939     -1.03074
-2.39921e-06      28.3747            0      24.4369      25.6362      11.1369
  3.0211e-07       20.454            0      11.6823      29.6037     -9.36217
 -1.0892e-06     -12.1546            0     -9.50046      28.2331      7.32075
-1.56958e-06       11.397            0     -7.49062      21.6479     -10.8579
 6.12541e-07      2.15697            0      -10.841      9.86064     -4.00383
 3.91875e-07      -7.6682            0       6.7582      36.4238      5.62464
 3.95577e-06      10.6094            0      6.86468      17.9514      11.6573
 -7.8962e-06      33.1613            0      2.71073      18.6655     -6.79463
 4.24918e-06      19.5292            0     -8.99091    -0.314854      28.2642
 7.21182e-06      19.3189            0     -39.0353      4.91735     -19.4216
 -2.8615e-06      14.4776            0     -9.61983     -2.85143      18.2452
  7.7827e-06      23.2671            0     -12.0083    0.0207393      1.53971
 3.40018e-06      28.6459            0     -23.6865      6.69178     -13.8466
 3.40508e-06      14.2932            0      2.09227      5.74677      19.0945
 6.02159e-06      9.08652            0      -2.0572      20.1879     -2.94082
-5.21247e-06      7.12325            0      8.34789      16.9965      18.5379
-1.89909e-05      12.9009            0       1.5495      25.3407       4.7366
 3.12134e-06      22.1146            0      -41.316    -0.752129     -12.7244
 6.02946e-06      14.4094            0    -0.765191      12.8682     -2.71265
 -4.2677e-06       5.4427            0     0.364577      25.4151     -9.38824
 8.38718e-06     -4.80948            0     -8.02661      22.6761      6.33046
-2.78812e-06      10.8058            0      9.63149      44.4519      8.89384
-1.62176e-06      32.5293            0      8.08956      24.1169      2.32347
 -1.5074e-06      5.42978            0     -3.83811      1.15068      13.4779
-1.32231e-06      15.6168            0      11.3321      32.7603     -12.9345
-7.42584e-06      13.6712            0     -17.3173     -1.96722      23.4185
 5.39239e-06      21.3578            0      5.86378       8.8582     -5.80987
-4.54493e-06     -3.85096            0      -12.117      24.5091      3.44155
-5.72154e-06     -6.56742            0     -4.53989      54.6672      -5.0254
  -3.124e-06      9.72167            0      2.28825      12.6645      7.15517
 6.29695e-06     -19.7874            0     -17.4115      51.7789     -7.37927
 7.22801e-06      10.5451            0    -0.963428      39.8726     -12.2874
-2.47993e-06       4.1277            0     -16.6589      9.38239        1.992
 6.76538e-06      9.34657            0      -19.073      11.5589     -5.61017
-9.43737e-06       31.877            0      3.13193      7.94772     -7.76882
 4.89427e-06      6.51276            0     -30.0423      20.9369      3.55461
 2.09732e-06      9.35759            0      5.53013      12.7564      1.00686
-6.97623e-06      16.0116            0     -1.94294      1.20134      -1.1431
 2.33408e-06      19.9766            0     -9.20191      13.8421     -1.88467
 8.45244e-06      33.7243            0    -0.540339      22.2658     -11.4897
   6.591e-06      17.6433            0      5.24432       10.115     -7.71133
-7.61329e-06      3.02548            0     -11.5008     -1.20618       24.718
-4.62797e-06      37.1319            0      7.89485      6.73958     -8.46851
 1.29521e-06      13.3662            0      9.73204      12.9126       3.7986
-1.20176e-05     0.354152            0     -5.65653      24.4768       1.9277
 1.04212e-06      31.4012            0      -18.698     -0.32007      19.6091
-1.03665e-05      11.4098            0     -1.55495      15.0174     -8.29379
-1.98334e-06      5.11889            0     -4.73543      13.9658      30.7855
-3.47955e-06      8.48085            0     -18.6186      3.52305     -5.45056
-1.09963e-05      9.16252            0      5.27165      4.77066     -2.79717
 8.34167e-06      36.5434            0      21.4818      10.1249      20.3202
-3.36709e-06      6.42011            0      3.27953      12.7299      8.55555
-5.60881e-06     -15.5694            0    0.0770947      40.7452      3.18188
 2.32118e-06     -16.2043            0      10.2257      54.0933        11.63
-1.12485e-05       14.046            0      5.18525       3.5338     0.149078
 9.72634e-07      15.9714            0     -21.0972      10.6645      18.2838
-4.61324e-06      16.8832            0     -30.0202      6.07438       5.1336
 1.56217e-06      10.3808            0     -1.06334       13.836      6.20895
 1.43556e-05      13.0686            0    -0.745938      28.1291     -10.1987
 1.85764e-06      4.09148            0      10.1912       34.035    -0.578317
-9.81892e-06      8.75925            0     -16.0262      5.12233      3.04592
 1.67719e-06   -0.0750642            0     -12.7923      14.6371      3.62858
 2.39945e-06     -7.45014            0     -11.5928      29.4516     -6.31269
-3.37252e-06      35.1384            0      21.1196      12.5069     -5.88798
 3.54561e-06     -24.3905            0      2.96707      60.7001     -4.82761
 1.27742e-05     -5.63761            0     -25.5384      39.9788      14.9986
-3.77723e-08      -2.6792            0     -1.07919       11.538      2.54651
-7.32175e-06      11.3966            0     -32.5229      23.0988     -11.5051
-1.26339e-06     -4.34384            0      6.65342      44.9871      -10.278
-6.94088e-06      13.3278            0      3.27986      10.8311     -2.29301
 7.55931e-06      17.9218            0       2.9616      10.1461      10.2788
 1.04953e-05      4.88801            0     -6.75939       8.1616       8.4042
-3.51232e-06      8.63771            0     -5.52154      10.2703     0.730295
-1.44999e-05      12.2496            0     -22.4205      7.31167      3.87839
-1.23357e-06      13.7948            0    -0.591462      14.7204     -7.92906
 3.73209e-06      38.5826            0     -15.7477    -0.854988      14.3779
-2.85278e-06     -12.3691            0     -9.15469      31.8562      -5.0314
-1.04949e-05     -2.32604            0     -5.46896      10.2979      16.1852
-6.95648e-06      4.59332            0      4.04999      10.4584      11.5205
 1.22881e-05      31.6469            0       8.1948      4.15282      5.15244
-1.15705e-05     -14.3757            0     -4.44407      69.8152     -13.3529
  -8.376e-06        9.311            0      4.61495     0.466725      14.2204
 8.34797e-06      10.1271            0      3.67455      22.2036       3.0116
 1.15132e-05      27.4774            0     -11.4503     -3.72264      3.66581
 9.20411e-07      11.6425            0      3.43703      22.7369      4.17553
-5.07631e-06      6.15674            0       2.7328      1.00623      3.68831
 2.23257e-05      17.5075            0     -3.27498      23.2836     -13.8556
 1.01718e-05      16.9761            0     -7.66166      14.5691     -1.41032
 4.78812e-06      24.5716            0     -25.9567      4.61043      5.53065
-3.23824e-05      5.81482            0      4.00329      11.0204    -0.950993
 4.85056e-06       4.3912            0     -1.93684      22.5122     -3.57695
-1.83587e-06      -2.7812            0      5.68514      24.4768      9.37402
-6.64769e-07      22.5762            0     -3.27012      33.4563      2.13611
 1.46873e-06      58.4442            0      11.9575      18.4541     -15.4129
 3.98611e-06      69.4959            0      1.50946      14.7713     -25.1333
-7.92508e-06      15.6292            0      3.04874      1.11732      14.9736
  5.5307e-06      -11.518            0      -8.7747      26.4885      5.73204
 4.70134e-07      6.48741            0     -11.9434   -0.0652423      -4.4387
-2.75739e-06      9.44002            0     -11.2879    -0.296351      3.61502
-3.18313e-06       12.624            0     -20.4716     -2.73915      14.0044
-3.30388e-06      18.8388            0      7.51987      23.4424     -2.22957
 1.57731e-05      1.39807            0    0.0620506      26.0781      3.57277
-8.68298e-06      3.31773            0      13.5503      32.0825      10.6899
-3.65683e-06      22.8007            0     -24.1261      18.2565      2.51391
 -7.0858e-06      31.3253            0     -12.6853     -2.43498       28.685
  6.4956e-06        31.77            0      -12.453     -0.54042      11.3634
 4.96597e-06     -1.21855            0     -11.2023      3.09498      42.8902
 4.95023e-06     -5.22589            0      1.87117      30.9884     -4.04164
 -5.4261e-06      24.2079            0     -23.3172     -3.87427      9.36704
-2.23814e-05     -9.48994            0     0.194897       18.564      6.05055
-2.30159e-06      11.6374            0     -7.20596      26.1209       1.1331
 2.76846e-06      11.7001            0       3.2003      3.67543     0.804161
-2.33597e-05      8.47651            0       -13.57       13.462     -10.8309
 5.69438e-06      16.3472            0     -12.6241     -3.51657      16.4089
 7.12303e-06      -11.469            0     -2.32071      25.9697      24.2727
  6.2747e-06    0.0570024            0     -14.8081      11.7963     -2.29301
-1.37991e-06     -6.39264            0      4.75043      46.8403      -11.024
-1.87398e-06      2.47816            0     -20.9712      14.3114      25.9832
 6.00201e-06     0.990117            0     -14.9233      17.6185     -7.78629
-6.22763e-06      9.40816            0     -14.6679      5.98029     -3.68764
-6.57857e-06       3.1691            0     -8.62441     -2.57722      19.4347
  -3.292e-06     0.960108            0      1.29083      13.8203      5.98287
-2.08586e-06      3.17602            0      -7.2249      5.99786      23.4024
 8.28824e-07      24.4417            0      -18.826      8.50131      12.0628
 1.13888e-05      58.8216            0      24.7639      30.5287     -16.1444
-2.59923e-06      13.3092            0      6.47577      24.5922      3.86338
-1.07857e-05     -8.95987            0     -10.0054      22.9899     -5.96689
 5.41985e-06      23.1733            0      7.35763      21.3949      36.3602
-6.29402e-06      5.03589            0      3.97736      12.7839      4.39254
 1.02484e-05       14.576            0     -14.3721      4.94134     -8.04797
  4.4921e-06      31.3256            0     -11.0746   0.00500215      4.07537
 4.58591e-06      15.3078            0     -1.00422      15.1173      19.2151
 2.24527e-06       10.114            0     -18.2296     0.762072      11.6191
 6.66115e-06      20.2857            0      21.6391      27.5493      12.8077
 1.08425e-05       27.491            0     -4.04726      6.82964     -5.67262
-5.51829e-06      12.3972            0     -17.1403      3.13036      6.66569
-4.47657e-06     -5.12443            0     -1.68236      8.72866      1.36983
-1.13772e-06      19.1238            0     -2.06606      10.4867      15.1613
-1.34337e-05       6.1619            0     -16.3329      40.6602     -12.7528
 5.46068e-06      10.3751            0     -5.84495      7.00791      6.30444
 8.03932e-06      20.9196            0      9.66997      30.9799      8.11515
 1.09617e-05      2.91007            0      5.94869      33.2904      2.00604
 1.85669e-06     -5.02293            0     -3.16365      16.6555      14.8166
-3.27291e-06       18.163            0      4.18254      26.4093      8.21724
 7.82442e-06     -3.28893            0     0.233358      35.6553     -2.31386
   2.161e-06     -20.1814            0     -6.49511      38.8064     -4.93125
 2.64955e-06     -10.4975            0      2.81587      32.1639      17.0121
-9.51572e-06      17.4036            0      12.5819      17.1122      43.0369
-7.16985e-08      9.74345            0     0.126527       6.2987      2.78912
 1.16391e-05     -12.9883            0     -7.68399      34.5097      20.1916
   3.724e-06      0.20717            0     -12.0719      16.8129      7.93921
-1.56579e-06     -7.09191            0      6.68196      42.9539     -3.04857
  2.7924e-06     -17.5242            0    -0.860911      28.1802      8.99719
-1.74286e-05      21.3712            0     -21.3148    0.0802401     -1.39192
-2.57326e-06     -9.02439            0     -1.94256      19.3787      7.79179
  9.6238e-06     -6.96465            0     -5.27656      22.6802      -1.3554
-1.08336e-06      4.71013            0     -11.1913      43.3707     -12.2342
 1.10341e-05      10.4443            0     -5.38111      8.78669      20.5142
 4.09241e-06      25.0182            0     -17.9817      7.49634     -7.62636
 1.29086e-05      9.62219            0     -10.1994      14.8963      3.93356
 1.38092e-06      5.18572            0     -6.31871      11.5032     -1.68367
-8.09177e-07       14.683            0     -8.03739      5.35054      27.8287
 7.73546e-06      4.48328            0     -0.17112      19.4179      -3.1072
-1.24069e-06     -5.22768            0    -0.734842      6.22689      20.0265
 4.97026e-06      24.9261            0      10.6545      25.9969    -0.561459
 6.16101e-06      8.78453            0     -15.5131     -4.37079      29.6445
 5.17083e-06      13.0516            0     0.266853      13.8595      11.9822
 1.00645e-05      15.8272            0     -8.99993      4.81433      17.0652
 4.77798e-07      19.2224            0      10.8727      4.49617       27.903
 5.00805e-06     0.955334            0      2.19257       40.816      7.84139
-2.41196e-06      21.0755            0     -43.4468      22.7707     -15.4877
-8.36136e-06      2.23111            0     -3.24463      5.19802       13.032
-1.18915e-05      2.50413            0     -22.1118      16.5697      1.16997
 1.12266e-06     0.136638            0      2.22348      15.8791     -2.12449
-1.96261e-06      2.55771            0       2.2276      3.21192      4.31591
-5.86094e-06      3.74781            0    -0.689888      6.95901      1.64388
-7.37193e-06      15.6234            0      11.7628      3.48419    -0.122317
 2.54961e-06      7.26561            0      7.00429      9.86165     0.629459
-1.53637e-05      20.9509            0     -1.82396     0.665712    -0.809802
 -1.6689e-05      6.55235            0    -0.656295      11.2202     0.515398
 2.12025e-06       32.465            0      2.41278      21.7727     -16.0747
-8.35226e-06      11.3544            0     -8.16405     0.834963      13.5213
-1.67447e-06      25.0879            0     -11.0444   -0.0462241      1.43417
 6.93266e-06      24.5387            0     -7.95399      7.88727     -9.99011
-8.30363e-08    -0.616921            0      4.04284      21.1081      14.0798
 7.54394e-06      20.4769            0      13.9429      11.2648      11.1544
-2.95544e-06      8.89839            0      14.7097      20.7055     0.154996
-1.75961e-05     -27.4946            0     -7.97397      36.8186      34.5164
-1.02495e-05      1.41591            0     -6.06682     0.128433      11.7651
 -7.6713e-06      11.0406            0     -2.77929      4.41505      10.8469
-3.95474e-06      21.2549            0      13.0071      8.38504      4.61656
 2.28527e-06      3.69687            0      -10.387      1.57305       3.9283
-3.22466e-06      19.4369            0     -25.2176     -2.51747      -1.5366
-2.56258e-06      -2.9308            0     -2.07885      15.3741      26.9035
 6.82357e-06       6.0533            0     -7.85157       7.6502     -1.03261
 1.04854e-06      3.47259            0      -12.358      14.3635      12.0641
-4.18349e-06      5.74165            0      11.7896      38.7205     -6.76238
 5.85029e-06      12.3386            0      5.75292      31.6143      25.3741
 1.38488e-05      26.4085            0      14.2714      7.95814      7.17929
-1.94083e-05      18.0388            0      4.05561      6.29422      2.71625
-5.89139e-06      9.92947            0     -1.11837      19.9021     -6.76346
 4.04461e-06      37.1147            0     -28.9325     -1.25825      -19.025
-2.20745e-05     -28.3266            0     -5.07447      50.4334      -2.8968
  1.4537e-07      13.0518            0     -2.83505     -1.13627      13.3692
 3.72609e-06      34.8169            0       11.685      18.4262     -10.4967
 1.13231e-07      22.5547            0     -11.3687     -2.72129      -2.7932
-9.70231e-06     0.222278            0     -1.04866       13.234       3.6544
 1.04353e-05    -0.367702            0     -7.60803      11.6093      11.0785
-4.65198e-06    -0.272385            0      -20.622      46.5683    -0.873497
 5.65576e-07     -6.48121            0     -1.21839      35.8817     0.539284
-9.13727e-07      17.4747            0     -2.10627      12.9714     0.185939
   4.958e-06      8.21682            0     -9.02376      46.0608     -11.4299
-3.02724e-06      20.6251            0     -11.1427      1.68103     -1.44161
 8.09664e-06      20.9297            0      18.0092      24.6218      7.02968
-1.20224e-05      18.9604            0     -28.8699     -4.19086      9.57396
 4.55561e-06       19.623            0     -1.38442      6.11124      20.7194
 3.43215e-06      18.4019            0      11.8708      9.94746      10.6337
 3.04633e-06      4.90601            0     -34.4666      26.5115     -11.7648
-7.30447e-06      10.5081            0      5.41146      6.92022      1.43733
 7.16959e-06      8.43209            0     -8.37848      2.13986      31.8648
 4.20887e-06     -7.32149            0     -9.18193      21.9969      19.5606
 -3.1004e-06      6.90782            0     -17.9386      46.5781      4.52768
-1.03923e-05      6.50408            0      3.65737      12.1167     0.273693
 6.59512e-06      12.1444            0      2.73522      3.49098      8.56232
-3.21553e-06       8.5909            0      4.15983      25.6412      31.3912
-3.94072e-06      11.3555            0      11.4444      21.1099      13.5828
-1.02121e-06      6.77455            0     -6.48579      1.86304      9.26616
 1.50152e-06      37.4305            0      -16.188      -2.5265      3.49041
 8.29725e-06      7.82394            0      3.94922      3.40587     -1.69017
 1.27121e-06      24.5471            0     -9.29074      14.0096      6.37152
-1.65977e-06      35.2743            0      17.0254      15.4281     -1.09152
-5.42131e-06       32.784            0      23.3417      10.2942      7.34493
-2.03337e-05      16.4962            0      5.14444      16.6722      2.54515
 8.72672e-06      15.1082            0     -13.6007      6.14781     -3.12431
 9.58775e-07      1.35743            0     -11.1691      6.68861      7.97314
 1.61801e-05      26.3477            0     -19.5844      13.1531     -5.97776
-4.02263e-06     -1.68407            0     -8.24943      18.1714      12.9071
-1.03178e-05       14.673            0     -17.7052     -4.01394     -3.34932
-1.02104e-05      19.6153            0      10.5101      16.2845       6.5302
-7.90071e-06      13.0629            0     -6.66156      2.34604      7.36077
 6.88623e-06      27.3288            0      23.0566      19.6351      5.35398
-1.68944e-05      5.62363            0      4.03577       25.176     -2.57848
-3.25574e-06      24.1527            0     -6.24143      17.4613     -11.7438
 8.41499e-07       22.571            0     -15.4374     -1.01872     -11.2873
-6.88722e-06      8.22919            0      2.33783     0.180738      11.5205
 -2.3569e-05     -4.51695            0     -15.5548      19.8381      11.6295
-6.26148e-06      28.3257            0     -24.6516      4.28409     -10.6933
-9.56146e-06      20.2755            0      3.87212      7.34701     -2.35611
 4.48827e-06       21.916            0       19.961      15.6101      17.5848
-4.49167e-06      15.1634            0       8.2664      18.1634     -5.75665
-1.41541e-05     -13.8907            0     -16.7372      25.9782      9.67866
 1.47784e-06      17.4688            0     -9.27531      6.40088      24.4296
-8.14183e-06      13.5624            0     -4.28556      8.59416      8.35774
 -9.4569e-07      13.6855            0     -6.74229      6.11887     -8.17779
 9.88407e-06      6.91127            0     -3.97198      9.60595      42.0548
 1.03899e-06      16.5698            0     -11.9552      10.5272     -3.67392
 -4.0199e-06      5.34742            0      2.75971      7.85626      20.3479
-3.86226e-06    -0.463532            0     -7.64452      20.1569     -5.24789
-5.18376e-06     -3.22316            0      4.37239      21.0626      13.8238
  1.0925e-06      19.6881            0      8.66806      11.9156      13.1729
 1.21293e-07      27.5131            0       5.1011      7.66763      12.8018
-1.02081e-05     -1.56876            0      10.2672      42.6247      -4.4641
 5.86886e-06     -17.4579            0     -17.1466      36.5834       3.9736
 1.06873e-05      16.9619            0     -9.72906        8.856     -5.71768
 -3.5304e-06      55.4259            0       30.125      23.0235      -2.8312
-5.96077e-07      17.6519            0     -5.78705      20.7984      13.4559
 1.05483e-05      18.9387            0     -17.4092     -2.70645     -1.30125
-7.08995e-06     -6.05107            0     -1.93411       16.273      15.1801
-4.33067e-06      20.9616            0     -1.32224       15.623      4.96477
 1.16413e-05      20.8651            0       10.794      9.49108      8.74943
-5.24973e-06      7.20927            0     -13.6312      24.4691      3.08819
-2.31997e-06      23.0782            0     -21.0375     -4.88596       10.245
 2.86642e-06     -8.61631            0      4.41216       43.973      -4.4079
 7.92293e-06      45.4508            0      25.0012      14.3653      12.3826
-6.90496e-06      17.5677            0      8.28715      7.60175      6.06174
-1.56326e-05      16.2707            0     -1.95908      6.67855     -4.58487
 5.63456e-06      24.3729            0      7.33541      3.46906     -2.43584
-3.60675e-06      19.1759            0     -11.8858      6.74981      11.4873
 9.29794e-06     -9.32315            0     -14.5462      28.7177   -0.0421178
-1.32149e-05      5.78296            0     -3.92556      14.0665      4.94222
  7.6847e-06      12.0802            0     -20.7625      29.9661      -10.231
 4.62865e-06      21.6983            0     -22.1726      9.19203      14.9976
 7.28996e-06      6.17208            0      9.24481         17.4    0.0949457
-2.09213e-05     -2.31708            0     -5.92727      10.1537      1.32817
-9.91572e-07      -11.923            0     -3.11526       17.002      31.9539
-3.74118e-06      19.6119            0     -13.0687      3.81723     -0.44213
-3.63095e-06      16.4241            0     -7.40076      19.1527     -14.2494
 1.62213e-06      1.04307            0      -10.197      7.68592     -4.72781
 4.54057e-06      13.6234            0      15.3489      38.7336      1.76625
 2.19692e-06     -1.27312            0     -4.70074      25.7009    -0.849881
-2.38782e-06      9.61173            0     -13.2965     -7.18409      20.3035
-6.93949e-07     -12.1091            0      -7.0536      25.2827     -4.09668
-4.64128e-06     -14.2193            0     -12.7269      26.8745      4.94458
 1.28255e-05      10.2014            0    -0.991061      46.2122    -0.431752
-4.60331e-06       7.0765            0      8.98533      13.5959     -2.38149
-1.67469e-05      19.2602            0      18.7061      17.3059     -5.93176
-1.58214e-06       7.2059            0     -3.37658      16.4006     -4.78422
 7.77048e-06      -8.2167            0     -4.01394      27.0255     -2.93914
-2.23287e-07     -5.23653            0     -8.39691      29.5088      22.5596
 1.02032e-07      20.7559            0      3.37543      19.0908     -7.88131
 1.78293e-05      21.3653            0     -19.2801      28.1446  -0.00876375
 5.80798e-06      22.6837            0      2.79816      8.84175      16.6535
-4.76277e-06     -6.29153            0      1.16144      16.1025      7.96371
  1.1526e-05      14.1311            0     -12.2948      17.8983     -12.7923
-7.99671e-06       5.6875            0     -10.1409      7.72017      1.18156
 7.50867e-07      33.2109            0     -3.52817      7.53625     -11.7126
-1.18939e-06      22.2091            0     -7.69479     0.784247     0.584845
 2.45875e-06      37.2115            0      5.77186      14.2831     -13.7206
 1.34866e-05      11.4961            0     -28.0022      6.22569     -3.05339
-1.54475e-06     -9.00332            0     -20.1915      34.6145      13.6128
 1.82442e-05      7.44234            0      7.25473      28.7696      -7.0308
-1.82856e-06      4.81368            0     -23.6965      15.3693      14.4955
-5.52772e-06      10.8104            0      2.72682      1.17435      37.7783
 1.39435e-05      19.5463            0     -17.9308     -4.67893      19.5171
 8.68384e-06      15.3235            0       3.4436      19.7615     -9.26333
-1.23616e-05      5.54129            0     -7.88392    -0.613266      30.6013
 6.74136e-06     -13.1207            0      7.42225      44.1672     -3.99345
-2.85378e-06     -12.5576            0     -6.76246      26.2558      23.0798
 1.53165e-06    -0.624881            0     -10.2116      19.4551     -4.64251
-9.77978e-06      12.1149            0     -11.2253      10.7098      1.27772
 5.45253e-06       4.2628            0      5.70218      28.2676      15.4948
 1.29126e-05      7.50002            0      1.18652      15.1136      16.7505
 1.95602e-06      47.4666            0     -15.5787       14.261     -16.5841
 4.91784e-06      9.90212            0     -8.06813      23.6191     -5.00488
  4.4824e-06     -5.40559            0     -12.5091      17.4806     -6.69008
-9.58678e-07      10.0073            0      -2.8832      9.91091      13.9891
 3.07968e-06      15.9383            0     -5.80267      9.12898      11.0313
 8.80939e-07      36.7858            0     -6.78781      8.80491      6.42421
 2.56559e-06      14.2436            0     0.614161      30.5299     -10.2155
-3.76204e-06      22.4137            0       16.089      5.85921      6.28683
 1.17827e-05      2.22749            0      10.3686       27.561      18.9914
  8.2172e-06      14.3856            0      4.97325      6.93335      -4.2893
 1.40376e-06      23.3238            0      1.01753      5.13595      11.4294
 3.97551e-07       19.198            0     -7.91587     -3.24326      12.6741
-2.70121e-06     -1.12881            0     -16.4647      15.5854     -6.47842
-4.69273e-06      30.9369            0      15.1804      7.38771      2.16034
-1.31019e-07      16.9677            0     -3.30948      12.2833      5.47792
-3.58893e-06      14.7531            0      2.78128      6.91259      3.14191
-1.27705e-05      30.4553            0     -5.32551     0.712997      -0.4215
 6.45907e-07      4.31465            0      2.40172      5.65374      5.44878
-7.87668e-06      14.9392            0     -7.31323     -4.31834      26.6213
-5.47462e-06    -0.491366            0     -1.52187      28.8638      4.64322
-1.35669e-06      13.6313            0     -3.87199      12.1639     0.125741
 8.62237e-06      10.6812            0     -23.9355     0.013624      6.70988
 2.18212e-06      29.2029            0      2.32871      9.85379      12.9245
-3.05614e-05      3.08312            0      1.13161      15.9013      9.70639
-1.07209e-05      11.8252            0      8.59514      14.2375      8.24354
-2.05881e-06      18.2226            0      17.2333      14.2782     -2.59776
 8.17708e-06      4.66102            0     -15.4922      13.7422      12.3642
-1.11497e-05     -9.32283            0     -13.4706      26.2333      9.27397
-9.48839e-06      4.44682            0      -7.7769      3.31124       3.6663
 7.66535e-06       16.062            0     -1.21653      10.0483       1.8155
-1.95755e-05       5.1079            0     -11.2886      8.03673      15.6798
 1.07388e-05       48.827            0      24.8704      10.8482    -0.632306
-1.27325e-06     -16.8992            0     -1.51176      48.5413      25.9906
 5.31234e-06     -2.48833            0     -17.0837      7.62038      21.8723
 8.60503e-06       1.5654            0     -12.8005      20.6683     -2.06887
 2.97755e-06      3.98899            0       6.9968      13.8724     0.767507
 4.33713e-06      16.6995            0      3.80786      6.46044      13.8173
 2.49721e-06      16.0748            0       12.815      10.9891      7.25934
 -9.1644e-07      22.7184            0      4.70752      9.60245      1.45557
-9.78865e-06      11.6051            0      11.1734      18.5673      50.2884
 1.02971e-05      29.8953            0      24.2754      20.1786      1.35971
-9.77105e-07      49.7073            0      -13.874       4.6032     -15.2299
-2.44655e-06      13.3461            0     -6.49232     -4.96686      30.7373
 -6.8468e-06       27.073            0      4.57514       19.619      -5.8894
-9.04465e-07      4.04886            0     0.254133      9.91958      12.9244
 5.99124e-06     -5.43227            0     -10.7967      13.4708      8.54808
-1.41624e-06    -0.123834            0    -0.795939       1.8273      7.95119
 2.05162e-06      38.5663            0     -23.3823       9.1237     -15.1634
 2.27918e-06      30.2496            0       12.774      4.68562      16.2787
 1.08581e-05      27.7157            0     -14.0383      5.55831     -5.66522
-1.98278e-06     -6.33619            0       -8.964      23.8873      4.39324
 1.19488e-06      10.3239            0     -8.14904      -4.0005       15.699
 6.14764e-06      12.6576            0       9.8867      21.6777     -2.50252
 7.66192e-06      18.6145            0       4.7906      4.73739     -1.42436
-1.54196e-06      -1.9841            0     -1.40011      19.4555     -7.63189
-5.26819e-06      5.00872            0     -6.48431      6.82954      15.0212
-1.98079e-06      11.1926            0     -20.9417      1.57611     -2.02394
 4.07848e-06      3.09683            0     -27.7209      15.5419      5.74641
 2.43795e-06      2.02669            0       3.0243      15.4251      2.60811
-5.92048e-06      31.2063            0      21.1181       23.384      30.7137
 2.50992e-06     -15.6866            0     -12.5936      32.0296    -0.537649
  2.6465e-06      14.4789            0     -16.1056      5.45849     -5.58211
  9.8476e-06      16.5494            0      13.4627      18.9881      1.17597
 4.60309e-08      21.4611            0      11.9443      0.81582      15.0746
  8.7006e-06      9.60464            0     -4.00016     -3.05097      33.3898
 1.04776e-06      3.49461            0     -0.72069     0.948653      10.7048
-1.30832e-05       43.879            0      4.14163      24.7529     -3.72389
 4.41698e-06      8.96693            0      3.29277      16.9258     -2.46684
  3.9178e-06      12.1035            0     -9.08736      6.44451      9.27144
-6.02569e-06      1.13746            0     -1.78382       7.6223       13.305
  4.1439e-06      5.85755            0      4.52817       9.6249      12.4315
 4.35773e-06      26.6515            0     -22.5812      18.7091     -14.5038
-2.02782e-06      17.0421            0     -12.7556      6.06324      1.22727
-3.93761e-06        20.11            0     -7.97601     -1.15617      4.62169
 1.55457e-06     -6.23014            0     -3.13753      22.7629      6.31266
-5.28583e-06     -4.77883            0     -3.24487      21.3139      9.27934
-1.04617e-05      2.97682            0       1.9518      14.8359      14.1192
-4.71472e-06      27.6351            0      18.1268      9.30902      9.70201
-2.61571e-06      25.6706            0       -7.825      2.22076      3.23461
-1.64297e-06      12.7501            0      7.69398      13.5926      7.55598
-2.29434e-06      15.5873            0      4.58636      23.1533      3.82324
-5.72941e-06      9.84834            0     -5.56286      7.29718     -7.27466
-9.93346e-07      9.10036            0     -13.6357    -0.336868      28.4059
-3.50252e-06      1.80282            0      11.5751      33.7532     0.436591
-8.33719e-07     -4.15349            0     -14.8945      16.3179    -0.369043
-7.57873e-06      8.84652            0    -0.255045      2.53346       10.411
  5.5345e-06     -6.61475            0     -3.98869      20.8555      5.55637
-1.80733e-05      17.8251            0      7.03184      7.21034       10.051
 8.49901e-06     -11.7603            0     -18.7345      48.2606      10.1286
-1.34197e-06        39.17            0     0.644172      12.2666     0.319185
 3.71146e-06      21.3137            0      5.63953      2.83837     0.961436
-2.30485e-05      8.52336            0     -3.25224      14.2216     -3.20172
-1.52152e-06      36.6603            0     -1.14382    -0.652087      17.2152
 -1.2353e-05       18.633            0      -40.388      2.08932      20.1919
 2.66421e-06     -5.58624            0     -15.9278       7.4103      31.1377
 8.05599e-06      30.3982            0      11.3533      11.6236      12.6868
 1.29237e-06     -4.21228            0     -4.98814      16.8918      6.00639
 2.24699e-06      16.9578            0       10.488      13.3154      3.98538
 1.05326e-05      30.4342            0      15.6746      1.79029      27.8956
 1.14708e-06      46.4225            0      5.95764      10.3527     -14.3621
 7.68355e-06     -18.1138            0      -13.249      41.1248      5.80827
-2.62157e-06       -2.648            0      -32.368      25.2461     -2.55248
-8.68239e-06      18.0707            0      11.2435      13.4284      10.6215
 2.62211e-06      8.83921            0      14.9916      30.5237      7.32902
 6.62813e-06      4.84316            0      9.04057      18.8588      -2.8707
-8.11616e-06       7.5367            0     -19.3985      15.0498      3.05062
-1.14233e-06      16.7001            0      4.00565      8.42855      5.29291
 7.59751e-06      40.6335            0      3.94597      18.5329      6.01187
-1.62785e-06     -4.76012            0      4.19243      34.5456      25.3858
-1.07978e-05      32.6774            0      20.6242      11.7905      15.6388
-3.05404e-06      2.92491            0      5.61321      18.0921      14.1041
-1.87253e-05     -7.26031            0      -4.8697      5.70181      32.4665
 1.37191e-05      8.97137            0     0.800108      20.3226      2.54782
-4.39676e-06     -18.8468            0       4.6833      42.7589     -5.66182
-2.82077e-06     -25.3469            0    -0.791997      38.2428     -6.86992
 5.96618e-07     -10.9655            0      2.87353      38.3104      2.09042
 1.26313e-05      3.99645            0     -1.66896      16.6971       1.2992
-9.56019e-06      17.3602            0     -18.6408      5.02559     -2.08183
 1.69143e-06     -2.15463            0      -2.4697      23.5819       13.256
 -7.7676e-06      5.15595            0     -24.8041      23.5454     -18.4791
-6.93611e-06      2.09874            0     -10.5758      13.0478      3.27125
 5.87595e-06      27.1147            0     -15.5181     0.910776     -9.96033
-1.15908e-05     -3.23176            0     -3.01674      19.7415      3.23126
-1.40255e-05      2.39245            0     -4.13763      1.46462      5.34853
 9.63391e-06       14.897            0     -2.72847      3.19422      1.37371
-1.95399e-06      41.8373            0      15.9894      11.9259      1.67545
 -8.4078e-06     -3.61728            0     -6.39016      21.6357      2.97254
-1.54339e-05      11.6978            0      1.73172      4.94176      16.8659
 8.10245e-06      26.9363            0      13.4009      14.9045     -5.53609
 5.23341e-06     -15.8746            0     -1.35862       21.884      9.37112
-3.86133e-06     -5.54265            0     -3.02209      18.4698      8.82579
 4.44309e-06      12.2793            0      11.2909      31.1701      19.2487
 1.20934e-05    -0.774957            0     -5.15811      9.83094      13.1925
  2.2544e-05     -7.77356            0     -16.1655      19.2549      32.8886
 1.28145e-06      12.1694            0     -16.3408     -3.27587     -4.71333
-6.36097e-06     0.733421            0     -1.25016      51.2463      16.2884
   2.545e-06      8.03417            0   -0.0692098      10.0603      11.3937
-5.64931e-06      17.7141            0      -29.853      5.64142     -3.68636
-3.76455e-06       13.048            0      -9.8932     -1.14981      12.5962
 -1.5828e-05      18.9636            0     -22.0555     -6.12373      6.42565
-1.11107e-05      20.7333            0      3.32859      15.4436      13.8193
 3.48869e-06      44.0047            0      13.9286       10.073      9.32399
-7.33708e-06      6.79847            0      12.8419      26.0548      11.6203
 4.72123e-06    0.0066777            0     -10.6117      6.40952      9.20401
 9.70901e-06      5.61986            0     -14.1658      -9.6029      37.9862
-1.43861e-06     -7.72177            0       -15.24      21.4963      5.13103
-2.69248e-06    -0.238229            0     -2.72341      18.1569     -5.13725
  3.9564e-06       31.364            0      19.1457      12.1653      15.7092
-1.37812e-07      23.4354            0     -10.4584       10.337       2.3328
 9.38907e-06     -3.32656            0     -10.2015      21.4268     -9.46373
-5.76059e-07      2.07208            0      -10.023      18.9107      10.8702
-1.22582e-05      5.86335            0      4.60678      27.4856     -4.17779
-5.33188e-06      30.5526            0      14.8824      9.79619    0.0701539
-4.57813e-06      8.43824            0      5.37347      5.27837       3.1401
 5.91496e-06      12.5671            0     -18.0289       2.5346      16.4762
-1.05926e-06      5.03225            0      3.49679      5.77797      12.3594
   3.624e-06      7.60868            0     -24.8982      11.3292      1.37497
 2.60759e-06     0.507582            0     -12.9947      9.34444      8.00816
-1.24763e-05      3.92754            0     -6.21283     0.389333      16.2527
-1.75635e-06     -5.11978            0     -8.47689      18.5705        18.64
 1.05605e-05      20.8415            0     -18.0086      1.04329      9.67983
-2.47862e-06      34.5675            0       17.795      23.2704      -8.6202
-2.79576e-06     -15.2183            0     -2.41056      36.0237      11.4264
 4.58037e-06      16.4893            0     -25.7257     -2.39132     -2.26148
  1.3117e-06      2.59934            0    -0.379803      8.69547      8.23533
 8.37256e-06      7.62471            0     -4.91456      1.18542      14.0098
 7.09923e-06      33.0574            0     -16.2679     0.893059     -10.3533
 9.97736e-07      15.3064            0      15.6522      40.2607     -7.93733
 5.96751e-06     -2.93786            0      1.19888      12.7488       16.771
 6.19811e-07       25.671            0    -0.486381      8.80796      18.1127
-3.68953e-06       31.017            0      7.32861      12.3708      27.2071
 9.03716e-06      24.4891            0     -20.4757      10.8022      13.8514
-1.16221e-05      1.44686            0     -11.3993       22.617     -7.29825
-8.03718e-06       17.298            0     -4.09646      1.83349       5.9362
-6.43412e-06      43.9055            0      12.0486      10.4097     0.190757
 5.47643e-06       18.771            0      1.78347      4.98378      2.27106
 3.55994e-06      14.1029            0      11.6833      15.6979      10.9058
-8.59773e-06      4.12866            0      -1.6081      11.4902     -1.07501
 5.01877e-06     -2.23961            0     -2.07662      13.8373      9.47474
 2.94868e-07      21.2119            0    -0.666448      8.34796      6.34634
  7.2609e-06      15.3675            0     -9.72065      15.1442      -3.4428
 2.86662e-07        29.78            0      9.57186      5.44617     -2.87893
-1.01424e-05       20.446            0     -11.0771      1.12655     -7.57031
 1.10462e-05      20.3197            0      5.71582       6.5789      6.95204
-1.63307e-05      36.7115            0        4.293      8.66958     -10.9545
 2.13612e-06     -32.1173            0   -0.0120319      57.8815     -7.51352
 9.74488e-07     -2.31948            0     -17.2466      36.2319     -4.40139
 1.57287e-05      7.35907            0     -11.1948      10.3553      14.3247
 1.04635e-05      23.3719            0     -14.5118      24.3763     -3.53809
 8.75487e-06       13.824            0      4.19278      14.4543      20.7084
 1.43613e-05     -12.4993            0     0.270526       38.608      25.2575
 -1.0531e-05     -6.39227            0     -8.71469      19.8508      7.68062
 9.67131e-06       2.4249            0       5.6346      15.8964      6.88805
 2.40001e-06      10.8433            0     -5.30129     -5.42574      23.8316
  4.5624e-06      16.9262            0  -0.00109119      7.02022      10.3396
-2.15485e-06      4.14933            0     -13.2763      12.2967     -4.98919
 6.25054e-06     -10.3286            0      3.44829      45.1547     0.616541
-3.56331e-06     -10.4913            0     -23.9829      41.1698     -8.32444
 3.12446e-06      7.83851            0     -20.6311    -0.958571      38.2938
-1.17637e-06      1.23061            0      8.80598      21.6492      21.7003
-1.24417e-05     -5.86323            0      -1.3395      14.9039      14.1493
 7.18791e-06      20.9822            0      4.20226     0.533102      2.99952
 2.08013e-06      18.8736            0     -20.3937     -3.24701     -8.00931
 2.74917e-06      5.21761            0       2.7355      9.40712      15.1865
-1.19584e-05     -9.12785            0     -11.7236      14.9284      32.8019
 7.89399e-06     -14.7039            0     -8.08338      36.8225      24.4982
-9.07166e-07      4.12481            0      1.32295      27.5447     -2.43788
 4.99069e-06      13.3601            0      6.96972      27.1528      1.25645
  -1.477e-06      22.8555            0      4.99853      13.1217     -2.25109
-1.41552e-05      3.97423            0        1.528      9.56336      8.84977
 7.64002e-06      27.4282            0      10.5671      3.84946      6.17991
-7.70832e-06      8.88052            0      -10.369      5.70048     -6.17218
-3.74913e-06      31.7826            0     -24.5235     -3.59108     -11.3176
-5.19461e-06       6.3927            0     -30.0667       12.928      27.9521
 2.70056e-06      3.16846            0      6.05002       29.283     -6.23781
-1.48804e-05      30.3676            0     -6.94326      11.5945     -9.80955
 8.94337e-06      19.2708            0     -17.3727      15.3413        18.03
 5.32846e-06      17.1624            0     -11.2897      15.2306      14.3666
-1.64426e-05     -7.13188            0     -6.56875      29.0419     -1.53502
-3.64437e-06      1.75673            0     -12.1103      10.0521      18.7846
 6.78471e-06      2.73532            0     -3.50408    0.0304375      15.0222
 3.70932e-06      16.4209            0     -19.3774     -1.70342      5.24362
-8.02302e-06     0.776605            0      7.03138      33.4389     -6.03151
 7.04319e-06       11.749            0     -3.52574      18.6157     -1.97319
 2.86792e-06      22.4021            0     -5.75802      3.18038     -10.1563
 5.00914e-07      31.9643            0     -17.9491     -4.03819      9.29813
-7.30848e-06     -2.02013            0     -2.20749        53.91      7.65153
 8.28958e-06     -10.5827            0     -8.58636      37.8181       4.8271
 5.15068e-06      12.6714            0     -14.2406      10.1073      25.0183
-2.05783e-05      4.87267            0     -11.5555      25.9367     -7.65666
 5.06154e-06      21.5518            0     -10.2017      19.1829     -12.6012
  7.5214e-06      7.85205            0      11.3605      47.0601     -3.46462
-2.27913e-06      1.85988            0     -5.28623       10.921      4.51268
-6.64696e-06      11.8025            0     -19.6456     0.726204     0.153672
  8.4629e-06      37.6729            0     -11.0869      16.2291     -6.08106
 6.78384e-06       6.8729            0     -8.91051      3.83237      21.6239
 6.22848e-06     -1.33564            0       5.0523       24.773      1.24653
-1.48249e-05      16.1236            0      8.80454      3.13878       15.526
-1.34473e-05      21.4174            0     -12.0242      24.3806     -13.0659
 6.68025e-06      -6.5195            0     -1.23966      22.4506      13.0595
-2.76618e-06      12.5688            0      9.51842      19.6221      11.4974
-1.61859e-05     -4.51463            0     -3.09135      17.8647      13.6199
 9.25488e-06      8.59072            0     -8.80967    -0.411983      21.6725
 -7.4908e-06      22.7735            0     -13.9508      3.32493     -9.29431
-6.98191e-06      13.1344            0      9.75181      17.1333     -4.07192
 1.82919e-05      12.0627            0    -0.655254      6.08929      9.42034
 8.31547e-06      27.1125            0      6.17808      18.5821     -2.28151
-9.69202e-06      15.0483            0     -29.0435      3.53203     -1.50154
-5.41252e-08      2.27039            0      4.78344      19.2812     0.356567
 -1.0574e-05      20.9661            0     -13.6182     0.292458      2.86087
 2.27281e-06      4.40262            0     -1.19358      4.03657      7.37249
-9.41896e-06      13.4062            0      -4.4832     -1.61559      18.0606
 7.28202e-06     -7.60501            0      1.09211      29.8016      6.70711
-4.13272e-06      11.7123            0     -10.5219      8.80135      26.2035
-5.62064e-06      9.90657            0      6.55446      20.6229      11.3093
 -6.9799e-06      0.48366            0     -13.5085      16.4735     -1.20025
 9.31139e-06      15.5907            0     -5.10808      4.80602      22.4492
 9.73585e-06      24.5059            0     -22.3798     -3.94492     -12.5574
-5.24452e-06     -1.53572            0     -6.62615      18.0801     -6.07832
-7.73779e-06      15.3095            0      -18.611      1.87885     -4.72735
 2.67357e-06       9.4725            0     -23.5872      37.9984      -12.703
-5.10013e-06      10.9367            0     -19.7466      8.07052     -4.07265
 4.89065e-06      17.8749            0      15.3341      11.5297      11.7066
 6.48953e-06     -7.45988            0      7.10749      32.5085      2.15534
-1.17774e-05      2.72728            0     0.612652      27.6321   -0.0623774
-8.68403e-06     -22.2074            0     -5.28767      33.7627      28.7465
-9.65879e-06    0.0671077            0     -16.0469      11.9093      5.39544
-2.64343e-06      10.0073            0     -0.64092      3.07016     -3.23903
 -5.5046e-07      -6.4925            0      -11.739      27.3198     0.990786
 6.67919e-06      10.3824            0      5.82537      11.6393      2.96348
 5.40386e-06      22.0307            0     -10.7807      -7.5779      37.5185
-1.23351e-05       33.255            0     -25.4704      14.8301     -5.56108
-1.27476e-06      7.43838            0      -13.313      11.6452     -5.05022
-8.72048e-06      11.9912            0      11.3669      19.7588      26.2097
-8.73051e-06      11.6503            0     -24.3058      4.09436      2.71307
 2.46157e-06       8.1734            0      4.99794      7.67257      14.1545
 3.27415e-07      18.5606            0     -21.9381     -6.41802      1.42368
 2.47127e-06      7.17434            0     -4.12147      4.47952    -0.273985
-8.43506e-06      15.8809            0      8.90552      4.81323      2.82017
 1.10597e-05      23.0821            0      8.47853      31.9234       11.442
-4.17423e-06    -0.266551            0      1.97201      4.41577       2.4228
 6.19718e-08      10.9561            0     -6.61861      34.3606     -11.1809
-2.18501e-07      5.28185            0     0.596118      25.2706     -1.25832
 2.37093e-06       -7.343            0     -7.05043       23.033      9.13131
 1.22092e-05     -4.14206            0     -15.9776      15.0883      24.3996
 7.70886e-06       14.114            0     -18.4614      0.96406       2.3551
 5.23489e-06      13.9342            0     -25.1599      14.0738     -7.04887
 2.33517e-06      17.3658            0     -7.12991      14.3665      10.1592
 3.55544e-06       10.117            0     -19.9233     -4.26705      34.5145
-1.00542e-05      22.0048            0     -7.34366       1.9062     -4.84018
-1.28784e-06      36.7381            0     -3.83413     -6.34326      20.4159
  8.4735e-06      7.37008            0     -2.55723      4.24124      5.71273
 6.23449e-06     -11.6651            0     -2.02453      24.9412      8.63519
-8.23945e-06      -10.526            0     0.115812      20.5088     0.573218
 3.10483e-06      34.2582            0     -12.8044     0.542747      4.58475
-1.33131e-05      28.8522            0      15.3184      16.3217        29.05
 1.77384e-05      22.2426            0      9.87746      40.3192      3.12948
 5.38514e-06      3.30101            0    -0.207927      29.7531     -4.69372
-1.00197e-05      6.36445            0     -20.9115      8.30093      11.2353
-4.02526e-06      10.7678            0     -2.71284      1.69744     -2.33029
-1.08057e-06      8.19637            0     -16.7207      21.6831      5.74492
 1.31184e-05      22.2097            0      6.86509      6.34268      12.3839
-1.02277e-06      0.79227            0      9.07974      28.7364      27.9958
-8.85253e-06      10.8366            0      2.82055      6.25959      10.9523
 1.14731e-06     -13.6572            0     -2.88153      24.6584      9.43891
 1.23444e-05     -8.80181            0     -4.02167      22.9998       15.005
-2.32805e-06     -1.16558            0     -13.1722      17.3879   -0.0522963
 4.32034e-06      22.4254            0     -7.62329      2.66135      -9.0151
  -3.585e-06      28.2822            0     -18.2025      5.81869      7.44681
 3.34416e-06      6.68679            0     -5.10027     -2.86127      19.7771
  8.3567e-07      7.03833            0     -4.57946      16.1817     -3.78726
-8.72337e-07     -1.95344            0     -5.28098       11.266      3.08828
-1.67662e-05      8.68301            0      4.62695      3.75773      6.83436
-3.28245e-06       37.017            0     0.135937      14.2707     -9.57929
 8.18258e-06      4.11028            0      2.95025      25.1931       1.1706
-6.77835e-06      17.7949            0     -1.51334      12.3945     -1.15096
 2.90392e-06       3.4207            0     -4.46792       14.731     -3.91651
 9.39406e-06      31.8673            0      5.56186       9.4924   -0.0396482
-1.14811e-06      20.5915            0      8.41959      14.0158     -1.14745
  -5.445e-06     -4.09367            0      3.58253      26.9519     -3.23165
-8.19343e-06      4.02615            0     -3.99415      21.0646     -6.49444
 1.85248e-06       7.2673            0     -10.8293     -1.29724      4.97549
 5.39918e-06       22.054            0     -13.5917      3.10847      -12.618
-3.26533e-07      46.2951            0      23.7702      10.7906     -2.48527
  5.9405e-06     -11.2811            0     -9.37522      25.6809      5.48683
 5.35779e-06      40.1529            0      9.16369      11.4108     -1.93768
-7.03409e-06      29.8653            0     -8.06091     -1.22622     0.772794
  -2.674e-06      -3.0883            0      3.33176      20.9052      4.16886
-4.99426e-06      22.3978            0      9.60594      10.1551     -4.07865
-3.76172e-06      5.79467            0       9.2582      31.4864      10.8193
-1.16086e-05      4.66076            0     -14.6028      3.61653       13.077
 5.92147e-06      15.4184            0      7.91826      1.25823      16.1241
-9.62402e-06      21.0532            0      1.03047      3.70279     -7.37273
 1.99861e-05      21.4906            0     -5.66179      13.9702      5.29843
 1.34916e-05     -10.8689            0      8.81134      44.9355      3.31503
 3.82492e-06      9.44543            0     -10.4543    -0.846637      14.3192
 1.04696e-06     -13.5278            0     -1.03652      21.4718     -1.06055
-1.52335e-06      19.2666            0     -6.04696     0.643026      18.0875
-1.19621e-05      29.0808            0      25.2731      26.6381     -7.96377
-1.42922e-06      1.47715            0      -7.1237      7.17211      7.40643
 3.02623e-06      12.4091            0     -34.5888       23.165     -4.77665
-1.48943e-05      1.38288            0     -9.71235      11.6406   -0.0808938
   5.399e-06      -22.216            0      -8.3704      39.0927     -9.08044
 7.20567e-06      12.0563            0     0.530514     0.918517      15.3833
 5.69141e-07      34.2373            0      9.75333      21.8796     -4.93719
 6.59881e-06      5.61061            0     -6.68451     -2.23616      26.6337
-1.58698e-05     -2.47526            0     -7.77074      38.9048     -3.22303
-4.70178e-07      12.3858            0     -11.7539      7.09976     -2.10528
 3.96148e-06      16.8365            0      16.2949      17.1242      3.35572
-1.85343e-06      10.7392            0      17.1781      34.9845      9.43419
 1.83759e-05      -18.383            0     0.254318      38.0947      11.2146
-1.15767e-05      6.32148            0     0.173823      3.81533      10.9131
 3.90018e-06      21.1946            0     -18.8468      7.75737     -9.43036
 1.06492e-05     -3.71651            0     -7.65499      12.9902      16.4092
-2.56516e-06      3.50811            0     0.404572       2.7936      13.1012
-5.26133e-06      24.1777            0      7.81113      8.99745       4.3589
 1.74916e-06      21.5871            0      9.42865      14.4202       32.995
-1.30515e-05      17.1424            0      6.77848      6.89913     -3.32969
 -3.0068e-06      9.43794            0       5.0311       6.5326      19.8102
-2.60299e-06      29.8483            0     0.593248      2.08677      3.69401
 -2.3946e-06      11.4159            0      10.1369      11.5619      1.93479
 7.98061e-06      16.9652            0      2.68222      6.84375       42.549
-1.45839e-06    -0.306032            0      2.13771      44.1919      11.7539
-2.54887e-07      3.08997            0     -1.85796      22.2791    -0.712893
-1.38575e-06      23.5228            0      -3.2492   -0.0460515      2.36162
 1.49393e-06      13.7167            0      4.29491      20.3538     -1.12834
  7.3203e-06      25.0791            0      3.49266      18.0294     -8.97239
 5.60444e-06      14.6962            0      5.46957      15.6282     -5.10175
-6.84105e-08      28.9768            0      2.22565      2.47797     -2.80129
-3.32535e-06      5.89592            0     -21.8241      8.63417      8.45386
-2.22431e-07     -5.55058            0     -9.71681      21.0352     -6.72526
-1.63165e-05      10.5724            0     -10.9884      13.2479     -6.71363
  -1.368e-05      28.4947            0       2.8265      7.04026      -2.7187
 5.55566e-06     -2.89106            0     -7.00559      19.2864     -7.70311
-1.80834e-05    -0.732852            0     -2.40591      14.5983     -5.24175
 1.05341e-05    0.0612742            0     -4.81683      10.6622       10.543
-9.72183e-06      19.0209            0      6.58301       6.5609      11.1173
-9.95837e-06     -2.69431            0     -5.48618      17.8157      10.6645
 4.38557e-06      8.29111            0     -11.2718      10.0102     0.314281
 3.20083e-06       28.102            0       -14.01      14.0837     -17.5208
 -6.0096e-06     -9.37947            0     -3.29104      17.1122      15.8768
-8.31966e-08      39.8457            0     -9.46715     0.042561      16.2633
-6.78385e-06      6.16964            0    -0.288812      5.93508     0.323685
-5.00199e-06     -6.15977            0     -7.59859      22.5851     -4.58498
-1.06374e-05     0.452662            0     -6.17931      16.0853      9.58121
 5.62023e-06    -0.274234            0     -4.88531       8.3059      22.0295
 1.26354e-05      15.4648            0     -10.9637      19.6277      1.76662
-1.48658e-06      14.1965            0      5.04744      10.6688      4.16462
-5.66291e-07     -1.86173            0     -11.9882       17.172     -5.80831
 5.71962e-06      24.6817            0      11.3776      7.32629      11.1886
 3.64044e-06      42.6195            0      7.05081      9.11779      4.69708
-7.38542e-06      19.4786            0     -9.42341      13.7578      2.95959
 4.57622e-06      2.21294            0      2.06007       7.9005      27.6215
 2.92215e-06     -11.0488            0     -2.53223      26.6065      14.0657
-6.69518e-06      11.9245            0     0.366906      3.01126     -3.76954
-8.31464e-06     -12.7853            0     -5.48816      26.4547      16.1635
  1.0479e-05      35.1425            0      6.84646      18.2423     -3.50819
