16.0122
12.3141
7.36694
12.9084
 15.209
 5.7795
12.8053
4.46902
6.16914
 9.3831
13.6887
8.42348
  7.028
 13.451
11.4525
10.2875
 15.912
6.66735
4.16365
 8.5403
7.14775
 8.0764
9.36438
9.07415
9.14001
11.2578
17.4703
12.4502
5.91607
6.53698
5.72386
17.4298
17.4213
 7.5981
5.68072
10.5531
8.71417
4.36289
5.96485
12.5468
5.09285
1.42461
10.4945
8.59224
8.02536
14.7802
11.9984
9.91691
14.9517
14.3185
13.9649
7.51292
14.0054
9.54766
11.1169
15.4223
5.56827
11.4714
10.9432
15.4074
 15.092
9.03372
13.1069
8.27101
4.61785
5.44554
10.8003
 9.3746
7.15886
11.0833
17.5808
11.5934
9.07075
11.6258
10.3824
19.4288
7.92347
3.98228
6.22518
7.46591
 8.8104
5.64278
11.4576
 3.2975
10.8908
 7.4467
15.6976
20.7117
28.9394
45.1972
22.1814
17.2522
42.2323
14.0637
11.4003
28.6133
28.1728
30.2045
14.8688
12.7741
16.0018
25.1451
48.6894
11.5666
17.2002
29.9521
42.1554
7.45727
31.1091
32.5212
35.0462
34.9007
23.5519
25.5151
 26.419
20.7717
16.6234
79.1246
20.0365
55.2373
32.7462
46.6238
15.5825
26.3536
25.7844
8.53911
27.7595
 23.622
 19.969
40.4974
 20.581
6.61332
7.05107
8.36127
8.95516
6.43101
13.2631
 3.0537
6.80459
10.6615
7.67868
9.05447
8.85874
4.73378
7.36842
9.04573
9.32276
14.8231
13.5519
 5.0452
9.97799
8.41036
13.2839
9.03552
21.7122
7.56327
8.20933
9.09408
15.6812
10.1641
16.7155
11.8418
17.1614
6.40672
13.0674
11.2607
13.3944
13.7128
10.1343
11.4539
8.58006
17.6326
6.09903
11.0384
5.79828
9.81451
 9.9839
6.37182
12.4309
9.70679
8.67226
6.49872
11.9282
6.73399
  11.53
3.72122
9.78263
12.0815
10.9073
8.48048
11.2108
6.71441
 13.159
8.76793
13.3337
  8.489
8.07884
8.01634
11.5899
10.9767
7.72666
 11.011
11.8081
14.5876
 13.887
8.34708
7.97124
7.75768
4.58108
9.30425
17.4476
10.1395
8.90536
3.82173
5.60876
14.7026
13.2895
 5.8172
7.13879
13.4095
7.92535
15.6831
14.6153
7.20722
8.35453
10.0614
19.3592
11.7705
4.82772
5.16152
10.6822
9.54486
7.38067
 11.289
11.1683
17.0565
12.7846
7.38238
  4.643
8.53162
8.53498
11.5226
9.15649
5.29807
13.7009
10.2077
8.83089
18.1265
10.8806
16.0073
9.16741
11.1936
12.4803
10.4731
12.7749
10.2612
9.45645
 20.241
9.21491
11.5809
10.4427
5.79125
7.40174
12.8929
5.03456
10.3779
5.24273
8.71073
9.24354
 7.1836
 13.969
8.80996
11.6173
10.8292
12.3481
9.36898
8.65063
18.7289
8.57299
15.4078
11.1034
5.29814
6.60675
14.8768
5.77855
11.6003
17.5555
16.8032
 6.0693
13.2224
10.6621
9.08233
11.2184
8.93883
13.0734
6.94062
14.5776
12.6705
7.68949
7.49206
13.7968
9.37397
10.8578
14.4871
14.8552
11.1809
8.52905
20.5634
12.2583
11.3263
14.6763
13.3278
9.43331
9.73393
 13.859
8.23951
18.0213
22.2847
16.7151
4.68827
12.3936
8.39045
17.0453
5.47671
   13.6
16.3558
11.0613
11.6435
 12.957
15.3034
10.0906
11.6772
6.75759
15.4677
19.8715
11.5807
6.67715
7.91785
13.1385
9.16362
  20.14
 12.515
10.2947
7.90879
19.1267
9.08692
14.7617
12.4704
 9.8868
 8.6686
13.8199
10.3816
10.6983
13.3456
11.2986
7.65963
10.8712
6.96915
9.18162
9.57569
6.36867
9.73188
4.57019
16.1034
12.6702
9.83095
17.0116
13.1143
 10.435
12.3115
13.8596
6.19005
5.23126
21.7943
 6.7159
8.87806
10.3654
4.73695
 7.3001
10.2412
22.4253
9.93874
5.32943
9.64628
17.4783
16.8966
12.9429
10.4423
10.1599
9.31485
 7.4196
 4.9467
13.2289
12.3817
8.94168
6.53146
12.7098
 11.408
9.98934
17.5264
7.43806
13.1467
6.55636
8.12593
15.9035
6.99122
 5.4127
11.7133
11.3386
12.3289
5.80032
7.23325
 11.829
9.21745
8.12419
5.74548
 1.1278
6.46272
15.7109
 11.487
8.79943
6.11031
 6.8202
 10.659
10.7712
9.88488
10.5364
17.6953
18.1124
10.1778
4.35672
18.9245
11.9186
12.8821
11.7624
12.1501
13.8248
8.57649
10.5038
6.17393
6.82758
6.71908
11.5595
13.4245
7.25284
9.44914
7.51678
13.2591
8.14831
11.2928
17.6037
14.8301
10.2718
 13.901
 10.421
15.5747
12.4678
7.36614
7.12374
9.15713
12.0572
 16.896
7.51624
6.54424
13.4097
12.2769
9.08881
13.3379
12.3422
6.07923
9.01411
16.4052
11.5569
3.64319
 7.2432
6.26162
 8.5558
 9.1138
5.54147
 6.2109
12.1617
9.19723
15.3641
11.8634
11.5051
 9.7113
10.3355
16.3068
5.02594
9.68671
10.1359
11.3278
5.19353
 7.1877
7.25013
7.23231
7.51713
12.6755
18.4649
11.0468
6.64375
14.2771
6.17682
6.58615
11.9587
7.71243
17.9373
13.3534
4.48472
13.8488
16.6747
8.33132
11.5495
18.5266
13.6331
10.1228
8.83917
14.5803
9.95009
19.8474
12.1267
21.9741
6.75133
5.82797
17.8999
18.5203
 7.7961
12.9133
  9.488
17.6424
10.2555
14.7789
10.1887
16.9595
16.6039
19.9283
11.9304
12.8696
11.6931
6.88932
13.1636
13.1342
10.1739
9.69177
16.4528
20.1365
 17.753
10.7289
12.7785
14.0228
14.1156
 16.727
13.2925
15.1111
17.2499
9.58971
5.83534
10.6785
10.8649
 12.258
4.99626
 6.0772
6.21657
 3.2925
14.1389
14.8097
9.08764
9.82938
11.9077
10.1834
7.41883
11.8069
15.7883
10.2589
11.5947
8.70489
19.1499
8.39862
9.13806
6.41521
5.92284
10.4361
12.5466
7.45808
8.02345
13.6759
9.92896
13.6512
15.3656
 4.7213
9.86676
10.1695
9.08157
15.9763
7.12424
13.0567
11.0877
10.6281
 14.587
5.10196
6.56492
11.2003
10.4856
7.05435
5.46624
12.9232
14.3963
11.6772
6.23575
16.3879
14.3001
18.5862
13.7224
9.40436
9.26972
  21.85
10.6412
10.4255
14.9977
8.90221
14.1525
11.1802
9.78195
7.53201
18.6472
16.9188
11.9728
 3.8545
6.73787
10.2363
 10.529
20.6823
8.48801
13.8254
 11.197
9.35783
6.70929
7.00454
4.52384
10.3008
9.64599
14.7415
9.42163
4.00648
13.2795
12.4153
7.62902
9.71794
16.5228
  12.01
 4.6822
6.81651
11.9557
 16.134
15.5718
6.85628
6.72839
12.5509
9.44837
10.5597
7.87573
5.82602
10.4988
7.63039
8.30693
10.6047
6.71494
19.7544
15.9734
5.71889
11.9086
 9.3487
9.66061
10.2643
5.17288
 13.629
5.15137
9.62875
13.5722
5.22083
21.9055
17.1959
6.22729
11.1249
7.47351
3.15344
13.5225
4.33739
5.43652
15.2028
 8.8156
4.14243
 21.724
13.3468
11.4526
10.3062
13.2183
15.3059
8.25819
8.97356
 12.053
 9.3423
4.40154
9.46264
 8.7375
14.5154
9.79431
14.4561
9.21099
12.1694
14.2921
8.68023
14.1519
 12.461
10.7147
  13.31
15.2137
15.9638
12.5077
8.10617
7.77416
6.95132
10.0122
18.0184
 4.4978
14.7527
12.8693
12.6097
15.2631
7.63109
9.04778
  10.51
6.41201
13.3646
8.46171
11.2743
12.9752
7.58426
15.1976
16.9763
13.4753
9.09677
 11.096
 9.0739
12.9965
14.8775
9.03171
3.65209
13.2525
14.8031
11.5398
10.8145
12.8589
11.6674
7.82216
15.3702
10.6358
11.9559
9.59514
6.02855
5.51395
11.8841
12.0788
15.4181
9.84323
 11.155
15.0488
9.89895
  7.308
11.5748
14.8152
10.4575
6.49929
11.8968
16.7297
6.65568
18.2221
22.6556
14.2577
10.9751
 9.0107
11.9418
12.5898
7.49272
14.5883
13.4113
16.8371
12.2303
 7.5369
10.7705
7.18324
16.0458
12.0608
8.79326
14.4861
4.97415
 8.4008
13.8194
15.7769
22.4205
6.28681
9.20663
22.3334
18.8392
 5.1834
10.8925
9.43354
6.92082
10.6195
8.70671
 12.207
6.65285
 6.1628
7.23811
15.7574
 18.535
8.58631
11.9536
9.58646
 20.301
14.4723
9.29017
8.57906
2.17524
9.65142
10.6607
5.40744
7.94981
14.0689
15.5517
16.2963
15.9767
14.2696
16.4827
15.9293
8.51839
19.7656
10.2264
20.0932
12.4876
15.4967
12.3623
17.3314
9.38729
10.4104
6.37743
13.8232
12.9691
12.3974
15.8516
15.6451
7.35648
 8.3134
8.35464
12.7218
 5.8537
7.40924
12.4031
16.3866
11.3391
13.4804
5.50883
11.7003
  4.844
10.3115
12.7968
3.50456
6.56185
11.9762
11.6569
12.2268
12.9432
9.50717
 9.1156
11.1116
15.4378
3.58475
 16.431
7.07119
6.34426
12.2279
8.20835
10.4923
 17.189
16.9492
10.6166
9.04652
12.1641
18.9993
10.9044
12.5439
13.7612
21.1085
 11.887
 10.975
14.1865
15.7527
10.4658
18.6621
12.1067
13.0178
12.8745
7.06429
10.9508
10.9865
18.4147
 10.814
13.7314
16.3562
12.0763
11.7353
8.90011
7.44595
7.94639
15.4678
4.58918
 11.522
18.5986
10.1525
8.33626
13.9163
3.50541
13.1787
11.4641
9.72542
6.08224
7.08088
8.73586
5.29508
8.68996
11.6108
16.1563
 18.131
10.8866
22.7733
8.70129
9.89648
8.66059
11.3552
 22.949
9.08233
11.5635
20.3946
16.9205
14.0798
7.06385
13.1962
5.50503
8.49778
12.1795
5.66983
 16.885
19.3202
4.23303
13.9485
5.01903
11.1066
6.48609
11.8531
14.5329
17.1345
18.9312
6.16828
 9.3916
9.58392
11.1787
18.9015
 8.5212
11.0691
 8.5109
4.98257
7.18973
11.1602
 13.089
 4.2514
12.3206
9.89733
13.8663
15.7503
9.84058
10.7757
8.28544
6.70954
8.70388
6.70145
5.76929
17.7597
15.5894
14.7132
10.8271
7.11814
8.22639
6.50295
10.4146
9.24575
 9.1658
11.7525
6.99894
5.89713
 16.505
