0.889995
 1.14524
0.971433
0.915244
 1.14725
 1.01085
 1.11099
 0.90965
0.974279
 1.02101
 1.12439
 1.07854
 1.00278
 1.03005
 1.06683
 1.01039
0.914649
 1.06049
 1.05252
 1.10497
0.874045
 1.00738
 1.05693
0.941954
0.932131
 1.12123
0.958967
0.946658
0.922367
 1.03336
0.861746
0.948916
0.989555
 1.00029
 1.01136
  1.0648
0.967235
 1.11088
 1.05497
 1.02313
0.885442
0.946615
 1.05742
0.925322
0.897134
0.965294
 0.80878
 1.01941
 1.02044
 1.14595
       1
 1.07263
 1.21499
 1.07732
 1.08396
 1.09039
 1.06574
  1.1278
0.999748
0.990328
0.910466
0.893694
0.914597
0.986809
0.882653
0.995881
 1.05351
 1.01132
 0.94398
 1.00497
 1.03438
0.990693
 1.07734
 0.97485
 1.02219
0.967929
 1.04171
0.990358
 1.09907
0.978398
 1.03223
 1.04573
0.971937
 1.14903
 1.18068
 1.47778
 1.37217
 1.09356
 1.17781
 1.45505
 1.75751
  1.3605
0.948014
 1.14824
 1.22869
 1.11497
 1.39212
 1.28364
 1.14932
 1.28942
 1.08505
 1.12436
 1.28293
  1.2344
 1.17001
 1.11042
 1.34566
  0.8738
 1.17231
 1.13071
 1.07368
 1.24586
0.868602
0.986231
0.966333
0.951072
 1.06379
0.963173
 1.10667
 1.15095
 1.06666
0.962617
0.965857
0.963475
 1.12514
 1.14979
0.902153
 1.15767
 1.23871
 1.03407
0.942198
0.986997
0.913467
 1.08077
0.924704
0.813398
0.966048
 1.10117
 1.11233
 1.06593
   1.057
0.988959
 1.04116
 1.05269
0.981737
0.989875
 1.04615
 1.04419
0.970721
0.954424
0.811862
 1.04059
0.901488
 1.07636
  1.0534
0.886739
  1.0524
 1.02526
 1.12906
 1.14672
  1.0207
 1.01632
 1.01944
 1.12077
0.905346
0.951461
0.965113
0.924374
0.918859
 1.12373
 1.01212
 1.11273
 1.16077
 1.10859
0.922384
 1.21871
0.938631
0.994524
0.968498
 1.12334
 1.14918
0.915541
 1.09327
 1.07179
0.979895
 1.08452
 0.93881
 1.21139
 1.01767
0.991769
 0.98131
 1.15075
0.899787
0.896379
 1.01372
 1.00349
 1.00582
0.966739
 1.04031
 1.12554
 1.16084
0.912397
 1.16906
 1.28147
0.991972
0.923422
0.977889
 1.19793
0.964396
0.937692
 1.10647
 1.05125
0.989224
 1.01302
0.943318
 1.06319
0.968952
 1.08356
 1.09767
 1.24584
0.879105
 0.98607
  0.9588
 1.06334
0.914356
 1.14914
0.943428
0.962064
 1.00996
0.974463
 1.05167
  1.0076
  1.0274
0.847982
0.897317
0.987596
0.946155
0.962406
 1.07786
0.911296
0.918517
 1.20039
 1.02934
0.998237
 0.99806
0.975175
 0.97913
 1.01784
0.909532
 1.03066
 1.11493
   1.022
 0.86679
0.937617
 1.17576
 1.00323
  1.1978
0.988533
0.857088
 0.93065
 1.14483
  0.8686
0.969272
 1.02038
 1.02504
 1.04565
0.846097
 1.00254
0.893502
 1.06541
0.773875
0.855626
  1.0428
  1.1665
0.855067
0.950273
  1.0208
0.999327
0.962948
0.984734
 1.04665
 1.14772
 1.11389
 1.04705
0.961933
0.909279
 1.13676
 1.16373
0.915619
 1.14683
 1.14052
 1.06548
 1.15545
0.945006
0.932708
0.926066
 1.17222
 1.05278
 1.02219
  1.0248
 1.12339
0.882474
 1.05185
 1.04024
0.914456
 1.07302
0.915855
 1.05901
 1.33072
 1.22561
 1.08735
 1.08016
 1.01527
0.958066
 1.18549
 1.01899
0.960225
 1.12567
 1.37887
 1.06187
0.978133
 1.29367
 1.31008
 1.12344
 1.40193
 1.32322
 1.22105
 1.06746
 1.09823
 1.10189
 1.11288
 1.39125
 1.15512
 1.03845
 1.08631
 1.18328
 1.24648
0.946195
0.895773
 1.12207
  1.0247
 1.04552
0.954169
  1.0127
0.999146
0.942333
 1.07537
0.894467
 1.02987
 1.01175
0.980833
0.942309
0.979176
 1.08847
0.963809
 1.05998
 1.01549
0.922742
 1.16151
 1.05385
0.961917
 1.11285
 1.02289
0.971567
 1.02945
 1.06007
 1.20384
 1.12967
 1.17929
0.980148
  1.0171
0.927906
0.997637
 1.12239
 1.12544
 1.10106
0.989961
 1.07048
 1.00219
 1.00211
 1.07835
0.951953
 1.00307
0.845335
  0.9898
0.878521
 1.00136
0.969346
 1.09354
 1.03344
 1.09293
 1.09086
0.901452
  1.0878
0.965348
 1.04233
 1.01536
0.911158
 0.93768
 1.10488
0.974821
 1.08751
0.943935
 0.96734
 1.03512
 1.10005
 1.07773
 1.03257
0.925947
 1.04133
 1.04856
0.987305
0.988261
 1.09408
0.840902
0.987264
 1.00908
0.962054
0.998766
 0.99524
 0.94583
0.888838
0.991405
 1.04959
 1.00143
 1.02921
 1.06317
 1.01961
 1.04457
0.997276
 1.00687
 1.02139
0.944596
 1.21215
 1.06941
 1.03209
 0.89876
 1.01614
 1.00315
0.997852
0.915992
 1.15078
 1.12051
0.955336
 1.04621
 1.09914
 1.00985
0.954458
0.934419
0.771279
0.928455
0.967399
0.957909
0.881151
 1.07287
0.997575
 1.04418
0.856301
 1.03359
0.891653
 1.08957
  1.1122
 1.06756
 1.03071
0.880494
0.983065
 1.08257
 1.00293
 1.18813
0.971914
0.977784
0.875991
 1.06941
 1.05388
 1.18619
 1.03269
 1.11631
0.986659
0.984017
0.916444
  0.9784
0.787455
0.772213
0.811202
 1.08855
 1.06375
 1.03386
0.979155
0.884632
 1.01752
 1.01564
 1.14008
 1.00904
 0.98792
 1.04723
 1.25261
 1.00581
0.892896
 1.05356
 1.10872
 1.02274
0.853341
  1.2369
0.992637
0.926141
 1.02408
0.944141
 1.16686
0.973971
  1.0259
0.936515
 1.05207
  1.2844
 1.05545
0.922119
0.914922
 1.11193
0.897766
 1.00433
0.971998
 1.12584
0.971554
 1.04923
 1.06084
 1.00506
0.954593
 1.02951
 1.09934
0.983857
0.952437
0.906945
 1.11033
 1.02205
0.905457
 1.14324
 1.06169
 1.03834
 1.13971
  1.0068
 1.03506
0.990896
 1.07304
0.968699
 1.02457
0.957248
 1.13915
 1.05231
 1.14059
 1.04466
 1.12326
 1.24578
 1.24183
 1.20096
0.969811
 1.23234
 1.48241
 1.36403
 1.21459
 1.07368
 1.32515
0.957326
 1.00986
 0.97798
 1.10452
 1.13519
0.974746
0.934835
 1.01318
0.968352
  0.8713
0.984643
 1.01993
 1.02933
0.946009
0.922266
  1.0234
0.923348
0.961104
  1.1023
0.952929
0.911578
 1.00622
 1.10449
0.994231
0.950538
0.953377
 0.94986
 1.03767
0.871076
 1.04737
0.784508
 1.03292
0.891717
 1.00782
0.940392
0.897269
 1.05246
0.941919
0.880333
0.989293
 1.21471
 1.03155
 1.10178
0.793878
 0.80835
0.940933
0.990338
 1.05139
  1.2952
0.894929
 1.11976
 1.03288
 1.00324
 1.02389
 1.01947
0.972249
0.895328
 1.01028
 1.05422
  0.9657
0.867477
 1.00727
 1.08556
 1.03213
0.918984
 1.02843
 1.02023
 1.10764
 1.03424
 1.01041
 1.00297
 0.93317
 1.13788
0.888307
0.993077
  1.0263
0.907441
0.973736
 1.04863
0.963192
 1.03241
 1.08172
0.966347
0.969664
 1.02532
  1.1031
 1.06761
 1.14864
 1.22735
 1.01436
0.943254
 1.01613
 0.94205
  1.0799
0.940028
 1.04404
 1.11062
 1.03584
 1.02667
 1.13972
 1.07062
0.964839
 1.02271
0.924997
  1.1374
0.996764
 1.13533
0.889454
0.997786
0.848665
 1.03932
 1.20418
 1.16851
0.995313
 1.04835
  1.0091
 1.00369
0.901135
 1.02875
 1.01759
 1.00559
 1.10723
 1.06449
 1.00612
0.972497
0.878715
 0.90402
0.878503
0.997056
0.984271
 0.92549
0.998718
 1.10942
 1.02502
0.988746
 1.02338
 1.08053
 1.17389
  1.0217
  1.0619
0.939016
0.963785
0.883453
 1.04722
0.886835
 1.04384
 1.00155
 1.17564
0.993576
 1.00342
0.947752
0.923407
 1.34065
0.972806
 1.20352
0.912553
 0.88432
0.895808
0.948116
0.785402
0.995051
0.907281
0.959193
 1.08893
0.942448
 1.17012
 1.06798
0.833974
 1.01127
 1.13957
0.935233
 1.14764
 1.18274
 0.97509
 1.01199
 1.09899
 1.01845
0.916551
 1.00826
 0.99773
0.880055
0.953271
0.990555
0.871956
0.906552
0.925039
 1.04763
0.988395
 1.09258
0.926946
0.932817
0.875573
  1.0377
0.865355
0.891846
  1.0223
 1.04456
0.927003
 1.09595
0.960756
0.947773
 1.13749
 1.09475
 1.07693
0.973276
 0.90747
 1.03331
 0.85539
0.969005
 1.20302
 1.12446
0.914066
  1.2292
 1.02239
0.981077
0.825453
 1.07609
 1.00664
0.987479
 1.01686
  1.1461
0.988375
 1.03432
0.955899
 1.34718
0.931457
0.963799
0.881142
0.975621
0.902108
 1.12441
 1.00363
0.977588
0.914852
 1.01837
0.986159
 1.08608
 0.86296
 1.02127
0.994105
 1.09426
0.921959
 1.02013
 1.14261
 1.03301
 1.00433
0.938752
 1.09055
  1.0132
 1.00264
0.929063
 1.04915
 0.95945
0.994308
 1.24379
0.983112
0.975856
 1.15746
 1.08539
 1.16023
0.897825
0.960469
  1.0493
 1.00562
 1.01926
 1.06667
 1.09255
0.878101
 1.03339
 1.13102
 1.05665
  1.0411
 1.12461
 1.03052
 1.09386
 1.00295
 1.00902
0.975449
 1.16687
 1.03313
0.953479
0.921288
 1.00839
 1.05064
 1.00198
0.907969
 1.08657
    1.11
 1.09485
0.876957
0.948786
 1.02167
0.988299
0.987609
0.865208
 1.12945
 1.10309
 1.01198
 1.08745
0.921329
0.924868
 1.12475
 1.14939
 1.02227
 1.01457
0.942118
 1.03978
 1.07872
 1.04263
 0.99491
 1.04269
 1.08476
 0.98094
 1.01382
0.837412
0.860353
 1.05841
0.991585
0.850088
 1.03108
 1.07307
0.892139
 1.05622
 1.02749
 0.98645
 1.07303
0.999652
 1.00235
0.953997
 1.05263
0.926235
 1.05631
  1.0553
0.974353
 1.07989
0.963192
0.863565
 1.01211
0.966173
 1.00971
  1.0563
0.903187
0.844487
 1.07323
 1.03071
 1.04461
0.943061
0.988331
  1.0877
 1.04935
0.963896
 1.07439
 1.01638
0.962661
 1.09492
0.978291
0.920575
0.942264
  1.0069
 1.03405
 1.01961
 1.28509
 1.06226
 1.08265
 1.22868
 1.02502
 1.00573
0.963473
 1.03707
0.858991
0.885926
0.902425
0.985647
0.977921
 1.05504
 0.97539
 1.12479
 1.03708
0.815326
 1.04155
0.909391
0.891475
 0.93249
 1.00491
 1.26173
0.995644
0.920154
 1.02403
  1.0026
 1.03064
 1.15617
0.959336
 1.15539
 1.01265
 1.07101
 1.14402
 1.01516
 0.99573
0.991659
0.904781
 1.16769
0.967524
  0.9027
 1.16101
0.911322
0.931201
0.944464
0.873578
0.940285
 1.11011
0.993357
0.943445
 1.02723
 1.15552
 1.08229
 1.21888
0.997685
0.956881
0.974648
 1.10428
 1.04358
  0.8848
0.986116
0.884492
 1.01681
0.900549
0.941925
0.962494
 1.12933
0.953344
0.865534
 1.17956
0.795935
0.976281
 1.02568
 1.03853
 1.02975
0.914957
0.996835
 1.13026
