 1.01155
0.974923
 1.03451
 1.12387
0.988675
0.912182
 1.03136
0.765954
  1.0263
 0.91791
 1.14695
0.972126
0.998053
 1.04716
 0.88768
  1.0805
0.966685
  1.0322
 0.87523
 1.05831
0.959018
 1.09931
 1.01631
 1.07791
 1.08171
0.896247
0.947859
0.895566
0.980345
 1.15461
 1.08345
0.881855
0.898449
0.822667
0.869948
0.994291
0.880626
 0.95305
0.959395
0.883472
0.985978
0.968859
 0.84019
0.995872
 0.96518
0.805984
0.952886
 1.00068
 1.08949
 1.05412
 1.10514
 1.00014
 1.00014
0.894955
 1.11261
0.994238
 1.04275
0.960193
 1.06584
0.894609
 1.03001
0.989315
 0.86712
 1.14277
 0.94224
0.888447
 1.14519
0.947923
0.924459
   1.001
0.983918
 1.02436
 1.13695
0.866647
0.992196
0.984136
0.969172
0.915597
0.849824
  0.8439
0.955079
0.955281
0.906426
 1.09187
0.898371
0.828428
0.949698
 0.83791
0.994836
 1.02771
 1.12267
0.927476
0.856181
0.976646
 1.02744
0.868953
0.887036
0.884397
0.835231
0.938374
0.994283
0.790608
0.826059
0.952951
0.996917
 1.09699
0.761879
0.865555
0.860537
0.909503
0.972317
0.936729
 1.03487
0.992226
 1.04488
 1.00546
0.889745
 1.04188
0.879919
 1.10947
0.972138
0.783377
0.922361
 1.01045
0.947786
0.947797
0.905758
0.983979
0.928706
 1.03333
0.888778
0.811832
 1.01741
0.896797
 1.09556
 0.88104
 1.04501
0.848883
 1.02465
0.908622
0.997348
0.865554
0.921168
0.913963
0.837772
 1.12874
0.929677
0.993514
0.939237
0.917794
0.911754
0.961058
0.796262
0.894527
0.982636
0.901323
0.732304
0.918777
0.970868
0.981465
0.966489
0.976189
0.974451
0.777604
0.901335
0.931729
0.961088
 1.17191
 1.00883
0.837361
0.945583
 1.00389
 1.00847
 1.08352
 1.01149
 1.00558
0.814705
0.931454
 1.04557
0.949976
0.900039
 1.11386
0.976657
0.899242
 1.00803
0.967271
0.832639
 1.14044
0.836103
 1.03566
0.837928
0.903734
0.882778
0.930622
0.992592
0.997806
 0.96397
 1.00248
0.839647
  1.0207
 0.88656
0.909207
 1.02944
 1.01043
 1.10175
 1.24323
0.960484
0.988896
0.957246
0.859858
0.902799
 1.00256
 0.96309
  1.0401
0.980765
 1.04841
0.948032
0.837516
0.918865
 1.06478
 1.00896
0.841857
0.972853
0.871024
0.935327
0.908095
0.815055
 0.90153
 1.03059
 1.09248
 0.96987
0.924928
0.899299
 0.95046
0.818881
0.849405
0.988288
 0.89192
0.848445
 1.08326
0.879963
 1.05621
0.779456
 1.02659
0.895312
0.878616
 1.01888
  1.0299
 0.90269
 1.04908
  1.0234
0.955423
0.939042
 0.95473
 1.00371
0.955745
 1.09817
 1.15375
0.924987
 1.10584
 1.15641
0.924021
0.901442
 1.00392
0.914645
0.894245
0.847159
0.915916
 1.04703
0.867551
 1.02882
0.899659
0.991018
0.981072
  0.9363
0.951153
0.947294
0.965645
 1.04502
0.887645
0.856275
 1.00118
0.917616
0.978447
0.932093
0.961545
0.875791
 1.07769
0.946393
 1.04741
0.940162
0.976196
0.926854
0.867291
0.950473
0.852267
 1.08331
 1.07245
0.861019
0.943314
 1.04661
0.988006
0.982487
0.954715
0.965402
0.922766
0.958628
 1.01995
  1.0219
0.977555
0.941604
 1.03366
 1.01628
0.935409
 1.00208
 1.06536
0.946335
 1.00518
0.845499
0.893775
0.957086
0.899589
0.903197
 1.10223
0.876177
 0.99219
0.923408
0.865073
0.821126
0.819896
0.955066
0.989101
0.971064
0.868772
 1.20525
0.848928
0.968275
 1.22386
0.943912
 0.90685
0.977798
0.812793
0.809217
0.898345
 1.11234
0.879481
 1.00408
0.942864
 1.03443
0.994519
0.819219
0.837019
0.964402
 1.01879
0.919183
 1.02648
 0.83621
0.984665
0.925447
0.855759
0.989638
 1.11381
 1.03021
0.881776
0.935107
 1.01055
0.848855
0.920147
 1.06378
 0.85848
 1.15449
 1.00332
0.993861
0.907585
 1.01818
 1.08741
0.964393
 1.13293
  0.8602
0.868179
0.884691
0.952688
  0.9449
 1.03784
0.855893
0.941417
0.842177
 1.01129
 1.04857
 1.01903
 1.04947
0.988777
0.949744
0.948884
0.910335
0.858823
  0.9264
0.956772
0.820188
0.960124
 1.06232
 1.05022
0.914754
0.892146
0.845456
 1.02358
0.905469
0.888123
0.942332
0.854459
0.943939
0.990549
0.993502
0.895424
0.957838
0.917805
0.907376
0.749863
0.992286
0.955198
0.948994
 1.03831
 1.03714
0.938916
0.907972
0.917815
0.903206
  1.0519
0.868607
 1.28464
 0.97343
0.952997
  1.1382
0.911964
0.893679
0.898152
 1.01882
0.869082
0.965881
0.892922
0.928874
0.966234
 1.18262
0.867402
 1.01784
0.986073
0.785515
 1.05195
0.946928
0.956218
 1.02406
0.915327
 1.11884
0.875949
0.799583
 1.04762
0.973385
0.973882
 1.03911
 1.11316
 1.10933
 1.09469
 1.13746
 1.17537
 1.08942
 1.40196
 1.10156
 1.01015
 1.10759
0.910276
 1.03207
  1.1237
 1.00804
 1.16267
 1.05274
0.995728
0.967098
 1.29079
0.950973
 1.36033
 0.85269
0.825556
0.989206
0.982077
0.924906
0.871716
0.957431
0.825404
0.998562
0.993328
0.986805
 1.00236
0.867351
0.921027
 1.04663
 1.01154
0.883637
 1.12036
0.809959
 0.86756
 0.83806
0.899199
 1.05821
 0.98125
 1.07105
0.925601
0.920002
0.911703
0.890069
0.845318
  1.1413
0.935614
0.951666
 0.91157
0.907516
 1.05395
0.909526
0.880248
 1.02078
 1.08989
0.890944
 1.02144
 1.06708
 1.03239
0.958706
0.979207
0.960752
 1.18922
 1.03789
0.975076
 0.89806
0.930117
 0.98162
 1.08034
0.905567
 1.00035
0.923667
0.902864
0.909366
0.940219
0.855433
0.900167
 1.00973
  1.0511
 0.99001
 1.04603
0.795361
0.934207
0.953575
 1.00736
0.845455
  1.0837
0.969396
0.952273
0.865805
0.811641
0.993855
0.890774
0.715899
0.856615
0.929754
 1.09207
 0.94459
0.930698
0.828264
0.851903
 1.20962
0.929678
0.939879
0.992632
 1.01123
0.843576
 0.96722
0.882754
0.984153
0.858556
 0.83644
0.981115
0.909043
 1.03541
0.966217
0.964069
 1.02717
0.928565
  1.0436
0.941873
0.944489
 1.04087
0.818398
0.860906
0.978559
0.935891
0.871833
0.966526
0.879029
 1.02639
0.942264
0.955924
 1.01521
0.881324
0.951425
0.993988
 1.04548
0.896089
0.973434
 1.00971
0.901843
0.856191
  1.1132
0.924972
0.942392
0.884879
 1.11352
 0.85785
 0.82498
 0.86075
 1.02038
0.994963
0.915506
 1.01984
 1.03038
0.914597
 1.08589
0.898963
 1.11227
0.932725
0.810453
0.965403
0.949865
 1.14257
0.948108
0.947703
 0.96525
0.925269
 0.89562
0.971612
 1.06126
 1.03153
  1.0083
 0.95074
0.840378
 1.00307
 0.92486
0.892563
 1.01329
 1.06903
 1.14433
 1.00494
0.968107
0.831106
 0.93142
 1.00037
0.925211
0.958629
0.956635
0.814399
 1.05171
 0.87789
 1.04739
0.876204
0.907745
0.877213
0.752256
0.841263
0.849347
0.964396
0.891645
 0.94838
 1.18411
0.913125
0.774937
0.793297
0.899215
 1.03126
0.785674
 1.08995
0.925963
 1.04086
 1.13595
 1.08958
0.969252
0.977927
0.880826
0.875634
0.995414
0.869718
 1.03419
0.927454
0.981204
0.851956
 1.08298
0.995073
 1.08199
 1.00038
0.935669
0.879991
0.965068
0.910638
0.991032
0.935177
 1.01362
0.933178
 1.05488
0.913312
 1.14714
0.937176
0.950932
 1.10395
 1.04594
 1.01386
0.885845
0.977032
0.962203
0.954867
0.960837
 0.86942
0.892589
0.949458
 1.03869
 1.03688
 1.12824
 1.02966
 1.04401
0.921054
 1.01136
 0.90652
 0.91336
  1.1196
0.984135
 1.02958
 1.11453
 1.07006
0.892945
 1.00372
 1.01871
0.989419
 1.00885
 1.08813
0.883912
 1.06374
  1.1597
0.826843
 1.00892
 1.02523
0.841892
0.961473
0.807477
0.938894
 1.11591
 1.02081
0.868218
0.914159
0.985837
0.908149
 1.10677
0.987722
 1.04537
 1.03659
 1.00143
0.985382
 1.09492
 1.03238
 1.05585
0.926551
 1.02608
0.935126
0.997799
 0.99936
 1.04958
 1.00215
0.992779
0.910631
 0.92993
   1.018
0.887958
0.886907
0.950214
0.834042
0.991017
0.916175
 1.01488
0.835233
0.986502
0.940141
0.864844
0.845847
0.969983
 0.97044
0.827612
0.902142
0.882038
0.867535
  1.0579
  1.1231
 0.90455
0.968612
 1.10716
  0.9541
 1.04594
0.906461
0.823789
 1.04739
 1.09356
0.959388
0.936105
 0.98962
0.996832
0.960375
 1.04869
0.966479
0.944051
 0.96413
0.936448
0.916862
0.939034
0.978701
0.996741
0.881915
 1.00025
 0.92922
0.942069
0.933003
0.982704
 0.84006
0.944687
 1.12059
0.922813
0.964532
 0.93986
 1.09892
 1.04291
 1.01911
0.914697
 1.00314
0.906087
0.950776
 1.06007
0.979465
0.884002
0.857284
0.975825
 0.97421
 1.13309
 1.02746
 1.12105
 1.07105
0.940341
0.847992
0.945693
0.872659
 0.85752
 1.03597
   0.844
0.984853
 1.01922
0.909712
 0.94319
 1.05887
0.970573
0.948981
0.946329
 1.02474
 1.00108
 1.02157
0.942918
0.996196
 0.99706
0.913595
0.977858
 1.04262
 1.09556
0.802788
0.886483
0.979884
0.979826
0.978937
0.873932
0.861149
0.900574
0.845303
 1.01071
0.989335
 0.96801
0.945083
0.950171
 1.00166
 1.02435
0.889676
0.900838
0.826325
0.981588
  1.1377
 0.87872
 1.16296
0.806892
 0.95948
 1.19597
0.897976
0.957651
0.981105
 1.09812
 1.06598
0.957473
 0.99102
0.959341
 1.07075
0.983078
0.965482
0.963276
0.945642
 1.05182
0.822113
 1.05631
 1.10736
0.896778
0.939312
 1.01085
 1.01767
0.893353
0.894726
 1.12477
0.829573
0.970979
 1.09191
  1.0597
 0.93059
0.793191
0.875797
 1.00113
 1.03473
0.922488
0.881942
0.887382
  1.0434
0.923077
0.983566
  1.2243
  1.2541
0.964775
 1.04831
0.860105
0.967668
 1.09847
0.883994
   1.005
0.914707
0.956731
0.980541
0.900354
0.961829
0.815914
 1.06783
 1.03999
0.985051
0.818972
0.908122
  1.0474
0.971329
0.961813
0.901847
0.991917
0.970955
0.846551
0.985372
0.923229
0.908655
0.940454
 1.06425
0.916801
  0.9227
0.974656
0.913449
0.971864
 1.16682
 1.10563
0.969196
0.877726
 1.02493
0.860692
0.945762
 1.01673
 1.02514
0.862497
0.917271
 1.05315
0.917699
 0.89853
 1.01972
0.912749
 1.06838
 1.04553
 1.17596
0.995896
  0.8714
0.838843
0.917724
0.826049
0.928072
 1.08054
0.975067
