0.573333
    0.73
0.333333
0.673333
    0.66
0.503333
0.586667
0.653333
0.743333
0.646667
0.663333
0.716667
    0.57
0.406667
    0.75
0.453333
0.593333
0.646667
    0.32
0.696667
0.323333
0.456667
0.703333
    0.76
    0.53
0.403333
0.506667
0.436667
0.543333
    0.61
0.993333
    1.54
 1.57333
 1.21667
 1.34667
0.893333
 1.61667
 1.01333
 1.30333
 1.39667
     1.6
 1.71667
    1.18
    1.79
 1.49333
    1.46
 1.55333
 1.42333
 1.87667
    1.36
    1.26
    1.78
0.463333
0.646667
0.416667
0.633333
0.536667
0.486667
    0.44
0.623333
    0.55
0.663333
0.556667
    0.53
    0.63
0.713333
    0.52
0.473333
    0.38
    0.45
    0.74
0.556667
0.483333
0.526667
    0.65
0.646667
0.553333
0.406667
    0.42
0.706667
0.646667
0.646667
    0.54
0.453333
0.453333
0.373333
    0.51
0.536667
0.243333
    0.42
0.683333
    0.64
0.816667
0.506667
0.636667
0.616667
0.373333
0.713333
0.846667
    0.52
    0.59
0.426667
0.463333
0.736667
0.693333
0.606667
0.436667
    0.83
    0.72
     0.4
    0.49
    0.69
0.806667
0.496667
0.813333
 1.35333
    1.54
    1.53
 1.43333
 1.63333
 1.04333
 1.12333
 1.00333
0.826667
    1.34
 1.08667
 1.24667
 1.49667
0.923333
 1.54667
0.873333
 1.50667
 1.04333
    1.35
    1.56
 1.79333
 1.23667
    1.49
 1.36333
 1.21333
0.566667
0.613333
0.476667
0.656667
0.496667
0.796667
    0.64
0.633333
0.613333
0.363333
    0.43
0.486667
    0.43
0.643333
0.423333
    0.53
0.403333
0.683333
    0.76
0.543333
0.463333
    0.63
0.496667
0.676667
     0.5
0.556667
0.843333
0.816667
0.383333
0.693333
0.433333
    0.55
0.976667
 1.63333
 1.12333
    1.35
 1.69667
0.846667
0.996667
 1.80333
    1.05
 1.40333
    1.23
    1.26
0.933333
 1.06667
    1.79
 1.42667
    1.34
     0.7
 1.44333
     1.8
 1.17667
 1.06333
    1.11
 1.43333
 1.59333
0.563333
0.516667
0.673333
0.526667
    0.44
0.596667
0.543333
0.543333
    0.61
0.443333
0.476667
0.623333
0.666667
    0.67
    0.61
0.586667
    0.64
0.593333
    0.39
    0.46
0.613333
0.766667
0.433333
0.483333
    0.34
    0.64
0.336667
0.573333
0.473333
0.786667
0.583333
0.546667
0.863333
0.646667
0.383333
    0.52
    0.81
0.766667
0.683333
0.623333
    0.73
0.466667
0.646667
0.746667
     0.7
    0.56
0.606667
    0.34
0.366667
0.533333
0.676667
0.586667
    0.51
0.666667
0.456667
0.283333
0.473333
    0.53
    0.64
0.613333
0.546667
0.373333
0.503333
     0.6
 1.07333
 1.74333
 1.65667
    1.32
    1.34
     1.4
 1.25333
0.936667
    1.17
 1.34333
 1.16333
 1.18333
0.666667
 1.24333
    0.58
0.406667
0.723333
    0.43
0.476667
    0.52
0.786667
    0.49
     0.6
0.506667
0.616667
    0.73
0.613333
0.673333
0.683333
0.376667
0.453333
     0.5
0.616667
0.616667
    0.55
0.506667
0.643333
0.663333
0.366667
0.666667
    0.45
0.536667
     0.7
0.493333
0.613333
    1.22
 1.53333
 1.42333
 1.16333
 1.31333
    1.24
 1.08333
    1.69
 1.69333
     1.5
0.916667
    1.32
 1.57667
 1.29333
    1.18
 1.46667
 1.61333
 1.21333
    1.14
0.573333
    0.54
     0.6
0.563333
0.516667
    0.61
0.556667
0.676667
    0.66
    0.46
0.593333
    0.59
0.443333
    0.67
    0.72
    0.37
    0.64
0.573333
0.366667
    0.61
    0.35
0.653333
0.533333
0.776667
0.583333
0.736667
0.613333
0.766667
0.666667
0.616667
    0.49
0.693333
0.636667
0.506667
0.613333
0.556667
0.743333
    0.59
0.496667
0.813333
    0.35
0.416667
0.593333
    0.37
0.446667
0.603333
0.546667
0.606667
    0.62
0.706667
    0.57
0.666667
0.606667
0.493333
0.616667
    0.79
0.686667
0.683333
0.646667
0.773333
0.486667
    0.55
0.586667
 1.45667
 1.43333
 1.48667
 1.64333
0.943333
 1.83667
 1.38667
0.673333
    1.04
 1.42667
0.846667
 1.69667
 1.31333
    1.07
    1.19
     1.3
 1.35667
    1.21
 1.13667
    0.91
0.976667
    1.28
 1.13667
    0.75
0.493333
0.403333
0.456667
0.636667
0.556667
    0.45
0.586667
    0.58
0.526667
    0.58
0.553333
    0.74
0.616667
0.466667
0.763333
0.713333
    0.49
0.743333
0.473333
0.656667
    0.44
0.366667
0.373333
0.556667
0.596667
 1.13333
    1.27
 1.02333
 1.48333
    0.82
0.726667
     1.2
    1.15
 1.24333
 1.08667
 1.20333
 1.31667
    0.72
0.963333
 1.31667
    1.13
    1.39
    0.92
 1.14667
    1.19
 1.36667
0.773333
 1.68333
0.836667
0.576667
0.583333
0.646667
    0.54
    0.58
0.706667
0.406667
0.483333
0.536667
0.533333
0.496667
0.833333
0.533333
    0.75
0.483333
0.756667
0.613333
0.716667
0.686667
0.526667
0.713333
0.456667
    0.47
0.393333
    0.74
0.336667
0.696667
0.636667
0.893333
0.613333
0.466667
    0.44
0.716667
0.533333
    0.65
0.526667
    0.68
0.656667
 1.08667
 1.35333
 1.15333
    1.13
 1.02667
 1.42333
 1.32667
 1.03667
    1.21
 1.17333
0.883333
    1.49
 1.10333
 1.53333
 1.25667
0.983333
    0.73
    1.55
    1.01
 1.27667
    0.76
    1.46
    1.32
    1.29
 1.24667
 1.66333
    1.24
    1.11
    1.18
    0.93
 1.17667
    1.43
    1.65
 1.21667
0.803333
    1.62
    1.66
 1.08333
    1.15
 1.13333
    1.01
    1.17
 1.01667
 1.18667
0.873333
    1.28
    1.01
    1.21
 1.34667
 1.37667
    0.48
0.723333
0.513333
0.566667
0.596667
    0.39
0.663333
     0.6
    0.49
0.533333
0.586667
     0.6
    0.54
0.503333
    0.53
    0.38
0.663333
0.513333
0.503333
0.786667
0.293333
0.543333
0.576667
     0.6
    0.42
0.513333
    0.68
    0.47
0.626667
0.513333
    0.61
0.486667
    0.49
    0.59
 1.06333
    0.95
0.913333
 1.20333
 1.08667
 1.18667
 1.11667
    1.14
    0.88
    1.24
     0.9
    1.31
    1.21
    1.25
 1.20333
     1.1
    0.98
 1.05333
    1.04
 1.00333
    1.09
 1.20333
 1.53667
    0.86
    1.14
0.706667
    0.65
0.596667
0.426667
0.383333
0.573333
0.546667
0.726667
0.433333
0.546667
0.666667
0.666667
    0.51
0.726667
    0.78
0.456667
0.786667
0.726667
0.373333
    0.81
0.443333
0.453333
0.483333
 1.13333
 1.34667
    1.38
 1.04333
 1.16333
 1.05667
 1.37667
    0.82
 1.19667
 1.10333
    1.87
 1.82333
 1.20667
    1.02
    1.64
 1.23333
 2.27333
 1.18333
 1.32667
 1.32333
 1.43333
 1.51333
 1.29667
 1.15333
    1.59
    1.48
    1.61
    1.17
    1.32
 2.08667
     1.8
 1.46333
     0.9
    1.58
    2.07
0.813333
    1.45
    1.63
 1.21667
 1.31333
    1.13
    1.11
0.976667
 1.85667
 1.16667
 1.56333
    1.45
 1.07667
 1.36333
0.533333
    0.55
0.673333
0.516667
0.573333
0.426667
0.603333
0.556667
0.513333
    0.63
    0.49
    0.57
0.366667
0.423333
0.323333
0.526667
    0.59
    0.72
    0.31
    0.65
    0.65
0.513333
    0.65
0.696667
0.603333
    0.58
    0.73
0.476667
0.436667
    0.62
0.383333
    0.43
    0.59
    0.61
    0.58
0.533333
0.666667
0.703333
    0.75
0.486667
0.523333
    0.59
0.663333
0.606667
0.436667
0.443333
0.743333
    0.47
0.713333
    0.54
0.583333
    0.55
0.423333
    0.45
    0.64
    0.44
0.693333
0.496667
    1.04
 1.59333
 1.11667
 1.00667
0.796667
 1.35333
 1.61333
 2.13333
 1.63333
    2.22
    1.74
 1.94667
 1.47333
    1.69
    0.72
    1.58
     1.2
    1.25
 1.21667
 1.19333
0.956667
0.993333
    0.94
 1.36333
 1.43333
    1.45
     1.4
     1.4
 1.58667
    1.33
    1.17
 1.62333
    1.05
 1.98333
     2.1
 1.97667
    1.88
    3.26
    2.21
 1.98333
 2.89667
    1.71
    2.11
 1.74667
 1.94667
    1.66
    1.93
0.763333
 1.44667
0.926667
 1.09667
 1.14333
 1.74667
 1.70667
 1.22333
 1.10667
 1.70667
 1.26667
 1.95333
 1.51333
    1.97
    1.51
    1.08
0.656667
 1.17333
    1.11
 1.35333
    1.15
    1.24
 1.34667
 1.14333
    0.93
0.553333
0.596667
0.583333
0.473333
    0.57
    0.51
    0.51
0.593333
    0.45
0.476667
0.783333
0.476667
0.706667
0.826667
0.516667
0.476667
0.463333
0.576667
0.606667
    0.62
0.766667
    0.48
0.433333
    0.71
0.383333
0.373333
0.456667
    0.58
0.563333
0.453333
0.613333
    0.59
    0.59
    0.61
0.663333
0.786667
0.336667
0.513333
0.483333
0.553333
0.616667
    0.78
0.563333
0.586667
0.603333
    0.52
0.666667
0.596667
    0.56
    0.59
0.496667
0.666667
0.473333
0.566667
0.836667
0.713333
    0.71
0.663333
0.586667
0.823333
    0.61
0.573333
0.486667
0.386667
    0.82
    0.52
0.796667
    0.52
0.423333
0.653333
    0.78
    0.53
0.533333
0.603333
0.633333
0.733333
    0.85
0.543333
0.753333
0.516667
0.396667
0.423333
0.486667
0.753333
0.536667
0.626667
 1.44333
0.986667
    1.14
 1.39667
     0.8
 1.29667
 1.55667
    1.07
    0.98
0.866667
    1.04
 1.21333
    1.03
 1.15333
 1.48667
 1.34667
 1.33667
0.656667
0.516667
0.303333
0.533333
0.646667
    0.48
0.433333
0.686667
0.783333
0.723333
     0.7
0.596667
0.716667
    0.43
    0.58
     0.5
0.703333
0.566667
    0.56
0.516667
0.646667
0.553333
    0.51
    0.57
    0.68
0.793333
0.603333
0.533333
0.623333
0.346667
0.843333
    0.54
0.443333
    0.35
     0.5
0.423333
0.556667
0.483333
0.706667
0.543333
0.493333
    0.63
     0.5
0.623333
0.403333
    0.78
0.526667
0.736667
0.506667
     0.5
     0.7
    0.65
0.453333
    0.47
0.736667
0.453333
0.626667
    0.65
    0.59
    0.67
0.593333
0.596667
0.653333
0.613333
    0.67
     0.5
0.486667
0.523333
0.646667
0.563333
0.503333
0.646667
0.473333
0.526667
    0.66
    0.63
0.626667
    0.43
0.346667
    0.53
0.613333
0.493333
0.633333
     0.7
0.656667
    0.55
    0.48
