0.601118
 0.85682
0.331508
0.762152
0.783125
 0.49373
0.594433
0.606117
0.819442
 0.68418
0.648715
0.740676
0.581447
0.489648
0.769728
0.505374
0.610995
0.606239
0.284705
0.730704
0.331313
0.483336
0.684199
0.747962
 0.54659
0.436138
0.425991
0.477406
0.635158
0.638738
 1.08096
 1.62629
 1.68617
 1.13492
  1.3025
0.896825
 1.54642
  1.1374
  1.2807
  1.1646
 1.55167
 2.02472
 1.00446
 2.38158
 1.59089
 1.38073
 1.83372
 1.41693
 2.13977
 1.56766
 1.12316
  1.5289
0.461442
0.613911
0.439346
0.536473
0.540294
 0.38797
0.471679
 0.57842
 0.50818
0.729652
0.542753
0.555034
0.645418
0.636531
0.597895
0.545392
0.344096
0.490713
0.851219
0.648181
0.513843
0.520244
0.643191
0.597908
0.586015
0.416112
 0.46408
0.882685
0.668502
 0.67148
0.538791
0.421018
0.457501
0.364301
0.491553
0.616772
0.250916
0.458802
0.659505
0.630606
 1.00284
0.475653
 0.65058
0.572156
0.422423
0.708802
0.899237
0.488455
0.563531
0.467894
0.509214
0.667513
 0.72537
0.621302
0.517615
0.917241
0.797505
0.465816
0.493321
0.742536
0.787179
0.504842
0.907197
 1.47616
 2.27947
 3.00604
 2.27827
 3.09443
 1.23645
 1.56774
 1.31246
0.747728
 2.11852
 1.24777
 1.99456
 1.84014
 1.05044
 2.02966
0.977027
  2.1254
 1.05336
 1.70358
 2.25004
 2.86629
 1.86364
 1.96315
 1.83324
 1.85897
0.516957
0.631688
0.487657
0.712527
0.474068
0.753033
0.630073
0.717552
0.605573
0.337188
0.428592
0.504464
0.483847
0.783266
0.413552
0.515354
0.420206
0.758554
0.838159
0.560915
0.500422
0.651551
0.466384
0.752351
0.451448
0.666856
 1.00332
0.970665
0.469066
0.803013
0.475918
0.499329
 1.12957
  1.8168
 1.07029
 1.31425
 1.98274
0.860438
0.862524
 1.92383
 1.06213
 1.35178
 1.24015
 1.24552
0.920751
 1.03803
 1.79816
 1.35728
 1.64624
0.626303
 1.57573
 1.94045
 1.21028
 0.98947
 1.21151
 1.56124
 1.69466
0.522396
 0.60744
 0.70238
0.596359
0.466738
0.583922
0.519506
0.530953
0.576537
0.465825
0.479205
  0.5896
0.701919
0.728339
0.708252
0.659336
0.708812
0.623164
0.440348
0.408473
0.784269
0.806125
 0.44791
0.497758
0.357991
 0.69942
0.315481
0.531493
0.448717
0.898617
 0.65356
0.494078
 1.08093
0.675867
0.400041
0.547529
0.762129
0.706788
0.684573
0.764123
0.782411
0.572728
0.715627
0.784639
 0.65726
 0.58105
0.670098
0.303814
0.368658
0.623941
0.686871
0.622792
0.481863
0.651713
0.525844
0.390405
 0.56195
0.596011
0.661915
 0.62983
0.614932
0.408629
0.589647
0.681037
 1.38055
 3.28352
  3.1211
 2.14128
 1.82465
 2.25184
 1.76762
 1.10113
 1.77673
 2.17525
 1.60281
 1.60841
0.563083
 1.59278
0.599856
0.388692
0.713279
0.403755
0.542608
0.531667
0.834854
0.433619
0.580639
0.552282
0.631828
  0.6758
0.594476
0.741477
0.740304
0.364583
0.412672
0.504972
0.651448
0.606109
0.645915
0.413879
0.666053
0.720027
0.408512
0.797609
0.420687
0.512155
0.756373
 0.46193
0.602309
 1.30639
 1.62355
 1.92549
 1.52333
 1.62123
 1.46129
 1.18627
 2.02299
  1.8986
 1.89369
0.918924
 1.31893
 1.81969
 1.39549
 1.64957
 2.25397
 1.93777
 1.50683
 1.22953
0.514342
0.440507
0.531155
0.537575
0.555022
0.618394
0.579104
0.753772
0.679796
0.473833
0.541991
0.511198
0.436472
0.657203
0.680063
0.429485
0.616564
0.505562
0.353871
0.547734
 0.33652
0.661645
0.604788
0.784839
0.563626
0.732636
0.573488
0.755779
0.651345
0.640563
0.532141
0.721588
0.716561
0.588375
0.632283
0.553784
0.888855
0.678333
0.493006
0.856634
0.349448
0.466708
0.589369
0.391751
 0.50597
0.573863
0.716982
0.718053
0.716848
0.688087
0.560276
0.659415
0.592124
0.608435
0.660233
0.767004
0.700723
0.754574
0.656359
0.743717
0.607984
0.588885
0.558835
 1.68009
 1.78004
   2.059
 2.38075
0.844795
 2.34502
 2.31295
0.653868
 1.13935
 1.78589
0.991271
 2.40944
 1.55324
 1.11512
 1.05559
 1.63197
 1.81685
  1.2845
   1.229
 0.98901
 1.15267
 1.76541
 1.51242
0.782646
0.563171
0.391735
0.484643
0.649046
0.561368
0.436619
0.625934
0.576096
0.517678
0.545647
0.608757
0.748982
0.661582
0.483654
 0.79054
0.772027
0.546251
 0.76497
0.461595
0.682967
0.450991
0.412305
0.345888
0.525097
 0.61861
 1.41877
 2.18493
 1.98851
 2.90326
 1.10851
0.982642
 4.16258
 1.77827
 2.25147
 1.69387
 1.79648
 2.99197
  1.0886
 1.54425
 3.62461
  1.5014
 2.52713
 1.54251
 3.04607
 2.11771
  2.4251
0.993782
 5.45441
 1.10012
0.517917
0.658196
0.749433
0.556791
0.547042
0.893581
0.392109
0.511062
0.554526
0.557071
0.580768
0.803412
0.584076
0.719699
 0.51679
0.793567
0.558032
 0.76978
0.629578
0.580181
0.805375
0.387311
0.490778
0.467525
0.820967
0.370659
0.848644
 0.55403
0.836671
0.681034
0.514578
0.458526
0.905037
0.613131
0.659629
0.569483
0.709419
0.678387
 1.11979
 2.15955
 1.30346
 1.35881
 1.08599
 1.42637
 1.37004
 1.03903
 1.12744
 1.29299
 0.90388
 1.93267
 1.34303
 1.82449
  1.3425
 1.12512
0.603662
 1.68588
0.989731
 1.44391
 0.68553
 2.26545
 1.43473
 1.43177
 1.02017
 2.05887
 1.22915
 1.10487
 1.15769
 1.01645
 1.05862
 2.01057
 1.88383
 1.43325
0.769773
 1.73941
 1.92187
 1.09728
 1.53647
 1.05376
 1.02728
 1.42628
 1.11127
 1.12364
0.894417
 1.34117
 1.08788
 1.37808
 1.61861
 1.32901
0.447803
0.662716
0.533759
 0.55786
0.528299
0.409359
0.671364
0.574302
0.515488
0.513272
 0.72306
0.807723
0.458034
0.620935
0.547327
 0.42029
0.637483
0.474714
0.481247
0.865222
0.325522
0.572729
0.680096
0.753542
0.404147
0.476909
0.790327
0.465974
0.589437
0.488854
0.610983
0.530648
0.454641
0.562207
 1.30253
 1.32254
   1.067
 1.42933
 1.46802
 1.45537
 1.28143
 2.01772
 1.24327
 2.33132
 0.93723
 1.83087
 1.53649
 1.83721
  1.8348
 1.28698
 1.30881
 1.39319
 1.22251
 1.24926
 1.23898
 1.66715
 1.75684
 0.86583
 1.60494
0.764642
0.686927
0.665662
0.366433
0.373907
0.623449
0.534896
0.727594
0.465799
 0.51555
0.649895
0.754832
0.552491
0.789534
0.808386
0.453452
0.952111
0.773644
0.396469
0.810641
0.427405
0.431508
0.508992
  1.1625
 1.65814
 1.19167
 0.93483
 1.25052
0.904686
 1.38433
0.703763
 1.34632
 1.03049
 2.07607
 1.58691
 1.18354
0.988625
 1.90177
 1.55526
 2.13021
 1.14883
 1.56617
 1.50806
 1.47873
 1.64669
 1.23232
 1.37295
 1.45602
 1.59897
  2.0923
 1.16176
 1.76234
 2.23419
  1.9509
  1.6317
0.989191
 1.68396
 2.58085
0.693783
 1.66099
 1.83835
 1.57732
 1.37127
 1.23626
0.916015
 1.07872
 1.70712
 1.18267
 1.86975
 1.48901
   1.305
 1.34228
0.510431
0.587796
0.654398
0.486756
0.630677
0.439452
0.726573
0.601463
0.525924
0.673826
 0.54031
0.610252
0.403682
0.413005
0.307779
0.627821
0.559464
0.818013
0.341704
0.595027
0.642494
0.665631
0.674165
0.679203
0.669938
0.582051
0.729945
0.505835
0.465769
 0.56176
0.376902
0.504715
 0.50791
0.719149
0.548098
0.562481
0.605423
0.775737
0.791441
0.510047
0.498794
 0.55964
 0.62819
0.582161
0.420511
0.488295
0.908763
0.467528
0.697717
0.639374
0.659565
0.468001
0.414934
0.474232
0.626081
0.463266
0.750249
0.485569
 1.10188
 3.90418
 1.54833
 1.24173
0.934587
 2.24242
 3.17404
 3.54347
 3.72307
 3.30419
 2.62218
 2.93977
  1.7048
 2.36491
0.742654
 1.45469
 1.55475
 1.37404
 1.40007
 1.38382
 1.03608
 1.14214
 1.26911
 1.57773
  1.5301
  1.6792
 1.57582
 1.75565
 2.11437
   1.637
 1.49032
 2.16228
 1.36234
 3.06908
 4.37625
 2.39125
 3.40846
 12.8971
 3.76654
 3.06955
 4.79922
  2.8812
 3.64031
 3.58959
  2.6387
 2.46338
 2.47549
0.737116
 1.58133
 1.25239
 1.16442
 1.32487
 2.05629
 2.12305
  1.5101
 1.21374
 1.96487
 1.23527
 2.45675
 2.27586
  2.5297
 1.90478
   1.096
0.763991
 1.37738
 1.12638
 1.54451
 1.30489
 1.40202
 1.52309
 1.19656
 1.59024
0.578858
0.631212
0.688934
0.538076
0.483397
0.592277
0.586654
0.575685
0.375922
0.511514
0.815691
0.548415
0.610204
0.780692
 0.66047
0.590347
0.581165
0.530914
0.722485
0.682678
0.823434
0.555162
0.407267
0.741694
0.361132
0.318841
0.482241
0.732373
0.589993
0.510511
0.634571
0.614257
0.670087
0.650144
0.704218
0.753819
0.370153
0.509599
0.530533
0.561285
 0.63081
0.898543
0.503777
0.580388
  0.6733
0.641151
0.677318
0.700067
0.512176
0.615456
0.516959
0.765577
0.469647
 0.61833
0.792602
0.787714
0.788647
0.607819
0.610892
 0.79234
0.643233
0.698094
 0.53996
0.374715
0.736848
0.582656
 0.79999
0.551267
0.407855
0.675641
0.700043
0.547759
0.504089
0.508193
0.822289
0.672032
0.931209
0.526282
0.738745
0.492135
0.400655
0.442063
0.495155
0.685618
0.537351
0.771714
 2.14764
 1.64488
 1.86361
  3.3327
 1.19185
 3.68351
 3.46444
 1.58012
 1.14013
0.995034
  2.1305
 2.91753
 1.27159
  1.5422
 3.30297
 3.85089
 3.00088
0.637356
0.547584
0.295695
0.613106
0.618772
0.539529
0.399309
0.688507
0.726359
0.746322
 0.74899
0.667536
0.648408
0.446641
0.667342
0.537195
 0.83969
0.615022
0.585956
0.519159
0.615093
0.581963
0.531593
0.561479
0.673691
0.734718
0.678601
0.514644
0.627268
0.392548
0.849919
0.597617
0.504569
0.416436
0.572805
0.550483
0.544708
0.460748
0.680136
0.535977
0.429129
0.611249
0.469859
0.621582
0.438524
0.910487
0.473071
 0.68701
0.473602
0.499721
0.722515
0.724378
0.469153
0.423447
0.890104
0.522482
0.636644
0.762672
0.584965
0.636553
0.663945
 0.65951
0.618888
0.669062
0.711511
0.486862
0.507048
 0.53301
0.769607
0.650532
0.480812
0.812109
0.438759
0.614366
0.610158
0.663797
0.658719
0.484113
0.327335
 0.53693
0.594731
 0.44025
0.640744
0.710805
0.661622
0.526976
0.508481
