0.895028
0.994875
 1.01572
0.991553
 1.07238
 1.02801
 1.24057
0.977423
 1.22646
0.964261
0.979951
  1.0748
0.966734
 1.11873
0.933961
 1.02152
 1.18931
 1.20309
 1.13732
 1.13147
 1.13337
 1.01719
 1.06457
  1.1409
 1.14862
 1.12353
 1.02584
 1.06319
0.982893
 1.16319
 1.13424
 1.00803
0.929119
 1.20963
 1.06926
 1.09185
 1.01344
 1.23726
 1.21469
 1.27582
 1.14305
 1.11756
 1.22091
 1.21903
 1.13261
 1.29625
 1.24865
0.897695
 1.12882
0.965622
  0.9057
 1.18645
 1.13424
 1.17539
 1.30363
0.878742
0.927563
 1.36057
 1.27278
 1.10444
 1.70532
 1.02638
 1.09656
 0.88848
 1.01452
 1.04983
 1.45353
 1.15771
 1.10015
 0.91166
 1.15647
 1.17941
 1.21389
 1.02504
 1.17635
0.970236
 1.02398
 1.11513
 1.17604
 1.40712
 1.26693
 1.25552
 1.30453
 1.11234
 1.11108
 1.15291
 1.19758
 1.09605
 1.10998
 1.02054
0.992166
0.974862
 1.09993
0.930115
 1.08947
 1.10803
 1.03322
0.939755
 1.07865
 0.95177
  1.0676
 1.18598
  1.1394
 1.15861
 1.03703
 1.31563
 1.03289
 1.12918
  1.1969
 1.34964
0.988762
 1.21348
 1.32569
 1.27018
 1.10674
 1.01088
 1.21623
 1.34079
 1.16481
0.974799
 1.21091
 1.32499
 1.40312
 1.09846
 1.16621
0.989674
 1.18419
 1.14984
 1.15792
 1.31322
 1.15957
 1.20304
 1.15136
 1.07425
  1.2011
 1.17757
  1.2384
 1.11109
 1.40606
 1.07866
 1.06416
 1.30626
 1.05471
 1.13595
0.911878
 1.10963
  1.0605
 0.92771
 1.17776
 1.13363
 1.18647
 1.19575
 1.04711
 1.07292
 1.14429
 1.11967
 1.22676
 1.16703
 1.08016
0.939293
 1.05893
  1.0437
 1.09592
0.988069
 1.01117
 1.18119
0.869016
0.965782
 1.06896
 1.17407
 1.09685
 1.17333
 1.19454
 1.10084
 1.22038
  1.0583
  1.0596
 1.07734
 1.04129
0.893952
0.983693
0.939924
 1.06533
0.971141
 0.88141
0.992349
 1.11239
 1.21242
 1.05237
 1.04435
 0.94668
  1.1335
0.976566
 1.04431
 1.08762
 1.12854
 1.27158
 1.10975
 1.12363
0.986861
 1.04878
0.904297
 1.02613
 1.06115
0.881108
 1.01712
 1.18144
 1.04123
 1.21029
 1.17214
 1.05121
 1.04244
 1.02016
 1.15962
 1.10143
 1.11661
 1.10433
0.955604
  1.0309
   0.994
 1.08246
0.914304
 1.00097
0.935814
 1.19222
 1.02107
 1.14543
 1.09648
 1.03846
 1.19268
 0.96592
0.991258
 1.13379
 1.23656
 1.08077
 1.16104
 1.02291
0.934415
0.910373
  1.0105
 1.06172
 1.16987
 1.35543
 1.02514
 1.02474
0.923216
 1.05513
 1.06473
0.867907
0.939611
 1.01319
 1.09195
 1.16329
 1.19151
 1.09578
 0.98147
 1.25577
0.959518
  1.0131
0.997789
 1.09991
 0.94166
 1.13701
 0.86104
 1.13779
 1.01773
 1.01737
 1.28581
 1.01931
 1.04979
0.945394
 1.04161
0.968842
 1.10682
  1.2298
0.955622
 1.04616
 1.12107
 1.13206
 1.06719
 1.02705
0.965664
 1.27797
 1.02955
0.957581
 1.01241
0.870409
 1.07821
   1.182
 1.13814
0.935913
0.951224
0.977398
 1.03742
 1.18673
 1.10983
 1.29071
 1.00559
 1.07385
 1.16356
 1.02107
 0.94621
 1.03426
 1.23651
0.956242
0.904062
0.892374
 1.02936
 1.14481
 1.15004
 1.04412
 1.12782
 1.11032
 1.08578
0.973039
0.989811
  1.1117
 1.04638
 1.01476
 1.22319
 1.16084
 1.05784
0.998435
 1.17676
 1.04494
 1.01719
 1.14362
0.991117
 1.08649
 1.10947
 1.09344
 1.23935
 1.10598
 1.17611
 1.03726
 1.09984
 1.23218
 1.05405
0.956248
 1.05024
 1.16688
 1.12801
 1.03223
0.912705
 0.98057
0.983195
0.954787
 1.02311
 1.09538
 1.15236
0.991024
  1.1167
 1.04695
 1.01258
 1.16619
 1.10859
 1.07569
0.986611
 1.13384
 1.17391
  1.1652
0.922876
  1.0076
0.954166
 0.94753
0.955977
 1.04273
0.932106
 1.27755
0.959205
 1.17378
0.961716
 1.01993
 1.04057
0.937115
 1.06027
 1.13199
 1.15009
 1.09426
  1.0236
 1.24248
 1.13694
 1.04216
 1.08855
 1.19904
 1.08769
 1.14233
 1.05362
  1.3307
 0.92813
 1.00503
0.971664
0.949005
 1.10794
 1.20998
 0.92674
0.928453
 1.03669
0.987716
  1.0319
0.900952
0.946976
 1.11668
 1.00521
 1.08055
 1.31959
 1.05029
 1.39723
 1.08613
 1.02715
 1.22033
  1.0139
  1.1026
0.985275
 1.24935
 1.07035
 1.47335
 1.11712
 1.04208
 1.26622
0.906959
 1.40116
 1.19559
 1.09642
    1.08
 1.03646
 1.22752
 1.29711
 1.27474
 1.18681
 1.22358
 1.00018
  1.0484
  1.2196
 1.19098
 1.06361
 1.31196
 1.03057
0.962253
 1.09012
 1.00087
  1.2895
  1.0179
 1.13495
 1.06995
 1.19481
 1.24127
 1.16284
 1.05659
 1.08706
0.910531
 0.92994
 1.03274
 1.21353
 1.01977
 1.01081
 1.14028
 1.12956
0.909007
  1.0038
0.960991
 0.95976
 1.10419
 0.97878
0.895126
 1.14589
 1.15791
 1.09394
 1.11779
 1.10375
 1.03845
 1.00335
 1.11331
 1.28187
 1.12261
 1.05807
 1.03716
 1.11544
 1.21362
 1.02611
 1.27073
0.945624
 1.10582
 1.18803
 1.09137
 1.19788
 1.00817
 1.14851
0.965045
0.979625
  1.0344
0.989399
 1.16345
 1.17108
 1.02601
 1.06457
 1.04237
 1.11421
 1.12303
 1.07879
0.890416
0.986879
0.999225
 1.06803
 1.29078
0.998167
 1.01301
 1.19537
 1.14962
 1.21649
 1.23275
 1.19318
0.897157
 1.00122
 1.19968
 1.04896
 1.27469
 1.16107
 1.06506
 1.07485
0.958039
 1.21442
 1.15815
 1.02794
0.969459
 1.01145
 1.19035
 1.12393
 1.00397
 1.24423
 1.08598
 1.25973
0.956909
 1.06975
  1.0544
0.928846
 1.21852
 1.10209
 1.12471
 1.01444
 1.06582
 1.11422
0.926465
 1.14702
0.888985
 1.30319
 1.07966
   1.112
0.969842
 1.01103
 1.01216
 1.08578
 1.16854
 1.06134
 1.25984
 1.22281
 1.25573
0.996383
0.850042
0.945862
 1.05768
 1.16881
 1.05778
 1.07221
 1.12671
 1.00647
0.956712
 1.07249
 1.11375
 1.05178
 1.07895
 1.06596
 1.05526
 1.10035
 1.07607
 1.21087
 1.29968
 1.11359
 1.23683
 1.32515
 1.17873
 1.18025
 1.28077
 1.01176
0.990767
 1.37822
 1.13795
 1.10077
   1.063
 1.20477
 1.45405
 1.16778
 1.17286
 1.05143
 1.00737
 1.24177
  1.2442
 1.26765
 1.33442
 1.00636
 1.21753
 1.09511
 1.41778
 1.17805
 1.25092
  1.1038
 1.15939
  1.3346
 1.22094
 1.12812
 1.07064
 1.33847
 1.35774
 1.10808
 1.22216
 1.79166
 1.22523
 1.50803
 1.43763
 1.46754
 1.25801
 1.35718
 1.59804
 1.27858
 1.48944
 1.39164
 1.10255
 1.06946
 1.26567
 1.21623
   1.292
 1.12393
 1.30163
0.908632
 1.10296
 1.01322
 1.06724
 1.09238
 1.07441
 1.09161
  1.0317
 1.01978
 1.02718
 1.03287
 1.13671
 1.11514
 1.29017
 1.01068
 1.10417
0.947644
0.982726
0.807345
 1.24056
0.957979
 1.25562
 1.11402
 1.08116
 1.04479
 0.92464
  1.0629
 1.15318
 1.09774
  1.0724
 1.02767
 1.12552
 1.06353
 1.15205
0.894411
 1.02007
0.944825
 1.17454
 1.05741
 1.01915
 1.09144
 1.25379
0.922822
0.984741
 1.00159
 1.08214
  1.1346
 1.07127
 1.00531
0.984025
 1.01681
 1.00603
 1.12665
  1.0287
 1.05535
0.998096
 1.15425
   1.088
 1.05815
 1.05857
 1.10866
 1.09342
0.863001
 0.81729
 1.16539
 1.13737
 1.07369
 1.17185
 1.02487
 1.06024
 1.10429
0.963088
 1.12628
 1.26857
 1.08315
 1.16869
 1.31373
 1.33194
 1.00652
 1.08663
 1.22139
 0.85047
 1.02425
0.894224
 1.03444
 1.10534
0.965696
 1.26328
  1.0417
 1.17906
 1.03041
0.994751
 1.11502
 1.22438
0.914723
0.946418
 1.22941
 1.11331
 1.08238
 1.05266
 1.04122
 1.16495
 1.01642
  1.0405
  1.0299
 1.00356
0.984996
0.956204
 1.01767
 1.06621
 1.09979
 1.14476
 1.06396
 0.96819
 1.00907
 1.23901
0.971784
0.997031
 1.02535
  1.1799
 1.23089
 1.00502
  1.2316
 1.03684
 1.13323
 1.18498
 1.10903
 1.04893
 1.01014
0.910182
 1.11229
 1.07036
 1.02036
 1.29816
  1.2106
 1.15133
 1.14977
 0.92576
 1.01656
  1.0808
0.987755
 1.18662
 1.03834
 1.07856
 1.02177
 1.09027
 1.04769
 1.16832
  1.2076
 1.03556
 1.26344
 1.06062
 1.20388
 1.13449
 1.00035
 1.16202
 1.19627
 2.09777
 1.27574
 1.59308
 1.36179
 1.16249
 2.02339
 2.05748
 1.46584
 2.72868
 4.05692
 1.61104
 3.83186
 1.66074
 1.32699
0.946896
 1.25786
  1.4065
  1.3627
 1.23444
 1.13581
 1.16224
  1.2212
 1.17578
 1.11726
 1.18672
 1.28387
 1.41961
 1.72789
 1.07281
 1.38833
 1.01567
 1.33197
 1.25517
 1.12001
 1.49698
 1.14139
 1.28523
 1.16751
 1.43603
 1.38429
 1.17078
0.983034
0.969212
0.921081
 1.17901
0.927643
 1.52571
 1.24748
 1.27098
 1.25457
 1.45547
 1.11048
 1.38059
0.999609
 1.01859
  1.3923
0.959635
 1.25529
 1.14969
 1.21982
 1.40717
 1.58219
 1.26528
 1.43959
 1.08238
 1.21326
 1.45863
  1.2222
 1.11897
  1.3068
 1.13901
 1.28591
 1.17183
 1.33416
 1.30868
 1.30007
  1.6486
 1.34585
 1.09263
 1.40332
 1.31924
 1.26678
  1.2163
 1.13321
 1.10638
 1.59626
 1.85595
 1.14742
0.987756
0.978277
0.920048
0.963492
0.943585
 1.16013
0.974961
0.936041
 1.14384
 1.24605
0.836823
 0.85624
 1.04408
 1.08876
0.980327
 1.02493
0.984984
 1.06263
  1.2314
 1.11949
 1.00921
 1.09294
 1.07175
 1.13817
 1.04575
 1.03719
 1.00254
 1.07417
0.989404
 1.11905
 1.27573
 1.21306
 1.51422
 1.11096
 1.21701
 1.25944
  1.0959
  1.1697
  1.0651
 1.48182
 1.13118
 1.05324
0.960059
 1.19345
 1.08291
 1.46721
 1.26667
 1.29044
 1.62862
 1.08469
 1.26327
 1.27989
 1.15783
 1.27154
 1.34099
 1.33902
 1.43508
 1.26061
 1.28564
 1.26505
 1.05319
 1.19784
 1.36369
 1.32431
 1.31228
 1.43711
0.990226
 1.09739
0.988724
 1.06956
 1.06636
  1.1686
 1.25935
 1.00438
 1.05298
 1.21956
 1.07199
 1.18747
 1.06252
 1.05179
0.984138
 1.03377
0.996697
0.938644
  1.0006
 1.05938
  1.1005
 1.05772
0.979208
 1.09883
 0.97273
 1.04357
 1.06421
 1.11855
  1.1562
 1.05043
 1.03925
 1.10282
 1.24814
 1.08546
  1.1473
 1.12012
 1.07253
 1.08344
 1.28488
0.951203
 1.09848
 1.00944
 1.21193
 1.19083
   1.001
0.925143
  0.9795
 1.02718
 1.02122
 1.10902
 1.13227
  1.0457
0.928699
  1.1268
0.937008
 1.06513
