-10.8907880307921,-0.436967344632937,-1.50958107195483,-16.7738215664072,0.0025314702370813,-0.000677897811224368,-0.913952975395272,3.27753322555121,5.7220994215513e-15,-0.000545725095988799,0.00409982121672118,0.00044237667534621,-1.43718911234883e-15,8.65529037334151e-16,8.88625583001544e-16
-11.5077793797724,17.2835944054216,-16.2669332060071,-20.0264269030422,-0.000492541710762419,0.000442607199536574,1.05751766078521,15.9808853678222,6.90627118836376e-15,-0.000425140757651676,0.0015988110626597,0.00103627430339539,-5.87046688547044e-15,-2.90382299881352e-15,1.43878010541502e-15
-25.5394813231885,4.83099816946482,3.92416747626932,12.8918023761475,0.00125967170668104,0.00129508940663036,-11.129071757783,12.1479762103776,9386.46689171269,-0.000503195415765485,0.00527287710520436,0.000447574403610564,1.68222105014393e-15,1.55517543850963e-15,-2065.6380647733
-21.7614660371782,-4.37512172225045,7.87352494562547,-29.2937444328078,0.00268446085133536,-0.000510873465740892,1.98686677593803,-29.1232911755623,12238.4619279885,-0.00176784241561642,0.00351168850323413,-0.0016887386683421,2.79513197058998e-15,1.99029534385232e-15,6.13860817423535e-15
-28.7805560010788,4.05646566871058,-3.9998705569575,10.2833783096317,-0.00057146811435123,-0.000563394310412473,-11.0459427803168,24.4693520497881,16485.5598117804,-0.00783593888037404,-0.000987733899481519,-8.79088167833993e-05,-6.90213913757207e-15,-5.42837102221559e-15,1139.27484444885
-19.8744010334841,-6.53457617473594,-12.9346045329263,-6.99637112409084,3.72810902391426e-05,-0.00055165620970336,0.535082395650424,-14.4900699262763,7675.35002053121,-0.000502982428891755,0.00145923852458006,-0.000626877667016731,3.44486270707233e-16,-3.51963947873031e-15,-7.14004202911007e-15
-27.6531139414298,14.1202210600545,6.02835555474716,10.2458232781705,0.00157483329296142,-0.00099273036346379,12.2208268706475,28.4820160304142,5732.29432277393,-0.00099651316095779,0.00279970767927128,-0.000906421881606881,-5.39473574724684e-15,-1.21656749627438e-16,-1.70557802696717e-15
-22.2113353762969,13.2741583500681,-18.8982078656305,5.56114633790814,0.000610448454112197,-0.000786654250134919,4.54626266940866,3.4769373158575,8081.37483418735,0.000585059858763226,0.00874329733393639,-0.000244097642482203,-6.77624793690907e-17,1.31887150159759e-15,1.14273294711032e-15
-25.5584494238954,1.20615889956121,0.961992784614938,14.6684735506773,-0.000753245878547473,0.00139542753381866,0.683813053688721,14.5843248169847,11635.6953872481,-0.000723873024716057,-0.000204663988246884,-0.000262821931339797,2.70617636534432e-15,6.93385738632161e-16,-1.0144486441182e-15
-25.1625303471001,8.27117026071793,11.4358117130931,-11.128785885081,0.00193663312620283,0.00125457339205463,-10.3807820139523,42.6350742530087,9577.80406480619,-0.00044749103914114,0.00337307455998862,0.000389465377902097,1.52157245446144e-16,2.29602559264657e-15,-1.21234959115406e-15
-29.0447520979174,-5.6276191980332,-0.777614966200745,18.0504218262149,-0.000509273312854668,0.000219840294474445,-6.19288717527751,-18.3164372267206,13990.7244289424,-0.00255924828768469,-0.000977396041493788,0.000412816757660559,4.0288501157294e-15,5.57681269682912e-15,-3.82515981980964e-16
-36.341645780604,3.7377639633028,-3.45834238723816,-33.6937942357366,0.00278383507626423,0.000584040420623836,1.161601803647,-8.6816489511791,16377.4484939742,-0.00220973158987893,0.00339586463640584,0.0012539412428888,-8.80594417858112e-16,1.79982375804249e-15,1.02440073764029e-15
-20.0015809128039,-3.39215935622729,1.72516951292701,21.5752004976488,0.000219863418500684,0.00195813734740645,-13.4387736842704,22.2633373421461,3608.66535301137,-0.00868764334524785,0.00378272164496184,0.00126332719358992,2.63296832647405e-15,-6.33959174704949e-15,9.5819633290034e-16
-16.0625239481709,-3.8606624920443,0.362247899276464,-9.23605435705703,-0.000547034708497847,-0.000625081000409158,-5.63452512394491,-9.49657526467878,6234.45377669776,0.00211590729226383,0.000559823578781193,-0.00342949305261761,-2.07593565574833e-15,1.44156967136363e-16,1.04160603353941e-15
-17.1380953334565,14.5174581981309,-2.12125236667703,3.53097157891477,0.00154608750744805,-0.000104137191458859,3.02690265999428,-7.94007742360891,1.12102168377737e-15,-0.0014901666712298,0.00740561341273248,-5.16553995065424e-05,1.43707432702654e-15,-1.35355171508285e-15,2.03285948584829e-15
-21.8777422706742,16.8546261448362,-8.26960696024018,-34.1739652621066,-0.00153012513166127,0.00215131259493128,5.02272815761504,-7.22995111719602,2.42497750925058e-15,-0.00247079812513511,0.00166295314932537,-0.00203116640090844,-1.67868824611173e-15,2.96986610280148e-15,-2570.95487888168
-14.7554457772224,-2.28271488097957,-7.2584428888516,-25.1268550220631,0.000121986797855368,-0.00163059398653794,13.4406275610193,-5.18401336955936,6.22393139602818e-15,-0.00127762271688135,0.010133202877639,0.00188418640008182,3.63674032279013e-15,1.72017231576109e-15,1.16204001448853e-15
-24.7493020144039,-0.513357260549718,-7.93730435380636,-10.0703340897841,0.000459889385426156,0.00124441057194151,-8.32493894453659,21.4486003399161,1.17616681117824e-14,-0.00851624607982916,-0.00340191766680833,-0.000280824873399715,-3623.53809551496,-4.22296304823998e-15,1.63352818551517e-15
-21.1780296300755,16.4865582191802,-4.02138207226646,-4.047975977826,-0.000523270757357533,-2.74009052545306e-05,9.92144323034235,-12.854940167232,8.68083679032634e-15,0.000766673371916022,0.00307731423380128,-0.00129901574150081,2.57538978103639e-15,5.62081989214381e-15,-7.06000520949667e-15
-16.5560817519455,-3.73830621093362,-18.899130309746,-6.94583422312621,-0.000999358916186172,0.00179817478191596,1.34587930654609,25.5161252644336,2.78515067715808e-15,-0.00389577933678796,0.00203269074916831,-0.00187015311308273,-4.66844820456913e-15,-5.51812101011551e-15,-6.06202411933316e-15
-13.3319934271903,10.150543126674,-2.36979680041094,-27.4319800674022,-5.61921857205212e-05,-0.00108151432353681,-0.107283498395214,5.40196312178198,1.85921734172867e-14,-0.00239844202548305,0.000128721738945381,-0.00225265099657525,-7.65961601051679e-15,3.05980520188633e-15,5.06879082345657e-15
-31.5953226838575,116.083517654577,11.7866826102016,-16.757933973851,-0.000160861314890359,-0.00178570957315992,5.26790769888204,-18.7795598386935,1.24318151165159e-14,0.000300383275123373,0.00890087466547112,-0.000989214328634808,-4.80824352810922e-15,1.85568520517609e-15,2034.07643257087
-18.7675572257627,95.14138096208,4.3875075709992,-7.43828193536717,0.00080133353184514,-0.000620371218743467,-1.69829306118881,25.0021560332829,1.74639164213131e-15,-0.00426296086348606,-0.00216525029885246,0.00168908439641013,4.99759015643568e-16,4.9087005177722e-15,-5.23312717934395e-15
-18.6199168562823,123.745382201613,-3.19776861892667,9.98041163005488,0.000557143321162167,-0.000145325280409099,-0.71831085171865,25.0566004666519,6.06846029378351e-15,-0.00590111819311549,0.000197539417455471,1.14317526411765e-05,-4.06429603900702e-16,-4.8063098650721e-16,9.05988099410725e-16
-28.1254872567158,218.984182421434,3.25856124032912,-6.06531760112825,0.000839060234996396,-0.000444400062472534,-7.55179345250878,-16.6731862866019,-1.99866684828492e-14,-0.0135230630975783,2.6455608994941e-05,-0.00156900585214843,3.79149153818105e-15,-7.23060549203944e-15,4.11463709657909e-15
-30.2893261355264,100.17139769722,11.0908174783263,-5.15701069461457,-0.000523673431847418,-0.00107388423441957,-3.22589056899252,-19.2380604645441,2.58436250925488e-14,0.00315725276333002,0.00125425625481068,-0.00157454767764004,-2.04329990341036e-16,5.02060450143905e-15,-6.42456266222207e-15
-34.3799559748673,204.472945912413,0.874001403846805,6.7250297245097,-0.000152748627101021,-0.00159897963758747,-2.92297021045075,-31.3787234301652,-2.02841684137758e-14,0.00102136860154397,0.00014227786867258,0.000334169977150079,5.31128066372522e-15,-1.35119623561922e-15,-2262.15887203755
-30.8883435001338,157.66735715848,-1.07303574270052,-47.6205177186742,-0.000109774095641542,-0.000352018925932709,-13.1373727049078,-7.35767789241322,4.58751209805476e-15,0.000950969708568636,0.00519564952990895,0.00377981742638188,-6.35874868848933e-15,6.19742311033969e-15,-8.72012496857532e-15
-21.2666577623743,96.1873391462962,8.44739270799733,-44.0150888689655,-0.000233923673024143,0.000839213500545019,-2.91474551189791,43.8553819864627,7.98066571077396e-15,-0.00193013030057993,-0.000677437039443814,-0.00189663503841085,2.23054589134999e-15,2.18296484730341e-15,3.04813846923561e-15
-19.3586777085101,18.0919804851634,-16.3393959618058,-28.0615490350505,0.000282903457355277,0.00155127553681774,7.03993525659914,-15.0555875766108,2.03932791145269e-14,-0.00209763371878754,0.00258691464542469,0.00076754981918681,-4.98835645909644e-16,-1.43251447014901e-15,-6.43602363646544e-15
-24.5848074238123,142.082034964512,-18.7495276102467,-36.8252932121849,-0.000190865131951629,-0.000318674279359186,7.21619218621077,59.2431961337639,-1.54090162395388e-14,-0.00766889147039383,0.000495435290509098,0.00316675823066645,5.56943087110597e-15,-1.79994193859317e-15,-1.77651463789416e-15
-21.2837679935916,85.86738055522,-8.24589122224279,-50.906148470279,0.000857246167811593,-0.000732717651450898,6.76144788248552,12.7661255296958,-6.3630298807742e-15,-0.000624901923069753,0.00134182767742092,4.19061600240343e-05,-1.86740745464155e-15,4.46451296289827e-15,5.56065299540163e-15
-31.7963338161432,216.655386106258,-15.7041556541219,-17.0239096366561,0.000165177259782143,-0.000814312479984706,-8.19389043076838,15.7526915422842,6.71450054744765e-15,-0.00225052711920285,0.0121596771956706,-0.000137371745952436,1.35156950247718e-15,2955.19869614812,2.44879462474584e-15
-19.6213780790294,30.791056331621,-12.8273162370649,-3.5767172316231,-7.12793236737044e-05,0.000391349920253617,-1.54685085191366,-9.99084947835963,-2.62283586779739e-15,-0.00309317576131059,0.00337594660009382,0.000376673157692467,6.53682916158978e-16,1.79037759194682e-15,2392.86196571243
-29.1873273020517,162.516283193063,2.07588595510008,-19.9382537976105,0.00171043851514357,8.53478582278932e-05,1.90632239295687,1.31833813692047,-2.81033364320549e-15,-0.00498217976145145,0.00253119159833078,-0.00178874435596942,-3.03215867964136e-15,-5.61465088565626e-15,-4.40363926562963e-15
-23.0495687023518,140.71336723822,4.09304897794808,7.07176554906655,-0.000825365623412722,-0.00292551501433118,28.4084698822117,9.92221337019392,-1.20679835941923e-15,-0.00675751572202905,0.00288938353337286,0.000983362269442396,-7.25806847144909e-17,-2707.53874741089,8.85586423949489e-16
-27.9350066059433,57.5239114555815,-4.47921168016697,-23.0100849027413,0.000164805687082127,-0.000583168070025301,9.99039727200597,1.44896704616589,-1.49745629025901e-14,-0.00297825144516028,0.00297423115225539,-0.00222852331147332,-2.0613885752873e-15,3785.87839229448,-2.32225236708689e-15
-26.2179810625755,152.88552527429,-1.49843455423635,2.20258938081475,0.000257251077543306,0.00162953253768773,-1.95406916529239,-8.66188783185681,2.11686440675268e-14,0.000861952855461069,0.00256199574199618,-0.00140093833554462,-4.62713214310474e-15,-3.87729651192042e-15,2673.74267729779
-15.3407977382221,0.192076859141995,0.590909763700621,-2.92641969315314,0.00196462976326335,-0.000624553430325677,19.8075231056624,-10.1245419411359,9.27707462399272e-16,-0.000727788060540946,0.00381593526498886,0.00103439604997172,2.28597758494475e-15,5.80599208025577e-15,-1.38174891901372e-15
-11.9796703797961,6.84084516646893,-46.931056467252,2.90672069209772,0.000887399353393196,-0.000619152167375315,17.6492726754053,14.6306730064514,6.96360940995189e-16,-0.00155274637209532,-0.000846271249935708,-0.000754397306250315,-2.44167475570646e-16,8.47933234264356e-16,-2.66855499516441e-15
-13.1949623876185,3.62680648204924,-8.2342162074691,-28.9313800866584,-0.000182983776061159,0.000167393490402916,-4.607237432679,-6.86742528118227,1.1780202514787e-14,-0.00510355428890861,0.00332758311141827,-0.000634443649558493,-3655.15365764832,-2.79186216627748e-15,-2.8575220975472e-15
-23.8478577949337,13.0291004081464,0.808794952241288,-22.9908390795848,0.0010252931986366,0.000339532128275595,-5.44682356511319,32.7002957293397,1.72105101818008e-15,-0.00415488750413447,0.00101514831302723,0.000544063848087147,-7.11641049561417e-15,2.48048021299337e-15,-1816.30530994319
-22.9707740654702,1.7810954474744,-8.41035319203096,-38.5239507763606,0.000132388067219522,0.00197324869981226,5.71056202846072,52.1912479929418,-4.42062619358501e-15,-0.00925688622515156,0.00587937426138567,0.000936499796748787,-3.05581079078023e-15,3.13070666862709e-16,-4.77447063918362e-15
-16.8709898604548,16.84026679932,-4.78489551618897,8.37436449490455,-0.000115735009316546,-0.000427458476987278,-17.0063029569684,36.7870722549275,4.55316804466997e-15,2.00376345057249e-05,0.00068065150117625,-0.000138578197444558,-4.08497905875046e-15,7.38419161893213e-15,-4.96191750957487e-15
-13.268530513925,-3.9796483543245,-4.98535038621436,1.05850185982893,-0.000140297721906948,0.000355077848337625,4.68322444543448,21.790189477183,-2.76948464537019e-15,-0.000321042748640422,0.00260940679085326,-0.00110852850218599,1.90526224711973e-15,-2.02737091033437e-16,3.19304264655203e-16
-16.4063599596264,5.34031358484088,-15.0184673826271,-22.0086656055922,0.000938619971325528,-0.00104013777874612,1.83593265694537,33.4619260993705,2.54114867392403e-14,-0.00467072880817105,-0.00272065555871031,-0.00272451134108785,-2.44110065607744e-15,3.1521595860922e-15,5.18985461699275e-15
-12.7909431669206,5.70278287392442,4.28595726261822,2.69033236309963,-0.000145547342235596,0.000967057218113636,-4.43524999745237,-10.1583586973879,2178.76781124232,-0.00379301020766808,-5.29174547895882e-05,0.000426246934260786,1.48227961654865e-15,-3.83342598571849e-15,-5.34794434612207e-15
-13.670683252725,11.0332164540137,-7.90650740079218,5.40558153669384,0.00113698884220607,0.00111612105750519,3.06221751975679,0.839137967370404,2.21381568582098e-14,-0.00139811297401474,0.00146739313288809,9.5209604201608e-06,-1.92766928729968e-15,6.06786986732552e-15,-1268.36187098471
-16.3155172016021,7.73255748937515,-10.6238757922199,-2.4491968131625,0.00157029166314633,0.00146534440529578,19.4911080963413,-13.4430067785572,1439.54017606065,-0.00185684393004154,0.000778035673327493,-0.000356867815236587,-2.53835425473741e-15,-8.77303753457707e-16,-1.76652528652405e-15
-26.5860181610542,-5.81734833875925,0.866696533930922,-14.2640260196699,0.00123965857659032,0.00129361007501265,-25.4253721724416,12.1017063372459,-1.72828928436936e-14,-0.00476396671440594,0.0019674271796379,-0.00157629098195615,-3.66498366629584e-15,3.45329755193476e-15,1.77838695571378e-16
-12.6568219793067,6.1289008046069,4.38501011655114,-6.56690961397963,0.00170858227868199,-0.000172129918891373,0.37017438901136,6.148958431507,2.16477940114204e-14,-0.00722710118026268,0.00159690311785367,0.00101983068845879,-5.35713606687383e-15,3.29030107463e-15,-3.04768846672653e-16
-16.1981068513025,-2.73749479862499,-0.350516454623615,-31.0177848386632,0.000771768286999226,-0.000555197738748373,-10.0031176177262,-14.0365942952129,6.38960527184957e-16,-0.00339749200331682,0.00178902726199841,0.000779458779619747,4.59825750550251e-16,6.05389479018012e-15,-2.822020651259e-15
-18.1131867585561,2.22465352460696,-8.83198715599665,-26.1414834174939,0.000973845077355193,0.000100426718861976,-1.45352243443788,10.7016369189233,-2.12108439533009e-15,-0.00451438516919496,-0.00182561772451094,0.00276128530025385,1.61351321922078e-15,1.09396582764343e-15,-1833.03123340533
-12.1128867327566,4.27578267055466,3.71931199784486,-10.074907242997,-0.000113889282839993,0.000534445373307751,-5.31050256307241,0.43039193585538,1.52438332205987e-14,-0.00167909263652299,0.0163606237580469,-0.0017381400897446,-1.13338075367051e-15,-1.21756461476407e-15,2.83863966857949e-15
-21.6990020446803,8.28703595284284,-14.922221017155,3.73688102202759,0.00121050579126227,-1.8601490624758e-05,-5.08184808449188,0.18104146091886,-6.39152738068045e-15,-0.00677045810434867,-0.000464827276919038,0.000303167784333598,-5.59938504429848e-15,5.91440410728455e-15,-2559.79747921083
-12.4542383342469,14.4712063235468,5.5274054807079,-48.2758050702961,0.000843221035474658,0.000625065503118379,-3.51561444315798,12.7288275917163,8.65219352667856e-15,-0.00289056006865122,0.00394471196813673,5.01275284768549e-05,1.4794533843034e-15,4.95085503100866e-15,2.76763989868334e-15
-15.8057796316971,3.73175380486279,-6.08249821048572,-58.7295935044359,0.0016314245370645,-0.000564767503834031,-9.15324559013197,-5.61145031299733,-3.65803577689843e-15,-0.00354602462019427,0.00403758094157778,0.00338737605956127,-1.33638153050794e-15,7.85612814233364e-17,6.02652395531993e-15
-24.3267747704555,-1.71059297683538,-29.8299218328385,-229.440577435357,0.00103656367565621,0.000157262656325517,11.2889088751763,22.6723289492646,1.47854064852041e-14,-0.000198301559246368,-0.00126476703105931,0.00760793088464005,-4.76589345401664e-15,6.27335631439005e-16,8.11240247046024e-15
-31.5685649336208,19.7885217342149,-0.00781974697920087,-203.140846283272,-0.00124137133569765,0.000349646626238838,-7.00182022840371,-10.3429929220977,-8.49230420233123e-15,-0.0048401201467174,0.00350957307317969,0.0116422940105701,2768.31039891799,3503.56922573608,-7.74296194162306e-15
-34.0858718099982,-0.167972228834906,-5.75160963396184,-552.0011468762,3.09397103560607e-05,-0.00254140636866554,2.85325190916108,3.76994214563512,1.51025186038359e-14,-0.00449577068222761,0.000205525544011596,0.0152901389158938,3.5970357294638e-15,4411.35399153713,-4.87062364011193e-15
-28.4822067962645,-6.46815341695328,17.5049625502763,-253.874499564629,0.00130802192044342,-0.000447247788231093,2.87763238051226,-13.1400724060214,-1.72112397814137e-14,0.00391529510541488,-0.00283473013003385,0.0119103387647176,4.59655018627798e-15,-4.02505044892097e-15,5.09718764655684e-15
-12.6504256237105,5.75181694090202,-1.71098391787034,-96.9118043259413,0.00104449555702532,-0.00038936211928876,-4.48803929815392,-2.66437090725606,-4.5805354475562e-15,-0.00473656448456355,0.00322532354227025,0.00298140478202228,-3.9144874684707e-15,2.34707905387034e-15,-3.6028570975491e-16
-17.154171251513,2.33239801627532,1.8265375277418,-69.5895306945844,0.000879337098285278,-0.00168174676325988,0.400140310437705,16.4673001134735,1.26172646851889e-15,-0.0106554459750912,0.00538725381390633,-0.000819739137376083,-4.25100807997316e-15,-1.1871367983049e-15,-4.27320688237166e-15
-20.3355265795706,-4.53800299649238,9.38271800634935,-73.1131980966028,0.000656749383364093,0.00170401367279784,-17.8643838147425,33.2538348752548,-6.26897633900488e-15,-0.00106900812760556,0.00247529146260343,0.00056035161113842,4.73993564725643e-15,-3.30892267626744e-15,-1862.64089224087
-28.0292880423168,0.87241049427626,-5.20825334444441,-371.326431428325,0.000196085597795557,-0.000294391344510572,-19.1083767221624,-15.9985653170048,-2.91817708529397e-15,-0.00107577864485613,-0.000879968630824244,0.0141163939489925,-2.24745766904863e-16,5.24270573453291e-15,8.36397136053661e-15
-17.6374230932989,-4.32025548956703,-10.7963637579178,-191.551618412578,0.000223863125234737,-2.465740268436e-05,-4.30476996714683,-28.8321383034565,-1.67656012219465e-14,-0.00224992515756022,0.000768942550351522,0.00797682170143071,1.561972286118e-15,5.66107839251623e-15,-2.98360939790813e-16
-32.7679116091384,-4.33394092781087,4.93539365111212,-408.989413661624,-0.000112351042511294,-0.00158500251854231,-10.8116984137875,0.779702218729501,2.40107750878372e-15,0.00237597209172452,0.000699983841091519,0.0155029506226867,1.286336753225e-15,-3.62294595127789e-15,-7.45359540302692e-15
-30.6670282454561,-3.9750008368219,-13.3652588381956,-347.539847491639,0.00329172934141172,-0.00106819793122798,-7.22890141592315,-6.70600387974087,-1.21503129446714e-15,0.0023755834081324,0.00761242703402212,0.00382069337279403,-6.16042058732206e-15,-2.31932960535352e-15,-2031.87755847663
-33.6435101034126,-6.65465100599502,-5.36908607656122,-362.74188308958,0.000416562507094418,0.000883621963530265,-6.68194322231767,-4.29893890523473,-2.87913553170824e-16,-0.000533123442962445,0.00178535083143694,0.0190053551823226,-5.53509248968056e-15,-1.68049629792035e-15,1537.53181574805
-29.1496799462769,-3.71930802362738,-9.64574097354564,-440.339640496554,0.00314064576161159,0.00176859189908775,17.3491657798417,32.7455339967424,-1.41991403121144e-14,-0.00426353868952687,-0.00385944258398136,0.0162802781127062,4.43642621649252e-15,2.74996899900584e-15,6.99071405489778e-15
-18.5919305977805,-6.57850124842123,-17.1547558928583,-2.77134015962042,0.00281882792244115,0.000503799673254252,2.65157253293851,-11.7210355014508,3.25824604533521e-15,-0.00251202259911289,0.000730940890164389,0.00064087064778704,2.30198882637308e-15,2.21934950140166e-15,-2310.91494456224
-21.1522219682094,21.3507211688251,-6.76229482679439,-39.6210117758686,0.000642767274823404,0.000129002670304127,1.50276436706972,10.9935551975395,-8.94095425712956e-15,-0.00115484957697417,-0.0012220089171766,-0.00101006851711804,3.45925154740326e-15,2.5755657965905e-15,8.06633655288604e-15
-12.0463485199005,8.19061184964,1.58935224574656,-1.25829409650759,0.000914049127964531,6.99780966999248e-05,-11.9988962131133,20.8083988259979,5.66998709499311e-15,-0.00114165669983742,0.000628901693683005,-0.00140663276155484,-6.55002397316459e-16,-2.76718146874444e-15,6.1456119081669e-15
-14.8999235120572,-2.07686742772069,-13.3488252527582,-37.1202839799082,0.000530673267498503,-0.000100863162300724,10.550921287743,19.3986083025674,-3.55332197404407e-15,-0.00172879115946863,-0.00141801993458945,-0.000959046312780253,-1.35101820352748e-15,-3.63417072257609e-15,-7.35048012884631e-15
-15.6777446659273,6.58536923062703,-12.2452551408917,-64.680197219739,0.00177049875189405,0.000891741859654264,1.20664546480182,9.87603289498435,1.02451058184035e-14,-0.00343179907514395,-0.00249949278399732,0.00246882794483444,-3789.13749246563,4.13006045485434e-15,-4.9740467215674e-15
-15.9257200727231,4.2754766095565,-15.8488460828362,-36.350984702843,0.000757252918899714,-0.000389585064511444,6.69927247726031,7.96027035147892,1.12145061387413e-14,-0.00318045020767009,-0.00133217034519591,0.00108750312560943,1.18582520856289e-15,1.44593964349849e-15,-5.42251955161796e-15
-16.2489147385146,12.1049573138185,-5.57324504168056,-3.22278709732881,0.000464333104827742,-0.00151691081444761,10.7301821066982,-2.42163603757547,-1.35805159751361e-15,0.00134730456361573,0.00812052236740718,0.00174841592762801,4.1809851465215e-15,-2.70020756962117e-15,2.22835911431629e-15
-13.7386019962614,0.0683755466459402,-30.7830126254731,-20.8900774248429,0.00221500534396675,-0.0016944907680072,1.13445308076827,17.308711159311,3.87679091611103e-15,-0.00330211996014794,-0.000680521600065869,-0.00273361642448686,-7.64409264208222e-15,-1.47502486533948e-15,2.48234023555405e-15
-15.1438134618765,6.84286666592053,-24.3965850900715,-18.3604783451072,0.00106020390528352,1.18220158071358e-05,11.4687860184275,14.7831994794092,1.37481699779816e-14,-0.0027272828591946,-0.000524099926784477,0.00166488594564657,-5113.91124667364,-1.90306569700417e-15,-3.9382346528604e-15
-21.9463001539674,-6.20092263216644,8.60657884892528,10.7716303076445,0.00240753353584182,0.00154689829836219,-14.7673915517238,-11.6042060137923,7.35717964410121e-15,0.00225299573435722,-0.0005460652838485,0.00248630399250038,-4.57156248625293e-15,3.2999447557668e-15,-1924.69313655198
-39.4104388876466,-13.2738970400678,16.857474385536,41.3033916870183,-0.000803453859361482,0.00367248412882346,-88.7352616873517,-0.426019565048931,-6.86074674966564e-15,0.0017271003541875,-0.00461104379706411,-0.00111846383816925,7302.99121881779,-2378.29820811083,-10837.373467874
-54.0642003722743,-12.464057040237,11.7953467111996,77.1306522726217,-0.000938458811976679,0.00483753763770918,-138.281762890349,-48.5943916765793,-1392.44441960359,0.0111230258445917,-0.008218822478048,0.00199417638509617,10460.5455783142,-3406.07975861293,-17784.5271419505
-15.3219985159802,-5.4204841336424,5.66591515173879,-8.48778374759503,-0.000205246688901007,0.00117943236189227,-9.72798198185006,-1.43590830323529,-8.01429346327515e-15,0.000500801550518826,0.00583548244010856,0.00178989129229435,1.46730084044268e-15,-6.5738420825084e-15,-9.76334548495726e-15
-9.39627490786237,3.79131224406404,-11.5381172846865,-11.257913365202,0.000235092925920139,0.000407827402803729,-0.965291496384173,8.39275941294815,2.36788603951235e-14,-0.0065207256062133,-0.000328712503445965,7.57544145529693e-06,-5.56141721002148e-15,5.48235899227624e-15,1.43638985764051e-15
-35.9017731217253,0.661881235290749,8.03286536416943,3.09599530439383,-0.00204607997589348,0.00019452761711815,-59.9767859879277,-26.9499622945385,-5.91192730253741e-16,0.00135769479416712,0.00458505129837792,0.00170384039950224,3207.35985005663,-3378.15223437999,-5592.73323372029
-50.5992515476334,-5.20389198428741,21.0564614169491,8.104803558472,-0.00223197383692643,0.00630372767299998,-127.652066769194,-17.9995166504903,8.35970644394307e-15,0.0076532809385123,-0.00901361525547928,0.00367914693812118,8103.415351142,-1185.71216738527,-15253.8682968356
-38.8596594567161,-5.08288964965161,14.2192965987444,24.1654051444554,0.000101826445803115,0.00303662052479297,-71.2388526282962,1.54240632747329,-1724.25832706013,0.00952613123613306,-0.00374649053208042,-0.00160095735016761,6329.86941276788,-3858.80724740298,-8923.09896441925
-26.4970990339639,1.42077197313691,9.96559678360526,16.3066774415419,-0.000975113970273798,0.000259970702680375,-48.302843483556,-14.0535392148724,-1.31256623433624e-14,0.00474682756956969,-0.00153605817795511,-0.000867737233600884,6.28593793004705e-15,-1219.89030821949,-5256.80669675427
-13.5423543580242,25.9517438635415,-16.5604949280197,-10.0452868567265,0.000417561531474213,-0.000109711375323934,-6.42996392806511,18.2339057655781,1.49035353027546e-14,-0.00393188976582507,0.00137226861857833,0.00132142002361634,-3554.11543343056,1.99555300054603e-15,-1.33153105212476e-15
-21.2491529956063,-5.03142760870923,-14.4977484199609,-26.3196131480911,-0.000372312508292743,0.00182811286065659,2.76921677778628,11.4420639600911,1.69545966370418e-14,0.00119627780590489,-0.000957273994646029,0.00148107575528239,4.0910900324921e-16,1.01159550561182e-15,2.85627493664309e-15
-14.3739178393293,-0.115537426756546,-5.99350254299633,-9.78347791089148,-0.000165333957245092,0.00259016266105413,4.60950241081011,40.0805509376834,7.11904895649791e-15,-0.00304299012963904,0.00367579623576559,-0.000362053804139175,7.11327771964969e-16,4.67110227576577e-15,3.52714845100336e-16
-13.3481894680009,5.065380802245,0.841107506416732,10.954529053626,0.00113288238587963,-2.88876712638515e-05,19.2290217149093,13.0844709790957,8.67637870797632e-16,-0.00760695277245888,-0.000704916897967213,0.000245281527208741,1.7196685546615e-15,3.92342856026134e-15,2.51793311378986e-15
-16.1448426177195,-4.03971682302187,-1.04789457665106,-6.16729245504841,0.00181816781364484,0.00105472965583469,1.02830011402981,-6.80106055316418,7.66769344170974e-15,-0.00578345878445936,0.00219731997806331,-0.000987809666092235,-3075.79197608646,3.26473626386098e-17,-3.91297050158501e-15
-12.7244359102309,3.06486613242283,-0.671657371022505,4.29685827125536,0.00080308950827594,-0.000955493164132574,5.01837999049645,19.2925863258008,6.63926488108534e-15,0.0016284126615101,-0.000691792338762719,0.000540257676846275,-8.15833741167328e-15,4.15520135130908e-15,-1.87597434874878e-15
-15.2474253285931,3.92494541585969,-0.720628107996169,8.70339022031477,0.00187415156367167,-0.00136265036125479,17.3564815392483,3.75369693401525,-1.39038970244864e-14,0.00383351591087729,0.0013633907968878,0.00117620679187862,2.3222301015577e-16,6.45730918758808e-15,-2.22515368514621e-15
-14.5302785020919,6.33301824382467,-3.89481308995194,-24.3605931461947,0.00111042687398415,-0.000866322391070255,10.7592306088917,37.0472161314498,-4.09497605086687e-15,0.00168475736459151,-0.000436177678196642,0.00405757597179672,-3.62429040433568e-15,-3.27357275279298e-16,-2.4404192718105e-15
-18.2366024463634,-2.85106234671479,-16.7794408564679,-10.6165469395379,0.00116213592975202,-0.000373430500938343,9.14891827335685,-7.89418143444794,1.20564732675386e-14,-0.0048767108401306,-0.000220190338175415,0.000421243475836588,-5821.56012920867,1.25400244358222e-15,6.40954204885829e-16
-13.7664639511492,0.820433357789378,2.8062044493845,-4.06719898976305,-0.000373466034225519,7.50801932668414e-05,16.3486612940562,-4.75839081211854,-5.96050438660345e-15,-0.00799751992099943,0.00134961133893939,-0.000695016916327168,-3.40911121317967e-15,-6.24740004603864e-15,-3.17762970066523e-15
-45.9303561156927,-18.8449867278243,6.54061574956841,64.5702117153164,-0.00037817318336356,-0.00857442250749143,59.2151624451597,-13.3484122692732,-5.64896034526408e-15,0.00279036008554811,-0.00613330474521459,0.00263921316846748,5575.37907102773,22363.9580317356,-4154.35732835504
-28.3625858566139,-11.2415079946744,0.335805127181758,12.1150041022611,-0.000975383088664222,-0.00313078432267298,17.5897032713553,19.2449119639406,1.85238745599924e-14,-0.00135730999495678,-0.00213388117778777,0.00301610721007495,-3.4790861963961e-15,8692.25238184967,-7.18201233077538e-15
-49.585076665889,6.93206035455614,8.9968906123299,60.5835556756903,-0.00225127429830481,-0.00794123496535618,19.0567688817766,-20.2201738358205,-1.59980393910784e-14,0.00443479835550795,-0.00262465598200199,0.00116879708468351,3633.45542936281,21391.257821631,-2100.69487337133
-40.4690241413369,-6.99985626603439,7.7327921965069,30.2928604586801,-0.00232250171470303,-0.00739444328147619,11.078999842632,-20.9553514781228,-2.07460101195507e-15,0.00333032148763394,-0.00431141997158245,0.000282699135465356,2891.48964028434,21054.7825434006,-1976.19642018929
-29.0210083443756,-13.6291491921152,-14.6454819181721,10.4527260245883,-0.00181551210415939,-0.00408610695702553,17.2056891573632,-2.52468928156133,2.91142603922348e-15,0.00395080638577857,0.000502620778824833,0.00122468984947143,1659.72385084364,6935.66390823369,-1613.3121723807
-39.8290336441505,-13.1421462889206,-3.49022723370212,15.4740598560384,-0.0018240923460254,-0.00488721970553715,47.7969335248108,-29.8557491804848,-1.65246706320491e-14,0.00300345531480241,0.000329095279570682,-0.000573602214236468,2.54421908277547e-15,12913.3183835663,2.8799348043219e-15
-27.182595451548,0.434570953192556,8.20654172036608,7.74471855872697,5.14189064103726e-05,-0.00328862036849253,11.6559955322769,50.4769396010606,1.37430800986295e-14,-0.00252682225830516,0.00154571795667124,0.000246011335678974,2156.55666469458,11453.2230229531,-2.32264367101396e-15
-34.7474208903923,0.267163157640075,15.9300618018271,6.61824435277668,-0.00136391044109607,-0.00065847209817878,5.84153507606838,-10.8705170519727,1.10142737229686e-14,0.00463085682851525,-0.0030802343991394,-0.00205817653669699,2.85022439626502e-15,12129.6854995901,-6.19053471393362e-15
-20.2646967347436,10.5758115022262,11.4627247112184,-47.5147659709789,0.00130966193325909,0.00117499244329627,-29.7014839601277,-9.39286387061319,-1.66534939551302e-14,-0.000212441233300173,-0.000765697814066554,0.00224847359640838,3.82493407810478e-15,-3.62300476563328e-15,-1845.35227087425
-14.5310206299107,-1.87632676791873,1.94894594476319,-24.8947945422127,-0.000704891490787743,0.00120079378836245,-6.86964110927672,-23.3890737644808,7.73884223376182e-15,-0.00725108504413001,0.000693607253091447,7.69767547160431e-05,-7.17569580773347e-16,-1.47381314836579e-15,-2.85712586295185e-15
-23.2712198103921,-1.2789677381213,-13.4703913327365,-22.3806210505049,0.00188497352010203,-0.000716702022698849,14.8862834530106,-5.31727647563639,-6.92802813588041e-15,-0.00722197504038755,-0.000663460935064562,-0.000901469632998858,-3536.02032177733,2177.84018732509,-3.83348050515357e-15
-16.6708963249354,-5.23583861858141,-11.6789841487974,-5.55427932700149,0.000532794775427416,0.000716306726523223,6.4560450728356,23.4085723171277,1.34554119378095e-16,-0.00398560292834136,-0.000305940192582354,-0.00154593308450688,1.25250791613507e-15,2.66082154422482e-15,-1.36092926597179e-15
-15.7103759532595,4.77508009330617,-11.5322166185384,4.95616262464136,9.85832050863927e-05,-0.00117172868764258,6.97454712065612,6.89145690478653,2.02591821268092e-15,-0.00452984513922605,-0.000846151664338888,-0.000523560378201797,2.34660670710245e-15,1.43731988509379e-15,-3.07283415655627e-15
-23.0216904596557,6.36698734942913,8.9396020333322,-40.7647112850564,0.000424673807419742,-0.00165673762254827,-12.9791939289015,-23.4246440775948,-1.50352471615861e-14,0.000192955449850387,0.00654831761400265,-0.00421357807569471,-1.79505402468169e-15,1.84857068806877e-15,6.58131674265087e-15
-13.4442886899805,15.749471254462,-0.405736799157769,-1.9920018112317,0.000110052109196834,-0.000474410058667324,-5.83908465539379,-7.86508384885636,3.55166154518865e-15,-0.00764173557392941,0.00343307353991408,0.000240708855259642,7.73879411890341e-16,1.10678451651853e-15,4.78547586745668e-15
-19.5217839250591,-5.74704061722448,5.54598486985033,2.60664689912972,0.000379877858081087,-0.00174227298318065,1.95684554114624,-19.4811482563129,-8.05139687885112e-15,0.00310014585150111,0.0067868351740682,-0.00165565785203462,4.03037132804453e-15,-4.02534711226548e-16,8.08697337933897e-15
-16.6448294697078,2.1612961982046,-19.969981155501,-11.317554960213,-0.000577221009123313,0.000243028051336871,-2.88573978459249,13.319536556412,-7.49668554500155e-15,-0.00487958267247937,0.00852882610583143,-0.000728406185562898,-6.10228639181573e-16,6.7785312517536e-16,-2.85923867862292e-15
-16.2211762315054,-3.88953907003685,-24.1670821890071,-8.89890000814078,0.0012500471169969,0.00243489994928994,0.0105438404117335,-5.62026283799996,7.0987880725373e-15,0.00324864286952834,0.00272111229334096,0.00153417635980308,3.63909689676589e-15,-5.24936557917377e-16,-5.2871512564378e-15
-18.7692803099058,6.90116646049616,-17.5139943601633,-2.23594544480436,-0.000326120689523088,-0.00291495958117421,13.5595217162053,24.4959074442873,2.42190241378195e-15,0.000574383541047199,-0.00218924667265989,-0.000259355844155205,2.09852733099427e-15,7.3316389185612e-15,1.88884015781311e-15
-16.6592339339855,9.03860102529834,1.12865190822385,-60.2343799180031,-0.00103190744360394,-0.00141592984214279,-7.13455309690219,-7.21318017345863,-6.27176730713552e-15,0.00157106911592151,0.000864155262197309,-0.00401722410462034,-1.28855703917185e-15,-1.58711962465428e-15,-1.90801148596461e-15
-14.0585201721178,-2.83490363934702,-0.3599810520552,-43.457541757287,0.00016879269909455,0.000476480589825111,-17.7572076116118,19.0982224678237,6.21047430757997e-15,0.000560355398904828,-0.000306240583460664,0.000609553564412994,-2.11904980478723e-15,-8.09612566830909e-16,-1496.78001609497
-17.8081223011648,0.212263078432646,-11.5898342322896,-40.9403671153531,0.0011806211814885,-0.000711016284012984,4.24346517337654,23.5557994132978,1.56228412729323e-14,-0.0061102054819155,0.0067198892429345,0.00057315856429649,-3.50801935427564e-15,-2.29873234569282e-15,7.4512055542406e-15
-28.6355834914358,-3.6157560633016,9.45821458579405,6.89043352731291,-0.00176923025996109,0.00782563671301273,53.8163727563124,-13.9206627772908,1984.69967671625,-0.00525750455633213,-0.00172736860334192,-0.00236619947360663,1.60698645202556e-15,-1.95549258559552e-15,-2.30196516811239e-15
-50.0071250876219,-22.4727831477442,24.6737375065947,66.0820765056985,-0.00102178828419812,0.0109174696829895,121.483701725004,-13.4483568734762,-1304.6738832577,0.00831237855478352,-0.00487260665747625,2.31655236409577e-05,-2887.01056793118,-3.96045271375576e-15,-7.4976523288172e-15
-50.0876411816114,1.46422097238063,22.2447745902092,6.0062066714466,-0.00130590098651758,0.0144202013908429,107.30254585127,-15.4956283506471,-1.05667093261887e-14,0.005250949067432,-0.00664433320895331,-0.00350908123830957,2.67999516677727e-15,1.64222457721278e-15,1475.59170564461
-33.4434922720391,17.2632355912072,14.0556567706543,10.9609900678987,-0.00018695632792167,0.00741616773894589,49.1783134738305,15.1392510157929,6.19064437262731e-15,0.000849423328521199,0.00336404102668832,-0.00371205139187714,1.08695112950738e-15,-1.82390955258043e-15,1612.73739095331
-45.2541282904096,8.98326742132564,12.1128035340677,7.08615471447925,-0.00187669083039187,0.0150953416568612,130.184233859744,38.0716335583314,1.73843287807228e-15,0.00547869290755766,-0.00268577911329065,0.000532091930626827,-3.88799378731043e-15,2.4413243330826e-15,2624.95600522779
-30.52372851056,0.140763516738326,10.5914193759233,7.87781191847141,0.00204037025139643,0.00362055523453003,24.7986234171917,-26.2585404109272,-5.68386962137342e-15,-0.00892740625519953,-0.00372531791113068,0.00155971884223533,-1.77921395184298e-15,-5.89066811342414e-15,-6.2860468934908e-15
-38.5763960223985,3.42294116698048,9.72869063215436,38.4876059528086,-0.00166840367182219,0.0125676129295814,98.8327070214182,16.7136119376073,-2.12975800651206e-14,-0.00262803503938495,-0.00441085887737176,-0.00100151412500988,-1.53701127815902e-16,2876.48517258713,-2.06458928116748e-15
-37.1613539662896,-9.07787644131375,9.74995851983344,59.4641327095693,-0.000267674890085908,0.00876821257072701,74.0458331503832,-41.3971933177321,-8.97401848116134e-15,-7.94427052401168e-05,-0.00106268804959452,-0.000423475317932218,-1.6635848474918e-15,-2480.66549843813,4.94843054268089e-15
-32.1954936619265,10.2833299813257,8.09884899641878,-1.25311653232619,-0.0011719552816883,0.0111146005795367,71.3933439326242,-16.0681481123345,2.39307134259497e-14,-0.00360014672861233,0.00106234123433949,-0.000257350370341124,3.24175365492929e-15,-1.98927650710907e-15,6.60217846388714e-15
-40.3384582333193,-3.16065506864413,2.79556027859087,-18.7053623919877,-0.00103916149573767,0.0136499462279804,116.718058636446,-28.8304940575696,-4.96175341851882e-15,0.00844619050210531,-0.00354963012953626,0.0019993075946755,4.62979111776299e-15,-5.76776339563131e-16,6.73537247066362e-15
-31.9922073964286,-7.85350453296872,1.89415762536712,30.8868357204737,-0.00155830028448819,0.00834417699423676,81.232478266819,-28.546221259368,-3.30497797789657e-16,-0.00687932020693566,-0.00437977544878127,-0.000599494252100309,5.35259181045147e-15,3107.48931260927,3.11039498200612e-15
-34.0796617753027,14.8999416221462,4.45277750238836,-13.6921018883836,-0.0020774352588263,0.00942830501976572,63.2076144060509,-31.942133107062,1.87404405488532e-14,0.00195184382148584,-0.00517110671003917,0.002140656304672,1.11310277344583e-15,4485.0709658961,1.84442665500927e-15
-39.0951157327033,-7.56713700565713,-0.302291841329285,36.7259186247061,0.000258427340132423,0.0135637575497132,135.297201761755,-7.13852784623029,-2.31331115689546e-14,0.00372441360975951,-0.00388658947158189,0.00012138998447065,2.13635458015833e-15,1.9874958524561e-15,-1.38667220741086e-15
-29.5590358212159,8.1700272954335,-8.26842086847884,-31.4490775743005,0.00119680238147339,0.00788832586777371,73.842416016977,-15.7704226382344,-6.57782900266964e-16,0.000733128698369678,-0.00407204987843419,-0.00147735577203592,6.72300721534171e-15,3.37877564898341e-15,2.73780429121876e-15
-26.8764363538121,0.0801436777063588,3.25735793260662,-58.4639889144759,0.000496533651005852,0.00443212579762768,34.0123855833232,21.8758282291367,-1.52874220370476e-16,6.35355242327447e-05,0.00219708352969535,-0.00233387368252309,5.13367725941979e-15,5.11335493957644e-15,-1.14983443640467e-15
-13.3769076880657,-0.81028102162364,-6.86959824596861,-27.4587827135787,0.000419125466190299,0.00132633473209773,7.46463115052987,42.9622334936803,-1.3678425550331e-15,-0.00320218316778769,0.0029890121364371,-0.00439069825767805,1.61142045811643e-15,4.64485614891124e-15,3.35624756285706e-15
-17.6737587282914,-3.67690313918476,-11.5585409867136,-1.8397795483179,0.000918908965882895,-0.0017542810745039,12.730149717085,9.70999900233764,-1.21227531638386e-14,-0.00828252888519546,-0.00165725244133552,-0.000627871487906824,1.82099707946428e-15,1.51945327616188e-15,-4.00627977875296e-15
-21.4597081407716,13.0006131715185,6.33739346767219,19.9640092258039,0.000462446549494238,-0.000770807408732359,-9.1206340133524,-3.28092476966887,1.67964617567373e-14,-0.00887345019182428,0.00100663365368488,0.00130256122673191,2.09543353711159e-15,-3.31622232528276e-15,3.19848254614246e-15
-23.5709681858228,-5.36459544576923,5.03888742025955,-50.6960043121756,0.000572889413742457,-0.000166801219722121,-1.33104525717022,-8.04336860097245,-1.34280949695735e-14,-0.000670747230150921,0.00778616417088121,0.00193487751768099,4.6155884008999e-15,1.6224773823398e-15,-1.77133029883732e-15
-19.624883617393,3.33011701007015,-0.767231299709367,-33.8539508464565,0.00272203448295022,-0.000477340165800591,1.22063348964059,-15.0845927768073,7.70815036683372e-15,-0.000406701691863866,0.00544356129274042,-0.00112816309299379,2.34930925984481e-16,-7.26067667164722e-17,3.99692440950624e-15
-11.9222910373271,0.0377685553713988,-3.35802989256845,-27.9694443519497,-0.000148725926741095,0.000883375680688038,-5.98020521127378,14.5151155622485,1.80968364172069e-14,-0.00252471687750971,0.00465621306096364,-0.00269770088680753,-2.93022656587154e-15,-5.25225718485952e-16,7.25836854847325e-15
-8.57716562717011,-4.27595268375891,-7.88106034207613,-5.39324624990096,-0.000543447044964688,-1.41452958729643e-05,3.61319749764104,6.59650805339962,1.92523584459002e-15,-0.00331040648542436,-0.000958437620425812,-0.00154251900825067,5.82167646267818e-16,-1.81237170178625e-15,-7.04588063446538e-15
-18.6411074538992,-4.46233657971996,-2.35096308809285,-11.5154427279048,0.000613681696895597,0.00011437649400691,-8.42501079255585,-0.642441050232613,4.85165780014333e-15,0.000262508626173917,-0.00279138632090742,-0.00231766805648481,2.83662723233419e-15,4.20674267459899e-15,3.9945390553364e-15
-15.121075410978,9.09503526791148,-12.7827210862089,3.38800527864718,0.000864152038452924,-0.000258689855568592,-6.75046449892339,4.98858812204733,-7.74210158331902e-15,0.00080628040846405,-0.000902975574055423,-0.00123648282308644,-7.18819307942109e-15,1.26972863283543e-15,-9.19692978507556e-16
-10.3857357936569,-2.55669558769533,-9.91548154888889,-3.27576658767812,-9.34532693408824e-05,-0.000126164714859874,-3.44284000511437,5.39842018723358,-1.07224326308291e-15,-0.00024791986167604,0.0073243698118234,-0.00104506774478229,-4.60706339399505e-15,-2.32708825113199e-15,-4.34105253068024e-16
-15.9297282725018,0.74754423693544,-11.9621522872565,-3.33546536259478,0.000789991821330132,-0.000752815683933441,1.91512448769918,18.1306080207269,-3.66015383924692e-15,0.0017376402825796,-6.53166850505382e-05,-0.00101195759746318,-4.89330583493327e-15,3330.88759789772,5.37633392563868e-15
-14.5081192489223,10.4563958868706,-1.34140009899209,-1.82733561287753,0.00168520053962498,-0.000373563539844369,12.3379942720567,-5.34932064167157,1644.83089866568,-0.00484715415248862,-0.000997901618891039,0.000926059869349727,-7.57310830808536e-16,-4.060192609052e-15,-4.0414170377746e-15
-14.2132463731346,-4.41639646460797,-14.3320792624235,5.05171604930228,0.000386238401504956,-0.000147032032643378,0.491222499290879,53.7729851180571,1.58183456549857e-14,-0.00089951747822869,-0.000976612934707635,-0.00103390070383255,3.011685337405e-16,7.03630691642135e-15,-7.32995662413012e-15
-18.8978731134736,2.85046154064263,-12.8655336527605,-15.1779934253604,-0.000261030995997865,0.000578970253296467,4.75112753335463,-15.5526648360018,1.08884228465439e-14,-0.00345059324906051,0.00439339686675114,-0.00145779719536765,-6.67572163533331e-15,1.60980796784465e-15,4.08580326346107e-16
-22.3504744121314,8.92094599114156,-193.174333197973,-25.4372176149594,0.00103545659178454,-0.000279478897460703,-1.67720947390698,2.59360445095222,8.77809473291732e-15,0.000302749604795968,0.000907560189927428,-0.000458376431036739,-3.88271839066113e-15,3.93185841786258e-15,3.06107566128412e-15
-17.1155223886372,29.4677166701181,-75.6961882414196,-40.3543977846909,-0.00049296867134273,-0.000900751806151267,5.51477313439175,7.1434946672787,6.37644940160922e-15,-0.00406431550340512,-0.001548054458412,0.000634636859298359,-6.37897406060805e-15,3.80735054605447e-15,1.89855373680681e-15
-22.2193616458105,-5.98723556859829,-158.449898481327,8.14870525935307,0.000495648803135745,0.000334876598457082,-10.1431827958872,24.2456099704285,8.86828780148139e-15,-0.00371487889546554,-0.00127889989746743,0.00140934081340671,-3939.24912821165,-3.7356010544796e-15,-1.4883390800766e-15
-20.8834040276053,-8.60031710643141,6.81564460050887,17.138476033186,-0.00015790048508414,1.70344557867514e-05,0.160968444796731,17.2162798754841,9.56315830078523e-15,0.00169010710485282,0.000120919208217011,0.000131494459575694,-3827.43338597484,-5.70018801484413e-15,5.51356147503914e-15
-33.4375986453536,0.724522286101628,-366.289194790972,-21.3939786481041,0.00251149708302797,0.000398389422396896,-12.7047761858474,-18.8469106939804,-1.29334354064329e-14,-0.00530782806462172,0.00463257840237293,-0.00274817485613428,2.84528539899885e-15,-2150.46539946479,-3031.188741128
-28.4061846106741,-8.94320450044073,-423.960788327785,-18.6469844399135,0.00155065719096396,-0.000586007668413558,2.02983057312453,-14.2076274996891,-8.83669972257898e-15,-0.00385814456835526,0.00471103797593309,-0.000441220390610249,1.86920616804844e-15,-3.53093780117993e-15,2.09670743657251e-15
-21.2337964341885,-4.01012643128146,-190.582049306756,-11.8206523669857,-9.54273449854586e-05,-0.00122140399057263,-9.33206868791511,33.9855485651737,-3.48295443117747e-15,-0.00889024644209465,0.00717235161060218,-0.00114440044416418,-4.24977167190763e-15,2717.40295182573,-3.26606593698637e-15
-36.1239718888657,10.2591655367625,-335.757380887555,2.878826286237,0.00270639808160787,-0.000683496679540767,5.41808384963164,-14.1120487473789,-5.17013340422166e-15,0.00187281020474644,-0.00490956032287362,-0.000640219764180889,4.66915707720023e-15,1.9820747805382e-15,4.52534153934865e-15
-25.0067902195369,-1.47396196575464,-137.303992097321,-22.4474323231548,0.00175194171867852,-0.000312604474229592,9.78166674595772,-0.513402783204771,2.37208259832527e-15,-0.00855323117510287,0.00386639571114641,0.00240394061002932,-1.95348359921596e-15,6.68510355111731e-15,-1.80181055844102e-15
-22.6014258644411,2.09231994986505,-147.31278557121,-74.4628853129137,-0.000149163656958738,-0.00161563290997181,-3.22057913254597,-5.13782766674686,1.05297021828385e-15,-0.00509679851150892,0.000990705474091696,-0.00199142182501125,-1.35258763963115e-15,-4.31711981709574e-15,-1.97641120272661e-15
-19.9702745620225,-0.401918289611246,-241.083540751729,-27.9784787866873,0.000995578800150056,0.000151149107367497,-0.149554017086715,3.47924103916185,1.35259817680886e-14,0.000533575418089995,0.00326744819499583,-0.0012230819579489,-3.70581332847363e-15,2.50553243768038e-15,1.03630265443199e-15
-28.6372948381386,3.75891930515726,-262.82455359394,-0.976448843719927,0.00104414551472619,-0.000215114928533669,-6.93425707014833,4.68311898372891,-1.28866279281423e-14,-0.00241689951936766,0.00564968232504647,-4.88284633169271e-05,1.05200146140552e-16,-9.53243491662705e-15,-3.49248628247768e-16
-15.1776092279746,-1.32470737219965,-134.375997305987,1.92683809625098,0.00101489156084129,-0.000137966920183403,-3.50860241339796,36.1514839976628,4.14633503626038e-15,-0.00843687547282544,-0.00115079017397166,0.000717487001645192,-3099.45831585293,8.45036479229827e-18,1.61751137301714e-15
-18.8666818660302,1.66148293205824,-209.222460895658,7.71339185045804,0.000733653572883231,0.000520962549261796,-11.103282049203,44.5038069274484,9.90048732621967e-15,-0.00237304240602651,0.00351280076871598,0.000972621992170547,-1.76120170394361e-15,-9.85559705317196e-16,1632.13885014109
-30.6231186919759,7.55084546066049,-196.657426923517,8.82784230063495,0.000227042408510613,0.00120815719128928,-3.07964355432992,13.4208308278598,2.37577307311832e-14,-0.00187043859418971,0.00194854507670821,0.00155062808036349,2.12021252628031e-15,-2.31478518330293e-15,-1547.35231407502
-23.1581390939172,2.52327612552897,-236.522590639833,0.730601870982788,0.00116949099180567,-0.000770624085264343,7.3319575081484,2.16358777552485,-2.48015245537659e-15,-0.00336138606711591,-0.000113025933043622,0.0013636677538515,-3.38140703201102e-15,4.08041351006297e-15,6.58843912691654e-16
-17.8912093905353,6.13496912679846,-163.659600860059,-6.43353167921597,0.000918589298744447,-0.000179201515808072,-1.40860955695718,3.0110665258938,1.20494631623869e-14,0.00330552140885416,0.000553436319514747,0.000426166739514198,1.28264829203622e-15,1.07529324213322e-15,-1.23209281828583e-15
-15.0762514882751,-2.22258744116127,-12.0448844925256,-23.7244308326928,0.000112220391969917,-0.00109739347764569,-3.97079000401042,-3.29588818999939,2.95474365767273e-15,0.000152668943862963,0.00515333823219869,-0.000751522505911654,2.35632045182408e-15,-7.75733462669157e-15,-8.85116822004005e-15
-15.0963712066842,14.9192926584019,8.47185035574434,-21.6127417597761,0.000431282651333214,-0.000391705307915833,-7.50339687412943,15.7817277650531,-7.81480513717461e-15,-0.010093204263971,0.000616403217306858,-0.000474707933083531,7.47218645342401e-16,3.9683423171429e-15,9.2687768750867e-16
-15.6412127329948,-0.57680672715886,-8.64702258214634,-16.3190075072455,0.000442886907679467,-0.000737796136160262,1.84710884452791,28.7369135777137,2.37411590049327e-15,0.000264720191801111,0.00732884889490128,-0.000369159357441,1.29833913183869e-15,-8.65781752489195e-15,-1.04509666801371e-15
-12.1244303945438,26.2483961407864,2.9050411126407,-11.9259759047463,-0.000105736000242031,0.000314400373151822,1.24784189143138,21.7706624790839,5.89512019273105e-15,-0.00541901387940481,-0.00174442415370507,-0.000108642917287935,-6.81122382952937e-15,-2.05030797899698e-15,1.98411664054324e-15
-14.1456184213554,11.8312440643808,0.237613509763049,15.6752259040972,0.00255370189298604,0.00177369105648955,15.2650792624719,-6.84186766493656,6.22252798110248e-15,-0.0021596559267478,0.00455219396199076,5.47023065502547e-05,1.7750758846179e-15,3.74030373692291e-15,3.16955892129297e-16
-19.474495275746,18.2399160808547,2.82361224586869,-9.21299069662935,0.000207062243594349,0.00165636142187781,13.9515396689146,26.6606381149207,-2.89575572114977e-15,-0.00262557243886954,0.00497089977662733,-0.000214573273163831,1.39622271480598e-15,-7.02272483813092e-15,-1.85782105385893e-15
-13.9732775147342,9.61007211855541,4.3367665753633,-32.1453287803724,0.000407943781598956,0.00160950400766766,10.6669406933161,26.0151538139784,-1.26723166084395e-14,0.00160264460582011,0.00485604206913255,-0.000566832006132642,2.07839588679729e-16,-6.57300406482195e-15,-2.3940446371105e-15
-17.3159881952797,12.6136337904737,-33.4184838688353,-38.7663943288528,0.000943756908427333,-0.00100118013072503,-5.55981336029902,9.4622835948902,1.55798574087983e-15,-0.00609040624617493,0.000128497475952859,-0.00133176512953018,1.06064631687037e-15,2186.66556627046,7.67967629885769e-15
-25.1457154918984,6.23631020437581,5.73365137012074,12.8756398463265,0.0129050656673192,-0.00275155577902529,43.2105165150126,10.9055489775667,9.05513746775652e-15,0.00306077253640738,0.00127316440091049,-0.00133433888375797,3.46487874440781e-15,-2.53636158542368e-15,1.03616348963094e-16
-37.9605939917231,4.81184327813461,-7.96407544925087,6.75762484111949,0.0129932151816839,-0.00109234881988832,46.9347109661686,-22.5973292080234,-1344.68616155641,0.00287879363330255,0.00360620504508607,0.000605821981022659,2.47792449356511e-15,6.42209288136894e-15,2041.26195465967
-27.8835045237046,-4.11095319100887,2.72650573754597,16.8358034134355,0.0162394559945812,-0.00453659068123021,68.1902623393756,-26.9375752232911,-4.5305061526687e-17,-0.00221969195221355,0.000981711443206771,-0.000639289453831097,3.9635417299542e-15,1.81752906061767e-15,-1.51642407400783e-15
-30.2500338681377,-5.60637657329124,-26.1293870432943,39.5646812416911,0.0141451849052737,-0.00455835799909416,54.9312890995146,13.4377293312902,1600.01949453736,-0.000218453072524425,-0.00309140591790063,0.000132512228812679,-1.7725461981415e-15,-2546.89739770731,-3.25512257616797e-15
-30.4217692289765,-1.52041257726327,-0.685950432295278,-43.8197068593573,0.016884523965901,-0.000668059561821118,48.8933986115483,35.1131727401409,1.21327415896333e-14,0.00293148559908577,0.000611018290449061,-0.000999795400028248,8.33355149184375e-16,-1.80350914895354e-15,-1.97839834866239e-15
-34.2105080783937,-3.64959499069415,6.68847878194334,31.8273820368307,0.024348543950968,-0.00669829217973693,95.7789021264824,-15.2226605821893,1.06063253988032e-14,-0.00126547239981609,-0.00543634978877169,0.00122444508237955,3.60381724416743e-15,-2.87092088263038e-15,8.47056378294916e-16
-28.7975966232424,10.1113545285451,-7.65252108100678,2.56100409104249,0.00882189901179937,-0.00148550775943549,31.7830683317179,9.07848487749201,8.39154634651264e-15,0.00180514935003895,0.000259523651769197,0.000773775041202272,1.54145997106749e-15,1.8664679285329e-15,-7.68290366367957e-15
-14.5499941686929,3.26645964879232,-4.94677126103595,-13.6513523504368,0.00246250756266101,0.000457719752415606,12.7124029222996,4.85697879615818,1.50709983405725e-15,-0.0104000432578072,-0.00075735741858836,-0.00330553853078131,1.92378639432794e-15,-2.818553215716e-16,-4.57305956122539e-15
-31.3053319189563,1.63721606261567,-4.33287766692391,-35.516321936988,0.0175573458123208,-0.00207814481293416,40.2506866706986,26.3733235659707,1.03021014085311e-14,-0.000365187751014527,0.00194525897252341,0.00144836076691266,5.54425011117341e-15,-4.29850541997763e-15,1.01915959469758e-15
-32.4147139669637,1.66138916178751,4.3402331980814,10.5455234626077,0.0217654696588657,-0.00414294763988692,61.7598232201462,-10.982321079498,-9.44237114901994e-15,-0.00415291356308696,-0.00238831465695721,-0.000574135454888955,9.47831534675755e-16,4.37108085579991e-15,1.0580057859057e-14
-36.9337428026149,-11.1526448364473,13.9486407876568,25.8661675227708,0.0323410265359123,-0.00542638164343717,87.9249788026918,-22.6222320895033,-7.57846277372029e-15,0.00240186578606258,-0.00060824318103401,0.00202576231964932,-2.47396399061017e-15,1.51590592904523e-16,4.34343312596725e-15
-37.3869730821158,-7.53844321023643,15.4316418568235,-16.4481329194787,0.0102658241025002,-0.000869454779189797,-8.41097335473832,-12.2119111883122,-8.39349396972384e-15,0.00501684524662506,0.0648391773695411,-0.00190043485297835,-4.89343213536388e-15,-4.57612387546954e-15,3.65524868701428e-15
-20.6373222138501,14.3505655653398,6.31133580242567,15.7755734169256,0.00107960535541294,0.00033203877539413,-15.3041623726779,-21.4410356488938,-2.84169225189288e-15,-0.000286047779178343,0.0317808329426785,-0.000310760883124957,8.5679849628883e-16,-3.70042108572527e-15,2441.99958329209
-19.0553198215088,-0.899096957651997,-1.02968621019826,-24.1669608469459,0.000547008275070716,0.000200390457355682,-1.13592537815717,17.3967275183754,1.57280268875064e-15,-0.000657157960260253,0.0278858584774097,0.000614994073033863,6.64713334203572e-16,-5.88704203517561e-15,3.49548250977572e-15
-28.8672590833431,-5.08696524646172,-7.05035414020537,10.547397939056,-0.000705289972515311,0.00272514936685541,-57.6033707777069,-37.525610498381,-1.68028288988629e-14,-0.00524329707208055,0.0545451432453472,-0.00253117136122086,-2.99917438054675e-15,-7.3102022012191e-16,-7.07580801778854e-15
-30.0439349115835,-2.88549145070406,20.5169358183378,-3.07661155260806,-0.00122574545104477,0.00324491299597045,-58.7060549726552,1.68231650830607,-1.3671462272629e-14,0.0024080042937455,0.0507783231280131,0.000732511233589585,4.57079319963173e-15,-5.57104087505975e-15,1693.32676158526
-25.3633978128361,10.2648733831947,-25.4889422168514,-11.7245072127414,-0.000736708601351328,-0.000220379171477567,-24.1952561154884,1.11435487847639,1.90870422276751e-14,-0.00137004445788453,0.0433295561175459,0.00137373607177603,-1.61281247808521e-15,5.4299063684257e-15,2.58217858291836e-16
-38.4728443619116,11.0084471069668,-3.57797819797714,22.8135943372971,-0.000999177055747575,0.000797247542315892,-33.1542996286181,-22.2958706164518,-1.26242807975881e-15,0.000114012833109669,0.06055198007917,-0.000470946591200543,5.8588646471347e-16,-1.72834327741709e-15,7.01685082889305e-15
-37.1318902058154,0.403306353813532,-3.91231236802192,4.9986563628224,-0.00129496498714242,0.00216410796531225,-81.0365761699145,-1.5996039842609,1.6221146597003e-15,0.00331221922903273,0.0728251289867941,0.000516204179214321,1.9151082838896e-15,1.68660556274464e-15,-1.30831176118732e-15
-15.0037696994416,-2.26471878012195,-11.1257987800057,-42.5007245085101,0.00088879754336232,0.000551181708042384,2.164010876057,-7.86620158476961,-9.03689326533593e-15,-0.000978963799979348,0.000696218487889481,-0.00128592715502224,-6.69352930244624e-16,-5.10751613105132e-17,-6.14185333971972e-15
-12.1100801217923,-1.60599443188785,-0.512836257858792,-45.5548895590445,-0.000187305687033983,0.00205165215105324,-0.515053062412139,24.5478643921884,1.78840552056595e-14,-0.00109304287865669,0.00256076509119841,0.000146853860405207,4.12207778337007e-16,1.91635285890005e-15,-7.78254064592312e-15
-13.0587215018633,4.16503212868942,-14.5532762678356,2.14783696709127,0.00154841324266985,0.00136195511849299,1.02511011976968,16.7842259492224,1.3084511988814e-14,-0.00228750206910516,0.000542862788508249,-0.00186389560631358,-5.02390183987814e-15,-2.99495805723141e-15,-2.57851826513726e-15
-13.6709476322775,1.4381214082823,-2.0808099058325,8.58754847676257,0.00262536225220966,-8.03530841050442e-05,5.62256665718206,3.75013409910015,1.13747178675035e-14,-0.012312901000133,0.00272908884113754,0.00064089090189348,-3.5644947035513e-15,1.02469596044512e-16,5.1436679080113e-15
-9.86905324785526,2.66480211415758,2.55437278696022,-23.3816556833378,0.000247017042686955,0.000248631789285832,0.906562745780855,31.4781014462904,1363.27090117317,-0.00872055454224144,-0.00134866390006663,0.000121452390501992,-7.32512961259075e-16,2.5757087619536e-16,-4.69617376072865e-15
-14.0211264760168,-4.4494239952562,1.24558937416888,11.005760470941,0.00125225929786327,-0.00200886395115475,6.52579709516629,-2.8917307960104,-6.12169256921658e-15,-0.0147493752476264,0.000111796698465136,0.000435878722800447,1.31971082207011e-15,4.34180962320561e-15,1.39805889618635e-15
-19.0724020159981,25.5130639564569,-17.7679818830068,-43.3789892739999,0.00107279165166554,-0.00140478022739471,5.48778754799146,-11.7120493190666,1744.47445482563,0.00145488164138542,0.0026383225858333,0.00184561280441677,-3.17183227124943e-15,4429.84722618673,4.43649967852925e-15
-17.3829000490118,4.19874326985649,1.38219468654354,25.7165222888299,0.000848539011236865,0.000961772030219514,-9.4504373188151,-12.7239541184546,1.46396439511661e-14,-0.0127225044873896,0.00248765294536771,-0.000260335755978419,-8.08652241830397e-15,-3.34404588559709e-15,2.91358030638421e-15
-13.7818325292442,-2.04246305033929,4.69255055827993,2.23319127178898,0.00144975161424365,-0.0014333995647072,2.82820291487048,-4.8707099384019,-9.92373004244025e-16,-0.000267537001358728,0.00214509826374431,1.08999459183313e-05,1.50671599288177e-15,-5.19728074902578e-15,2.39543008171294e-16
-20.5791326305774,20.5554002989358,5.52836169555423,22.875978671596,0.00159250916896133,0.0014104127445863,-14.1270437693691,-18.6344888153532,-1.16546480965142e-14,-0.0040498671512927,0.00462769609558188,3.8691640893606e-05,-6.41254314102706e-15,-7.26090955589317e-15,-1730.29912764903
-19.4736611604612,-9.21691948172171,-7.94455175177794,-60.1774283965166,-0.000504286960781278,-0.00313357454734384,18.2513608163224,52.6589396443077,1.17912108451584e-14,-0.000119199680258086,0.0014547962798867,-0.00644968754651389,3.36640968328435e-15,-3.31437981232147e-16,-2015.21491341254
-15.2104980963055,-1.33372783783312,0.263787506392388,15.514888460682,0.0016779826556073,-0.0002930365992015,-2.23740616864227,9.57984567017741,-5.23358507935765e-15,-0.000147470573145569,-0.000480731825465905,-5.17884744083829e-05,-3.924263122428e-15,-2.88191096174096e-15,-9.56681292447798e-15
-14.718021106495,7.60090098441038,10.795703576097,-13.5164259087766,0.000908506689910591,-0.00167742877464206,-0.651483059722481,17.2143328726418,9.71823692021194e-15,-0.00113116540331017,0.00191195673205648,-0.00411820692628243,7.98943950120087e-16,-4.931585321731e-15,-4.1435896257098e-15
-32.9619702360065,1.76765449048564,1.0755592544576,-0.813307220021696,-0.000705310521804468,-0.0129753724493307,135.390911131824,-9.43514396703343,-2.23806148601565e-14,0.00103431635630291,-0.00497168398878974,0.00139631374500497,6.7377584699366e-16,-6507.49886031205,-3.61598661515134e-15
-44.9078391128279,-12.1572872764938,3.35662628555076,34.8820295114118,-0.00204846727991184,-0.0149952132545765,173.558504587708,-35.5548558995197,1.35500884174019e-14,-0.00815689404618968,0.000729074781840027,-0.00161754115328553,3853.11592236045,-9138.39502006007,5.73249568725888e-15
-35.9117449467978,-7.42845145898358,9.29489193329349,33.0517796530238,-0.0011611895648068,-0.0108817329481023,144.886065802758,-16.8285599460352,-1.82182008072632e-15,0.00665028139966139,-0.00486344474815309,-2.13810636679839e-06,-6.14665185611705e-15,-9050.80585433049,2.02144513508695e-15
-46.2602632043492,-17.3355057150402,-5.95713608132308,31.5129921129268,-0.00135133048630758,-0.0132906189405154,104.332548508994,0.83296536214003,-1.91354377715194e-14,0.00941081294658359,0.00329345809189006,0.00199888131074526,5.49241968284998e-15,-8141.16426628259,-5.79802416720684e-15
-38.0471229162692,-8.48989962068448,9.1199492234577,47.0822583084808,-0.00103409671604438,-0.0196534085828622,182.424785138498,-0.373959219135595,-6.03547969593041e-15,0.00346482120165756,-0.00413046205354277,0.00109303149915785,3.34371324930045e-15,-10437.8929583487,1378.4538362035
-40.5032407948264,-9.61031449976477,17.1879154888238,-47.2409954452041,-0.00199755187154538,-0.0131247831525731,126.296908312154,-35.7194037528466,-7.06783307593771e-15,0.00697278498717154,0.00109418207907289,-0.00240582942660737,1.26167227001243e-15,-9382.49959712772,-6.71866004794736e-16
-53.8748754764419,-11.9351456169691,-17.6810368332806,37.8832965809755,-0.00225467957631122,-0.0267336322625641,271.81627382244,-97.9846501564303,3.11294646348288e-15,-0.000775193963922045,-0.0103797558216741,0.00185609880789164,-8.59542978946266e-18,-23410.6437574147,-7.12102564079175e-16
-44.1756848261645,-12.5521124930862,17.1595068725457,34.2404177193046,-0.00205010621630092,-0.0165959018687284,146.333737484673,5.05857074472932,-1.58109365832136e-14,0.006354227529668,-0.00678635329959589,-0.00175951613812713,-3463.35249737809,-8263.552965774,9.14040642450296e-17
-20.685134856427,3.04960267086346,-11.9784629382441,10.9859852853545,-0.000391604984162192,-0.00469107437170117,50.668186511239,5.518935148025,-7.50593502408113e-15,0.00132987123540591,-0.00166386538827413,-0.000115473807445342,1.45303560662173e-15,-8.26744614574844e-15,4.26993717551858e-15
-44.9346351736776,1.0180928968514,7.98291787941456,18.9174854046981,-0.000566608777064446,-0.00783577266831766,81.7454033965088,524.070000617589,3.29528853980256e-15,0.0061970111779197,-0.00417797127043564,-0.000905054859826458,-3743.74990486515,-8012.20461132457,-6.0892949309826e-15
-21.7606808368787,1.89322325210991,1.19326947192073,-0.984440520502046,-0.000737257538438047,-0.00169713939792163,33.8033481815204,250.555175972106,-3.2902836884801e-16,0.00163754229430261,0.00112568460628638,0.000934354482377718,1.14899027532786e-15,5.62088919655198e-15,-3.459375129933e-15
-37.1593352404351,-11.4535438146279,-15.1181327801031,23.082730447958,9.32105277001016e-05,-0.00961120637754372,97.6135292072726,165.587298135855,1.92925478801657e-16,0.00534579024800377,0.00189885485087958,0.00189790928910813,1.17156918234388e-15,-6321.51046566789,-7.23002947161109e-15
-30.1093521745674,-1.04290303765257,-0.844914493138504,-5.1836240862171,0.0052735788132161,-0.00115704970791839,-6.24773744298007,555.721966582541,-1.31164187118627e-15,-0.00564195351355997,0.00461305180078692,0.00136391933417146,-9.50447442104947e-17,2.21580317494224e-15,7.09717708752756e-15
-22.2216760597562,4.57605009333242,-3.80460179022492,-49.0569461434558,0.00021816777284175,0.00180439370756392,4.57312094426213,362.117881124138,-1.41377371306749e-14,-0.00540170579930723,-0.0003695655761698,-0.00156770943426516,1.83418402006138e-15,-5.32891329899576e-16,-2.57690662189072e-15
-19.688419341836,5.52063672284953,-47.460033167818,-15.7135996680218,0.00205079761561425,-0.00019927694386401,-1.49965108287711,275.365603806181,-1.06760261268352e-14,-0.00165799805147812,-0.00032969044335366,-0.0024537620434985,1.82744345977191e-15,4.89737424075818e-15,-8.98760316225959e-16
-19.1524051367486,4.79804240971871,-1.29854653920105,-8.50201987252106,-0.000719019819729689,0.000852630735468731,0.290256269931747,423.588032006933,-3.26939825581442e-15,-0.00375723562882071,0.00208429266797847,0.00151710853841509,-2.78271821042545e-15,2.87882690298083e-15,-2.12592097691896e-17
-26.8690623933696,-2.93976526208778,4.56915339451746,17.5496964727405,0.00199354454663845,0.00284849038876505,-5.16548335058626,517.433350352987,-6.13140670705569e-15,-0.00177764343123126,0.00219641693688367,0.000853594191437343,3.6801284791834e-15,-1.77574069446881e-15,3.61336939288847e-16
-29.8306004116046,1.41734603985818,6.24867543067241,-9.49420549050932,-0.000513580296265661,0.00190977205966975,-6.75251888761541,467.63177351043,-5.79701646295429e-15,0.00172623342926185,0.00778059575849279,0.000649397870906876,-1.77027209409491e-15,-1.5393534355211e-15,-1.73318304796413e-15
-21.338657546622,-4.89382970686848,-9.77467720639753,10.325799978278,0.00248632927453148,-0.000335190324977404,3.49440189348181,370.256106635884,1.09818243045724e-14,-0.00688295081850862,0.00107226724143452,7.64147651184548e-05,-5.1054530381585e-15,6.8183074626498e-15,5.31380492784715e-15
-24.0724735187803,1.84895714764087,0.221503366541861,-7.94317660476955,0.00395567007828691,-0.000383611797536387,2.0807121953226,452.397649851818,1102.04264485842,-0.00201701235087167,-0.00171283255984259,0.00272416090379545,-1.67096318318193e-15,-3.60292149703378e-15,6.56382944568491e-15
-31.5160947722932,17.3764316719653,-17.1579607274113,-42.2556462996101,-0.000538030549254414,-0.000386895459934683,-1.71002867678043,324.394501400758,1.3801315329559e-14,-0.00876383142118983,0.00287712582155617,0.000994281032131442,-2.22272907515306e-15,1.19813301125893e-16,1.64581199831065e-15
-25.9894849114762,1.59417144132454,-9.17755551020224,-11.36052205121,0.000915324891463598,0.00229420880456082,-15.8903731801799,390.393482715183,9.57969779532872e-15,-0.00167598445484293,0.00350151518092291,0.00104459732332398,1.25790604006981e-15,-1.37699532620615e-15,1817.37964982882
-31.1752978914037,3.72221186379161,12.7364595078055,11.8002364658854,0.00108981525508509,7.79752903947597e-05,-14.2419570349382,634.242691595322,7.65096425304445e-15,-0.00549381858700128,0.0044208782010503,-0.00440938221299731,3.75499794385467e-15,-3.92476444248522e-15,-4.12778211622004e-15
-25.6848903823153,0.540526040084681,-3.79099796893274,-10.5435026592521,0.00114655287990202,0.000192172287565272,-7.72970078730806,507.531155166249,-1.00257713793881e-14,-0.00505807155404017,0.00422158505408769,-0.000841690226325686,-3635.06865020422,-3.2773740091737e-15,7.89384171801234e-16
-22.3153998248795,9.14206074285399,-2.78152127644695,1.19826356759439,0.00134833042792736,-0.00113504594318463,-10.2354595950874,215.312585978103,-9.23456432507618e-15,-0.00661509776893255,-0.000678621894204583,-0.000262576233242658,1.97141133401395e-15,1.39910506695523e-15,2.92089847991911e-15
-16.3402548869008,11.442072782557,-0.401669213295098,-23.0809922422575,0.0012025246108788,-0.000403785718308203,29.3425933397523,19.7028528528574,4.20611936095773e-15,-0.00365658911492123,-0.000581748081939468,0.000713631156758347,4.0584337315306e-15,2.51733769398527e-15,-6.76459003954359e-16
-19.977011325596,7.81682620867779,8.12768891079943,2.98403752325589,0.000129526861176708,-0.000148449880486507,-5.10506895319953,-15.3921572248412,1.80897570856578e-14,0.00372017310487559,0.00523679654383263,-0.00046523969759551,3.7428713542707e-15,-2.12940828381367e-15,-4.91958840375932e-15
-14.2259881165257,-2.75950683264799,0.954515573185283,-19.444478592128,-0.000508440490673092,-0.00145079169121874,-2.81205833326247,34.4000042627246,1.93134397916093e-14,-0.00442392677073104,0.000312315248648211,-0.00275761139466078,1.96419966932438e-15,5.97050703501751e-15,-1671.4851402236
-15.6318813114421,9.17559623539113,-4.42443965113167,-54.6994665893781,-0.000785976631323726,-0.000848544536955473,0.235302844211368,-11.1374779866422,-3.04284495378106e-15,-0.00325372807097098,0.00114601682261225,-0.0017637196324781,3.92847831760211e-15,-2.10391626773191e-15,4.4707301606126e-15
-31.8831221989445,4.09092420625369,17.3913136206322,-13.3722178575648,0.000451505601587012,0.00100991830438492,-10.7023249111385,-0.379374341298982,-1.70363718805564e-14,-0.0569904808573135,-0.00257837899371887,0.00336668588818536,4.00590397800484e-15,-3.71090337138121e-15,2840.98374739956
-33.8076455005018,-4.18147887480704,-13.4861811155031,43.6121412941648,0.00120199231320919,0.000807490608163581,0.0618155340649089,-0.212846654428941,-2.01145397477009e-14,-0.0883958364632497,0.00251135415358735,0.00030402419527332,1.86949521420339e-15,-6.66767555538747e-16,-1.93210301411986e-15
-33.1556558303215,-1.2177214527356,17.2323836252456,15.7358955049189,-0.00144919386808755,-0.00515378834384557,20.5281184510125,10.850875647181,-3.59473458194485e-15,-0.0456919242147506,0.00284571216645215,-0.000228737258068262,4.01537739662515e-15,4.14806892985e-15,-3.53860210411116e-15
-10.5563172919455,-2.36857940901111,-5.19095046143584,-22.7460448201625,-0.000224630041032061,-0.000444117814827633,10.3418968844769,90.8536725001157,-2.61691158542534e-15,-0.00547286719359988,0.00208434230622754,-0.0024026015564924,6.55332814496872e-16,-5.40709376376939e-15,1.12187249836019e-15
-27.2795783276807,-5.42593591210283,13.3791162498516,18.9363286702473,-0.00110933751189804,-0.000396866321679284,-16.8084845320166,-26.2547919811943,1.74051961314695e-15,-0.0325840979177968,-0.00405926558083562,0.000689486862343457,-8.70965669302809e-16,-1.77720964415961e-15,-2391.96575352591
-34.1170650651913,-2.74394346837857,-5.74633330321299,-12.305304912095,0.000688807396817868,0.00102637585371444,3.91588417088148,14.8196546790893,-9.05135896789756e-15,-0.0610623692567326,-0.00575776819580152,0.00418792259983067,-3.14665637663042e-15,2823.03511474829,1.23757770240122e-15
-23.9375577807485,13.1018881323295,-26.8334618005448,-24.1804587326822,0.00266195365237508,-0.000352998717429812,13.0535042324478,27.0304378359834,-2.78724866003545e-15,-0.00751883970146562,-2.23423143976223e-05,-0.000100093915977503,-3173.52616624358,2.13944618521777e-15,6.69715403192208e-15
-20.7390408434396,-4.77643154140802,-4.7540771304317,-25.3031632830931,-0.000407114803298376,5.88810955514714e-05,-34.2656518355719,5.83045215954869,2.01084756078868e-14,-0.0159360542957606,0.0052861974444211,-4.78574773075645e-05,1.5383973830524e-15,-3.39728482227565e-15,-1824.84266648398
-34.7908627452033,6.79299446244841,12.4081586967402,26.5676059059774,0.00095761224961479,-0.000525802185009024,-25.0766711088307,23.7641369567691,-1.82946734114796e-14,-0.0681777856926418,-0.00346578776907053,0.00153097414393498,2.41355543977278e-15,-2150.8077206561,3.91030229254138e-15
-28.3234682416763,-4.93072455850104,-8.30703651387091,-7.7361526450314,-0.00020779601654177,-0.00184787227633692,4.38827696706103,107.403853213799,1195.25133542906,-0.0321734205143244,-0.000463809891301794,-0.0044786587431898,-7.9784868738052e-16,-6.0017071798693e-15,-2.01599072611907e-15
-23.6187411798033,-0.778862330354978,-4.18785646772051,-19.9457338869621,0.00105173992499928,-0.00136484763411892,-4.27481942098659,2.49808715808976,-1.87711910591156e-15,-0.0400943849345791,-0.00320694184750599,7.64966472105848e-05,1.43824125071299e-15,9.66071406714996e-16,3.36916150846368e-15
-16.6914348066267,21.9477960787889,4.88864036146691,-8.35907379119302,0.000518633799843881,-0.000599679825316897,-5.94583670975605,-3.5144556671105,8.57659540610561e-15,0.00115566262438857,0.00403780523509767,-0.00340001818970337,-3660.50113574463,-2.16295185839798e-15,-3.53925820766014e-15
-18.3202034662676,-6.30879147339467,0.328210808442936,-46.787581052324,0.00234056534631085,-0.000773167696026943,-15.7329585279618,-6.74013872533228,1.08415205137085e-14,0.00202379345473342,-0.00192921767805882,0.00135202431644772,-1.46090124336751e-15,8.07060545061263e-16,-4.41008123509615e-15
-19.9892851248434,14.0012214611251,-16.0788535805569,4.79189567862632,0.000347816663165693,0.00130017159195835,4.28183272709405,3.59397849972802,1384.21265004201,0.00172146133612159,-0.00225162396153782,-0.00192256941356183,-5.3887992871098e-16,2748.47168496217,8.52148190419676e-15
-19.2166868566114,14.2272534442127,-3.23476703421736,-8.7589066282205,-0.000131409705993861,0.00287662177294813,2.2413958410553,-8.05728300571072,1.58914974060045e-14,0.00205865452610559,0.00377274401909989,0.00136002907442215,-1.08684469761308e-15,-6.59346074603565e-16,-7.47122688292536e-15
-13.4627893544577,1.24708321010438,0.338129361849078,-32.8492942658197,6.81685941376623e-05,0.000920282501992542,3.62917818046952,28.2747080714614,-3.13978729839307e-15,-0.00110629901310891,0.00578986617342855,0.00127808886517695,5.14208391307194e-16,5.03964349691533e-15,6.61842466868735e-15
-21.2893919980175,-3.09189930126951,-3.78027608484373,16.8502212857128,0.000920043926802874,-0.00431067899518735,17.4115741597868,-11.4179990376774,1.68021351305973e-14,-0.0041611431845682,0.000480572373861757,0.000341427287357302,-8.009252897191e-16,4.72246670581993e-15,4.13085578026699e-15
-20.3281769948389,-3.03014485373167,-0.295039386726938,-14.0493064605235,-0.000841259647567308,-0.000367445445488759,13.6410266633433,46.8410486183378,3.86822549025512e-16,0.00250658429367358,-0.000356635396716646,0.00110812080757056,-4.08874793624798e-15,-8.2277286319662e-15,-4.05649726422317e-15
-18.1381109631798,3.70441712773396,-0.665713556443631,-17.2145014644937,0.00109841041004566,0.00072313150079774,36.1716193867302,58.5752301147418,5.12896321106667e-15,-0.00812003964136444,0.000145793201813818,-0.000948689680136058,3.80315306121709e-15,1.80473591105487e-15,8.6094453596858e-16
-27.7905034918525,-10.200959933274,8.55253282257812,-195.500334468758,0.000186688230285581,-0.00208470491598617,9.62021203694425,14.0550471395719,1.37288400679496e-14,-0.00967339309462275,0.000123132036634403,-0.0195447207272528,-6.58464467674617e-15,-7.23381318161809e-15,-1.58455255761699e-15
-21.341396640664,-3.85640494631979,10.3767250620881,-231.781818266622,0.00101511707734856,-0.00074074326773441,-8.69267421031627,-6.93339647326716,-3.58154841459323e-15,-0.00667973274806457,0.010125061730873,-0.0204324658447284,3.14103630379315e-15,8.42151752159214e-17,1.37510230091299e-15
-32.6097510740548,13.1502653336646,8.42336007500557,-303.886724924603,0.00272314060026827,-0.00172970310364388,15.8491586349403,-9.76047800551478,-1.10841405117094e-15,-0.00166068441153679,0.00355280783658798,-0.028629361246696,8.40739518710307e-16,1.33116014417021e-15,8.07161757942908e-15
-32.6510983498501,6.09715687713553,-1.9477284332806,-459.620368391234,-0.0002511463628477,-0.000545106352653808,-2.29248616162059,-0.0837153714873,8.52942503349862e-16,-0.00139042606141627,0.00466656755865907,-0.0450441671042748,3.63109789077014e-15,3.64109791112128e-15,-4.14442556398637e-15
-18.5863940867275,-3.83595236514178,3.10090798228278,-179.830116818775,-0.000309011844602274,-0.0014526487407112,-11.0682667542611,20.1055996997902,-2.51296469155174e-15,-0.00110439885392142,0.00118469670777226,-0.0213976329126317,3.11460418833262e-15,2756.69060225925,2.22417936696462e-15
-31.3847558660026,1.04907946590209,-17.0374389130614,-292.829452692434,4.41102741198191e-06,-0.00123204560453247,9.09774510921349,30.26707019174,4.68068865621883e-15,-0.00521776278982641,0.00214375579611892,-0.0332429191910223,-3.02601468930326e-15,-4.21202285360395e-15,5.32354337468821e-17
-29.4996772047774,-5.26658955447712,7.33557504228725,-161.126518137323,0.000562760342604402,-0.000374000451780621,7.51289878449149,43.769654173945,-6.15087502291664e-16,0.0027475768373098,-0.00238294459601428,-0.0155597578595245,-3.69816385077312e-15,1.64579576085871e-15,-2.54874511366056e-15
-14.1475954495081,3.84310371800326,4.92602542878277,-31.9416461767803,0.00302427517803692,0.000551428126102349,9.02021594081499,-4.44709945416506,8.28063089751383e-15,0.00102098552678366,0.00166977563941414,-0.000544588413983242,1.60983134610441e-15,9.43906516171607e-16,2.38281156481484e-15
-22.3441312382515,6.40745427646721,-0.959735054121108,-131.394362671125,-0.000872631343329588,-0.000573571004136374,-11.0047197696177,15.7788723538845,8.07927049919557e-16,0.000374879761907924,0.00248778504650098,-0.0138556429501505,-6.29840591581711e-15,-7.34736852872017e-15,-8.42680455505549e-15
-18.4645426860338,7.50531204712093,-7.7814894559447,-0.975630505000037,-0.000784665388096847,0.000158600078002807,-10.4093839429771,-4.90066013986129,-2.85787447994569e-15,-0.00130869070005622,-0.000465224859675506,0.000436097021356676,-6.82837689420285e-15,4.74417360036464e-15,5.76014072847009e-15
-20.230951699854,2.83369025039714,7.19132984740707,-19.5741871234418,0.00299053020764419,-0.000668568427114964,5.36137441587384,-6.22739807202164,1.8184902995195e-14,0.00143104502152742,0.00273051503790826,0.0012002926124635,-1.55851658900672e-15,1.12576151363014e-15,-1654.85850531566
-13.2385939710646,-1.18497835063942,-7.45014372066811,-32.7797057258321,0.000511841285231337,-0.00136584406145064,4.88105247678243,44.7313204976766,5.38205926146012e-15,-0.000980286996866238,0.00874000380440287,0.000517425822336516,-6.62362834199888e-15,4.41873925545952e-15,1.41267667260367e-15
-15.4457878611766,-5.68468956619438,1.42974380264921,18.4733431750704,-0.000251910005017566,0.00179132617290517,-2.58760991719635,-2.13933460864533,-1.03566069140672e-14,-0.00274437181300245,0.003572879709297,-0.000805849802388691,2.15831216065421e-15,3.42959358907552e-15,-2.14037155234169e-15
-23.0691120562253,1.89369993229672,-17.2479159447984,3.13296475052839,0.00155587788453928,0.00125816272532348,11.3089391831956,22.3678941011725,-2.59021432721677e-15,-0.00791169840188898,0.0038607281089732,0.000735646302241201,-1.34856323678299e-15,2.65467599262067e-15,4.72856151618457e-15
-13.3169871536127,13.4365418806205,-3.4557918989537,-13.2754851079268,0.000768547248826229,0.000555419787735809,-0.246115598244346,73.4747217562264,-3.40264702050495e-15,-0.000616343436912878,-0.000539113085607768,0.000124970424027951,-5.45488282687783e-15,4.92504965056348e-15,-5.77311357244801e-15
-19.6718169106486,1.84672715002803,7.59544698227124,-37.7298777305043,7.02799711876693e-05,-0.000746728700221336,-3.01769918440884,8.28921790265167,1.71370431581015e-14,-0.000271980832242243,0.00218560578357357,0.000536064789876942,-7.39939974444418e-15,2.80953430748859e-15,-7.42407841185467e-15
-18.5524325924963,7.13391624912769,-26.0551996027865,-10.1687151777435,0.00213426828445367,-0.00123896867591942,6.69564559911405,14.1274059995123,-4.58927093783358e-15,0.000810574862714788,0.0028725422322426,-0.00236321147448455,5.86922013525678e-16,2.29368686069168e-15,8.18378639518809e-15
-16.6913772562015,6.72523803214252,-22.017707639681,-2.82416648153107,0.000861552583138394,0.000124372963710398,-3.14458913084965,-8.24708266426789,-3.86266001372161e-15,-0.00388958498031387,-0.000898609118059016,-0.00208949010859025,4.3030788230607e-15,3.40306586186308e-15,-1458.448314036
-18.7523634533324,-2.22209571968201,2.2347909586243,14.1309983986047,-0.000452934086799052,-0.00114212920628354,2.34852999821251,32.6060373010694,1.5472953138422e-14,-0.00784792235746776,0.0039694082675119,-0.000143249326935211,3.11347795508736e-15,-4.89120374466206e-15,-1.94707397972046e-15
-14.4492074200177,9.41089344172168,-6.91054609988096,-14.1844800764932,0.000843998885452483,0.000259503193546788,5.85936597305524,2.01632072845886,-8.82961673838043e-15,0.000551857937712755,0.00259934695528051,4.61928698579121e-06,8.76321049738224e-16,-1.09385545809867e-15,1.99899466543069e-15
-62.0583285768399,-20.7140019921327,6.50162001527193,24.6428564191572,-0.00269215769366749,0.00721757187518797,-184.481001868072,-38.1458872242948,-1516.38331709994,0.0124951866670999,-0.00600205143591014,0.00062378219239618,2.38672059483142e-16,-3.12915549318886e-15,11299.9966737106
-41.8253902769266,-8.90329376222123,17.3529318689111,-20.2280960502126,-0.00103916268782873,0.00475528644497716,-75.2413944190347,31.7564517587849,-1257.14498462158,0.0065048462842828,-0.00316577699163489,0.00355475967223339,4.79456919406152e-15,-1.1021419160849e-15,4025.20444036559
-57.4220906900869,-14.6593856656013,7.55519017679244,25.5027223074294,-0.00297369181386477,0.00408313731108444,-163.93337765385,-46.8924186494209,-1288.786904705,0.0113444479495541,-0.00715477209514884,0.00221246960674866,1.7533158838954e-15,-3.1104826538501e-15,9540.99980519987
-46.2057179222203,-6.4096671538255,15.7963012676743,65.4755285989212,-0.0011661453063371,0.00471174451255246,-89.8108305368547,2.96282952636497,-1.80878970363486e-15,0.0105873174966906,-0.00437343604559066,5.83339179979698e-05,7.6852510673295e-16,-2287.6419638041,10178.2805421325
-40.7090445557923,-12.6247919268125,0.11298064786208,45.9429464487257,-0.00189933084280774,0.00196595667635973,-100.003787523757,-15.7201192590041,-6.77659583681253e-15,-0.00210196627534885,0.000845466681810205,-0.000827067024689019,5.50950041922057e-15,1.08022500161339e-15,6539.96005930441
-49.8506064349765,-5.71408650310925,17.5766110366024,54.020646419987,-0.0036188662428405,0.00262773354298037,-128.050114589214,-23.6258033004831,-1306.67833204546,0.00349868577775611,-0.000415604435382212,0.0015463371319215,5.94802208978647e-15,4.65571914474037e-15,9208.7046347579
-27.0191295324069,-5.16187164133768,14.0225404913647,17.9382524270425,-0.000594499140001288,0.00184533236748978,-73.6363745403017,-28.6719822363266,-1318.06163443032,0.00250052170189691,-0.00206405022552111,-0.00017185693856613,-2.27645684795704e-15,-5.53028406913286e-16,2885.68867357306
-32.9663306070514,1.55937261739675,-17.3113993019351,1.71434012286825,0.000245114524773245,-0.000388967274259999,-18.5922660568155,8.45178351145475,-4.24506007756672e-15,-0.00321240959012633,-0.00380250565268075,-0.00118908373208007,-4.37826653435985e-15,-3716.38653138201,2445.43895090847
-18.9471119936466,-1.80606030366588,-6.78771938681683,-14.8331321103136,0.000918517994447864,-0.000259552465595059,-0.315956811334253,24.6261148404414,-8.86996642779823e-16,0.0015067768890221,0.00414909278846606,-0.00196670733434566,-7.84697206358846e-18,3922.48950227343,6.20435261214798e-15
-78.8258464497314,-21.5998100053231,-4.67666217883568,55.3112604713573,-0.00406157646053729,0.00811846456142526,-219.345805429336,-21.803155284406,-1833.04299416953,0.0113086864669407,-0.00344680242208887,-0.000276006303118942,-8371.5163176463,7.93070644186461e-16,18253.8317166179
-39.8999970843792,-6.0949436923575,-1.33082429178073,-1.1477236506126,-0.00160494133617793,0.00102888832368194,-58.4305508932543,10.1127218903791,-4.64351519165684e-15,0.00338137956117661,0.00339937028671665,-0.00135434379147263,-20627.6822155195,3607.82312630639,7.51029415914173e-15
-41.6503209696636,-10.1458561880782,19.8226152388154,37.1963396027273,0.000640698795256202,0.00162483689733445,-54.078018243238,23.2841226006632,-7.91637520772317e-15,0.00180480303973959,-0.00535348799306973,0.00272498762129792,-11468.9559040763,-3.80356674933998e-15,4091.80189018655
-34.1042127246392,-4.88491607365656,1.60290878186887,7.16178497448363,-0.00118673752957529,-0.00128886170340549,-27.1132795930932,-27.5529178474733,-1.61027123438509e-14,-0.00186314933511112,-0.00138594569093131,-0.00186231532477882,-11887.5692516132,-4.0234885242008e-15,-1641.0895175468
-20.5116250927097,15.4619048505841,-10.8830306399819,-6.81992795803688,0.00176410309715455,-0.0018943197832439,-2.70264751867064,2.60129344337552,-9.10889254565072e-15,0.000778473400161435,0.00480945513359914,-0.000332001507124328,-3725.37531720717,4.15324778083688e-15,5.97253281569064e-15
-28.5697189545836,-3.72521027017418,13.531783081061,16.234205681833,-8.08471751096195e-05,-0.00130602923382009,-13.0037661870157,-1.74476574685401,-1.44082572410651e-14,-0.00853455760854043,0.00338545141874149,0.00117350243328381,-21603.5454714768,-3.27527080910979e-15,-1467.42219671493
-36.4487722486083,-0.00933471376584852,-7.40877377149475,10.5869483726355,0.000348581952264577,-0.00234609918431548,-1.90979750346196,-14.003936762641,-1.53842745133166e-15,-0.00896042488285459,0.00222944346707288,0.00324709357232883,-23676.1231049748,1.87761882922012e-15,-1725.25524868739
-32.0709787532116,4.15245267093972,3.77345581250383,-14.6281522183575,-6.35320719161714e-05,-0.00100315762584482,-0.161253897428562,-13.9576418671292,1.34566342293412e-14,-0.00391819285762718,-0.000726721530890954,-0.000292019023947686,-26019.0813146796,4.71174498475378e-16,-2384.82455106943
-21.2612676488073,5.01390709603498,7.58453609562716,1.06098631304672,0.000330090558220932,-0.00143817346306176,0.0873171387386374,12.5522842272337,-1.66532155287451e-15,-0.00642944607105655,-0.00247812981129689,-0.00317675427136004,-8210.53414098562,5.16191231746818e-15,-7.41664043708519e-15
-30.0402939317841,17.0085974753278,-17.0740185690192,14.0495663332046,0.00243073017509145,-0.00276581544202858,7.089836467141,5.32376178210506,-2.58964034429031e-15,-0.00693819665010135,0.00143608952500929,0.0022444906077495,-18579.5297756182,2.55818203535585e-16,-3228.57275177436
-31.8105140135653,-0.474979257886696,-17.5362608860513,-72.6584626733813,0.000512059779551662,0.00168202043384242,-2.78730531208935,-22.9691244993341,2.60548422115996e-15,-0.000200877381142402,0.00443256983568541,-0.0036836788004527,-12307.4105889443,1.59991097099695e-15,-4766.70232391096
-19.5557020204563,11.3669294667928,-6.4652110913483,-10.7555222895279,-0.000140271841663855,0.00153880814573726,-0.00610791195430112,9.06349461414749,-5.48334458257614e-15,-0.00017773463318267,0.00928621012804108,-0.00279543244153274,-5649.42731569244,-2.41678966844845e-15,4.54783001753933e-16
-26.3547263696798,1.54301825125608,6.26321024204694,7.52883821567589,-0.00074331437314239,5.81531545251563e-05,-15.391439329642,-28.7480705123969,1.55139461181111e-14,-0.0039001507589643,-0.000922398902364053,0.000622199313254575,-20871.1971257902,1276.80344019525,-5.38506492512797e-15
-31.8676733114051,10.9743768233311,-0.974001765877836,-26.398320771397,-0.000628219849371573,-0.00132852707688842,-18.6426752861914,37.2138864602816,-1.55938746404115e-14,0.000865793995703119,-0.00209836475006242,0.000514088992790877,-31485.088618027,4846.75932084429,-3642.7905889333
-33.9837499792798,-0.556252784277619,2.80527344694732,20.0890419510597,-0.000449993857339125,-0.000855582229189999,-7.86477561466487,-6.19599571838623,1.74048246345153e-14,-0.00138579758575039,0.0031667380809033,0.000293469700616683,-35042.1831170898,5.80834643610125e-16,-3002.62718732802
-19.5730011633866,-4.09338731633057,-10.8935698027042,-18.9534695251778,0.00197753198754537,-0.00209951951858208,4.63292906504834,11.2074537634109,4.4059712559386e-16,-0.00416673559310515,0.00412379744422376,-0.000341082498816275,1.95462794148203e-15,-2393.10274855538,5.28209710199618e-15
-14.2752646683395,10.6529797286769,0.035395665227672,-1.82780649927698,8.60517904274968e-05,-0.000529753182177803,11.0323329750942,18.5250794010563,-4.8703089114712e-15,-0.00866019152332193,0.00252409125311443,0.000343379713785573,-2.08343655229529e-15,7.22915337284663e-15,4.26895673525917e-15
