 1.19073
 1.19232
 1.06566
 1.29839
 1.05306
 1.10935
 1.01473
0.938573
 1.05398
0.946861
 1.10141
0.911741
 1.20808
0.923302
0.993642
0.993153
 1.11827
 1.13597
 1.13334
0.973566
0.957844
0.911918
 1.06663
 1.08228
 1.13943
 1.18952
 1.22646
 1.14748
   1.088
  1.0316
 1.27418
 1.42729
 1.25145
 1.20025
 1.00695
 1.03493
 1.08078
 1.21057
  1.3915
 1.27835
 1.41216
 1.02706
 1.10774
 1.48803
0.996331
 1.07482
 1.11964
 1.23624
 1.09914
0.951714
0.985537
0.818471
 1.07839
0.949097
 1.09837
 1.00394
 1.07128
0.946902
 1.24562
0.922972
 1.27875
 1.14464
 1.06534
0.986261
0.976495
0.990528
 1.12864
 1.07274
  1.0515
0.918372
 1.09156
 1.01342
0.917691
 1.10571
 1.08701
  1.0669
 1.06641
 1.04626
0.967135
 1.29125
 1.25497
 1.12692
 1.23641
0.967476
 1.16983
 1.15268
 1.10292
 1.12399
 1.25214
 1.48174
 1.47352
 1.22504
0.960148
 1.18225
 1.04883
 1.17457
 1.16027
 1.04165
 1.13987
 1.24874
 1.32271
 1.12871
 1.23504
 1.34443
 1.16569
 1.24979
 1.16256
 1.47486
 1.05561
 1.31545
 1.27114
 1.03747
 1.20295
 1.20166
 1.53386
  1.0943
 1.22419
 1.12242
  1.1788
 1.84118
 1.10041
 1.11827
 0.94816
 1.17949
 1.16362
 1.21253
 1.10197
 1.18681
 1.28478
 1.17389
0.935675
 1.20796
 1.92177
 1.15679
 1.15109
 1.10915
 1.18021
0.967149
 1.06502
 1.07779
 1.04369
 1.08011
0.927117
 1.06138
0.966857
 1.03301
 1.15514
 1.07173
 1.15691
 1.25725
 1.05962
 1.10415
 1.00397
 1.16832
 1.09441
 1.02007
 1.19515
0.938889
 1.07885
  1.0647
 1.27236
 1.26498
 1.18995
 1.04127
0.898012
 1.06574
 1.03709
 1.18823
0.963203
0.960487
0.997485
   1.021
 1.06318
0.984293
 1.04321
 1.17457
 1.14209
 1.07382
 1.09567
 1.03107
0.921335
 1.17185
 1.12877
0.924438
 1.05541
 1.15857
 1.23281
 1.17335
 1.23421
0.899514
 1.04603
 1.07782
 1.07897
 1.26455
0.904269
 1.05401
 1.02344
 1.09559
 1.06576
0.984646
 1.09613
0.991795
0.999338
 1.15229
 1.10528
0.979311
  1.0877
  1.0045
 1.18392
 1.09546
 1.15085
 1.12817
 1.15433
 1.19479
0.899581
 1.10928
 1.30683
 1.18314
 1.26178
0.896672
 1.12227
0.996928
 1.09234
  1.1072
 1.01377
0.927927
0.988321
 0.98468
 1.24286
 1.08928
 1.25878
 1.00958
 1.14006
 1.08698
0.774602
 1.27468
  1.0806
 1.10893
 1.27843
0.999835
0.930123
 1.25411
 1.17276
 1.08389
 1.03488
 1.05271
0.984506
 1.11491
 1.18666
0.885526
 1.06905
  1.0258
 1.11438
 1.22788
 1.04958
 1.14188
 1.02842
 1.14976
 1.08157
 1.02686
0.981957
 1.11171
 1.33595
 1.05932
 1.06746
 1.30061
 1.20229
 1.10762
 0.96669
 0.90772
 1.11673
0.981409
 1.06412
 1.06481
 1.10708
 1.00327
 1.22657
0.995688
0.990621
0.997619
0.915123
 1.08521
 1.06426
 1.09627
 1.15855
 1.05619
 1.04495
  1.2292
  1.1278
 1.22816
  1.1011
0.965669
 1.01724
 1.02771
 1.06795
 1.06069
0.986824
0.998344
 1.05615
0.958245
 1.14856
 1.00197
0.872502
 1.02699
 1.34777
 1.28091
 1.04837
 1.03773
  1.1865
 1.14483
 1.04173
 1.33277
 1.05699
 1.00722
 1.24587
 1.10758
 1.08783
0.854523
 1.42758
 1.07171
 1.07615
 1.15184
 1.08089
 1.15398
 1.25776
 1.14341
 1.15623
 1.07649
 1.36019
 1.19991
0.993467
  1.2584
 1.45361
  1.4482
0.945341
 1.27914
 1.12084
 1.36401
 1.20499
0.914387
 1.01984
0.935168
 1.07554
 1.22459
 1.15256
 1.15977
0.967432
 1.11268
0.988108
 1.01507
 1.27358
 1.15152
 1.04602
 1.00471
 1.13678
 1.20897
0.945822
 1.21714
 1.22032
 1.21928
 1.19311
 1.39806
 1.36882
 1.30067
 1.21486
 1.20878
0.960379
 1.42544
 1.11874
 1.11851
 1.11806
 1.24009
 1.18231
 1.31356
 1.09746
 1.23023
   1.309
 1.22385
 1.16042
 1.27702
 1.19262
0.950739
 1.11583
  1.0589
 1.33986
 1.16099
 1.29959
 1.08676
0.903938
0.989139
 1.15779
 1.00311
 1.18488
 1.14675
 1.15863
 1.20945
 1.18514
 1.32192
 1.16613
0.984107
 1.09278
0.878773
0.952838
 1.21156
  1.0658
 1.13732
 1.03616
 1.06707
 1.03879
 1.00882
 1.11001
 1.10801
 1.01351
 1.36714
 1.20266
 1.02951
0.895209
 1.05512
 1.22878
 1.15677
 1.00381
 1.22897
 1.07413
 0.90267
 1.13124
0.986678
 1.14707
  1.0733
 1.16357
  1.3196
0.994033
0.935686
 1.11482
 1.13644
 1.20401
 1.03948
 1.12475
0.938591
 1.13489
 1.05229
 1.05619
 1.09987
 1.00597
 1.02148
 1.07864
 1.00401
 1.07443
 1.02412
0.995203
 1.05928
 1.11355
 1.00227
0.931678
 1.04159
  1.0236
  1.1253
 1.01948
 1.11826
 1.14506
 1.12406
 1.10182
 1.21004
 1.27323
 1.16508
 1.22649
 1.09169
 1.04109
 1.09188
 1.04224
 1.00082
 1.04193
 1.15272
 1.23574
 1.03565
 1.22579
0.989591
 1.08556
0.942833
0.931074
 1.13654
0.851322
 1.15645
 1.08452
 1.24055
0.950315
 1.12514
 1.09184
  1.1503
 0.94202
0.986921
 1.01429
0.940896
 1.03525
 1.09196
 1.07264
 1.02531
 1.16027
 1.13178
0.963976
 1.20775
0.965146
0.994339
  1.1401
 1.17029
0.970336
 1.10589
 1.04448
0.855716
 1.10615
 1.16963
 1.04016
  1.1715
 1.00044
 1.08034
 1.09769
 1.41661
 1.03132
 1.12055
0.990405
 1.06917
 1.00794
0.959515
 1.03278
  1.1891
  1.0239
 1.05883
 1.19838
 0.91304
 1.02433
 1.13435
0.994031
  1.0788
 1.08799
 1.25834
0.882763
 1.12331
0.966104
0.940899
0.983175
 1.11877
 1.11258
 1.03818
0.955286
 1.06633
 1.08554
 1.20205
 1.07492
 1.00682
 1.08101
0.937567
 1.08342
 1.15635
 1.07385
 1.05321
  1.0612
0.914048
 1.01272
 1.05961
0.937199
0.950696
  1.0146
0.965044
0.984071
 1.10343
0.952173
 1.10023
0.989209
 1.02223
0.915353
 1.04014
 1.00028
 1.00046
 1.10205
 1.11999
  1.2027
   1.016
 1.04061
 1.20938
0.947655
 1.04576
0.991782
 1.06708
 1.05442
 1.20266
 1.04244
0.875776
 1.12403
 1.01757
  1.1062
 1.18491
 1.09235
0.994951
 1.10613
 1.13837
0.971045
0.931744
 1.00899
 1.01959
 1.13334
 1.12672
 1.03881
 1.04437
 1.14559
0.862281
 1.21018
 1.06081
 1.03779
 1.10136
0.855198
 1.17719
 1.12552
 1.00551
 1.12262
 1.03131
0.936639
0.931481
0.998923
 1.15924
0.866664
0.974905
 1.12976
 1.17969
0.993049
0.986561
 1.01662
 1.03083
0.979327
 1.09121
0.913029
 1.14008
  1.1054
0.853074
  1.0641
 1.08381
0.947552
0.915295
 1.03325
0.943352
 1.19366
  1.1367
0.976492
 1.11179
0.980221
 1.03785
0.905184
0.991446
 1.17649
 1.06806
 1.06946
 1.07494
 1.05846
 1.07815
 1.13321
 1.05977
 1.12843
0.964093
   1.012
 1.18489
0.943799
 1.08611
 1.11221
 1.01893
0.949413
 1.01005
 1.20908
 1.15102
 1.13047
 1.20634
 1.19163
 1.51618
  1.0936
 1.24205
 1.02656
 1.62068
 1.36173
 1.05079
 1.36654
 1.09726
 1.55521
  1.3844
 1.06311
 1.06342
 1.08341
 1.04743
0.955402
0.956874
 1.02584
 1.17027
 1.19186
 1.05384
 1.00186
 1.02724
 1.06266
 1.20461
  1.0677
 1.09824
 1.25571
0.912825
 1.02174
 1.08308
 1.09243
 1.13004
0.944058
 1.22982
 1.20705
 1.08409
0.884672
 1.07737
 1.03483
 1.13098
 1.49484
 1.02366
  1.0273
 1.57145
 1.54374
 1.32446
 1.71047
  1.0178
 1.54481
 1.51849
 1.55545
 1.49329
 1.19231
 1.58151
 1.28468
 1.33143
 1.22181
 1.19491
  1.1694
0.988039
 1.07756
0.979767
 1.21745
 1.20576
 1.04513
 1.11876
 1.06682
0.883238
 1.26408
 1.15854
 1.10584
0.881827
 1.08151
 1.16153
 1.57437
 1.32457
 1.56484
 1.26119
 1.09592
 1.40924
 1.27944
 0.96942
 1.67598
 1.10114
 1.22114
 1.05412
 1.10652
 1.13815
 1.04596
  1.5684
  1.2693
 1.46226
 1.14152
 1.08337
 1.08376
 1.00789
 1.00966
 1.14702
0.893866
0.974774
 1.02482
 1.10329
 1.08146
 1.13664
0.900089
 1.09658
 1.09655
0.980255
 1.02215
 1.14576
0.850116
 1.18308
 1.05042
0.994711
 1.01836
 1.13337
 1.04254
 1.13234
 0.89044
0.967014
 1.03708
 1.10266
 1.06312
 1.13746
 1.14557
 1.14812
 1.08639
 1.05792
 1.25488
0.912183
0.997836
0.881962
 1.08441
0.917328
 1.06561
 1.03224
  1.1439
 1.02531
 1.14016
0.953489
0.982844
 1.11856
 1.06738
 0.95388
 1.26014
 1.00528
 1.08624
0.950032
 1.03003
 1.00055
 1.00695
  1.0755
 1.15213
0.915471
 1.07425
0.916424
 1.25208
 1.02191
 1.21269
  1.1736
 1.07368
  1.0622
 1.03211
 1.10095
 1.03152
 1.03342
0.993577
0.997309
 1.10279
 1.17202
0.988127
 1.02776
 0.91095
0.976386
 1.00165
 1.09594
 1.02805
  1.0781
 1.16544
0.969072
  1.0625
 1.21025
   1.054
 1.10916
 1.25612
 1.00425
0.908227
0.936932
 1.19163
0.987868
  1.1394
 1.10336
 1.05492
0.996754
 1.04884
0.959529
 1.10104
0.867782
 1.05787
  1.1738
 1.10329
 1.10471
0.977952
0.981958
 1.11451
 1.13969
 1.15665
 1.01069
0.949592
 1.01013
   1.092
0.928482
 1.02718
 1.05236
 0.94366
0.857932
0.977812
0.987264
 1.25026
 1.16863
 1.00591
 1.13859
  1.1026
 1.09921
 1.33836
 1.06927
0.829428
  1.0128
 1.27993
0.973729
 1.05343
0.949686
 1.04576
 1.31492
 1.18127
 1.20392
 1.12591
 1.18289
 1.00136
 1.16985
  1.1451
 1.46332
 1.17243
0.974265
  1.1647
 1.09866
 1.07614
 1.25546
  1.1551
  1.1716
 1.20521
 1.28506
0.985839
 1.25394
0.998075
 1.08436
0.951506
 1.00041
  1.1336
 1.18561
 1.03449
 1.43151
 1.18332
 1.12285
 1.12164
0.993561
0.977526
 1.22294
 1.12725
0.941076
 1.16847
0.878028
 1.00992
 1.05535
 0.93367
0.989207
 1.15016
0.966673
 1.03583
  1.1585
 1.22899
 1.20816
  1.0807
 1.05806
0.931128
 1.07874
 1.01431
0.972424
0.973564
 1.21732
 0.98761
0.951413
 0.96779
 1.13738
   1.135
0.996828
 1.04049
 1.05125
  1.0258
 1.16404
 1.09467
 1.01586
 1.10865
 1.00628
 1.03948
 1.01551
 1.20046
0.971829
 1.19347
 1.16333
0.928648
  1.1503
 1.11581
0.934438
 1.08011
 1.00778
 1.06268
 1.04616
0.936803
 1.18727
 1.11815
 1.11435
 1.11734
 1.05678
 0.93311
 1.13988
 1.07333
 1.22147
 1.02636
0.904528
