      5814.3            0            0      255.213            0            0            0            0            0     -12.9993            0            0            0
           0  1.42886e+07            0            0            0            0            0            0            0      990.044      24213.3            0            0
           0            0  3.11205e+18  1.61593e+11            0            0            0            0            0 -5.55918e+08  3.96151e+10            0            0
     255.213            0  1.61593e+11       187093            0            0     -26113.2      43003.8            0     -140.419            0            0            0
           0            0            0            0  8.17565e+11  2.85499e+09 -1.30645e+08 -4.71682e+09            0      -570970            0            0            0
           0            0            0            0  2.85499e+09  1.64598e+07      -725779 -2.62003e+07            0     -2808.64            0 -1.02994e+08            0
           0            0            0     -26113.2 -1.30645e+08      -725779  3.88202e+07  1.19887e+06            0     -1588.69            0 -1.30336e+08            0
           0            0            0      43003.8 -4.71682e+09 -2.62003e+07  1.19887e+06  3.39841e+08            0      13020.2            0            0            0
           0            0            0            0            0            0            0            0       1078.3      -4.3807            0            0      3.67515
    -12.9993      990.044 -5.55918e+08     -140.419      -570970     -2808.64     -1588.69      13020.2      -4.3807      6.78273     -74.2492      90799.7      3.96294
           0      24213.3  3.96151e+10            0            0            0            0            0            0     -74.2492       377269            0            0
           0            0            0            0            0 -1.02994e+08 -1.30336e+08            0            0      90799.7            0   1.0038e+11            0
           0            0            0            0            0            0            0            0      3.67515      3.96294            0            0      235.066
