 1.05051
0.896672
 1.10113
 1.04024
0.950341
  1.0276
  1.1561
0.941861
 0.93411
  1.0833
  1.1929
0.904634
 1.03044
 1.11074
 1.03834
 1.01609
 1.09014
0.997835
 1.04596
 1.03607
 1.04323
 1.11756
 1.09213
 1.02386
 1.06916
 1.12061
0.943901
 1.00409
0.947731
 1.06602
 1.01406
0.855567
 1.36305
 1.09197
0.995674
 1.12779
 1.14746
 1.03761
 1.04426
   1.098
0.981439
0.989758
 1.00121
 1.10575
 1.21081
 1.10371
0.970153
 1.10628
 1.30285
  1.1296
 1.20479
 1.05315
 1.55915
 1.18337
 1.54338
  1.3502
 1.37205
  1.0135
 1.29586
 1.21311
 1.37108
0.965681
 1.36975
 1.20813
 1.05218
 1.11029
 1.09433
 1.08948
 1.14746
 1.28301
 1.08751
 1.43975
  1.0325
 1.20644
 1.18905
 1.14847
 1.15556
 1.13635
 1.03127
 1.34081
 1.11836
 1.32875
 1.13095
 1.08402
 1.73682
 1.25045
 1.38244
 1.25603
 1.06347
 1.19314
 1.05991
 1.23939
 1.08987
   1.394
0.995388
 1.50577
  1.0886
 1.38954
 1.02537
0.998756
0.978166
0.961583
 1.11107
 1.07448
0.995544
0.925689
 1.06731
 1.01551
 1.03758
 1.01075
 1.08646
 1.00247
0.970529
  1.1492
 1.12384
 0.91436
0.973899
0.935739
 1.13239
  1.1069
 1.00044
 1.03776
0.980043
 1.21774
 1.09617
0.955515
 1.20079
 0.90602
 1.10392
 1.18018
 1.01877
0.980938
 1.12983
0.959829
 1.05545
 1.03759
 0.99857
0.852188
0.982438
0.944525
 1.04617
0.905932
0.946676
0.907506
 1.02786
 1.06773
0.893098
 1.00458
 1.13006
 1.00786
 1.16693
 1.15034
 1.08758
0.984275
 1.05428
 0.98437
0.880231
 1.03218
 1.06573
 1.14558
0.986717
 1.15405
 1.11853
0.980797
 1.09541
 1.09203
0.989789
0.985063
0.996087
 1.07389
 1.14914
0.949931
 1.15801
 1.28694
0.864623
0.938273
 1.02502
 1.08041
 1.03782
 1.11427
 1.01608
 1.10911
 1.04682
 1.19785
  1.2814
 1.05712
 1.19375
 1.05774
 1.16954
0.839165
0.949183
0.922493
0.946113
 1.05302
0.915918
 1.09819
0.998675
 1.05302
0.965134
0.987763
0.873273
 1.02277
 0.96443
 1.21421
0.856692
 1.05946
 1.21779
 1.04774
 1.02173
 1.07492
 1.05083
 1.21109
 1.08235
0.941588
0.948875
 1.21215
0.964235
  1.0198
0.986369
 1.03205
  1.1113
0.815628
  1.3127
 1.02368
0.977522
 1.18844
 1.09551
0.996084
 1.04917
0.906244
 1.00386
0.875863
0.944416
  1.1598
 1.11111
  1.0153
0.961084
 1.02238
0.917589
 1.12178
 1.00758
 1.10948
 1.10661
0.932184
0.817445
 1.07533
0.933995
 1.10344
0.962402
 1.06415
  1.0607
 1.07398
0.992807
0.991167
 1.17863
 1.05764
 1.16258
 1.13611
 1.07267
 1.03511
 1.08028
0.835966
 1.09347
 1.04786
 1.02884
 0.95932
 0.86526
0.958587
0.978035
0.987053
 1.13321
 0.93112
0.884734
0.993383
 1.16891
 1.04191
 1.08689
 1.03241
 1.18546
 1.06807
 1.16175
 1.08051
0.962891
 1.04894
 1.04114
  1.0771
 1.07885
 1.12615
  1.1463
 1.25238
 1.19363
0.862037
 1.09011
 1.17139
  1.0969
 1.40126
 1.15987
 1.21511
 1.00147
 1.13418
 1.05196
 1.09572
 1.10933
  1.0314
0.884004
 1.00768
0.928163
 1.17004
 1.17055
 1.13482
  1.1668
 1.26201
 1.02364
 1.29271
 1.01844
 1.07946
 1.11582
 1.11737
0.993763
 1.43027
 1.18646
 1.10636
  1.3048
  1.0666
 1.24981
 1.16131
0.932651
 1.02064
 1.08848
  1.0129
 1.40815
 1.05689
 1.14932
 1.18472
 1.00028
 1.04326
0.934661
 1.10908
0.993487
0.990045
 1.11211
0.913548
0.928099
0.916335
 1.16877
 1.14071
 1.02373
0.908667
 1.12767
 1.11806
 1.09659
 1.10337
 1.05594
 1.03611
 1.01463
0.975669
0.996918
 1.11836
0.917303
 1.12543
  1.1485
 1.03474
0.983746
 1.06857
0.926872
0.962329
 1.09322
 1.06501
 1.02018
 1.14962
 1.23646
 0.95851
 1.15007
0.977953
 1.28222
 1.02293
 1.39173
 1.12912
 1.04704
 1.45474
 1.20557
 1.17091
0.962237
 1.34885
 1.17839
 1.05192
 0.98366
 1.19982
 1.01127
 1.09994
0.965732
 1.21358
 1.12316
 1.37875
 1.26657
 1.18337
0.915813
  1.2148
 1.11914
 1.35683
  1.0441
  1.0076
0.916924
 1.29907
 1.33848
0.995359
 1.17596
0.977856
 1.17257
 1.09956
 1.00461
0.963214
 1.17246
 1.06231
 1.01266
 1.14485
 1.02021
0.926057
 1.06921
 1.10529
0.895942
0.938468
 0.96819
 1.08271
 1.14546
0.893606
0.990144
 1.10093
0.982486
   1.237
 1.07825
 1.01391
 1.13027
 1.32696
 1.15011
 1.10575
  1.1385
 1.27748
 1.19347
 1.59698
0.996185
 1.45686
 1.02698
 1.01905
  1.1266
 1.20318
 1.15899
 1.11859
 1.49188
 1.15236
 1.26562
 1.03234
  1.0704
 1.30771
  1.2336
  1.0449
 1.14727
0.972529
 1.45824
 1.14399
 1.24159
 1.01026
  1.3776
 1.23399
0.892829
0.904542
0.993376
 1.29093
 1.00112
 1.10323
 1.10534
 1.01363
0.952568
0.922465
 1.05041
 1.06171
 1.12023
 0.98075
  1.0884
 1.07652
 1.30123
 1.03567
 1.01436
0.987145
 1.01372
0.981033
 1.01052
 1.06837
0.955229
0.977225
 1.08081
 1.05471
0.999976
 1.05523
  1.0731
 1.27978
 1.21692
 1.03492
 1.01388
 1.17079
 1.22472
 1.08452
 1.03474
 1.01571
  1.0685
 1.11828
 1.10925
 1.22216
0.987239
  0.9347
0.917827
 1.02472
0.989935
 1.01044
0.963702
 1.03334
 1.31746
0.961257
0.924363
 1.03675
0.911773
 1.10729
 1.05257
 1.08716
0.959399
  1.0266
 1.02702
 1.01883
0.980381
 1.05498
0.916435
 1.04782
0.977683
0.871213
 1.10805
 1.18013
 1.05437
 1.05171
 1.12557
 1.09892
 1.04396
 1.01458
 1.13752
0.936691
 1.11119
 1.07647
 1.04739
0.885474
 1.18712
0.942204
 1.00854
 1.04991
 1.23319
 1.07442
0.999464
 1.05294
 1.05095
 1.10215
0.916864
 0.94243
0.922318
 1.03495
 1.10513
0.848157
 1.03295
 1.11735
 1.09402
0.916695
 1.05679
 1.15776
 1.00149
0.945408
0.969006
 1.21385
 1.10886
 1.02845
 1.06218
 1.08447
0.969238
 1.00678
 1.15247
 1.12665
 1.12263
 1.19619
 1.15924
  1.1772
 1.25176
0.873805
 1.12372
 1.23382
 1.11712
 1.24026
 1.13748
 1.14299
 1.06575
 1.11169
 1.08301
0.995858
0.901399
  1.1383
  1.2352
 1.09512
 1.17439
 1.37007
 1.37882
 1.22599
 1.26147
 1.20869
 1.01153
 1.19623
 1.09722
 1.15294
 1.14017
  1.2359
 1.64652
 1.07756
 1.21908
  1.1354
 1.04839
 1.14924
  1.0772
 1.37864
  1.3076
 1.32659
 1.14719
 1.38921
 1.60723
 1.00471
 1.02795
 1.34751
 1.51994
 1.09327
 1.38072
 1.36055
 1.06637
 1.51957
 1.17072
 1.48044
 1.22347
 1.07546
 1.38906
 1.08985
 1.11706
 1.19191
 0.99944
 1.11418
 1.17111
 1.11937
 1.00107
 1.04968
0.956878
0.966668
0.847004
 1.18933
 1.10656
0.909294
 1.22334
 1.05615
 1.17006
 1.08765
0.892441
 1.06678
0.869138
  1.0964
 1.04044
  1.0254
 1.01182
 1.06577
0.970385
 1.01025
 1.07347
 1.18446
 1.03806
0.948893
0.996618
 1.18825
 0.91374
  1.1158
 1.17345
 1.02603
 1.16579
  1.1216
 1.00687
  1.0271
 1.03616
 0.97927
 1.14656
 0.86987
 1.13802
 1.00968
0.913454
 1.01657
0.995817
0.844853
 1.15641
  1.1326
 1.20852
 1.06116
 1.07095
0.927925
 1.04907
 1.12744
 1.08152
0.942896
 1.13697
 1.02136
 1.01642
 1.10084
 1.03139
  1.0527
0.950613
 1.01065
 1.23505
0.828823
 1.04074
0.955768
 1.10947
 1.04662
 1.17636
 1.04713
 1.10981
0.917866
0.937704
0.988289
 1.17754
 1.00347
 1.06216
 1.01168
 1.10181
 1.16434
0.995722
 1.03312
 1.06527
 1.16652
0.993001
0.959239
 1.02868
0.996603
0.958331
 1.04408
0.913388
 1.05126
 1.00841
 1.09239
 1.11341
 1.02272
 1.05894
 1.38546
 1.19806
 1.24903
0.952341
 1.47869
 1.15877
 1.25466
 1.47011
 1.06822
 1.19853
  1.1461
 1.24934
  1.2029
 1.14856
 1.06296
  1.1013
 1.03767
 1.07278
 1.26287
 1.27328
 1.08677
 1.18206
 1.10526
 1.31026
 1.58611
 1.33966
 1.39836
0.934687
 1.61436
 1.02075
 1.13195
 1.11489
 1.06578
 1.43523
 1.12009
 1.30607
  1.0157
 1.19156
 1.36433
  1.1652
 1.07851
 1.12101
 1.11575
  1.1732
 1.37481
 1.10674
 1.40465
 1.12468
 1.23466
0.920136
 1.14374
 1.04551
0.981804
0.897868
0.931269
0.984153
 1.11384
 1.13635
  1.0337
  1.0289
 1.08682
 1.01609
 1.02626
 1.21078
 1.11476
 1.04483
 1.34476
 0.94107
 1.04401
0.993127
0.977767
0.957184
 1.11772
 1.12722
 1.03226
 1.10669
0.995678
0.955097
 1.03641
 1.05882
0.934446
 1.02521
 0.94636
 1.07068
0.940184
0.955408
 1.34651
0.982901
 1.08003
 1.10982
 1.25104
 1.08037
 1.03394
 1.28282
 1.14646
 1.15561
 1.20173
 1.21105
 1.05281
 1.02307
 1.05741
0.869611
 1.09488
   1.452
 1.21571
 1.59175
 1.16208
 1.05448
 1.06834
0.980685
 1.16646
 1.07294
0.941805
 1.20941
 1.14154
 1.01729
 1.07721
 1.29244
 1.23365
 1.29019
 1.12909
 1.48935
0.999729
 1.08961
0.944692
 1.28417
 1.06136
0.990976
 1.18805
 1.10189
 1.12993
 1.28934
 1.06578
 1.07355
 1.08834
 1.00693
 1.24771
 1.11986
 1.16584
0.973682
 0.95703
 1.09593
 1.20552
 1.22468
 1.01509
 1.06004
 1.08727
0.897418
 1.09239
0.886356
 1.07633
 1.13454
0.966134
0.903375
 1.07485
 1.25854
0.959912
  1.1613
 1.02674
  1.0361
 1.01172
0.824818
 1.02654
 1.17433
 1.08959
0.931637
 1.12664
 1.10243
 1.18617
 1.01098
 1.10563
0.961839
0.960286
 1.07968
 1.08895
  1.0249
0.848833
 1.10224
0.894422
 1.10242
 1.04631
  1.0296
0.979682
  1.0838
 1.01375
 1.02887
0.891979
 1.19025
0.958925
 1.03749
0.938285
 1.05652
 1.07518
0.971095
0.966907
 1.06381
 1.06648
 1.24148
 1.14402
 1.05795
 1.03108
 1.15416
 1.10455
0.971644
0.941274
0.997408
 1.15559
0.967226
 1.02584
 1.10701
 1.04766
0.971243
 1.01773
0.921241
 1.12003
 1.03092
 1.24763
  1.0297
 1.26043
 1.57113
 1.38885
 1.36341
 1.38802
 1.47843
 1.29388
0.968469
 1.34011
 1.26389
 1.11607
 1.07882
 1.62927
 1.30313
 0.95342
 1.20011
 1.02374
 1.12449
0.956804
 0.99548
0.881303
 1.14092
0.952228
 1.12262
 1.20983
 1.10065
0.945909
 1.16147
 1.17117
 1.15502
 1.14097
 1.04842
0.937007
 1.00129
 1.37023
