   0.0303648     -63.8688   0.00756117    0.0131799  4.34331e-05    -0.020731     -20446.8   -0.0676997   0.00808258  -0.00849134    -0.138682     0.080918   0.00029992   -0.0390852    0.0574176
    -63.8688   5.5373e+07      2490.05     -1033.73     -5.72507     -211.672  7.10333e+08      3109.78      3856.31      128.541      358.941       785.13      5.01316     -745.959     -2613.47
  0.00756117      2490.05      36.7272     0.768721  0.000316025     -2.31309      -744714      -5.0554      24.9218    -0.461229     -9.65123      -1.2688   0.00302567      8.03011     -10.9491
   0.0131799     -1033.73     0.768721      26.7961   0.00127465      0.27358       489446     0.248943     0.663283     0.141416      3.54332     -3.02716   0.00646758    -0.785445     -1.33497
 4.34331e-05     -5.72507  0.000316025   0.00127465   5.1399e-05  0.000246009     -329.996   0.00373068  0.000692003  0.000328144   0.00125936  -0.00105975  2.73264e-06    0.0026277  -0.00045039
   -0.020731     -211.672     -2.31309      0.27358  0.000246009      12.0311      -252576     -2.92682     -1.51072     0.311349  -0.00521521    -0.517446   0.00107251    -0.358104      2.59459
    -20446.8  7.10333e+08      -744714       489446     -329.996      -252576  4.81529e+13            0      -342306       209381  1.40064e+06  5.44421e+06     -3979.24      -817010 -3.40108e+06
  -0.0676997      3109.78      -5.0554     0.248943   0.00373068     -2.92682            0      344.791     -1.89876    -0.688317      13.8977     -7.61179    0.0438774     0.295899      -6.4552
  0.00808258      3856.31      24.9218     0.663283  0.000692003     -1.51072      -342306     -1.89876      32.9623    -0.536904      2.04231     -14.2259   0.00129987        4.447      -8.2478
 -0.00849134      128.541    -0.461229     0.141416  0.000328144     0.311349       209381    -0.688317    -0.536904      3.94556    -0.245463     0.556797   0.00301271     0.220549      0.10607
   -0.138682      358.941     -9.65123      3.54332   0.00125936  -0.00521521  1.40064e+06      13.8977      2.04231    -0.245463      73.9797     -29.7354  -0.00760915      2.55442     -26.1062
    0.080918       785.13      -1.2688     -3.02716  -0.00105975    -0.517446  5.44421e+06     -7.61179     -14.2259     0.556797     -29.7354      70.1201   -0.0143725     -5.69214     -19.2747
  0.00029992      5.01316   0.00302567   0.00646758  2.73264e-06   0.00107251     -3979.24    0.0438774   0.00129987   0.00301271  -0.00760915   -0.0143725  0.000823972  -0.00773408    0.0164982
  -0.0390852     -745.959      8.03011    -0.785445    0.0026277    -0.358104      -817010     0.295899        4.447     0.220549      2.55442     -5.69214  -0.00773408      29.3988    -0.562643
   0.0574176     -2613.47     -10.9491     -1.33497  -0.00045039      2.59459 -3.40108e+06      -6.4552      -8.2478      0.10607     -26.1062     -19.2747    0.0164982    -0.562643      50.1484
