0.641703
0.542364
0.714702
0.605239
0.463877
0.785066
0.476545
0.688406
0.491494
 1.01234
 0.44668
 0.44988
0.628702
0.353366
0.641737
0.558953
0.498305
0.540599
0.628177
0.564324
0.576187
0.412903
0.646749
0.458944
0.638755
 1.36223
 1.61763
 1.82942
 1.31395
 2.02091
 1.20952
 2.81122
 1.58053
 1.21215
 1.73253
  1.1508
 1.11472
 1.81759
 1.71969
 1.33995
 1.22333
 1.81236
 1.54117
 1.62063
 1.52042
 1.35332
 1.66173
 1.75527
 1.08576
 1.64309
 1.60323
 1.37278
 1.37732
 1.23446
0.566438
0.795383
0.595721
0.549892
 1.10731
0.491709
 0.49904
0.801902
0.401295
0.731939
0.441203
0.646418
0.573826
0.861606
 2.36121
 1.01235
 1.64496
 1.09651
 1.73853
 2.16438
 1.42593
 1.65965
  1.0898
 1.86982
0.646465
 1.57225
   1.097
 1.09746
 1.77855
 2.35097
 0.91189
 1.06097
 2.47087
 1.22773
 1.54334
  2.2505
0.964433
 1.85042
0.665747
 1.62436
0.849926
0.807333
 1.61149
0.947897
 1.79181
 1.14785
 1.85391
 1.04845
    1.52
 1.59185
 1.58762
 1.03586
0.656963
 0.44743
0.397275
0.413463
0.554271
0.440639
0.837476
 0.73907
 1.10063
 1.33081
0.853179
 1.13727
 1.56067
 1.01292
 1.97668
0.599416
 1.11671
 1.32141
  1.8362
  1.1436
0.951837
 1.62718
 1.02404
 1.14055
 1.45835
 1.72469
0.895524
 1.50293
0.960624
 1.19661
 1.34398
 1.57074
 1.11325
 1.28454
 1.26483
 1.07797
 1.11603
 1.40908
 1.20925
 1.83527
 1.07812
 1.29925
0.641314
0.705782
0.474904
0.550223
0.541783
0.446519
0.555447
0.525885
0.567697
0.599374
0.698996
0.530375
 0.89724
0.570765
0.458766
0.773084
0.684507
0.668935
0.647531
0.577112
0.447085
0.890496
0.356183
0.556746
0.423893
0.694974
0.395024
0.717561
 1.18828
 1.39554
 1.29912
 1.24961
 1.26254
 1.15776
 1.15395
0.804883
 1.53637
  1.3282
 1.09001
 2.08114
 1.49089
 1.55213
 0.90251
 1.05844
 1.56771
 1.09239
 1.07024
 1.52413
  1.5763
 1.44189
 1.33338
 1.22002
0.785613
0.618907
0.577091
0.786138
0.530425
0.650288
0.585366
0.381756
0.455327
0.404787
0.551364
0.540853
 0.37899
0.599857
0.527757
0.487927
0.733995
0.613048
0.872397
0.621424
0.702675
0.506983
0.710948
0.480642
0.307888
0.686322
 0.30197
 0.46348
0.717772
0.694615
0.688834
0.580785
0.325767
0.618774
0.756096
0.556908
0.601398
  0.8502
0.773055
0.645461
0.409573
0.407638
0.671354
0.543807
0.580055
0.831044
0.644398
0.728259
0.515515
0.621635
0.844879
0.439939
0.590673
0.582902
 0.66442
0.679106
0.664398
0.472014
0.706226
0.638675
0.523035
0.413625
0.871768
0.764669
0.465539
0.447932
0.566845
 0.59007
0.515362
0.593614
0.462761
0.474624
0.944195
 0.63182
0.554269
0.724985
0.607739
0.697748
 0.75555
0.530243
 0.65601
0.514575
0.521606
0.625407
0.740078
 0.56812
0.831633
0.599106
0.748577
 1.55562
 2.60288
 2.46222
 1.22943
 2.24295
0.503335
 1.35005
 1.43811
 1.18957
  4.1593
 1.54762
  2.5666
 1.42943
 1.50231
  1.3065
0.507686
0.622331
0.320633
0.486088
0.704583
0.522702
0.592667
0.531179
0.536448
 2.57609
 1.17819
 2.33547
 1.79544
 1.89364
 1.80749
 2.48903
 1.25088
 1.98307
 1.15698
 1.15863
 1.16842
  2.3506
 1.94493
 1.28782
 1.17988
0.956205
 1.02528
0.606698
 1.64875
  1.4263
 1.56213
 1.66074
 2.94145
 1.67587
 1.45176
 1.56185
 2.04023
 1.49421
 1.91006
  2.6991
 1.59374
 1.46118
 0.99558
 2.04543
 1.56769
 1.90162
 2.00984
 1.44204
 1.25412
 2.03668
 1.16123
 1.66296
 1.90228
 1.72842
 1.62037
 1.03236
 1.33552
 1.39545
 2.53533
 1.75378
 2.08751
 1.07595
0.951454
 1.28343
0.299539
0.726084
0.401549
0.677711
0.848983
0.739254
0.575141
0.743107
0.820829
0.574813
0.588579
 0.71421
0.849958
 0.38479
0.615251
0.779675
0.549564
0.426084
 0.55277
0.538419
0.403892
0.417827
0.678493
0.807327
0.536955
0.579019
0.589319
0.538502
 0.59964
0.653047
0.334741
 0.44256
 0.44617
0.565908
0.509724
0.638136
0.530547
0.601737
0.607824
0.545446
0.527731
 0.58433
0.579862
0.892299
 1.12055
 1.35127
 1.54473
 1.16948
 1.68887
 1.50249
 2.35683
 1.69893
 3.39918
0.720646
0.570249
0.747928
0.756505
0.645255
0.427344
0.632999
0.552041
0.541804
0.382207
0.466013
0.975649
0.582112
0.656105
0.533073
0.544089
0.605673
0.632054
0.545075
0.735341
0.574054
0.703588
 0.69298
  0.4753
0.607893
0.479602
0.458092
0.598883
0.760579
0.513378
0.485983
 0.51667
 0.80248
0.448815
0.826391
0.508482
0.339862
 0.45594
0.574734
0.361181
0.496395
 0.56033
 0.87329
0.551451
0.676436
0.382034
 0.65069
0.582674
0.335405
0.535793
0.577732
0.662663
0.561262
0.278612
 0.40021
0.526766
 0.57766
 0.50762
 0.60222
 0.60989
0.676555
0.627183
 0.59001
0.606952
0.509241
 0.56263
0.356493
0.461357
 0.59885
0.473552
 0.64097
0.440912
0.555221
0.402999
0.673699
0.603129
  0.6946
0.613911
0.476098
0.637559
0.857495
0.709252
0.430601
0.686287
0.598194
0.610762
0.547614
0.454551
0.532904
0.619026
0.830151
0.462004
0.423039
0.405461
0.790871
0.597306
0.582033
0.463207
0.514873
 2.63891
 1.10496
 1.34968
 2.03231
 1.04507
 1.52735
 1.30198
 1.13429
 2.23108
0.991241
 1.29181
 1.12917
 2.67857
 1.45265
 1.93436
 1.74063
 1.66231
 1.56843
 1.71691
 1.10957
 1.39449
0.943413
0.873728
 2.06685
  1.4757
  2.0923
 1.36758
 2.06528
0.937494
0.934541
 1.72572
  1.8403
0.998802
 1.27721
 1.43236
 1.78147
 1.36218
  1.6726
  1.0875
 1.35899
 1.96584
 1.05872
0.752413
 0.46597
 0.92681
0.677166
0.263684
0.596824
 0.92181
0.537889
0.546809
0.472643
0.531724
0.567507
0.305443
0.484166
0.547282
 0.46466
 0.78188
 0.45283
0.765977
0.564947
0.419794
0.584803
0.589822
0.674864
0.609097
0.603762
0.824699
0.854214
0.515177
0.509248
 0.34916
0.519475
0.523128
0.638991
0.477706
 0.71771
0.447782
0.791164
0.602656
0.827224
0.659196
 1.76224
 1.65994
 1.52714
 1.95116
 1.57895
 1.53584
 1.33386
 1.70949
 1.35576
 1.40079
0.616957
 1.80055
  1.5098
 2.34649
 1.37442
0.599952
0.489244
0.491351
0.474864
0.596687
0.658411
0.460589
0.751772
0.587859
0.379199
0.478882
0.698352
0.706437
0.529743
0.536426
0.664668
0.963945
0.968959
0.789745
0.599176
0.691762
0.469291
0.500463
0.648735
0.473656
0.581443
 0.32934
0.354909
0.657418
0.658027
0.316884
 0.49609
0.433283
0.655229
0.508126
0.595815
0.439427
0.548788
0.342905
0.593103
0.731696
0.286701
0.695786
0.658167
0.860901
0.502606
0.607933
0.294289
 0.59768
0.356972
0.496357
0.595963
0.488826
0.517541
0.524031
0.274215
0.420341
0.636105
0.726062
0.731979
0.465601
0.599233
0.643448
0.691925
0.343426
0.625736
0.298048
  0.5993
0.361678
0.663078
 2.06648
 3.47591
 1.67865
 1.90163
 2.49189
 1.50463
 2.19465
 4.01413
 2.37879
 2.03108
 1.83976
 1.53364
 1.62928
 1.52062
 2.10988
  2.2628
0.725935
 0.82019
0.594546
0.648344
0.533481
0.645515
0.773226
0.532609
0.722526
0.709108
0.570686
0.445776
0.613901
0.577544
0.610471
 1.93632
 1.09816
 1.34908
 1.19778
 1.37829
 1.02586
 1.15751
 1.17958
0.927406
 1.15699
 1.29053
 1.19605
 1.14661
 1.73021
 1.31235
 1.33114
 1.65592
 1.46507
 1.12158
 1.32747
  1.1261
 1.65244
 1.00257
 1.21608
 1.39077
0.940827
 1.17407
 1.71279
 1.64068
 1.12226
0.783305
 1.45248
 1.06112
 1.07851
0.759527
 2.24528
 1.23923
 1.34736
 1.48733
 1.20902
 1.28875
 1.61386
 1.16521
  1.5396
 1.34268
0.364904
 1.20001
 1.05448
 1.42516
 1.47569
0.929567
 1.23463
 1.12814
  1.2908
 1.49497
  2.2217
 1.23451
 1.74769
 1.50507
0.947285
  1.5101
0.803951
 1.02695
 1.07613
 1.54437
 1.31686
 2.12391
 1.68712
 1.46751
 1.44451
 1.42926
 1.21114
 1.28683
 2.00506
  2.1851
 1.92417
 0.86269
 2.39869
 1.51651
0.990221
 1.30157
  1.8013
 1.24509
  1.5957
0.736061
 1.22739
 1.03441
  0.9044
 1.71197
 2.01047
0.560912
0.581224
0.762142
0.643621
0.455179
0.784311
0.683359
0.485543
0.595305
0.559192
0.623885
0.482943
 0.62062
0.416877
 0.71847
0.966332
0.790207
0.493672
0.514333
0.673484
0.694053
 0.55771
0.420723
0.602049
0.554013
 0.77478
0.863506
0.570951
0.492387
0.842537
0.633829
0.445573
0.577594
0.489966
0.464489
0.648045
0.494985
0.698868
0.474208
0.473608
0.383026
 0.52082
0.398334
 0.32371
0.673629
0.633966
0.455767
0.670483
0.540571
0.754727
0.645168
0.717857
0.584379
0.481033
0.724783
 0.48027
0.485503
0.401417
0.755027
  0.8584
0.418467
 0.66642
0.458318
0.492947
0.453221
0.521336
0.610556
0.563606
 0.57033
0.620221
0.481924
0.495891
0.688802
0.556453
0.559412
0.471904
0.479025
0.604741
0.412346
0.373243
0.556101
0.461275
0.628825
0.273805
0.719324
0.548818
0.853887
0.649112
0.568651
0.591897
0.515878
0.868285
0.481625
0.576349
0.896338
 1.45624
0.788638
 1.57963
0.792132
 1.41641
 1.75144
 1.61015
0.902684
 1.13206
0.840908
0.763976
  1.5684
 1.29401
 1.95547
 1.19697
  1.0625
  1.1963
 1.60385
 1.30729
 1.28269
 1.41076
 1.98249
 1.19537
 1.53512
   1.269
0.761645
 1.27991
 1.89303
 1.57084
 1.52769
 1.49949
 1.58282
 1.94979
 1.25406
 1.51664
 1.00325
 1.96175
 1.53178
 1.73332
0.643511
 2.05072
 1.03171
 1.19516
0.911088
 1.04559
 1.13965
0.408252
0.337159
0.429326
0.774309
0.437495
0.363917
0.457602
0.491079
0.460276
0.463469
 0.56551
 0.53614
 0.44499
 1.86375
 1.46012
 1.21147
 1.17227
 1.30279
 1.66197
 1.17452
 2.09317
 1.77695
  1.3477
0.938048
 0.96336
 1.16317
 1.09533
 1.49234
0.877091
  1.6483
 1.10276
 2.01262
 1.22973
 1.49106
 1.37454
0.893529
 1.19643
 1.32535
 1.21504
0.997461
 1.17759
0.887918
 1.36756
  2.2104
 1.17485
 1.41533
 1.98143
0.957331
0.735002
0.551891
