10.2372
9.37562
3.52451
17.4489
 15.708
11.1128
10.5588
5.50451
13.3401
12.1333
10.4549
8.54532
10.3905
5.56095
11.1536
12.3761
15.9133
 12.252
19.2141
6.03324
 10.197
10.5405
9.65014
5.90817
7.32385
44.0416
18.4078
 29.671
 53.634
34.9063
28.5155
 24.325
27.7671
28.0177
19.1908
50.0384
32.2687
42.6384
17.4349
17.3631
32.8178
22.6411
46.9538
33.8709
  23.12
17.8204
9.05093
15.0851
30.7475
24.5665
18.2445
33.5161
31.9787
34.4842
51.2783
10.3195
31.7158
26.7009
16.3287
24.9745
18.4701
 19.385
39.5848
 20.952
26.8037
28.1115
 11.782
38.2344
10.9394
18.7577
 36.638
26.1499
24.7141
7.05654
7.38755
15.1052
 11.258
15.9503
23.6872
14.9951
 10.975
15.3133
 9.6358
 10.035
10.0422
6.55543
4.67513
 21.416
8.94633
8.88265
20.0263
7.26824
5.05265
11.8393
24.6538
16.9325
11.2023
4.39518
15.4703
16.3862
13.5058
8.60165
8.75687
8.38622
6.08764
5.65473
 17.828
8.93999
8.70534
9.13627
11.0163
5.78747
7.76988
3.78547
10.9901
8.37284
14.9501
15.3016
12.9146
8.16887
 9.6511
17.4359
3.36026
11.5992
14.4342
16.5554
8.76053
11.4384
12.3078
 8.4562
12.1993
15.3598
8.12625
11.2284
16.7402
10.4569
9.58943
13.2763
22.1789
13.6143
3.94898
4.50058
 17.274
  10.06
11.0448
2.94438
4.73375
10.9757
5.84117
11.5615
10.7334
 8.9732
9.59871
4.60559
10.9941
13.9009
10.9119
8.72468
15.7659
14.4514
3.38549
6.82574
8.25342
7.54507
22.5494
16.2881
 13.653
7.09201
9.16796
6.56045
9.05995
7.36463
5.96287
7.15096
11.3239
8.10039
7.40926
9.84838
9.89181
14.9084
8.53143
9.67151
15.6181
6.03157
8.82567
6.14612
11.5219
10.8417
17.3513
13.4836
8.55519
11.5555
7.55537
12.0187
14.4294
12.2714
6.77778
14.4134
8.51965
12.0196
18.0138
16.4593
11.3543
13.4466
20.7292
7.71666
16.9296
9.75951
10.3618
14.5583
8.33535
9.80699
10.0477
12.7041
8.86508
12.7989
6.92299
14.2966
  3.156
9.86005
 9.8015
15.5091
10.5154
13.3321
12.5073
9.65591
18.4409
16.9269
11.0405
13.6509
12.8851
11.7099
18.0011
12.6554
22.3571
22.7282
19.4291
10.2664
17.3822
13.2415
9.25102
11.0355
19.2945
9.67711
7.61556
6.53692
11.5871
 9.7097
7.69618
18.8255
13.9186
7.22251
16.0553
14.4008
10.2543
9.24967
22.6032
12.1847
8.03053
12.9625
8.60847
12.8829
11.1607
 8.4232
18.1507
 11.721
11.6576
14.5155
13.5461
5.90968
8.94267
13.8672
6.81358
 12.144
12.8464
6.00428
8.64017
17.6128
10.2818
5.70237
11.0075
14.3964
15.4097
8.47467
 11.695
8.34147
9.85316
10.5868
14.3867
 6.5174
12.0181
5.19564
3.60888
11.5094
6.92489
  4.409
12.3468
12.4441
15.6421
12.8671
8.30588
13.8698
14.5546
11.4549
9.66489
13.5573
14.5427
12.9691
14.1584
14.5016
5.61472
4.83693
14.4843
12.6361
15.8017
10.5943
13.5735
10.0625
8.69882
18.0908
3.02725
9.75958
12.9822
13.2701
10.7813
6.45615
7.35807
13.5341
9.38538
5.07065
8.28134
5.48426
12.7274
13.9454
13.8038
6.78586
4.35307
10.0225
8.11975
9.23504
12.4516
18.7161
9.99135
7.87251
9.92715
8.47205
  19.25
8.68702
9.69171
19.3106
9.93614
14.9591
12.1832
6.61121
9.34406
7.72315
 8.6904
10.1027
11.4582
12.5438
17.1796
9.59898
5.83793
18.7513
6.10461
10.6897
8.74623
12.5077
9.49689
7.57169
13.6486
7.90184
10.2716
8.23636
13.6338
16.3395
11.2464
20.0227
10.0298
6.90867
 12.787
6.67216
 11.713
13.8403
13.8476
7.31311
14.2867
15.9365
5.30684
8.31079
7.34328
20.1891
5.28015
9.92816
10.1068
8.67662
10.9659
18.6796
3.29277
10.3909
2.69605
10.0482
15.2229
 7.9152
5.94074
11.0376
8.83772
10.7554
11.7469
7.78375
9.44953
10.9009
10.9394
9.34427
6.27925
7.07504
11.0264
 15.502
12.9873
10.3839
6.98011
13.3815
11.9867
6.31024
18.0042
11.0869
8.72513
12.7725
12.7209
 7.9118
10.4192
13.1395
8.53017
9.48936
9.24446
5.87384
13.2658
11.4295
10.6438
6.20689
9.35542
12.2414
 13.934
16.3716
9.01471
8.12636
10.1595
11.7801
10.1829
  11.68
10.4082
5.78057
5.63288
9.67213
6.57489
13.0844
9.10541
12.4972
12.2848
5.23244
12.9635
12.5879
6.49747
17.4201
9.17877
6.54484
9.70822
7.03595
9.25318
 9.4976
15.6619
15.2421
 15.555
7.28734
14.9659
13.7848
7.63794
   6.37
8.92083
10.2108
7.63107
20.6396
11.2718
10.4179
10.5144
18.6189
12.8462
10.6799
 6.6364
10.7539
   6.18
4.27087
5.95082
11.3456
14.6119
10.7513
4.98752
14.4301
15.4463
4.46913
 10.462
7.45004
 13.274
21.3283
12.7453
8.72705
10.9799
12.0159
17.1436
9.05961
16.2407
 9.8692
12.3234
7.16837
12.6184
 8.4439
 9.1866
11.1393
10.6431
10.2682
10.5828
12.9139
14.8256
13.4429
8.52786
17.1472
11.5295
5.16255
8.61869
12.2667
8.76509
9.94487
7.93662
8.16229
8.12312
11.1632
8.45642
14.4853
10.1502
9.37626
17.5978
14.0001
9.64466
7.41992
13.7425
15.0617
14.9127
15.8995
 11.494
 4.9914
14.5777
13.6516
13.1754
 9.9916
10.3351
21.0451
9.55008
5.20189
6.99486
8.82231
10.5613
 9.4167
15.9788
5.88152
8.26601
5.23755
8.30355
8.51658
14.3649
10.6309
10.7927
15.6858
10.7896
8.80767
12.8985
11.5111
9.83368
17.6183
14.8561
 6.8566
13.3114
14.6637
7.49795
12.2911
13.5283
13.2279
 12.816
11.7245
12.7321
4.57442
 6.6167
11.7498
12.9977
17.5562
15.4513
9.21328
6.53107
13.3535
11.5462
5.95563
13.9184
4.71581
10.7935
10.4479
13.5531
11.3021
11.8524
14.6873
15.6508
8.30618
3.31786
11.8317
 11.394
5.29384
9.67589
14.7838
8.13447
6.54939
10.1741
10.0729
11.4219
11.6512
13.6892
11.3241
 9.1371
8.89784
10.1664
12.5084
10.2679
3.45711
17.0629
14.0662
9.95807
2.38485
6.11247
7.14504
9.07394
12.3175
 13.683
15.4284
7.17679
17.2449
11.8114
7.25426
5.18328
14.4071
8.03937
9.45768
14.8553
4.60239
19.7703
8.42077
7.94013
10.8728
9.18573
 10.387
7.09658
 12.257
8.67127
15.0847
17.4249
16.1918
15.2123
11.7001
13.2803
16.5152
14.6553
8.78112
12.2574
 10.418
 18.968
12.5866
17.1687
16.4571
21.3225
6.30662
7.14231
7.85972
6.57393
7.03024
9.89483
10.4658
11.3433
10.4884
10.4032
9.07094
13.0133
11.2264
2.49631
10.0251
 14.109
12.1691
18.7274
15.0394
15.1073
13.1922
8.81983
13.3842
 8.3795
7.67988
13.7592
5.75192
12.6419
6.82322
22.8417
17.9376
8.26864
12.7355
14.0114
 21.046
13.0111
12.2219
15.1012
11.5443
9.17336
7.30404
11.5574
8.55336
7.13583
11.4421
10.4446
15.4899
 13.749
8.97387
23.2907
17.5557
10.2173
7.13557
11.4984
7.68844
11.4413
14.9251
16.9743
8.33846
10.3396
9.50336
8.45308
6.45483
5.18663
8.64629
12.2242
8.17907
19.1382
12.4454
9.47779
7.34059
11.8566
18.2888
10.0963
4.80882
9.38897
9.25764
10.1566
9.73085
9.88047
12.5242
8.60376
15.9764
15.0069
9.54223
10.4822
9.86869
15.3941
 13.764
10.5816
9.99311
8.71342
13.9502
9.86441
14.7989
11.8263
8.03411
6.04501
12.2741
11.7922
8.95297
6.12223
10.1606
13.8716
14.5269
 7.6565
3.18998
 8.5034
10.3394
6.94428
11.5452
7.33935
8.93421
16.5393
11.3958
16.5646
 15.972
15.7031
8.40368
12.2593
11.7844
13.9142
10.0272
17.2172
5.87463
 8.2681
14.1428
 6.9806
17.0507
13.5315
12.6152
20.4042
3.27974
10.5725
9.99306
10.3573
12.0788
5.96168
7.78433
8.09084
15.0934
10.1378
9.07726
11.8795
 9.2871
 11.671
8.14054
7.00776
9.22066
19.6218
10.6451
8.67685
8.50257
14.7171
9.52741
8.74276
8.87049
13.3877
7.78221
8.73108
8.01655
17.8692
7.62095
9.94106
8.62302
10.5916
7.76596
17.9543
6.99241
8.64494
 15.481
4.59522
4.56594
7.40823
7.36272
7.64945
12.8994
12.7618
14.4532
13.3561
 13.805
16.8654
10.8904
11.5176
 11.146
15.1814
9.72802
9.22379
9.05554
6.57482
20.3137
4.48571
13.6182
9.26745
 7.6974
5.58856
12.8419
5.52184
9.97737
 9.8926
6.31775
12.7583
10.6062
11.9919
6.14799
7.36293
14.2695
7.32728
10.7608
5.58993
9.18205
5.32444
18.1501
 9.8332
6.91892
10.5275
6.06759
6.04775
13.8666
16.7302
4.05295
7.04884
13.1464
 13.873
13.0393
10.3192
6.26461
 6.5607
16.1385
4.37618
 13.074
4.28396
5.48558
10.5392
 10.841
11.3308
11.6799
10.2193
 7.6199
6.59007
19.4043
14.2275
11.9976
8.14342
14.2427
14.0209
9.16656
5.85079
21.6221
8.89325
18.3685
8.04068
16.3209
6.66843
21.3714
13.2756
10.9312
7.00843
24.0137
8.07209
 19.119
 8.7466
8.26029
11.0367
19.4643
8.74968
13.3536
8.44101
9.40263
14.1201
9.54395
4.40449
7.54046
8.20176
3.45265
   8.68
7.14998
9.86105
7.33122
  15.62
8.54724
3.04677
18.1748
16.8923
3.84988
2.85146
15.7305
6.77998
 10.503
7.66969
14.4867
11.0655
8.97976
9.47646
4.18233
12.2453
 13.637
6.22892
11.1856
12.3712
10.9512
9.35571
8.15308
15.2233
21.0622
17.1262
13.0256
13.8603
13.2313
17.4463
 12.831
 1.9161
4.25911
13.4815
8.35583
2.99411
2.90149
9.18445
6.29303
6.39205
9.63806
11.4265
15.1387
17.2685
13.0727
