     5.69823     -28.7209      17.0577     0.609744            0            0   -0.0350098
     28.3577      3.07087      6.82685      4.83343            0            0   -0.0130284
     11.8723     -20.6709     -9.85339      4.37249            0            0     0.105829
     15.4135     0.329851       10.062       4.0606            0            0    0.0412186
     35.5036     0.971692      45.4329     -2.23142            0            0   -0.0537625
     8.15462      -14.902     -9.76179     -3.39003            0            0   -0.0196558
     42.8579      1.64449     -2.44186     -9.57488            0            0    -0.088176
     15.3268     -1.57431      8.13252      7.54553            0            0   -0.0215218
     24.0717     -13.4477      3.87155     -1.15858            0            0    0.0432345
     13.7926      2.71867     -3.83083      5.59902            0            0     0.204474
     9.26261     -1.84332       19.328      16.8913            0            0    0.0894047
     17.8486     -21.6519      23.6104     -16.1569            0            0   -0.0215913
     12.7391     -20.9575      16.3115      7.23619            0            0    0.0195898
     1.36286     -39.3061      1.47597     -11.6757            0            0    0.0263327
     25.5448      3.38607     -9.45845      55.4688            0            0    -0.067131
     6.55377     -16.9376      4.52508     -1.90343            0            0   -0.0636178
     17.7475     -3.04329     -7.18072      -6.8069            0            0    0.0428174
     7.38917     -19.7929      20.6342      23.9809            0            0   0.00949982
     23.4735      5.12098      3.21961     -5.14761            0            0    0.0589798
     9.32981     -8.68284     -8.76868      21.9067            0            0   -0.0229128
    -4.90647     -38.8297     -5.55592     -12.3557            0            0     0.148334
      2.5768     -22.1801      22.8854      2.96485            0            0   0.00467117
     18.7201      4.14923     -14.2884      6.25126            0            0    0.0709938
     12.5499     -8.49626      7.97846      31.7768            0            0   -0.0904914
     45.0014      1.56339     -4.95085      9.33924            0            0   -0.0102338
     6.01786     -6.34756     -2.14134    -0.538079            0            0   0.00410334
     7.66577   -0.0790022     -2.74362      3.72383            0            0     0.032444
      17.646     -5.81418     -4.38369      34.2073            0            0   -0.0894545
     15.5168      4.22031     -8.21603      7.80572            0            0      0.02052
    0.400908     -6.91953     0.551651      11.9908            0            0    0.0871623
     6.20335     -7.59233     -0.55006      6.28105            0            0  -0.00162248
       15.31     0.909875     -7.92139     -6.16921            0            0   -0.0120977
     3.49771     -58.0212     -23.2428     -24.6957            0            0    0.0129364
     26.3662     -11.4327      27.2734     -2.21072            0            0   -0.0647687
     29.5402     -6.25701      3.41142      13.8911            0            0   -0.0912738
     8.20497     -12.5732      12.0555     -10.2498            0            0      0.06634
     27.7647    -0.976006     -12.9576      14.9452            0            0   -0.0609737
    -4.82417     -32.7164      3.54664       9.5362            0            0     0.171398
     18.5052     -5.96056     -9.90709     -3.90407            0            0    0.0210636
      12.397       4.8055     -3.13044      4.29821            0            0     0.178536
     3.27608     -11.4675     -7.41485     -4.56323            0            0    0.0292252
     3.97588     -10.6155      12.2475      38.4438            0            0   -0.0497203
     9.61255     -5.42759      12.1955     -5.46322            0            0   -0.0288967
     6.28004      -37.307       15.229      32.3284            0            0    -0.102587
     15.4611     -10.5387      35.8112     -10.0179            0            0    0.0843283
     13.0874     -7.17212      11.4323       -8.397            0            0   -0.0116809
     52.6085      2.14985     -33.9281     -9.10971            0            0    0.0291649
     8.98934     -12.3873     -10.8978     -2.19656            0            0   -0.0164046
     10.5436     -12.3277      16.3724     -5.68175            0            0    0.0677375
     12.5393     -26.2732     -17.4188      5.03869            0            0    -0.102668
     21.6144     -3.90571      -1.3619      32.6861            0            0    0.0221705
     16.2155     -17.7511      -4.3209      -6.8862            0            0   -0.0353864
     24.2285      1.51476       -0.667      16.4448            0            0   -0.0843699
     14.5854     -12.6605      7.29572      7.00903            0            0   -0.0147812
      16.852    0.0360893      -5.8061      17.0126            0            0   -0.0659168
      20.347      2.47993      15.6189      -4.1448            0            0    -0.053863
     21.1375      -1.0747      11.8804      21.8197            0            0    0.0493877
     9.66228     -3.75938      6.21961      1.55864            0            0    0.0581817
     23.7278   -0.0374426      19.2832      13.0646            0            0     0.019617
     13.1783     -16.8416      7.77017     -13.0443            0            0   -0.0567556
    -1.01743     -48.2754      4.26064     -3.62733            0            0   -0.0572888
     20.5374       3.4248      1.05633      3.27234            0            0    0.0647996
     16.3675      -18.413     -8.64953     -11.3986            0            0   -0.0214587
     19.2927     -13.7744     -4.60527     -5.44479            0            0     0.157883
     17.3277     -1.19652      4.73265      6.06926            0            0    0.0439271
     46.9258      19.8859     -23.9574     -4.95127            0            0   -0.0330448
     12.4053     -23.0327     -15.5046     -6.15087            0            0     0.138909
     20.1021     -4.60567     -11.0426     -8.73001            0            0    0.0176617
     66.1096      11.8455     -22.6215      8.65803            0            0    -0.128152
      23.623      4.17222      2.55547   -0.0825511            0            0   -0.0105821
     15.0372     -12.3197     -17.0897      13.6702            0            0    0.0213039
     28.6935       9.7137     -5.99222      11.9991            0            0  -0.00839549
     25.4323     -27.8648     -16.9785     -19.8452            0            0   -0.0997782
     13.1189     -11.3811      9.70141     -7.94362            0            0   -0.0674531
   -0.965343     -11.2362     0.922431      11.6156            0            0   -0.0510326
   -0.271645     -30.0489     -3.49341    -0.745985            0            0    -0.016645
     5.58361     -39.0947      8.30731     -4.66613            0            0   0.00043778
    -5.49283     -14.2558      2.14643      30.7411            0            0    0.0687775
      7.4098     -11.0555      14.5363      24.2385            0            0    0.0523494
     2.69083     -27.0419      8.16857      36.5644            0            0     -0.10584
     35.0518      8.13721     -4.61269      1.22991            0            0    -0.039602
     16.4705     -16.8922      24.7744       10.138            0            0    -0.103449
     3.51512     -4.57313    -0.147129       35.143            0            0   -0.0158581
     7.01843     -28.7709      30.9511      15.5203            0            0   -0.0571736
     20.1052     -11.0585      36.3461      17.8931            0            0     0.134375
     2.75563     -6.07891      2.89822      4.67112            0            0     0.119018
     21.3778     -3.04771     -14.4139     -6.04765            0            0    0.0154729
    -8.34644     -28.2791      1.38072      20.1673            0            0   0.00258999
     8.87134     -2.10264      4.67916      4.11865   0.00379468            0   -0.0135209
     18.1053     -4.68816     -3.79668      7.93925   0.00403129            0     0.138513
    -2.07241     -16.1986      5.90096      14.7031            0            0   -0.0275794
    -4.16831     -21.7085      4.17113      10.5575   0.00635546            0 -0.000823551
     13.5781     -11.2555      8.50879      37.4683   0.00465759            0    0.0418868
     22.4825     -7.28552     -4.54034     -4.85901   0.00826549            0  -0.00357075
     4.63004     -8.48966    -0.945933      3.71271   0.00762785            0     0.111305
     8.77214     -28.3263      4.65242     -11.2781            0            0    -0.138832
      6.0316     -27.5658     -14.6867     -3.01268   0.00928903            0   -0.0581218
     33.1016     -4.88798     -3.01575      13.8185   0.00978518            0   0.00243768
      16.504      -2.4063      1.89767      34.6614   0.00731789            0   -0.0344516
      32.503      -12.857      38.4043     -10.9978            0            0    -0.100664
     14.6402     -17.0055     -5.54702     -11.1303   0.00814033            0   -0.0446729
    -2.43029     -32.7701     -3.73837     -4.78108   0.00459804            0   -0.0124472
     19.8824      3.01959      3.62193    -0.435062   0.00970161            0     0.117396
     3.99154     -9.74993      14.0353      6.77796   0.00912626            0   -0.0164669
     24.7009      3.43859     -1.08304      12.8564   0.00716058            0   -0.0536377
     5.83276     -30.5562      8.23983     0.240992   0.00772713            0   0.00608809
     15.0344     -14.1426      12.7233     -6.76411            0            0   -0.0482883
   -0.965218     -31.3241     -7.23452     -8.49164   0.00724179            0    0.0292281
     5.67599     -13.8112     -6.37244      4.67284   0.00643362            0   0.00663863
      13.815     -1.67129      1.39879    -0.334887   0.00687725            0     0.100275
     8.53406     -12.2804      32.7786      6.05309    0.0100401            0    0.0567286
     17.3431     -16.1363     -8.74349     -3.52859   0.00564164            0    0.0626991
     2.34519      -21.723       -13.28      1.21782   0.00983708            0   0.00886605
     18.9337     -11.4119      13.0418     -3.81211   0.00544505            0    -0.115621
     27.1696     -2.61898     -13.9182      9.68536   0.00763357            0     0.214814
     20.5923     -5.29227     -12.7901     -1.58448   0.00508591            0    -0.068644
     9.47033     -9.37787      2.55551      17.6211   0.00837246            0  -0.00882109
    -1.09123     -30.4701     -14.3326     -3.49514   0.00699733            0   -0.0131138
     1.42473     -24.4462      11.9158      9.96238    0.0075918            0  -0.00136293
     23.0207      7.77032     -3.75565       9.6011   0.00623865            0    0.0815498
      11.776     -34.3258      10.5909     -17.2198    0.0052352            0   -0.0637896
    -6.93263     -22.3615     -3.03794      13.6398   0.00748195            0    0.0389178
     5.92059     -3.73991     -8.61376      45.8262   0.00703144            0    0.0652922
     5.16086     -10.0315      11.4565     -2.70701   0.00735896            0    0.0134247
     5.72458     -24.7702     -2.12695      3.60217   0.00656795            0   -0.0937438
     21.9757     -6.06804     -16.0062     -2.83854    0.0110799            0   -0.0347937
     19.9291     -18.1899       11.214      8.46628   0.00471242            0    -0.042182
    -2.24656     -10.3255      2.31429      1.51501   0.00833458            0    0.0223959
     23.0354      4.67135      9.25245     -3.17934    0.0073867            0     0.060453
      14.939      -4.8564     -7.79784      4.83761   0.00525347            0    0.0952875
     8.07708     -8.73023    -0.422011      4.81143   0.00860701            0      0.01894
     16.1585      6.54061     -7.67057     0.267529   0.00632852            0    0.0795731
    -2.30695     -12.2431     0.432988       4.3615            0            0     0.119434
     15.1571     -8.05051     -9.93242       3.9688            0            0  -0.00808968
     26.7353     0.958209     -6.53646      5.04474            0            0   -0.0346518
    -1.15139     -29.2423     -7.33272       -7.841            0            0    0.0306412
     7.61126     -31.4885     0.830537     -5.15014            0            0    0.0318026
     1.52452     -19.2201     -2.22556      1.93373            0            0     0.195774
     10.1396     -4.83549      17.9272      20.1438            0            0   -0.0236098
     27.9727      3.73947     -1.16892      7.51222            0            0    -0.102142
    -6.63974      -29.071      -2.1698      18.7908            0            0     0.018535
     -12.355     -26.0695     -6.24613      22.2708            0            0   -0.0145811
     11.8487     -3.86849     -8.02268      11.3273            0            0     0.076197
     10.1581     -26.2073      10.5661     -2.92132            0            0    0.0672963
     42.9907      6.46162      5.07421      5.39464            0            0    -0.107417
     18.5909      4.72453     -9.56067      8.55316            0            0    0.0936587
     8.74892     -13.0809      -2.7461       8.1502            0            0    0.0206304
     11.9447     -29.2779     -5.10649      10.6651            0            0    0.0267061
     19.5705      3.55157      9.31181     -6.18492            0            0    0.0542298
     9.95758     -8.77535      8.03184      -5.5817            0            0     0.109756
     3.21035     -7.23523      14.5076      2.81589            0            0   0.00885106
     10.8218      -9.2903      28.4688      1.81139            0            0   -0.0262767
     10.9732     -10.8419      17.2666      4.34534            0            0    0.0356711
    0.443561     -27.4511     -5.89133     -4.38734            0            0   0.00816931
  -0.0289819     -7.69265     0.827635        2.888            0            0     0.015381
      26.997     -18.7488      22.3657     -20.8334            0            0   -0.0839578
      19.565     0.343332     -3.04081      18.5689            0            0   -0.0591975
     43.4536     -7.13115     -15.8333      14.8951            0            0     -0.10223
     5.10506     -22.1284      -6.9735     -9.15678            0            0   -0.0151683
    -1.19545     -22.3476     -14.4304     -4.54842            0            0    0.0573718
      10.749     -7.18265      17.8571     0.115451            0            0    0.0140975
     27.1849     -11.3489     -18.4894      11.0547            0            0   -0.0801064
    -15.6002     -72.0859     -4.25262     -14.0657            0            0    0.0869813
     8.61623     -6.18423      2.46754      26.6867            0            0   -0.0605719
    -1.82531     -31.5192      6.80145      13.4894            0            0   -0.0586616
     7.05323     -10.7398     -12.4885      9.32732            0            0    0.0539416
     3.25949     -27.7493      14.6916     -10.2731            0            0   -0.0313278
     13.0894     -4.26085      -5.6557       27.652            0            0   -0.0391719
     10.7305     -6.59742     -16.8596      18.9664            0            0    0.0114583
     6.98031     -14.1647      6.99943      13.3537            0            0   0.00282883
     1.35287     -30.7366       1.0596      4.86664            0            0    0.0898821
     19.6048      3.43077     -5.71634      1.61715            0            0   -0.0335179
     -7.7439     -37.9846     -1.06375      4.50538            0            0    0.0994333
     30.7713      7.69738     -19.7974     -4.06282            0            0     0.051444
    -1.07662     -27.1443      9.61898     -6.49332            0            0     0.003289
     16.0619     -19.7084      44.7436     -5.08012            0            0    -0.122166
    -0.70434     -29.0338     -16.3398     -0.20137            0            0    0.0145899
     13.5515     -5.15761      6.15066      9.88884            0            0     0.197775
    -5.78722     -22.7748     -9.48367      1.28015            0            0    0.0813205
     11.5612     -6.47158     -6.65035      5.26552            0            0    0.0318115
    -4.39344     -42.2862     -8.10269       4.6728            0            0    0.0678966
      12.926     -26.9738     -9.03956      20.5888            0            0   -0.0513846
     7.11547     -6.34783     -4.02486     -4.47378            0            0    0.0492112
     31.3965     -15.2325      7.16626     -2.99023            0            0   -0.0751707
     23.2653     -1.52492     -4.55945      27.5116            0            0   -0.0694292
      2.5426     -5.06133      18.4674      19.7855            0            0   -0.0451294
     18.9131     -21.8485     -16.5463     -3.87054            0            0   -0.0589261
     18.8422     -4.45347     -1.82554      1.23837            0            0    0.0113872
      4.2866     -4.03777      10.5911      12.1792            0            0   -0.0629811
     11.4239     -11.5568      10.9925     -7.80138            0            0   -0.0550218
     6.04359     -49.5383     -30.5667     -21.7143            0            0     -0.03267
    -2.61045     -16.0164   -0.0916933      1.46702            0            0   0.00557023
     18.8629     -11.3333      4.74558     -8.55279            0            0   -0.0181041
     15.0522     0.308496      7.16384     -2.63545            0            0    0.0725048
   -0.682037       -27.88      5.59174     -8.53767            0            0  -0.00569844
      12.538     -14.8096      -1.7646     -3.66807            0            0    0.0185014
     13.7785     -26.4333       18.849      2.93125            0            0  -0.00936907
     1.28452     -6.62126     -4.13497    -0.603754            0            0     0.221301
     10.6505     -10.4956      -11.368      10.0099            0            0    0.0489778
     10.4637     -2.57622    -0.344793      14.8553            0            0   -0.0427889
     13.3015     -2.65905      -10.017      26.5457            0            0      0.11185
     3.21345      -7.7527     -3.89267        9.633            0            0    0.0155074
     13.0681     -33.4227      38.9733      2.88569            0            0    0.0147898
     11.6796     -9.81597     -4.44803     -2.39042            0            0     0.101727
     7.79111     -6.45555      14.7808       27.057            0            0   -0.0444841
     6.71945      -5.8734     -1.76331       40.031            0            0    0.0296085
     37.4558     -4.14438     -9.49617     -6.33661            0            0  -0.00233448
     15.5133     -11.3284     -17.2201     -10.5957            0            0   0.00150636
    -6.37018     -22.2579     -1.33426      5.38365            0            0   -0.0229969
     14.4066      -11.812      -19.155      14.3466            0            0    0.0913958
     13.9334     -20.5078      -13.299     -5.66796            0            0    0.0519861
      16.117      0.11242    -0.970066      2.31887            0            0    0.0154866
     39.5644     -21.1868     -10.3795     -13.0259            0            0    -0.140273
     15.5403     0.293565     -1.88078      14.3742            0            0   -0.0658221
     27.0525     -10.3673     -17.4056      14.5899            0            0     0.070292
     16.8561     -5.46274     -5.70954     -3.10714            0            0     0.111584
     38.4679      2.41743      5.82048     -4.22048            0            0   -0.0331963
     19.0333     0.451671      7.91351      12.3787            0            0   -0.0609561
    -8.53017     -18.1773      2.18821      36.0491            0            0    0.0131698
     31.6935     -1.54223      18.8292     -6.16782            0            0    0.0662017
  -0.0458991     -16.4329     -2.82003      1.18001            0            0     0.114743
     3.95229     -16.1056     -10.3118     -8.88603            0            0     0.187808
     1.19194     -18.9934      -2.9921      20.9263            0            0    -0.070117
     19.2471    -0.734221      5.09599     -6.63933            0            0    0.0812831
     7.33399     -3.03982     -10.7469      12.6856            0            0     0.252374
     23.2507      3.61671      3.87991      12.9593            0            0    0.0901687
      5.1152     -13.6689      15.2441       17.739            0            0   -0.0427152
     19.2309      5.49747     -5.34202      2.14317            0            0     0.078019
      8.8729     -8.12531       8.6989      7.24541            0            0   0.00475302
     9.12171     -6.64187       13.906       8.2763            0            0    0.0529718
     28.7561     -16.6179     -4.77718     -2.34533            0            0    0.0273838
     11.2562     -44.2248     -1.69863      2.35027            0            0    0.0125968
    -5.67815     -38.4955     -4.31421      -2.1235            0            0    0.0358141
     16.9673     -2.40107      19.4022     -1.02984            0            0    -0.021468
     8.73405     -21.0629      9.59724      -13.645            0            0   -0.0380351
     4.07595     -17.7957       2.5158    -0.701623            0            0    0.0435668
     8.16778     -25.5823     -4.48234     -9.33556            0            0  -0.00971723
     4.89229     -19.6057      18.0239     -10.4384            0            0     0.158434
     10.1841     -5.75598      21.0448      4.32682            0            0     0.135047
     4.10635     -4.89672     -4.39033    -0.703237            0            0    0.0211646
     9.00071     -14.7872      3.51433      -3.2625            0            0   0.00163774
     27.8186      4.07341     -5.59546      19.1629            0            0    0.0100379
     8.36692     -5.83837      2.15116      23.4402            0            0    0.0296275
     17.8985      -12.439      5.48457     -3.80726            0            0     0.056828
     1.08631     -27.5939      1.03744     -4.59525            0            0    -0.040132
     31.9119      8.88394    0.0460882     -1.17079            0            0    0.0490637
     31.7851      3.09253       13.528      2.05117            0            0   -0.0400431
     7.87148     -17.8698      21.7544     -6.45536            0            0    -0.016139
     36.8253       3.2804     -6.65256     -1.17278            0            0   -0.0357265
     30.7334      6.05048     -1.38256      8.04034            0            0   -0.0577667
     19.3326      3.68189    -0.386605     -4.71962            0            0     0.085691
     11.4759     -2.19541       1.1022      -4.4413            0            0   -0.0380168
     15.7851     -15.7338      6.43183      32.1889            0            0  0.000633444
    -2.70966     -10.8639     -3.25349       32.874            0            0    0.0302913
     -1.3077     -18.3925      3.44687      9.02928            0            0     0.193216
    0.308825     -6.33459       9.3975      29.8504            0            0    0.0696311
      1.6544     -7.48754      13.6818      14.3372            0            0    0.0251332
     25.0252     -8.72292       37.065     -14.7508            0            0   -0.0392643
     8.81864     -21.2459     -4.81242     -7.23432            0            0    0.0944806
     4.09777      -14.432     -7.79727       2.9758            0            0     0.054373
      15.266     -9.62917      8.38721      18.4614            0            0   -0.0146535
     3.63135     -5.94796      15.2476       15.823            0            0   -0.0674084
     10.4931     -24.7199    -0.655427     -12.4043            0            0     0.104325
     18.2637     -11.1859      1.41905    -0.047634            0            0   -0.0397915
      16.264      -2.3769     -13.1764      3.53116            0            0    0.0926236
     3.21328     -16.2984      10.0429     -9.83252            0            0    0.0922923
      17.903     -16.3401     -11.9426     -13.2059            0            0   -0.0270346
     15.9427     -9.15956      18.0068       11.707            0            0    0.0833688
     2.31199      -1.8378     -1.18814      0.73569            0            0    0.0865902
     3.39673     -7.93973      17.1452      29.0963            0            0   -0.0663849
     9.15517     -3.74776      4.66165      25.8957            0            0    -0.107451
     14.4323     -1.61989      -17.243      47.0498            0            0    0.0436592
     8.48252      -8.0503     -14.7146      44.8861            0            0  -0.00584875
     2.41399     -16.9823      9.42123     -1.86084            0            0  -0.00387846
     6.02992     -9.21406     -8.36889      14.8104            0            0   -0.0172734
     3.29196     -19.8011     -9.97856      37.1867            0            0   -0.0277426
    -18.8346     -42.0132     -6.32299      36.2486            0            0    -0.090197
      7.7174     -9.35464      17.2362      9.91672            0            0    0.0350452
     14.0952     -8.66208     -14.5154    -0.483371            0            0     0.115461
     5.15351     -12.2054     -9.10063      5.86631            0            0    0.0224025
     2.33434     -7.53214     -3.00314     -1.66883            0            0    0.0498861
     5.94307      -10.001      14.9865      8.99465            0            0    0.0514704
     5.26063     -16.1684     -4.81864     -7.39507            0            0    0.0864758
    -7.55893     -35.4538      -11.384     -12.4737            0            0  -0.00662424
     22.1254       -5.527      6.05187     -2.27282            0            0     0.164191
     8.40541     -17.6477      27.2107       6.5855            0            0   -0.0565786
     32.9631      3.82174      -23.932      11.7835            0            0  -0.00420167
     31.7634     -2.86303      24.8217      3.41834            0            0   -0.0664279
     28.0041     -3.09023      25.4201     -8.88283            0            0    0.0148362
      5.2679     -46.6947      16.9059      -12.008            0            0   -0.0286692
     20.3264     -0.89182      8.15913      8.82825            0            0   0.00583223
     22.1206      1.13754      12.3025      6.49136            0            0     0.090712
     20.5058      3.38641      7.53483       1.0533            0            0      0.14114
     10.2459     -6.40963      7.22906      4.16997            0            0   -0.0282646
     15.1851     -11.1561     -15.4422      31.2461            0            0  -0.00952803
     7.43875     -11.4412     -6.07365      -1.6967            0            0   -0.0166069
     3.44636     -6.69748      3.98563      11.9486            0            0   -0.0304907
     21.2591      4.29657     -6.08081    -0.420426            0            0    0.0469557
     21.3232      2.73631     -7.27483      30.7723            0            0    0.0626205
     -7.3449     -26.5836     -11.8201      20.7697            0            0    0.0618628
     9.34564     -1.98395      12.3513     -4.65762            0            0   -0.0357004
      13.089     -15.6788       13.143      3.97888            0            0   -0.0953132
     7.37464     -8.48498       29.456      23.2819            0            0    0.0669543
       15.33     -11.5189      -19.738     -8.25764            0            0      0.19006
     24.3122      1.43359      4.21763      3.82216            0            0     0.118562
     21.1987     -55.1291     -20.1432     -21.4894            0            0   -0.0909768
     16.6506     -8.27964     -4.23447      9.24435            0            0   -0.0210931
     1.43225     -7.09981   -0.0758856      10.7024            0            0     0.124562
     1.22143     -42.3364      1.69248     -12.6182            0            0   0.00037462
     6.71428     -7.15928      9.52505      24.3003            0            0   -0.0759998
     14.2032      -20.089     -5.49788      6.78058            0            0   -0.0504578
    -5.20526     -17.2821     -5.04445      13.6448            0            0      0.14868
     1.04869     -9.57135      1.09672      7.11502            0            0  -0.00495022
     21.3666     -27.4795     -21.3669     -2.99611            0            0   -0.0807648
     8.85014     -8.85543     -1.78321     -5.84506            0            0    0.0154836
     7.67503     -39.2018      6.32972     -6.53649            0            0   -0.0698908
     6.64623     -5.66869      3.92527      1.42313            0            0     0.031337
     15.2815   -0.0149601     -1.98656      7.15623            0            0    0.0619389
     1.92915     -7.89511     -4.43691     -2.74217            0            0     0.100948
     16.0473     -9.04464     -11.6435      4.47368            0            0   -0.0324326
     6.62262     -29.3417     -4.58836     -4.61618            0            0 -0.000447258
     9.54012     -30.0042      13.5526      -7.8425            0            0    0.0406582
     8.68178    -0.751033     -4.88758     -4.07461            0            0     0.151291
     20.5469     -3.40284      21.2121      2.54596            0            0   -0.0128686
     25.6532      0.77655     -7.35996      19.0475            0            0   -0.0111287
    -1.61403     -15.9446      22.8996       31.271            0            0     0.125282
     11.0034      -11.467      34.9498     -11.7266            0            0   -0.0527168
    -12.5969     -41.2127     -11.7189      15.7211            0            0    0.0175526
     11.4525      -12.946       18.996     -3.46355            0            0   -0.0416578
     7.90994     -6.18186     -3.13507    -0.993598            0            0     0.177121
     1.49545     -18.4346     -7.15277     -6.57038            0            0   -0.0220979
     14.2719     -2.53821      6.46473       16.973            0            0     0.125687
     13.2534     -11.4524       20.598     -2.60224            0            0    0.0251926
       12.13     -17.8008      21.4378       -13.83            0            0   -0.0378784
     8.89432     -30.3387    -0.813514     -5.59508            0            0    0.0589932
     19.6804     -10.8383      4.30883      28.1485            0            0    -0.047114
     1.03411     -11.4277      17.4402      22.1462            0            0   -0.0848197
     16.3431     -35.5832      16.7378      -21.141            0            0   -0.0360202
      14.959    -0.456923      9.29607      15.9352            0            0    0.0974331
     7.64833     -3.37555     -3.60956     -1.15033            0            0    0.0645978
     10.5677     -5.66584      26.4556      13.6193            0            0   -0.0106125
     16.5768     -9.55863     -20.3205      11.9403            0            0    0.0203873
    0.239886     -7.56322     -3.21736       2.3714            0            0     0.219579
      1.8061     -31.2288     -16.4111     -3.88829            0            0     0.067971
     49.0828      8.24585     -6.93582     -4.59453            0            0    0.0072303
     4.83842     -2.52678      16.0407      1.83759            0            0    0.0794214
     4.55156     -6.81135      14.2839      8.17997            0            0   -0.0493354
     5.27313     -15.4294     -2.03489    -0.164457            0            0   -0.0561783
     4.59609     -9.32498      -7.8678      29.0078            0            0   -0.0818913
    -4.43307      -35.561     -8.80884      4.35964            0            0    0.0278603
     29.2318     -2.39567      4.37138      4.92947            0            0   -0.0617841
     2.19409     -14.9839      7.14208     -8.65318            0            0   -0.0325017
    -1.21702     -2.78654     -2.30025      22.4182            0            0     0.150859
     11.0347     -16.7562     -2.18292     -12.1036            0            0    0.0789833
     11.2811     -47.6242      17.0827     -14.1491            0            0    -0.117886
     16.3585     -40.9745     -27.0164     -17.9707            0            0   -0.0297109
    -1.23089     -32.8299     -13.6651       12.181            0            0    0.0157117
     17.6679     -4.13552       16.901       11.467            0            0    0.0226647
     4.44932    -0.696944      7.42883     -1.13475            0            0    0.0557232
     24.8893     -8.23384      7.66936      8.94631            0            0    -0.101968
    -3.42148     -41.3614       9.4276     -12.6925            0            0    0.0189746
     18.2551     -5.62225     -13.0805      13.9707            0            0    0.0544254
     4.55809     -54.7759     -19.7581       29.148            0            0    0.0371141
     8.86743     -24.1108     -14.0223      3.60159            0            0   -0.0148719
     2.04912     -16.4339      9.79956      3.01628            0            0     0.106642
     12.8641     -6.67648      0.36813     -4.95512            0            0    0.0260518
    -2.19146     -9.75695     0.933881      12.1977            0            0   -0.0136634
     8.08142     -13.5662      22.3163     -6.31943            0            0     0.016907
      9.4608     -3.26382      21.5034      6.31591            0            0   -0.0105901
     16.1878     -36.2365     -13.2279     -9.42874            0            0   -0.0633197
     3.84114     -23.2289    -0.780488      9.52325            0            0  -0.00687682
   -0.633349     -26.7834      7.94783      7.35176            0            0     0.088077
    -1.13003     -18.5979       1.4435     -9.22206            0            0    0.0422445
     40.2108      3.67082       23.117     -7.11091            0            0  -0.00447547
     12.7485     -8.96916      5.98175     -6.29242            0            0    0.0904996
     41.7701      9.46823     -20.4023      4.48732            0            0   -0.0210933
     25.8904     -11.6642      7.10056      4.58414            0            0   -0.0514282
     12.3169     -9.87337      41.3898      6.60286            0            0    0.0636509
    -2.48221     -32.1792      16.0447      13.1659            0            0   -0.0503824
   -0.168099     -11.2464    -0.641293      8.56081            0            0    0.0411011
      9.4029     -19.0102    -0.963872     -12.5696            0            0   -0.0482739
     9.21049     -9.95941      16.9014      7.56635            0            0     0.147189
     30.2445     0.350985      1.68676     -7.76108            0            0   -0.0781978
     16.6049     -18.0322     -11.7318     -13.9072            0            0     0.152414
     8.99887     -11.7445     -5.03789      12.9957            0            0    0.0703023
     1.71012     -10.7813     -3.94254     0.219856            0            0    0.0707643
     5.77046     -20.5255      4.89133     -5.63361            0            0    0.0603518
     34.2595     -15.8576     -14.7196     -16.4614            0            0   -0.0135852
    0.825208     -21.4186      10.3964      10.3032            0            0   -0.0139369
     5.02899     -23.7278     -8.50874     -14.4078            0            0    0.0585816
     6.95186     -15.4332     -10.2663     -6.24033            0            0    0.0294836
     43.7594      3.26297       4.3481     -8.96218            0            0     0.165806
     11.5832    -0.102297     -4.55194      21.1867            0            0    0.0135935
     11.9629     -3.78513     -1.30898      29.1722            0            0    0.0113607
     33.2773     -3.47273     -15.1358     -11.6912            0            0   -0.0932609
     9.22512      -19.114      17.5089       2.1261            0            0    -0.105916
    -9.37006     -38.5552      -4.5135     -6.26276            0            0   -0.0755346
      18.086     -23.0005      43.7301     -17.8071            0            0   -0.0324442
     4.72374     0.663009     -4.42046      7.57809            0            0     0.134864
     9.40033     -21.5861      15.8308     0.798097            0            0    -0.082263
    -6.06089      -27.329     -8.37513      17.1317            0            0    -0.071413
     12.0788      -6.3255      18.3523      13.2896            0            0     0.177903
    0.657873      -3.7225        4.729      14.5779            0            0   -0.0452428
     42.3884      9.65054      12.8931     -6.20311            0            0    0.0797291
     20.3429       1.9841     -14.8512      20.5353            0            0   -0.0610543
     33.0837     -1.48457      26.1809      13.3068            0            0   0.00875882
    -6.69847     -20.2025     -1.73614      19.8233            0            0    0.0479912
     16.7794     -18.5233      5.23389       2.8962            0            0    -0.034338
    -8.85803     -35.5674      -6.1369    -0.737154            0            0    0.0402471
     31.7627      11.2079     -10.2911      4.59742            0            0   -0.0290522
     8.07805     -6.27168      3.23797      3.68823            0            0    0.0392069
    -6.61538     -32.4842      -13.407      14.5093            0            0   -0.0329971
   -0.185895      -9.8483     -5.09527      12.5245            0            0    0.0863984
     13.4793     -14.6519      3.02057      9.47467            0            0    0.0912221
     6.83372       -22.89      18.3641     -2.88626            0            0   -0.0360272
      0.7567          -36     -21.5922       12.305            0            0   -0.0426774
     5.17805     -28.2313    -0.888105     -4.45326            0            0   -0.0628011
     21.3967     -5.67667     -7.51515     -8.01725            0            0    0.0140376
     -2.2511     -33.7075     -0.19468     -7.67611            0            0   -0.0565437
      18.064      -6.4232     -8.49605       6.8436            0            0   -0.0206242
    -8.73945     -23.7165      7.37551      25.5358            0            0    0.0790319
     24.0426      3.31118     -8.21665      5.76122            0            0   -0.0814403
     4.24951     -4.47185      5.56867     0.628187            0            0  -0.00555477
     13.1789      -23.895     -19.8976     -10.8821            0            0   -0.0495692
     47.8506     -9.23698     -10.5862     -21.0574            0            0   -0.0974841
    -6.00507     -30.1008     -8.10014     -10.2717            0            0    0.0568761
      13.602      -10.317      12.2826      16.2354            0            0   -0.0454276
     7.96952     -15.9835     -6.95175     -11.4167            0            0    0.0162207
     19.1365     -11.8897      35.3171     -6.82931            0            0    0.0546734
     1.05903     -32.7291     -15.3678     -5.75635            0            0     0.135792
     9.11466     -7.14626       6.7843     -5.61058            0            0    0.0226787
     3.44834     -13.6189      28.5139      22.2997            0            0    -0.123396
     13.8709     -4.12004      3.51401      32.2427            0            0   -0.0344888
     4.92145     -13.5524      8.78163      21.2345            0            0    -0.081035
     18.0281      -42.767     0.678937      32.8223            0            0   -0.0673497
     12.2827     -21.3263      34.7805     -14.4857            0            0     0.136861
     5.61066     -3.81923      9.76066      11.8919            0            0     0.301942
     42.3872      6.95132     -1.01327     0.198852            0            0 -0.000845372
     25.7854     -3.56336      19.1127      11.2646            0            0   -0.0130232
     16.1185     -5.49631      7.27447      19.3529            0            0   -0.0542274
     23.8148      4.57951     -16.6229      6.07829            0            0    0.0419529
     11.6093      -1.7168    -0.452455      12.9459            0            0   0.00257107
     3.64923     -13.3205      7.81014      5.80451            0            0    0.0125784
     13.8976      1.16577     -2.73906      29.2962            0            0   -0.0348755
     13.3335     -1.02075      1.17668      11.0431            0            0    0.0139015
     9.89921     -41.3452     -14.1257      1.15185            0            0    0.0480011
     23.7534     -21.6607     -26.2427     0.147033            0            0    0.0152943
     7.48211     -22.0201      23.0415     0.625911            0            0   -0.0758886
     1.29304     -21.1674     -12.1198      3.31202            0            0   -0.0743191
     15.9982     -18.8233      20.5125    -0.875945            0            0   0.00666433
     16.8635     -22.3052      25.0018      21.5957            0            0    -0.114968
     17.1192    -0.345083     0.770105      10.9456            0            0    0.0385735
     23.3095      3.66292     -13.9859      9.98123            0            0   -0.0621918
       9.757      2.59179     0.329982      6.48724            0            0    0.0244152
     18.6398     -10.7736     -4.42246      11.5224            0            0   -0.0666785
    -12.4472     -18.6425     -1.61593      35.9299            0            0    -0.045494
     10.1495     -20.0894      7.66812     -10.0369            0            0    0.0658007
     16.8831     -13.6242      5.32118     -7.71593            0            0    0.0270109
     6.05614     -51.7285     -4.57662     -7.18204            0            0   -0.0703072
     2.53245     -20.7863     -16.5817      18.0033            0            0   -0.0456543
     13.7586     -4.95573     -3.30577     0.469076            0            0   -0.0093433
     9.01576     -6.77072      4.03253    -0.930948            0            0   -0.0420577
     19.8838     -32.7451     -19.0018     -19.1742            0            0   -0.0178588
    -3.35523     -16.8913    -0.610788       6.8908            0            0    0.0489178
      10.401     -12.3901     -4.22481      12.8068            0            0   -0.0319269
     3.89073     -12.1402      2.90296      3.53989            0            0    -0.069306
     1.27724     -13.3884      6.26053      0.12728            0            0  -0.00256166
     4.06894     -5.65924      11.9937      10.1335            0            0   -0.0337891
    0.800082     -31.8037     -17.0801      25.2592            0            0    0.0514212
    -4.76299      -10.343      7.42363      15.9379            0            0     0.187976
      18.579     -25.6495      14.1369     -6.68999            0            0    -0.109369
     5.78013     -29.8581     -17.6138     -3.06946            0            0  -0.00278164
    0.673932     -12.1457      12.9155      11.6397            0            0   0.00333909
     10.5062     -2.40172       12.142      15.3845            0            0   -0.0704116
    -1.44074     -31.5191      34.9707      29.3594            0            0   -0.0634448
     6.90316     -16.8497      12.3666     -5.72607            0            0 -0.000530971
     40.3986     -1.67583     -16.0547     -10.4308            0            0   -0.0226298
     11.5247     -15.0517     -2.22728    -0.615368            0            0    0.0772599
     37.5323     -9.98292     -13.3526     -15.3957            0            0   -0.0162854
     11.4279     -11.8011     -9.09875     -5.48862            0            0    0.0171947
     43.6877      12.5672     -5.42301      1.54161            0            0   -0.0803324
      2.1666     -14.7968      15.7781      9.22026            0            0  -0.00914603
     18.0616     -28.2997     -4.67905     -4.84917            0            0   -0.0260207
     3.32854     -36.2135     -1.74473     -14.5204            0            0     0.202015
     10.6975     -16.0472      -10.902      19.2784            0            0    0.0698021
     36.9945      -9.8907     -4.19754      18.1159            0            0   -0.0575734
     16.1078      -42.593      29.7632     -12.8447            0            0    0.0318747
     18.9953     -1.31033       12.333    -0.413799            0            0    0.0172984
      10.971     -8.13124     -14.0238     -1.90027            0            0     0.249862
     19.9243      -6.7992      31.8853     -1.87739            0            0   -0.0489913
     33.3666     -23.0106     -1.28158     -7.27865            0            0   -0.0332723
     6.96118     -8.33442      5.49329      25.0957            0            0   -0.0193493
      20.489     -10.5889     -8.53142      11.7433            0            0    -0.024678
    -1.65004     -28.6801      5.17523      2.33875            0            0   -0.0458801
     8.04374     -22.5046     -8.25725     -10.5194            0            0    0.0353456
     3.22935     -6.81702  -0.00461379      24.0031            0            0    0.0666816
     12.6751      3.42053     -4.32079      2.52758            0            0    0.0457296
     17.4545      2.76927     -5.60528       3.3629            0            0     0.231253
     12.8978     -14.2748      18.2575    -0.912475            0            0   -0.0760977
     13.0142     -10.9882     -4.90775      20.9084            0            0   -0.0353946
     25.5808     0.494963     -16.4733     -4.53871            0            0   -0.0228943
     1.51708     -19.3162      0.10115      12.1664            0            0    0.0178833
     4.35747     -16.6044     -0.64095     -2.39623            0            0    0.0512476
     2.90311     -7.36982      16.3113      27.9097            0            0   -0.0319559
    -5.11605     -15.0015    -0.944643      12.9113            0            0     0.091221
     12.8721     -23.2162      12.7456     -6.51034            0            0    0.0680991
     18.9891     -10.0646      29.5491     -9.30255            0            0     0.119175
     21.6008     -5.00529       10.309      30.6725            0            0   -0.0643579
       11.43     -8.91819      17.7205     0.387477            0            0   0.00945463
      18.057     -14.1628     -10.8879      0.40446            0            0   -0.0448178
    0.263815     -12.3489     -5.36462      2.82913            0            0    0.0332074
    -1.88985     -9.28716     0.652813      37.8906            0            0     0.025402
     31.0058     -4.34346     -25.2383       -7.836            0            0   0.00758895
     0.69674     -12.6218     -4.41235      9.38004            0            0    0.0238368
     7.93052      -19.152       7.5879    -0.933243            0            0    0.0665648
      6.9057     -21.9898     -4.31034     -6.95121            0            0    0.0338026
    -17.0865     -37.6677     -10.1545      26.0681            0            0    0.0669725
    -9.23122     -25.5543      5.79804      19.1995            0            0   -0.0458819
    -7.29109      -29.732      11.0317      15.5773            0            0   -0.0432109
    -0.59602     -13.6246      2.54694       29.544            0            0   -0.0466961
    -6.69989     -16.9892     -4.63047      17.7046            0            0    0.0221354
      20.942      -7.8516      2.89727       1.3466            0            0    0.0142837
     9.38904     -6.55212      21.8544      1.92561            0            0   -0.0312604
     12.3863      -23.949     -2.31296      8.32036            0            0    -0.042633
     17.6124     -12.6147      5.66327      22.6282            0            0   -0.0277042
     16.6599     -17.7849      3.44806      4.47714            0            0   -0.0449089
    -6.73212     -26.7924      5.78348      22.1196            0            0    0.0569827
     17.4637      2.93752     -2.26947      3.09603            0            0    -0.039755
     11.3554     -17.5744     -8.67616      2.45301            0            0   0.00381722
      4.7401     -10.2395       11.138      11.9001            0            0     0.048897
      -7.077     -22.1743     -6.97975      20.7969            0            0    0.0723169
     2.74542     -15.1427      11.2606      7.15851            0            0    0.0888073
     5.48416     -22.8081     -19.0382      21.8049            0            0    0.0338735
   -0.859535     -40.7836     -17.5446       10.897            0            0   -0.0521872
     21.5217      1.28696   -0.0765338     -2.97254            0            0    0.0702239
     23.2824     -4.61392      9.28239      15.0676            0            0     0.161423
     15.8674     -15.8058     -3.91721     -11.6807            0            0    0.0868442
     37.8551    -0.192849      19.1522     -1.19168            0            0   -0.0637408
     40.1845      8.60973      4.49626      10.1255            0            0    0.0239116
     31.5746      4.85226     -8.47731     -0.10972            0            0   -0.0433689
     13.2992     -21.3543      34.2519    -0.623141            0            0    -0.045628
     6.80808     -5.30732     -4.83805      4.83708            0            0     0.101269
     17.0141     -22.5927     -19.8726     -3.38125            0            0    0.0374619
     12.1234     -3.15987      12.0286      16.1899            0            0    0.0285876
     43.2731       8.8807     -4.43888      12.2575            0            0    0.0444931
      16.379     -3.69398     -7.10573      31.7556            0            0    -0.027327
     11.2165     -10.9833     -13.6384      10.1926            0            0   -0.0513647
     43.0538      2.61147      30.6079     -6.00981            0            0    -0.108173
      10.833   -0.0620746     -4.58492      8.83503            0            0    0.0450691
     8.46076     -8.60277      20.2128    -0.690082            0            0     0.288644
     11.1605     0.844477     -8.08959      3.40255            0            0    0.0288989
     9.70186     -16.9937      20.5625     -6.05998            0            0    -0.045217
     10.8074     -0.60641      3.83434    0.0287295            0            0     0.170237
     32.1979     -9.86594      14.5716      2.12134            0            0    0.0561793
     1.59594     -19.6422       7.8379     0.494102            0            0   -0.0449462
    -3.59018     -28.9689      -10.064      2.20565            0            0    0.0435926
     22.4866     -3.96289      42.6065     -12.0015            0            0    0.0760358
     20.0384     -24.0921     -3.90085      15.3395            0            0   -0.0309786
     7.41237     -5.82927      4.10268      3.26573            0            0     0.068121
     8.88297     -9.88272     -8.68013      23.5713            0            0   0.00173174
     9.17967     -4.36336     -3.19187      8.02843            0            0     0.139524
    0.579782     -14.7968       2.5544      5.36286            0            0   -0.0799792
    -1.30074     -25.5292    -0.596198     -5.97035            0            0   -0.0195842
     39.9763      3.95314      8.31371      4.37726            0            0   -0.0576183
      16.371     -3.39992      4.36423      11.2884            0            0     0.116716
      23.008      3.37467     -1.34707      5.66835            0            0    0.0424458
     1.98157     -30.7805      4.68076     -17.6895            0            0   -0.0528207
     14.3976      -11.592      13.3047     -2.93809            0            0    0.0183796
     35.6348     -18.3607      1.88412     -21.5135            0            0   -0.0310819
     5.18887     -8.89376      3.27131      16.2174            0            0     0.153135
   -0.860296     -38.6525      15.4811     -3.68962            0            0    -0.101815
     16.3969     -7.88915     -8.73708       7.2533            0            0    0.0820411
     20.4781      4.98338     0.413075      1.83914            0            0     0.149558
     20.8792   -0.0824961     -4.05587      3.97728            0            0   -0.0352621
     1.49675     -7.31576      15.1573      11.6613            0            0   0.00503884
     15.0804     -1.30946     -7.25379      2.52099            0            0    0.0441671
     14.5626      -26.451     -2.78573      6.07051            0            0   -0.0773557
      1.3908     -11.1851    -0.731913       -1.966            0            0    0.0821941
    -3.17214     -19.4759      4.14023      20.0258            0            0   -0.0432042
     13.1799     -9.14638      4.46181     -7.35141            0            0      0.19876
    -5.52675     -4.83974   -0.0762401       32.162            0            0    0.0153686
     23.7941     -14.0488       -10.98      29.8445            0            0    0.0367828
     25.9353     -3.04198      9.51586     -11.9692            0            0   -0.0383294
     9.04297     -2.57221      19.7496     -2.91889            0            0     0.165279
     16.3965      -14.724      13.2608      6.55689            0            0   -0.0579668
     10.1839      -23.752      30.6002      5.23629            0            0   -0.0711729
     1.98671     -23.7592     -3.23631     -3.89918            0            0   -0.0265743
     21.3948      2.50266     -5.12952      2.35047            0            0     0.061464
     16.5415     -7.00633    -0.893424    -0.155311            0            0    0.0986652
     13.6238     -42.8352     -5.17123      6.36792            0            0    -0.122907
     4.99016     0.454636      4.58397     -2.31734            0            0    0.0579743
    -1.60482     -11.2592      8.02449      21.1209            0            0   -0.0580286
    -2.61215     -34.7443     -7.07074     -15.2512            0            0      0.24075
     21.9834     -2.02084       -7.608      10.8123            0            0    -0.115027
     13.9919     -4.27811      2.67899      17.2361            0            0    0.0807856
     21.5658     -11.2509      30.9301     -10.6136            0            0   -0.0559671
    -3.48743     -19.9459     -5.66841      -8.4741            0            0    0.0434877
     25.2983     -3.26009      2.05418       4.5496            0            0   -0.0942834
     5.36289     -9.60385      2.35233      15.1051            0            0     0.104125
    0.455669      -4.2048     -3.70569      22.7546            0            0  -0.00854388
    -2.19186     -28.5783      8.00238      19.4532            0            0    0.0386559
     23.2549     -1.22196     -10.6221     -1.66319            0            0   -0.0153423
     13.0542     -5.50195     -14.5979     -2.60129            0            0     0.049547
     7.53752     -4.69907      1.67786      40.9248            0            0   -0.0576532
       6.241     -13.6671      2.19079      29.4522            0            0   -0.0769455
     1.94102     -22.8514      13.8855    -0.446248            0            0   -0.0997528
     1.88324      -13.556      5.19317       4.5074            0            0    0.0285002
     13.3829     -32.9544     -15.5772     -14.3323            0            0   -0.0192132
     22.2961     -17.0075     -19.0402     -1.80389            0            0   -0.0150823
    -1.26849     -27.0936     -12.2846     -1.06008            0            0   -0.0253245
     26.2876     -24.4282     -2.54879     -4.79296            0            0     0.141636
     13.8891     -4.27115     -9.78234      10.3144            0            0    0.0663087
     22.4184     -12.7676     -1.19014      1.50188            0            0   -0.0692357
     8.62663     -31.7857      -25.014     -6.29054            0            0    0.0328424
    -6.00444     -19.5628     -3.57082       17.573            0            0   -0.0777974
     10.9044     0.470144     -11.3629      27.4779            0            0   -0.0385648
     6.25704      -9.5947      8.48382      13.4865            0            0   -0.0388092
     13.9253     -5.73187     -10.1316     -6.34195            0            0    0.0946238
     9.57473     -9.49569      16.8311      26.4771            0            0   -0.0979187
    -4.67351     -19.4378     -5.10952    -0.687296            0            0     0.160379
      6.1775     -19.5788      3.00476      17.3844            0            0   -0.0822628
     10.6589     -18.5482     -17.4918      3.94172            0            0    0.0585809
     5.03943     -45.1987      11.1851     -6.06127            0            0   -0.0650376
     35.7523      9.57203    -0.179293    -0.826554            0            0     0.126674
     27.5177      10.6377     -4.84237    -0.978517            0            0    0.0729201
     14.1796     -2.26064     -16.7758      20.3061            0            0    0.0770465
     19.5561      4.56311      2.16398      15.7215            0            0   -0.0405516
     38.1838     -15.1937      39.8759     -4.05292            0            0   0.00794326
     12.7754     -19.1142        8.165     -7.07407            0            0     0.200572
     43.9118     -2.64247     -8.73841     -14.5184            0            0   -0.0838654
    -5.44907     -28.1152      1.03673      5.80568            0            0    0.0079006
     3.79814     -23.4923      12.0939     -14.4691            0            0    0.0427869
     8.99386     -6.99411      1.58833      22.4249            0            0   -0.0666987
     15.0826     -2.59405     -11.4128     -6.01357            0            0    0.0696755
     1.30689     -27.7072     -15.9449     -5.63744            0            0   -0.0278936
     10.6654     -42.6782     -27.2391     -3.23029            0            0   -0.0508704
     2.26496     -10.3023   0.00651294     -4.00459            0            0   -0.0292081
    0.327102     -3.19294     -2.00863      11.6415            0            0    0.0893284
     26.3399     -6.35315     -17.2325      4.55367            0            0     0.123883
     32.9897      6.10474      4.01381      9.67671            0            0    0.0273436
     39.9468      11.4696        6.382     -5.18132            0            0    0.0497978
     19.2126     -6.97785      13.7388     -3.11852            0            0     0.185508
     51.2374     0.415052      1.36629     -14.1522            0            0   -0.0230493
     18.9919     -10.6533       7.5304      1.28557            0            0   -0.0613721
     2.45389     -5.75775     0.583598      10.1376            0            0    0.0120279
     12.3043     -18.9062      9.79923     -4.71684            0            0    0.0614132
   0.0531046     -5.16979     -2.20549      10.2109            0            0     0.071827
    -6.95357     -30.4152     -7.26396      11.8583            0            0   -0.0785415
     23.9136     -11.6055      14.5316       2.1437            0            0    0.0461634
      35.308      4.87399      -2.3494     -2.71465            0            0   -0.0700176
   -0.968565     -6.33001      7.25049      22.2237            0            0     0.134923
      22.046      6.74837     -7.74618      1.30034            0            0    0.0219319
   -0.152334     -36.0589      3.98664     -1.62725            0            0     0.117651
     1.85999     -14.4737      11.6118     -1.44412            0            0    0.0760189
    -3.45156      -17.742     -6.46152   -0.0261624            0            0    0.0712951
    -5.46113     -13.5848     -2.79077      30.3173            0            0    0.0843391
      48.528       5.3752      28.4952     -3.75037            0            0     0.090803
     13.1845     -32.7095      -20.961     -13.7406            0            0    0.0075407
     -3.3491     -22.6154     -2.36681     -8.72145            0            0   -0.0289742
     43.6472      12.4805     -20.6124      5.63475            0            0   -0.0766029
     19.1807     -11.1665      17.9932     -7.26448            0            0      0.14867
     30.5847     -6.14793       12.779      3.07349            0            0   -0.0995572
     27.6392     -4.99928      2.44593      3.93518            0            0    -0.103723
      6.3838     -38.8446     -9.74541     -5.79264            0            0   -0.0421314
     19.3587      2.65554     -3.57146      9.54926            0            0     0.120953
    0.621344     -10.6812      4.32478      6.25639            0            0     0.105882
     22.0438     -37.1787      1.16185     -22.3819            0            0    -0.102413
     34.3403     -7.77592      2.75268     -3.63682            0            0    0.0572958
     4.66324     -23.5175      1.78894     -13.8764            0            0    0.0268694
       10.63      -7.1302    -0.817844      9.51625            0            0   -0.0763732
     30.6727      6.94745      0.71157     -5.94786            0            0    0.0847548
     29.2032    -0.603857      8.85859      9.12442            0            0   -0.0358165
     20.3431     -13.0364     -15.8938      1.05399            0            0    0.0104407
     3.68007     -9.91208       13.094      12.3232            0            0    0.0700562
    -6.71338     -13.1914     0.159017      25.8394            0            0   -0.0442755
     17.5454     -9.10022      1.70987     0.731323            0            0   -0.0209335
     22.5001      5.78732     -16.4466      5.47806            0            0  -0.00261941
     2.87913     -16.3195      4.23759      -5.8314            0            0    -0.014699
     13.1364    -0.726219      6.55408     -4.19262            0            0    0.0893434
     6.70527     -17.4661      16.4856      3.02566            0            0    -0.025527
     15.0329     -10.8625       7.8396      13.1699            0            0    0.0668456
     19.7889     -3.68339     -17.2083    -0.353448            0            0   -0.0501133
     12.6544      2.97805     -1.02076      1.07456            0            0    0.0705018
     47.9518      9.76864     -33.5165      9.25569            0            0   -0.0159008
      13.728     -11.5454    -0.266469      1.08301            0            0     0.120353
     35.0869      9.17863     -5.81462      1.38208            0            0   -0.0370479
     25.0038     -19.3657      7.69217      -9.1372            0            0   -0.0451866
     4.66714      -18.061      3.01539      8.64123            0            0   -0.0879814
     34.7224     -10.1114     -14.3272     -3.72838            0            0     0.123133
     6.95649     -12.0928      19.8468      20.4677            0            0      0.16054
     -2.3167     -13.2802     -5.56008      11.0817            0            0    0.0367326
     3.88463     -20.7122      19.7074      5.89095            0            0    0.0202713
     36.7667     -30.9372      23.2689     -16.9145            0            0   -0.0520185
      35.689      6.63857     -17.6547     -7.51377            0            0    0.0244575
     34.5719      12.8892     -15.6796     -6.25124            0            0   -0.0449634
     15.9142     -6.30513     -15.6566     -6.32303            0            0    0.0643469
     14.0089    -0.150413     -9.97018      10.2424            0            0    0.0851312
    -2.75009      -24.087     -10.5635      1.10587            0            0    0.0453873
     45.7218      5.51132      7.86933     -4.44004            0            0   0.00914671
     1.53819     -22.2539      9.77452      2.68703            0            0     -0.01859
    -1.82602     -41.4764     -5.77068     -5.80411            0            0  -0.00669404
     29.7828     -3.15779      4.92548      6.34928            0            0    0.0413805
     6.53714     -19.4064     -13.3065      16.3212            0            0   -0.0714832
      11.785      1.76238     -4.93337      1.91366            0            0    0.0284085
     7.25454     -7.69755      4.77883      23.0949            0            0    0.0627613
     8.37732     -12.1362     -3.99474      5.43057            0            0   -0.0651536
     35.8296      5.98295      2.29805       4.9023            0            0    0.0906493
     -2.9689     -17.8507     -5.39408       10.257            0            0    0.0376821
     12.2147     -6.18446      16.0164      15.8716            0            0    0.0602055
     14.5496     -2.99073      22.3704       17.988            0            0    0.0580493
     0.75063     -2.24054      2.65815      21.4801            0            0     0.114721
    -1.87544     -4.24704      1.51141      16.0589            0            0     0.115234
     4.07094     -25.0161     -19.0692      5.60343            0            0   -0.0195526
    -2.50027     -6.15889      2.94884      12.3858            0            0    0.0229564
     14.9628     -8.44242      30.2044       9.4153            0            0    -0.023551
     26.4093     -8.33928     -25.0143      1.73579            0            0    0.0335111
     9.59933       -22.87      31.1828     -1.75277            0            0     -0.10581
     8.03537     -7.43287     -3.30563      14.5762            0            0     0.166945
     8.72282     -5.63275      5.71092      11.0306            0            0     0.100501
    -3.03318     -22.8936      14.3371      8.53601            0            0     0.079553
    -10.8347     -43.4014     -11.5131     -7.41788            0            0  -0.00855085
     5.73674     -2.56158      7.52833      15.2359            0            0    0.0797356
     8.85714     -19.5451      2.36087     -12.3851            0            0    0.0402423
    -0.43076     -37.7911      4.93603     -4.82869            0            0   -0.0969553
     20.7178    -0.534907      -8.9287      2.69992            0            0  -0.00122592
      14.322      1.00685      7.06747      3.20615            0            0    0.0224965
     12.4958      -4.1312     -0.15235      9.33339            0            0    -0.044171
     25.1177     -15.8306      8.76747      8.07581            0            0   -0.0827913
     11.2171     -20.2655      11.7091      7.00535            0            0    0.0453649
     7.31113     -17.2113     -11.5494     -4.40315            0            0   -0.0404386
     4.77906     -16.9056     -5.83141     -9.41041            0            0   -0.0647279
     7.34331     -7.02646      17.5654      22.2653            0            0     0.151266
     37.0362      7.36564   0.00314389     -2.30345            0            0    0.0538099
     11.5372     -0.82865     -3.05782      32.8552            0            0    -0.121001
     36.6333     -42.6656     -17.7234     -7.46419            0            0    -0.151824
     4.45904     -22.9461      11.9556     -7.95514            0            0   -0.0699904
     11.1603     -2.58458      32.3125     0.689698            0            0     0.136004
   -0.462933     -11.5019      13.1017      35.5352            0            0    0.0784554
     17.9243     -14.3933      3.24776     -10.1524            0            0     0.123731
     47.2937      16.9583      -13.214     -5.52626            0            0    0.0271563
   -0.990243     -26.2353     -9.48195     -3.42001            0            0  -0.00536281
      5.7352     -14.8197        2.236      17.9919            0            0   -0.0675836
      7.7542      -20.404     -10.8169      -8.0773            0            0  -0.00107115
     23.0149      5.24291    -0.836445     0.959126            0            0    -0.044704
    -4.92881     -33.5558      17.5549      15.7668            0            0    -0.108345
   -0.163855     -5.59988      10.0841      19.4766            0            0   0.00103635
     13.5075     -3.54205      22.5716     -3.92863            0            0   -0.0111516
     12.3243     -5.10889      18.9731      1.57125            0            0 -0.000797737
     12.0467      1.09208     -5.72451      3.42284            0            0     0.124747
     4.88559      -13.197      14.2133      15.6678            0            0   -0.0203833
     43.1796     -7.77774      2.56269     -12.2411            0            0   -0.0338082
     7.69906      -11.065      27.3341      9.09378            0            0   -0.0624365
     26.3064     -1.12759     0.900481      22.4077            0            0   -0.0405392
     20.1337    -0.346966      -6.4874     -3.74594            0            0  0.000771418
     12.7009     -13.4903      2.31427        20.09            0            0   -0.0333118
     10.2661     -16.9068     -4.63075      9.84844            0            0  -0.00546576
     17.3326     -6.70234      20.4376     -2.64431            0            0     0.108739
     37.2651    -0.326276     -17.0578      1.62791            0            0   -0.0922545
     16.1705     -23.4424      1.09242     -2.94268            0            0   -0.0439027
     19.0239      -19.792      2.25401     -10.3121            0            0   -0.0931326
     9.48718     -20.8547     -0.79915      1.63269            0            0    0.0188246
     1.76545     -6.96183      3.44989      8.79202            0            0     0.115854
     12.0396     -26.2596     -5.32664     -13.4831            0            0      0.13614
    -14.3528      -39.706     -11.9566      9.78445            0            0   0.00059633
     30.5619      8.86585     -5.11569      15.3833            0            0  -0.00380952
    -6.13537     -22.9513     -8.08261      24.4857            0            0     0.091523
     1.04175     -1.63229      1.47371      11.1936            0            0   0.00457718
     20.7869      2.38111     -12.3402      15.4706            0            0    0.0722152
    0.862958     -11.1937       4.3858      19.0849            0            0   -0.0550242
     2.49266     -24.4674      18.0875     -7.09042            0            0    -0.052983
     33.1335       3.3274     -2.81515      11.1701            0            0   0.00195909
     11.1357     -31.0418     -10.2996     -16.1144            0            0     0.125479
     18.5435     -4.57774    -0.388599      10.8404            0            0   -0.0570311
       15.57      3.30635     -4.82857      18.8344            0            0    0.0549727
      8.6144     -1.55105     0.305043      10.1261            0            0    0.0761717
     8.13295     -22.5097      9.45481     -8.26934            0            0    -0.029767
     19.0887     -14.1286     -4.93261      1.02042            0            0   -0.0789995
     -6.3894     -9.94257      1.53681      32.3556            0            0   -0.0245753
     4.14809     -15.0293     -7.43924      11.1198            0            0     0.150429
     20.3134     -1.24243      4.70082    -0.730637            0            0   -0.0128535
     21.1226     -20.3981     -9.07076      37.9518            0            0   -0.0617855
     12.9825     -1.06323     -9.45939     -2.10314            0            0  -0.00822629
     8.93678     -10.7742       -10.41      1.34488            0            0   0.00236707
     13.4729    -0.471514     -1.12355      23.4728            0            0    0.0208585
      2.6379      -5.3876     -4.59565      1.30467            0            0    0.0526681
    -2.06833     -11.2804     -1.77886      13.0052            0            0     0.139235
     16.8931     -12.1586      14.7743     -5.94296            0            0    -0.053185
     8.47075      -4.5916      23.4111      14.4956            0            0    0.0383287
    -2.28163     -15.7328      5.60351      20.1307            0            0   -0.0643424
     15.7419     -2.11084      8.71626      13.0757            0            0   0.00528846
     40.9715      7.74194     -10.4111     -1.15493            0            0  0.000361964
      5.5761     -16.7133     -5.96262      7.15442            0            0      0.05515
      16.402     -22.7513     -10.8321     -14.1095            0            0    0.0751096
     2.46415     -19.2432     -9.11488      8.32762            0            0     0.352906
     7.47422    -0.577341     -1.11397   -0.0888625            0            0  -0.00558864
     11.8064     -1.04094       1.9998      20.4925            0            0   -0.0552279
    -5.42521     -33.0307      10.3279        11.26            0            0    0.0271269
     27.1305     -10.1323       25.933     -7.75357            0            0   -0.0529606
      16.546     -5.97003      19.5586     -8.02372            0            0   0.00936376
     6.00017     -20.8452      2.11352     -6.31769            0            0   0.00257073
    -2.60573     -25.3456     -2.51304     -11.1671            0            0    0.0811286
     15.4484     -4.96895     -12.0969      20.0738            0            0    0.0477092
     5.79954     0.688949     -1.53629      11.7952            0            0   -0.0425835
     10.5274     -3.62733     -14.2009       5.6338            0            0     0.126922
     4.34622     -7.97903      18.4801      20.4896            0            0    0.0334136
     1.77681     -13.8366     -8.40416      12.0685            0            0   0.00462839
      29.441     -28.2875      12.0752      -19.022            0            0    -0.108946
   -0.889584     -17.7633      2.11725      1.04455            0            0   0.00938911
     49.4561      10.5636     -14.6439     -11.1902            0            0   -0.0936929
     1.09734      -16.057     -10.2239      22.4005            0            0    -0.102798
     7.43278     -31.4195     -15.4478     -15.3288            0            0    0.0108518
     3.04155     -28.9199      1.10852     -15.0833            0            0     0.101999
    -11.2777     -46.8047     -11.9919      15.3968            0            0  -0.00588298
     10.6598     -17.7787      5.08753     -11.3813            0            0    0.0237497
     -3.7151     -38.7865     -15.9262      2.54821            0            0    -0.031487
     1.08401     -13.8156     -4.52095      20.6586            0            0     -0.07812
     15.9984       -9.236      24.6321      5.46073            0            0   -0.0564674
     -3.1683     -13.4896    -0.115909       13.748            0            0   -0.0370476
      5.5909     -16.0631       5.0464      16.4604            0            0     0.061114
      23.978     -11.9324      2.02845     -12.9966            0            0   0.00475695
      16.773     -35.4468     -28.1884     -3.94135            0            0    0.0383816
      12.722      2.01925      0.89696     -2.21698            0            0     0.145811
     8.88065     -32.7015     -24.1562      23.1711            0            0    -0.105269
     15.8165     -18.0164      7.19294      12.1447            0            0    0.0114762
     5.20928     -1.87148      5.92159    0.0833618            0            0   0.00944627
   -0.521458     -6.10885     -2.29881    0.0472184            0            0    0.0524067
      13.105      -11.629     0.516476     0.330619            0            0    0.0361466
     13.2557     -1.29907      10.3002    -0.935352            0            0    0.0172897
     13.2818      3.80462      6.00425      15.9571            0            0      0.15966
     5.14737     -28.0597     -3.43005     -6.20637            0            0    -0.051564
     5.10602     -15.1858       4.6006     -5.09662            0            0    0.0205861
     16.3692      -8.8969       -11.74      7.01252            0            0     0.100058
     9.98144     -23.5255     -1.37926      -1.8983            0            0     0.020856
     31.6305       4.3701      2.11828      14.1279            0            0   -0.0465255
    -2.71793     -18.0047     0.955144    -0.589112            0            0     0.199036
     10.8748    -0.206578    0.0511672       16.326            0            0   -0.0157868
    -3.97126     -21.5231      4.34439      8.24163            0            0  -0.00192942
    -7.60553     -19.9284      3.74701      19.5662            0            0   -0.0562046
     7.01636    0.0397002    -0.925872       1.8391            0            0   0.00124566
     33.0138     -17.7232     -3.79472     -9.07989            0            0   -0.0694821
     31.4996     -1.19675    -0.425353    -0.603196            0            0    0.0161986
     5.44308     -4.09336      11.9342      32.6388            0            0     0.133864
     29.4444    -0.369251      -15.896      26.6364            0            0   -0.0385854
     16.0629       3.4579     -6.57344      8.76384            0            0    0.0138001
     18.3136        3.631     -10.1025     -3.89227            0            0     0.138658
    -2.74919     -21.5769     -7.11563      23.7093            0            0    -0.030234
     26.9415      1.78344      10.5754       12.755            0            0   -0.0791183
     8.85081     -2.70665      2.45202      27.7639            0            0   -0.0436623
     16.3906     -5.48705      2.07765     -7.30186            0            0     0.118797
     6.82169     -5.76435      29.9415      23.9026            0            0  -0.00782281
    -3.27528      -3.8083       2.0423      19.8964            0            0    -0.049672
    -1.56722     -3.29942     0.811637      19.2794            0            0     0.104383
     26.9317      2.98989      12.6936     -6.31048            0            0   -0.0411994
     15.5457     -1.89403     -11.7892      15.7615            0            0   0.00727537
     27.0472      1.12366      28.7616     -6.32755            0            0     0.128366
     5.97423     -24.7543      30.2496      25.4957            0            0    -0.107986
     18.1598     -5.56522      6.16459       20.755            0            0    -0.077237
     24.2753     -27.4747     -6.37529     -2.26719            0            0    0.0294984
    -1.69799     -33.4034      7.69582     -11.9297            0            0    -0.044694
     5.55081     -12.0557      20.9177     -6.33478            0            0    0.0748445
     7.33821     -11.8953      3.07657      1.96939            0            0   0.00972645
     13.6485      -20.765     -3.48666     -16.0504            0            0    0.0110228
      22.998      1.20772      5.75204      5.55423            0            0   -0.0133916
     30.7698     -3.36562     -16.1128      16.6779            0            0   -0.0485475
     44.6655     -5.15623     -17.1723     -6.49789            0            0     0.051449
     10.7421     -19.3774      2.83271     0.881696            0            0    0.0841966
    -5.10125      -28.201     -7.06963     -7.19869            0            0     0.096132
     9.53077     -20.4057      19.5926      12.1275            0            0    0.0112811
     8.20859     -12.4042     -6.40979     -5.67667            0            0     0.107299
     4.38669      -25.389      3.79253      29.5471            0            0     0.153349
      3.0177     -15.5629      24.3285       24.365            0            0   -0.0341866
     27.0425     0.269066     -7.46816       21.494            0            0   -0.0837579
    -4.71238     -31.9822    -0.236258      15.8299            0            0   -0.0464237
      15.417     -13.8086     -17.6617     -12.3021            0            0   0.00813526
     10.0304     -31.0244      7.14156      18.5823            0            0   -0.0942072
    0.119331     -15.0292      13.6281      25.4071            0            0   -0.0689273
    -2.79305     -18.0864      4.72362      24.2854            0            0    0.0215236
     10.9229     -19.9271     -10.9865      13.4973            0            0 -0.000772586
     40.2383     -15.4745      3.11849      3.86162            0            0  -0.00839102
     -5.5286     -29.7694     -7.94629        4.929            0            0    0.0957838
     10.7037     -32.9763      9.35142     -19.6487            0            0    -0.055394
     34.9228     -15.8169      -13.413      13.9937            0            0    0.0423253
     13.1528     -10.2402      8.71839    -0.408233            0            0    0.0290884
     2.32633     -17.7375      12.2487      7.24923            0            0    0.0591696
     24.6613      1.29966     -6.04616     0.629927            0            0    0.0761917
     21.1976     -4.44925      12.7287      8.14279            0            0   -0.0571021
     8.63431      -14.029      3.58327     -8.81749            0            0    -0.104742
     5.49956    -0.940233     -3.10263      14.3994            0            0     0.116503
     17.5354     0.260622       5.2521       25.013            0            0    0.0149121
     16.6337     -21.3163      32.1719     -6.49021            0            0    -0.074599
   0.0196962     -11.8837     -4.65515      21.9064            0            0  -0.00806193
     24.6274     -10.6092      7.77819     -10.9093            0            0   -0.0740293
     13.3071     -1.02642     -2.67783      24.5611            0            0    0.0389044
     16.3836     -6.88603      29.9507      13.9751            0            0    0.0638747
     25.6844      4.56291     -13.0891      12.9215            0            0   0.00735482
   -0.118519     -31.3212     -8.99116      2.38278            0            0   -0.0539477
     8.58375     -27.0827      3.71409     -14.3719            0            0   -0.0209121
     13.8792     -15.3629     -5.19396     -1.93674            0            0   -0.0917921
     22.8791     -15.0557     -19.9164     -1.36786            0            0   -0.0387604
     6.39223      -5.2782     -1.26667      20.1511            0            0     0.059548
   -0.812818     -26.3009      8.40945       5.5631            0            0    -0.045646
     11.8823     -16.3736      12.7026      7.53741            0            0   -0.0592341
    -1.97842     -23.8001     -5.07754      16.3875            0            0   -0.0652051
     12.9772      3.95159     -1.04393      4.54164            0            0     0.163399
     10.1615     -6.94374      15.4456     -6.04033            0            0     0.257632
     27.2661      8.52601     -13.8734      20.8346            0            0   -0.0673485
    -1.80273     -37.2895      21.0734      13.4057            0            0   -0.0910737
     17.1998      4.15766     -11.1857     -1.21771            0            0     0.043716
     21.3588     -27.0566     -14.1006      10.8618            0            0     0.014909
     5.80252     -26.3905      1.29982      8.24622            0            0   -0.0381399
     4.77806     0.280822      5.72179      6.51853            0            0    0.0862443
     52.2974      10.1041      17.3425      8.52596            0            0   0.00768621
     6.12083     -12.4372      13.4984      -4.1468            0            0    0.0386111
     12.3003     -5.78512      31.6094      13.8447            0            0   -0.0307617
     12.2412     -23.2522      3.75769     -1.21739            0            0   -0.0424707
     29.8937     -7.35767      19.9668      1.05855            0            0    0.0343517
     18.8721     -20.9382     -15.5477      3.92867            0            0   -0.0672229
     21.2012     -7.71896      31.8673      5.08666            0            0    0.0716579
    -1.53557      -15.546     -5.71044      6.62462            0     0.395238     0.187137
    -1.80776     -9.39611     -1.78474      11.5486            0     0.315941    0.0935555
     14.7918     -10.6692      -7.6371      7.41246            0     0.210883  -0.00224421
    -1.77999     -8.42971      13.5619      19.8285            0     0.241346  -0.00147816
     23.6224     -15.9658      6.75156      1.90539            0     0.374383    0.0197871
    0.445028      -24.349     -11.1179     -8.78028            0     0.471171     0.112048
     5.96516     -8.59905      21.1612      3.89396            0     0.217391    0.0450869
     8.93394     -5.80469     -13.6561      6.59577            0     0.326791     0.052757
     4.97741     -26.6947     -19.7276      2.13443            0            0   -0.0674646
     4.11097    -0.525567      6.33617      4.63396            0     0.323897    0.0284179
   -0.612415     -21.7371      26.7964      51.0348            0            0    0.0464911
    0.938063     -10.2807     -4.04364      17.5785            0            0   -0.0743174
    0.322814     -2.19348     -1.45034      10.9818            0     0.199187      0.13276
     10.0415    -0.589502     -6.70825      2.94366            0      0.28915     0.053809
     7.24833     -16.9614      -6.9766      11.1996            0     0.439952   -0.0990284
     35.6362     -13.3999       19.836      1.99061            0     0.257814   -0.0516981
     21.4487     -5.76567     -2.96374      17.0674            0     0.364802   0.00629747
     6.50614     -7.15279     -1.16967      34.9063            0     0.360443   -0.0669962
     11.1245     -17.5771      6.83715     -12.2266            0     0.298598    0.0124355
     12.7993      -5.6546     -5.48217      11.2966            0     0.388053    -0.070286
     15.5628     -29.4713      35.4026     -17.0574            0      0.24838    0.0244764
     31.4927      3.51468      -3.9979     -10.0537            0     0.328888    0.0508914
     11.1391     -21.8686      2.17848     -7.36163            0     0.414657    0.0690765
    -3.71474     -11.4212      6.18538      15.1014            0            0    0.0363303
     15.9865     -20.6216     -3.79353     -5.59365            0     0.371782    -0.123301
     5.73804     -17.2674     -9.83236     -2.03058            0    0.0889438    0.0821705
     3.86145     -35.1141      14.3316     -12.7529            0     0.221303   -0.0726713
    -1.95393     -15.0375     -4.13932      4.51196            0     0.386551   -0.0311883
     1.21419     -11.4506     0.366873    -0.178595            0     0.443448    0.0111149
     16.4375     -1.52144      7.83112      14.7572            0      0.13899     0.116537
    0.377675     -10.0931      11.1143       12.399            0     0.327102   -0.0281315
     7.10329     -9.29471      -6.3107      6.71212            0     0.187447    0.0277136
     8.09179     -8.41311     -13.9909      46.7234            0            0   -0.0571641
     10.9102     -13.9267      17.7341        23.33            0     0.166429   -0.0381559
     24.0125     -3.64171       15.549      4.05341            0      0.21122   -0.0348678
     10.0265     -30.7442     -17.5771      44.0404            0     0.190818    -0.117167
     30.7013      -14.304      19.5547     -5.46986            0     0.374042    0.0214837
     6.21156     -8.10017     0.831189      22.0831            0     0.233373    -0.021995
     22.2221     -20.7699    -0.803447      8.07402            0     0.104724   -0.0453948
     26.0832     -14.4705     -27.9017      -10.748            0     0.325151    0.0144375
     32.2236      13.2996    0.0316739       2.7155            0     0.322651     0.103722
    -14.0644     -51.2397     -15.7013     -4.43359            0     0.352383   -0.0735073
     27.2505    0.0704133      3.36657    -0.350366            0     0.349136     0.082381
     10.1576     -10.8166      7.71949       9.3232            0     0.233986    0.0678544
    0.884318     -24.6248     -16.3257      31.1023            0     0.188522  -0.00257859
     7.96004     -16.6675     -4.14629     0.265529            0            0    -0.084638
    0.327451     -25.4605      -12.963     0.211073            0     0.238597   -0.0231885
     35.6993      5.56189     -1.00817      15.9654            0            0   -0.0144752
     3.33202     -21.4801     -1.21277     -8.68758            0            0   -0.0173369
     8.98195     -6.11794      17.3121     -4.76809            0            0     0.144627
    -2.00519     -11.1096     -4.75862      13.3795            0            0   -0.0123691
     14.2936     -3.24901      11.0102       8.7331            0            0    0.0887541
     16.7632     -20.5167     -1.69567     -11.9596            0            0   0.00397301
     6.60553     -5.70743      6.87041      7.05092            0            0   -0.0196548
     1.05743     -25.7736     0.804327      3.85039            0            0     0.113283
    -1.77166     -34.0357     -4.22961     -7.89859            0            0   -0.0830448
     43.6619      4.29698     -19.7288     0.554742            0            0    0.0239268
       7.499     -12.0077      16.0291      17.0536            0            0    0.0512847
     42.7368      13.9836      -20.769      14.4979            0            0   -0.0443035
     1.84494     -14.0891      13.4221      26.6627            0            0   -0.0851033
     20.4883     -17.5886      24.3278     -3.93021            0            0    0.0707442
     4.81012      -26.845      24.8224     -3.85747            0            0    0.0351852
     34.3322      5.89065     -5.14098      12.6083            0            0   -0.0491892
    -4.24482     -22.6381      6.26758      6.73035            0            0    0.0347197
     16.8888     -27.1968      1.74854     -7.71647            0            0     -0.04681
    -6.81408     -57.9084     -22.2101     -9.78831            0            0    -0.138227
     49.4218      16.9778     -10.5644     -4.82539            0            0   -0.0755208
     9.90551     -5.73092     -5.54659      10.6743            0            0    0.0627786
     1.32204     -22.8636      11.8565      12.6251            0            0   -0.0606435
     5.27005     -33.0089      7.31255      1.97886            0            0    0.0379787
     13.7312     0.196819      5.96305      2.04054            0            0   -0.0195134
     20.1648     -3.57691      1.01835        3.449            0            0  -0.00104518
     9.85283     -3.68172      7.75247      21.8489            0            0   -0.0332865
     8.42173     0.180781     -3.51743    -0.477128            0            0    0.0243866
     15.1357      1.86667     -1.25436      11.6781            0            0    -0.031391
     21.7621       2.9786      7.42281     -5.18212            0            0   -0.0334048
    -0.12586     -12.3745      6.76498     0.355325            0            0     0.204645
     20.6854    -0.572891     -13.8177     -4.78515            0            0    -0.100278
     12.3321     -12.1751     -8.85515      4.34683            0            0      0.02375
    -1.31397     -45.5839     -16.6983     -9.13396            0            0     0.157585
     -2.0204     -60.2951      5.48567     -12.1611            0            0   -0.0923115
     20.8404     -7.66704     -4.75082      2.08002            0            0   -0.0460492
