-36.3904101988814,-41.4201621679134,43.9147280765167,7.50138043053076e-15,0.00152757325551888,-0.0674705637641214,75.0506728343221,-0.0789345092648065,-0.00389465950749767,0.0296528817194683,4.04483623064501e-16,-6.80487958659354e-16,0.00197227091580114,3379.85555520448,0.00116468128335545
-30.3599465148332,1.72993697886455,64.8070094465356,-3.33641740374014e-15,0.00181576928901449,0.0104161931945984,-13.884831534803,0.643252983333084,0.0026331154442585,0.102114806807218,-2.84606858275698e-15,3684.17172583848,-0.00643934397537213,1.3081493665118e-15,-0.000341814294579205
-45.8017098565798,-4.69420761892234,29.4771930778535,6.97738468328689e-15,0.000548453825283881,0.0212170727104983,14.2240122287426,0.645641509119776,-0.00200023075997119,0.00402069843247577,1.62356727524232e-15,2.43636231445564e-15,-0.0168406603622187,3.39827765590713e-16,-0.00324481980446935
-22.8728651696718,-2.99283726489223,-6.54310484121246,9.85909558944489e-15,-0.000947791809963857,0.0134087004289381,-8.80278560020783,0.0507819113187645,0.0112794252437489,0.0925696093046141,2.6924807847244e-15,4336.9535061015,0.00699336726199498,8.15674646903386e-16,-0.00786539068861274
-28.4918620349145,-3.89628735954741,117.843212188839,-1.65289645845423e-16,-0.000703237715967283,-0.286884407184971,-8.46216920352686,-0.194441474449172,-0.00191258150869217,0.0699397821346498,1.46310805366642e-15,1.26531159771161e-15,-0.00453009977214102,3.31141610964405e-16,-0.00273025120446336
-34.1288350377604,5.31431404281474,48.8396848691469,-7.41997355405136e-15,-0.000543008563087621,-0.110478781102874,16.5307329137101,-0.459758165832123,0.00132654231609469,0.109323488321637,-6.83001656391495e-16,4.20399405385612e-15,-0.00743493397071543,2.27794917026685e-15,0.00619497962205361
-23.5571127345527,-5.40904894958286,-16.8391852338796,6.03894583257414e-15,-0.000452761937187549,-0.00761092385309024,24.2211214582603,0.555070951386987,-0.00731206984275375,0.0517079538047065,1.99440463235783e-16,2.19954520059086e-15,0.015667762114028,3.83046960409138e-15,0.00364572022551997
-26.8261950511811,-7.20392910624617,0.151445400276038,1.35386919855176e-15,0.00739277323965081,-0.143264228028918,-3.75459182973437,-0.261006567345153,0.00226612652441373,-0.0192779514229624,2.51373941055222e-15,2.35820923112523e-15,-0.00438861680109322,-4.67728361511671e-16,0.00263869013643586
-25.4447114353487,1.08114031441389,9.92469530875864,5.51322986491732e-15,-0.00234999802420929,-0.0337879100905359,9.13329559198881,-0.0886864246347711,0.027135073452121,-0.0318568042209716,6.08966813219365e-16,3.0072024189501e-16,0.0223638390690262,-5.67216107797757e-16,-0.00126726556290464
-32.2789901986322,1.39407839005966,13.3083732406634,-2.30596353982485e-15,0.00375399647640826,-0.211671642776935,-10.4267205156107,-0.333761791350783,-0.0209596739700336,-0.0118281444256931,-5.76125101161011e-15,-1.14886240128372e-16,0.00681846547005359,-4.54054585510167e-16,-0.00115070540141244
-33.3108655081867,-15.3423790275739,36.4586203827469,1.58923885156974e-16,-0.00207616890209209,-0.138927128118397,2.74083638582499,0.220751189630328,-0.00894362638605678,0.0604378727383036,-3808.40270969065,2.58913299266002e-15,-0.00521760924870584,-2.72882311635867e-15,-0.00607063268996893
-25.4104013982051,-3.4539692662208,9.54346352381049,-4.00050649191936e-15,-0.000694815134923051,-0.0467904507261462,-0.0787850320318809,0.563800979057693,0.000610847453143409,0.143538358994739,-2.98212927903327e-15,4.68720349726099e-15,0.0338679639853764,1.22655503834655e-15,-0.0124908881557412
-53.883226520602,7.7404857541925,-27.9650480496399,-8.69996654435487e-15,0.00624724136915748,-0.0764339226408173,-12.907224368122,7.49356240600875,-0.0383995359827137,0.0189416113727763,-4.07433604779959e-15,-4.55753750480114e-16,-0.0138777977911986,-8645.61412784716,0.00526951350551662
-50.8160202577213,9.38300315013033,-28.9548944142185,1.49647756749078e-15,-0.000937719972050938,0.0549941647053245,-21.4269400667651,6.91414792452179,-0.0439215770841105,0.0565903335848429,4.74181743625771e-16,3.31047291892167e-15,0.0185024629764432,-10790.9184498409,0.013167794896551
-48.3185068190419,-4.02983630631064,-27.1105497612527,2.31393538418287e-15,-0.0018676664598946,0.156343654877024,-9.27757074097094,5.42879642908583,-0.00325442250343932,0.106489106087052,3769.57930652324,-1.45379670729943e-15,0.0351733609073077,-6163.6044957806,0.0159243571169467
-55.1958854001918,-10.9955071071793,-6.79572723506632,-7.88035295820707e-15,0.00172775113479447,-0.0615170533403,-20.1214790488677,6.59623631357179,-0.0391769114171323,-0.044208001331707,-5.65520376971496e-15,-2.86951435785918e-15,-0.00400613804050706,-1.2698736877402e-15,0.00268742904836412
-43.8196633491427,3.62471728990392,30.1035222915386,-2.50914120911721e-15,-0.000479480334954218,0.12865119057814,-25.2092255286264,4.88851155869901,-0.022787740188653,0.047849456659429,-1.39798167035867e-15,2.05133023237096e-15,-0.0051109985429812,-5396.55802065283,0.0137728578323754
-49.957176369328,-1.84210283474183,-21.3011822563091,3.69806994450446e-15,-0.00096561700564542,0.142557294116869,-24.5329154330275,7.07832416530571,-0.0509236838570819,0.0586759266635192,3.97194387992866e-16,-2.28297089626953e-15,-0.0163333669374025,-6498.66247239155,0.0129615656519909
-53.4962920437819,13.6514039946774,-10.4439090512333,-2.97625286336865e-15,-0.00252360915529615,-0.0342488365689205,-9.82484624065713,7.83439044567266,-0.0458334206463664,-0.0116225732595222,-6.376118566435e-16,2.79742417208424e-15,-0.016358643799205,-3393.65965581544,0.0151325673995677
-79.2937864679175,-4.48495006155839,-98.9071733390529,-2.24114147141684e-15,-0.00265487104277206,0.276608210436954,-31.4740594305577,6.14552603852,-0.0728689225342591,0.0129834402590315,2430.12398693569,-4.03321446466013e-15,-0.0110264141807654,-9057.04939773913,0.0265415462400774
-103.805835844587,19.116512222507,-120.666124612917,-8.43701131825018e-15,-0.000690821284740735,0.312227691151247,-83.2819244978659,8.80198713289223,-0.130974226727367,-0.0810117918150275,1.35264680929323e-15,-2.1257506613815e-15,-0.0309837321027883,-13477.8743676915,0.0427011881268841
-41.4918484552959,3.86610563667613,-4.30394664007712,-9.4778728919032e-16,-0.00244575255658777,0.0369905599313873,-8.34244741166764,-0.643003175163499,-0.0308208616211181,-0.0293025689027313,3.9739927829382e-15,4008.90743044208,0.0164538896478216,-2.38324106646661e-15,0.0026082750993456
-78.9174934256148,14.2866706871917,-115.904844285087,-8.33851431688761e-15,0.000611820558524974,0.172269927914465,-15.9328094902709,-1.0977634178029,-0.119307244250538,-0.264821704728381,-2.02606566497042e-15,-5.2262098016209e-15,-0.00118772595258501,-2.40242103997106e-16,-0.0259528342640721
-33.6574466031376,2.64651168728363,44.2612079999942,-6.78889327243964e-16,-0.00205820096414167,-0.0924072810137246,7.22799991407316,-0.247550661199318,0.0109457060901219,-0.0504688650354351,4216.18542719984,1.85817200487455e-15,-0.0179195446199652,5.58600314202184e-16,-0.00521521934982719
-60.4545677420728,7.27549473135094,-48.2565535715736,1.57836798518286e-15,0.00499202224451389,-0.0299133773381832,23.1668262002777,-0.205885697842125,-0.0633007492407386,-0.142670137067477,2.05171719659884e-15,5.78544806593575e-16,-0.00633189870390926,-1.44004589861068e-15,-0.0103283284882218
-77.4706875849701,16.9212377351544,-96.9492560632163,-1.15524370594285e-16,-0.00188465194713185,0.279953060105829,-26.004051385776,-1.74201592509546,-0.111653341413711,-0.102254373417836,-3.41571361152202e-15,-2.43686055535113e-15,-0.0284670560245513,-1.0552658511685e-15,-0.0114565123872859
-69.9837157113965,20.3970942316594,-37.8723973844538,-5.47290486135236e-15,0.00387222230193571,0.0780875552174947,-7.53880649957812,-0.864265297474866,-0.0575159039642254,-0.197004863928686,-3.80848238260012e-15,6.3802000441246e-15,-0.00459082244315863,-3.90693338494909e-15,-0.00863411018593373
-34.8073626863871,-3.10042480745143,23.0344801178764,6.04239944561884e-16,-0.000498196273652621,0.0125841567304391,15.0168289002812,-0.464529877196919,-0.0172099158339727,-0.0657863309383576,-1.43667464518304e-15,1.80577146828208e-15,0.0166194519363579,8.05653941242845e-16,0.000112717836050951
-61.9824071853078,-17.6689196707837,-13.8427066517273,-8.61607981358272e-15,0.00076796622619975,0.0383372167299055,-21.9805164053777,-0.0794194950727234,-0.0845598684068578,-0.165755658093874,2.76458997481404e-15,-4.71043402709162e-15,0.00238634192079536,-3389.77053057845,-0.0123047822782039
-79.7067150085589,17.4386218982445,-134.20498193801,-5.05207314044127e-15,-0.00222248079147279,0.317925841391994,-10.7183118800358,-1.86340618166744,-0.0965634491874181,-0.227904422923038,4.22726705458336e-15,-6.31461646146986e-15,0.0093720176392173,-5.83631676731022e-18,-0.0184723971015934
-84.2430917982935,12.5542629075393,-127.965891638298,1.42656583856607e-15,0.0016201227097934,0.0803056717609772,-21.3177266328501,-0.946275518937723,-0.10828333460308,-0.172406930714029,1.03876302623221e-15,-2.54282431395353e-15,-0.018260295770537,1.44972408629549e-16,-0.0374649950534675
-31.4712994849132,-12.4859767880649,15.4318662285454,-2.76833317110939e-15,-0.00103262366753999,0.0661425465362566,6.5022590386056,-0.0673446945279913,-0.0356516827829549,-0.0791023368867036,-5.34561239943183e-16,1.19224083318895e-15,-0.0127410912406878,-1.14095696875639e-15,-0.00735893714339887
-46.4303288702752,3.69841273631689,-22.2913049235754,-7.18617113425109e-15,-0.00015989120472591,0.0052302758390993,8.96012488058647,1.20584307883764,0.00599500639481826,0.0087507283626,5.58675143362201e-15,1.6733824564921e-15,0.0101782325039399,-2.99195993537084e-15,0.00630099952292746
-56.0925252095563,11.6081576331572,-65.0183328173174,3.79968215566053e-16,-0.00389195086398881,0.0594433316344768,-28.3403687575866,-0.63671266231584,-0.0787300042347893,-0.220527053410839,3.14905883161658e-15,-5.21840142136365e-15,-0.0156954019590044,1.88025966672292e-15,-0.00728318892512135
-60.7667190224333,-0.708347341864954,-39.8250593661185,-1.21428002530878e-15,0.00440130753545232,-0.258794363082056,9.08771271972685,-0.643698965826429,-0.0660174134748835,0.0291546422970232,3.3310227497155e-15,-2.98911969375067e-15,-0.00429495528014786,-2620.95866627775,-0.035421707905436
-16.9924804358861,-17.6299475411671,10.0790745732296,-5.57912640013423e-15,-0.000833760005015759,-0.0332975153583659,-5.71490843943242,0.0368927777388016,0.0127893713065477,-0.0492646244938981,6.63616039755047e-15,5.47198628368932e-15,-0.00303101506223026,-6.06644537808874e-16,0.00462334982845566
-32.2299053745104,-2.2323743847922,9.81522194178086,2.49693442427149e-15,-0.00116719963722399,-0.115105574106273,-19.8606568649443,1.70359499222124,-0.0134349023103114,0.10509766073916,3.58015695390845e-15,-2.78820357418879e-15,0.00192584446346285,2.64189667251977e-17,0.00597307933310713
-29.1813397787585,-8.23334052538294,50.1614927505891,-6.42749482566978e-15,0.00165417159780049,-0.0549836122158746,-1.34834724393816,0.151784995918976,0.0122287487882843,0.0863194021024555,3.54764212827197e-15,6.96570508879125e-16,0.00200850020749235,3.09416796507136e-15,-0.0078217177160042
-24.3821471399816,-13.8271424904687,16.6197747156461,1.51355631152541e-15,-0.00155199324745925,-0.114510160575043,4.0838692116926,-0.00910411180114326,-0.000488871674355849,-0.039082361165332,-2.51438480850065e-15,-1.71697372707485e-15,0.000837480903612122,-5.7254743919226e-16,0.00012099334780142
-46.9509089179624,6.8670671151001,-35.9056247461544,2.95180064684581e-15,-0.000629886337184859,-0.116823903324209,252.004336487893,0.156401915894677,-0.0149362457188221,-0.0437287200236306,1.46247527262469e-15,-4.17148478416004e-15,-0.00593921450772119,3.75315936384662e-15,-0.00374594678461684
-45.9422182035612,0.0295638690516177,-0.392177132880742,-3.782641864985e-16,-0.000445154210471895,-0.00657211101342728,278.58193885413,0.937116145810641,-0.0147263238995367,0.0589224957186452,-1.27762948088888e-15,-2.96454330220563e-15,0.0155239494703029,-2.78966893030263e-15,0.00766045288720334
-39.0338197844428,-8.38426606759687,11.959992201179,-7.58789289351711e-15,0.000254880125829112,0.0219933364115046,380.132730049465,0.220210525108516,-0.0324993090745367,-0.055142025465469,-1.26111170532776e-15,1.45850907241991e-16,-0.0066915810221221,3350.577153602,0.000144363833220774
-39.6360709278007,-1.50256080866747,23.3112828666965,-7.76757321108927e-15,-0.000924055847605431,-0.017969785481737,188.715595465279,0.47414986505831,-0.0114454737339584,0.0208419181006029,4.18320724655272e-15,3.38788476757374e-16,-0.00329426239083381,3.80875700136615e-16,0.00696803540736173
-53.0349825042066,11.0214954795465,35.8836951482561,-2.0094462296071e-15,-0.000791004373824561,-0.015015921807056,518.475418986239,-0.137307590235863,-0.022609626665945,-0.0148513158124922,-9.280978502694e-17,-2.69354494423317e-15,0.00459518312712215,-2.60934660363263e-15,0.00477158163515787
-40.1965479119281,-3.74146473868356,-4.87919316429705,5.72963521058707e-17,0.000366003293153013,-0.045965762494124,138.734168969025,0.423882120814421,0.00310866837780428,0.0251592667988124,-3.79300393864463e-15,9.85495507474247e-16,0.022838056621927,4.07995272897735e-15,0.00288404904940839
-49.0282158085268,10.6255810248384,-37.7766532056943,1.11050218405323e-14,-0.00190953598962332,0.067286588539795,220.590628478922,1.00530119587547,0.000846470233277944,0.0655030482574339,-5.17570216310829e-15,-1.9440250118165e-15,-0.00763311219713193,2811.09244598968,0.0154866970187797
-45.1939925605637,-0.650300242526989,-1.25644731797157,3.48240618224817e-16,0.00213759101185503,0.015291317348305,292.27140419408,0.0113021494804152,-0.00742804329768992,0.107668518374424,2.19247702560255e-15,-1.30529565514861e-16,0.0128074771853754,-1.92104683846924e-15,-0.000582544184887854
-44.4812162756234,-9.10424601480846,-18.7015856279579,-3.58745357905694e-16,-0.000772921453764786,0.0852042989452964,390.936311758379,0.070976163321202,-0.0140188006396261,-0.0341547927018564,4.39028639774419e-16,2.69419736204588e-15,-0.0134788655075423,1.48119767007544e-16,-0.0110018203865086
-41.9015269749912,2.12811018863037,-15.8960965470002,6.2988538144018e-15,-0.00123247393225764,0.0566962562474969,282.311551250593,0.808721823094694,-0.0251005175783277,0.0727769068671735,-4.14685100527427e-15,1.44159205204558e-15,0.0138793696990107,1.48723278089199e-15,-0.00758575379410418
-38.2365592086167,-10.5660328991045,3.74172662530231,2.41347750073984e-15,0.00127263660631543,-0.00135805668899101,188.598180659726,-0.107646400952273,0.00137550849569146,0.0259542844260726,-1.58544488229027e-15,3.0739848733512e-15,-0.00121553943504203,-4.20292689562617e-16,-0.00407297574857053
-51.3662502469202,13.1720668392789,3.39953724477713,-1.68994696596591e-15,-0.00243481077721338,-0.142459765352471,391.926582950911,0.850201398463059,-0.0338539581950373,-0.0482334437393112,3693.85946257182,2.57435700861912e-15,-0.0196983655260051,-3.98272771023441e-15,0.00816879354726175
-23.711409465679,5.8484237583702,39.7684309380549,-8.57756163124977e-15,-0.00112996440941989,0.0768085785893001,13.8633744512511,-0.292711351093149,-0.00820940195652799,0.0799144906465636,6.85712457625639e-16,-1.15666630157466e-15,0.00650469097598606,3.64855726437883e-15,0.00568604070507777
-28.5428080863288,-1.73224928011948,12.4900834686567,1.10400813813895e-14,0.000494817103672982,0.0249507745514079,21.6785053374701,0.242139074785788,0.0115202078880496,0.0972460417647942,-3.11739632629648e-15,-2.99721807304741e-16,0.0306191683286459,-3.46268523675747e-15,0.00360104649349622
-21.3918576313904,-15.1290885475316,-17.7382953353056,5.73005438112683e-16,0.0030605555334435,-0.0546630761987285,6.41762929224854,-0.0361792660475791,0.0122254877542035,-0.0150956465010198,7.46903911124962e-15,-1.87954895993216e-16,-0.00168037194370431,2.34950662456037e-15,-0.00637203900867958
-31.5775183476351,-20.3371521330432,34.4320666387574,-7.20930238149953e-15,0.00293239034889744,-0.0258857043887397,-16.8762386202723,-0.0100352902790463,-0.0227432648453912,0.0282104997275636,3.41055428263712e-15,3752.77362174842,-0.00320554030270014,4243.84497254906,0.0148207082700305
-22.2726936170542,0.34721706011015,12.2205764906511,1.49309786490112e-15,-0.000565340510679575,-0.0106559168365717,-6.68704339830065,0.392081599177858,0.00211010392092432,0.0580345457566983,-2.44913316088448e-15,3.75329541369193e-15,0.026684812161103,4201.13490472907,0.00158203297647255
-17.9596392656506,4.66663464466282,1.72091633775729,3.40467472674922e-15,-0.000239815808047734,-0.0687363511263725,25.1307818544536,0.601579653022774,0.0021914284431163,-0.0249569562934329,-4.51497075290452e-15,5.12323920454094e-15,0.0150097891834894,-4.57337288002041e-15,0.00683019003692481
-33.1405423656569,3.78835648371662,-6.05482405629725,-2.34699484249945e-15,0.00218526773571404,-0.143818838847804,-2.64819836746889,1.39475693022295,-0.000591275159942146,0.0472483318825257,3208.27838171492,1.6807829821213e-15,-0.00302751082137096,2.675544971943e-15,-0.0103212420576841
-31.3003975525817,-4.43834176661384,-9.73854123237641,-3.12332556406003e-15,-0.00140270573029135,0.107334796798545,-1.27819282690004,0.00126362696605089,-0.00323671149462569,0.0199567934307356,-2995.08981461813,3457.91258117156,-0.0027338095503787,1.46444652895637e-15,0.00495134762744542
-29.1653784428973,-3.05143780780555,53.9785705780178,3.8428434572874e-15,0.00148834342057871,-0.0254050529063108,-4.13190336288493,0.320027172485833,0.00360351361668831,-0.083076223591855,-3063.84880103467,-3.1905716092186e-15,0.0263689488679204,1.00945605353962e-15,-0.00193809380079918
-19.7638481508288,-18.9908618189351,-15.5063628404928,-5.16141135117639e-15,0.0032992779375082,-0.0982132436633309,40.1644453643838,0.0169678105952332,-0.00880913865363318,0.0236743774055759,2.84736399524821e-15,1.75071134631444e-16,-0.00452180784335751,-2.86435993377355e-15,0.0058959759774153
-33.1127384829234,-18.9629405948322,40.336660977246,1.82739334303328e-15,0.00206345822216092,-0.0433988438290813,32.2965644390016,1.11896587635601,-0.0137849823694978,0.025597224491984,4.70718912883414e-16,1.64125324627696e-15,0.0185624655169489,3.29171776015083e-15,-0.0096672661909779
-15.0151369795149,2.59052935660738,29.4892176252826,2.40551647329505e-15,0.00290897002658655,-0.103050609084037,-4.83795833781706,0.372918653917563,-0.00524733857895998,0.00946583409539814,-2.45325572732445e-15,-1.14972599465337e-15,0.00579097240303747,-8.75861359519741e-16,-0.000835429588765242
-35.7455175206567,-3.34754516422655,-10.6518276829985,6.61521209917531e-15,0.000399240830878833,0.0871218345480872,-16.9078158834303,0.592919650323837,-0.00494206955202061,0.0726888882311993,3.09094168923037e-15,-6.0192547208916e-16,-0.00790617445575453,1.92959734740412e-15,0.0134285751159871
-23.6675292096025,-22.1990047826685,37.04669071781,1.13847703166779e-15,0.000875243844061983,-0.0679770234442907,-3.69908298577774,0.910642098947267,-0.0245592821110081,0.0200517343365327,-3.03359757339855e-15,2.38417750864864e-15,0.00644600374866463,2.08987204730679e-15,-0.00771303052183945
-36.2363306726885,-15.1907357110444,21.1188311132261,4.08784889602114e-15,-0.00193458518020602,0.0461679562396982,21.913725102969,0.792168444850307,-0.0107523840643844,0.0448390442946565,3.91541300830941e-15,-1.67316562883708e-15,-0.010314471160051,-1.15429758128548e-15,0.0125833150408307
-29.7562511652731,-7.36310158903105,-6.60392928898015,6.76193130884731e-15,0.000571954339793698,-0.0305967004713816,3.7179105289107,-0.0191043463622564,0.0212941718794048,0.25628792262447,-2.40783371832837e-15,-4.86602681854575e-16,0.0102765745644645,1.30325712095555e-15,-0.00803323223479864
-19.6757706288662,4.55234879365294,39.6030535264886,-1.25970707486422e-15,0.00323933479840432,-0.154234684942248,-9.21668668495402,0.128494909343496,-0.00574942387022143,-0.0400177189215454,-1.98186187680444e-15,2.63576909984805e-15,0.00530018235557509,-2.59760328135894e-15,-0.00159041618196035
-35.2848169703686,-0.495674602791872,18.4769409197112,4.80416801376409e-15,-0.000823187168369451,0.0255987410826637,-7.10781734111336,-0.63675165613964,0.0144406812399104,0.0827011077886809,5.50357857034398e-15,5921.61137219444,0.00925431675646956,1.41846862600338e-16,0.0149410381736265
-27.8312626899134,-1.19072082230133,52.3388930728222,3.64741476993797e-15,0.000547034879623543,0.0536724668376147,4.27920924035857,0.3017833907059,-0.0163573401414003,0.0415637659792464,-2.57995544820909e-15,6.88376040298096e-15,0.000280494225566292,3741.09685084716,0.00729111374970173
-25.2510399207055,-26.0523431777423,0.45488013626765,-5.80809652201172e-16,-0.00054336809995203,0.0304472612664977,23.2054307331656,0.756172413959631,0.00829890034605146,-0.0171260017812998,-1.44180144959327e-15,-2.71148053492056e-16,0.0171748920887356,4.95084366667045e-16,0.00421943688654042
-26.9256285385701,1.0105514693058,-1.84229876690295,9.6294660175673e-16,-0.000627682442236771,-0.0937756271239262,16.4657088826222,-0.301021320758246,0.0126604127935311,-0.0300049086138505,-3562.07489974641,-1.28231074264422e-15,0.0318044961426614,2.60331684816667e-15,0.00707931392002921
-30.7114601674793,-1.8314735030444,13.3259503925174,8.75260937423775e-15,-0.00144363182210729,-0.00265026681853172,11.4221611670213,0.661081777539946,0.00273735900737317,-0.0369115700866411,3.18654688504119e-17,2.27976885374966e-15,0.011224752301223,-3.19698108233869e-15,0.00127613391379751
-25.9460000522745,2.4082774283141,11.3521485833095,4.86303285036284e-15,0.00478211391844591,-0.0928580142840594,-10.083754084795,0.0290661605830781,0.00547022577581897,0.196007068794689,1.04038663878241e-15,6.54854618145658e-15,0.0303140051796298,-2.46236602541554e-15,0.00223894098288577
-25.7916155184155,2.98585339440419,-5.21061468948122,8.2069760003816e-15,0.00142017691326386,-0.0247383375253322,-14.704915541362,-0.516039553695097,0.050918049543644,0.0853055625978928,-1.66926005658362e-15,-2.53737255418868e-15,-0.00364496102773461,7.48440283593125e-16,0.0114440550692535
-17.5582588837566,-0.0145901165506467,23.424056374379,6.98994078107426e-15,-0.000726333996972711,-0.00210435643810877,-7.03625173996486,-0.354483640043453,0.0141300128419902,0.114198046585048,-3.0228306306079e-15,-3.68203912653785e-16,0.0104268212804415,-7.06228646012609e-16,0.00442836739364302
-51.3988191215799,20.4008990876796,57.8055238923668,-1905.96806008705,0.00107808376505808,-0.147097315977746,-23.1737168268973,-0.514273627665728,-0.00987625494530437,0.375068238361679,7.65879887206499e-16,-8.53012479489237e-16,0.000176766252616551,-4.16081663011578e-15,0.0272105596817796
-40.8663996196128,2.79431130657683,44.942978437363,2.35032053615548e-15,0.00113269568959565,0.00484367098710443,-16.8298934784807,0.0924845529003081,-0.00633395573169204,0.211679542926995,-2.24082402374033e-15,5.72224328595072e-15,0.00204468797672115,-3.91054576299236e-15,0.0061824924433736
-30.5064488710773,-4.33871746009881,6.79593095819464,9.29608949449739e-15,0.00355085311873045,-0.0677953619432566,-3.7027462264831,-0.196790238880011,0.0240995837383627,0.0850293319724258,3.51921292426712e-15,5.09202592644755e-15,0.0101391829110649,-2569.8098111385,-0.00816931791154812
-95.6650243407202,19.1563142207594,-240.065401581823,-6.51357012401128e-15,-0.00352030107543488,0.48376855001583,-47.1307183334171,-4.6264463140931,-0.00867040605618787,1.77408748526864,-4.28958019551107e-16,-4.51879430253228e-16,-0.0321602786936745,6818.52538736044,0.196947198767717
-50.5143223316469,-16.0070803649322,-30.8512893824057,-8.26397683926608e-15,0.000265321023778459,0.0586488338812294,-29.285610752197,-1.90887982925592,-0.00193297167211275,0.614815003414771,3.02790628787003e-15,-1.76129690100225e-16,0.0166972536264286,2837.46409729833,0.0631509838588983
-87.1553978706793,10.3824549029988,-214.32432605997,-4.23388016209745e-15,-0.00568735726105051,0.106732259042618,6.42885119916115,-3.42575204346323,-0.0509684412447353,1.23455133830777,-3.11182052783422e-15,-2.00464847919413e-16,-0.031855255614109,3624.24305117168,0.0672556952126275
-32.8998211783389,-8.32791797191873,0.721097250597699,1.12412604062163e-14,0.00133083853415234,-0.157691570313849,-4.53200791886163,-0.574549148040541,-0.00707187803195905,0.209267667949092,4.82098929523823e-16,7.32426972450094e-16,0.0268231297193644,2.95785089537417e-15,0.0254042681127064
-23.7557291822392,-4.71740901816837,-5.93767162568259,-4.04625750619899e-15,-0.00150916600702461,0.0372852409115013,2.41386023079519,-0.118350754873791,0.0187596981178561,0.0558545204267437,-5.0098846775062e-15,-1.62957633148794e-15,0.0205387927866776,-3.72745399503085e-15,0.0040079195060849
-63.5719404032572,13.3176747352744,-105.792444126315,-7.97996756856112e-16,0.00134430181945522,0.109879477907589,-8.41285598219942,-1.1975990168526,-0.0226673097238122,0.730415463781352,3.16757593901651e-15,-8.68537488578567e-16,-0.021216371434871,1.155102920657e-16,0.0594999225944831
-37.6658698537575,-1.91187645024313,44.1812575487171,1.57762040387839e-15,0.00167314329872697,-0.0549401026672834,-15.1489328810525,-0.38773297880139,-0.0396387374032526,0.159836911830218,-2.56056344623254e-15,-3.69697035895942e-15,0.0058350709477312,2.63210309648408e-15,0.0375870044998142
-58.5927186590734,14.6407938268687,-54.3920803168632,1.35409818262838e-15,-7.60561702351995e-05,0.0387916713145521,-27.5320613485357,-1.22557073270163,-0.0313047795285023,0.596356871274396,1.47962104848579e-15,-4.98390156435311e-15,-0.0257695827912261,5739.210860624,0.0714679529380858
-73.6285373012185,1.36589420570644,-132.047903415679,2.18800893834763e-15,-0.00214916696778256,0.109677638460351,-12.9819161182852,-2.06441536161999,-0.0112334529510793,0.927588415044512,3.67397736954692e-15,-1.87870445081691e-15,-0.0150954666141758,2.16032135948324e-15,0.056843346124734
-55.5058672156311,6.11881867099268,-32.1827414369812,-6.06469272095564e-15,0.00530610669355278,0.0078585128335631,-31.4544978770947,-1.29711724177306,-0.0216573963157549,0.786096531856731,2.91716034083605e-15,-1.33033206623717e-15,-0.0218871128980932,3.8742431042472e-15,0.0569887630390714
-85.7525866398328,23.6546618664273,-195.255343387218,-7.14469065589967e-16,0.00582745497990863,0.0916902053910026,-14.8445560646231,-1.8555557037459,-0.0308501148584907,0.850085354660827,-3553.61136689674,-2.8693690805605e-15,-0.00832606602357513,2768.56023458361,0.0934359831458336
-82.5270718354941,-5.7382534044446,-223.641638900127,-1.87852744064467e-15,0.00103245328484376,0.222768197589497,37.3290905003855,-1.88596225783497,-0.0639820019288559,1.0004604131571,-9.0444964356815e-16,-4213.74434990853,-0.0420835330592253,-6.7668763437915e-16,0.0860459987081828
-48.5190754839211,3.38939646509956,-124.840784611605,-4.13035873699775e-15,-0.00172638250114251,0.258485708653926,-24.660106961801,-1.69302247565484,-0.0172281175366909,0.89858011377175,3.59662555357931e-15,-1.39330809280524e-15,-0.00415600812260006,3272.35359445506,0.0565377355977279
-28.5634717436489,-9.10101971552946,41.5686037614093,-2.76110343639596e-15,-0.002171267838469,-0.127215963697607,15.2585804520815,-0.066262341127098,0.00339763313849129,0.0345579544111559,6.03847418758368e-15,-3.14343865286887e-16,-0.00195038069340138,1.17304426423433e-16,-0.0032689688903845
-22.233294980387,3.58568491815775,-3.37914592448571,4.21402832748797e-16,0.00154818491189492,-0.0458134939708864,42.0087676428182,0.576732700853737,0.00965254061198385,0.0919594259651556,1.38813032300172e-15,-1.07050294618188e-15,0.0213089477613714,-3229.22218707504,-0.00985008769271039
-24.7815230146204,11.4514100790461,-10.7618902743161,2.45664727510966e-15,-0.000342941803810935,-0.128679208071177,8.88310057291856,0.291219265432068,0.0123995470522116,0.0952591942978334,-4.42944012863121e-15,-1.88242906566313e-15,-0.00155855917574472,3803.05440060473,-0.0139307502071021
-37.6582253807878,0.016716287492312,-11.3582638164496,-1.53973143133403e-15,-0.000539054151847365,0.0560313192545837,10.3760960111326,0.885524629334748,0.0136139013952086,0.0769423897188401,-5054.79816789551,1.1298816049368e-17,0.0122047003587,-3044.02317346397,0.000671000988837756
-22.2534435206744,2.12302327309607,1.45502612701083,1.15427351272449e-14,0.00309608472526236,-0.098357959983321,19.1179801537267,0.179048318163383,-0.000461380947897954,-0.0486439059549879,-4.39464513453047e-15,5707.21563415804,-0.00416731252540688,3.60143363469081e-15,-0.00280368507793235
-27.2105233562443,-2.89980473140175,7.82344593807475,6.4574465833039e-15,-0.000464467475711733,0.0257435986992598,7.34745836871788,0.833133252285129,-0.0120585003077386,0.0262566519329764,-4.79373269428539e-15,-3.1031141649448e-15,0.000815342967996964,-2.08157226993279e-15,0.00349857182002937
-49.1949541978822,-12.7956846213471,-16.0161070845008,1.38314442310199e-15,-0.00170076595618779,-0.037200793550422,-7.17772008088047,4.10340603672273,-0.0177241579284797,0.0763588631104027,-3.37163761596315e-16,-1.993317582242e-15,0.0350766576872374,27417.0758788508,-0.0002612758673833
-53.813666947627,9.63776119655255,1.08186247596617,5.70321947756573e-16,-0.00254501857513985,-0.00106628740827487,25.0578488878143,5.21233065364089,-0.0155323861230655,0.119711954428737,-3.8843674762733e-15,-6.89650252195384e-16,0.00536856275870342,25481.8544567689,-0.00299796108375469
-48.3294721290975,10.4602105266364,-11.0155173767349,1.35488438849153e-15,0.00338941342393492,0.063794655533368,6.95939142668875,4.73944851097024,-0.0271515298528728,0.0626588623773718,1.09291905056684e-15,-4.23189761374603e-16,0.0131540489527283,24919.630823484,-0.0254403079661267
-44.561710214436,-7.61622829543369,-2.61923541925532,-4.18080873225048e-16,-0.00325635284831105,-0.0739285716194949,-2.6588950749094,3.62950848715462,-0.0212835590109626,0.0311109565364015,1.39748778168979e-15,3081.09612446004,-0.00162765932439172,17114.7223675127,-0.0284373373152895
-61.5006994581055,-16.0284855197029,0.407424901348087,8.27111261140649e-15,-0.00250412490602335,0.0951897229769516,9.96807957244057,3.87884828876578,-0.0296011010518808,0.0605293054586712,1.5118717044891e-15,-3.28571724368133e-15,-0.0130297433859141,21698.0550351889,-0.00981462911410462
-52.6842038145616,-0.0248474623402815,-16.7528558948106,1.00907565669138e-15,-2.01739287832513e-05,-0.0340545995460563,-1.38617047748217,4.05011093610342,-0.0151893864645753,0.0441863975301594,3.92797756947662e-15,-4.67104824018452e-16,0.00849409578877073,26914.9707113243,-0.027207619476888
-36.9100108336795,1.95036906021171,20.6395625512284,-9.36233870326211e-15,0.00115409738259269,0.0384459458365631,5.71840219338488,2.63559840845512,-0.0069663646547262,0.165351807720503,-2.06187063587378e-15,3.16192941017676e-15,0.0123682645001968,11911.0914084194,0.00339001976390117
-28.9172768436329,2.54253618750725,-20.4229629237251,1.06762984571991e-14,-0.000805805081454024,0.0623808312041942,1.12797524824777,1.50036045921849,-0.0210377550750586,0.108242763283478,-3.35978182914715e-15,-2.40941074619786e-15,0.00656434120232131,-1.37567258812492e-15,0.0124873542210279
-28.1922294236096,-22.2761381169573,9.42124060229567,5.01745878426337e-15,-0.00115794694010262,0.0632650769034265,4.4766469285918,0.000678526595972478,0.00868761118629209,0.153626765409503,6.06243463319914e-15,-3.07328347024109e-16,-0.00733005116102659,-3.24129529820354e-15,-0.0113200887441649
-38.4587266812714,4.32694524400126,33.869737591882,1.87622736252524e-15,0.000555376824639045,0.0323426334104683,25.0615987638999,0.353659053486862,0.0112520332585994,0.0659854813912775,3.75078364761884e-15,6.36321988287594e-15,0.0227127393759699,-4.3972433903999e-16,0.00915164032325805
-33.6474491347431,-7.43560076709157,-12.4693590166883,8.10601737523843e-15,0.00204101431610859,-0.0736065886429957,0.379946715003434,0.540782586045324,-0.0117998216729472,0.0904291309233514,-3.31778207223263e-15,-2.67570897775827e-15,0.00774579896182155,-2.79867975848073e-17,-0.00200181619283687
-28.7611834693921,-11.7400718027207,-12.0398532356431,5.72038831142753e-15,0.00214935923693704,-0.281896338859069,81.1408670782523,0.0607329926613393,-0.00328209828202889,-0.0506158247723123,-2.27447837424849e-15,3.51861243698194e-15,-0.0104203804739801,1.46366905005359e-15,-0.00565208161057485
-68.7358693684128,9.55684573077504,-8.81125778460621,-8.48925664783877e-15,0.000356075218123659,0.136138291779635,-30.4797763988156,-0.473606644973481,0.199942025000033,-0.20486156282247,-22993.7234761677,-2530.30963160959,-0.0277591678678548,1.63656616259214e-15,-0.00108248929234191
-73.3831785370916,11.4853037858077,-25.2131652941521,-2.40243743832984e-15,-0.00166022046656186,0.163118265965377,-23.711342201116,-1.13465115023744,0.163757169319926,0.0801246156813593,-19984.3984051179,2.48447523285248e-15,0.00285234980944878,-1.57152789501227e-15,-0.00476550705110071
-67.4908262848415,-40.0323945435349,-20.3279997661318,-2.47739034630032e-16,-0.00254547406477179,-0.0823601587749673,-32.0918958287524,-0.671839796925036,0.163355703194631,-0.279088969451575,-23196.3293706184,-2.48495283445201e-16,-0.0162569962497308,-1.72988817143343e-15,0.00934935365808042
-64.1852826626271,1.34817227682994,0.925750636207748,-1.33146429294864e-14,0.00274308748168992,0.0302560171093179,-11.6250199630434,-0.557750340565933,0.1379600617891,-0.0528708969215743,-18831.2192627219,-3951.56619996703,0.0040968447604237,-6.38388900699946e-15,-0.00076034675220869
-29.8402600609459,4.04157292096369,43.7882635016281,4.68642781412689e-15,0.0016207898416983,-0.0451397754114299,10.1607477199046,-0.361371000525918,0.0139929065211589,0.0793344402797517,1.51342161499417e-15,3.09814869081635e-15,0.00249119763002124,-3.18613670061476e-16,-0.00245546781854167
-60.5343302055597,-14.1520144933826,-29.3699142247526,-7.83630335312143e-16,-0.00435378454164962,0.0430929287488455,-1.72650304490086,0.218190083331457,0.144796972906255,-0.153676378132685,-21474.2810237797,-2003.27426774677,-0.0178437477506722,6.52263992186998e-16,-0.00337526969837965
-71.6752282225038,2.72460335942641,-98.2345881642446,8.30630433882351e-15,-0.013803899346263,-1.13609529579901,-23.1305979882159,-0.994089992821452,-0.00419000895312609,0.0884688290286754,5.46106765782036e-15,1.05164456503591e-15,-0.0186581076843133,-2.88022944399416e-15,0.00516046886432518
-26.1917649109306,2.12497685439879,-13.8738416887826,-1.39065010907572e-16,0.00502378045946443,-0.121589233824763,-11.2538618594776,-0.246497307463992,0.000606847142500889,0.219897629935739,-2.48824723704973e-15,5.95937236540936e-15,-0.00559695141874381,1.88449789101801e-15,0.0130047124605582
-48.669879520945,-15.5281948148489,-19.6961176025612,-3.76741026521105e-15,-0.00598451748949192,-0.625797954505914,72.1503367378309,0.217799442198367,-0.0204554487967287,-0.0683844127940798,-3.30118682123466e-15,3.2506383652804e-15,0.00654914938127762,2.70471023184423e-15,0.0010015184094057
-41.3569579853457,-6.92261175670901,-25.6869000495917,-1.24343957657918e-15,-0.0067210507690865,-0.732369890931731,-3.17147200404996,-0.0802075350680522,-0.0102866025455216,0.00441269322024019,3266.22045192546,-5.89846086394428e-15,-0.00854106365362632,3347.71701782796,0.00993285847983806
-39.1545377769838,-0.729104509819769,-18.34615902555,2.19815509470573e-16,-0.0051767787909074,-0.486185963409941,8.46712872306431,0.27824868051929,0.011609245475532,-0.0100238804701886,1.35882447380265e-15,-2.23368520725535e-15,0.0149734821620799,-1.93765162013794e-15,-0.00151709768099863
-51.9404108795375,8.43774415458573,40.246876417743,4.62310266350684e-15,-0.0072200341532648,-0.436100294658347,16.1443642464379,0.116164784489282,0.00854393885785992,0.0759448689916555,-3.22132654450476e-15,1.15182859797442e-16,0.00151172907705899,-1.27770084368933e-16,0.00356193451564266
-38.3943985915838,3.24555153867506,33.3597045751784,1.86992062702334e-16,-0.00472921091126408,-0.892013078535254,-11.8849266153524,0.404013003932077,-0.03321740287974,-0.0180144441733862,1.99741989798936e-15,-2.9523542188914e-16,-0.0104641917032234,-2813.30750403968,0.00418616188069037
-41.0501948583935,-5.38059638359523,-9.86947548187214,1.06078266525428e-14,-0.00169861105628091,-0.381453261055314,4.26944229252727,0.366534541391599,0.00684723606294563,0.0773637302184246,-5.77802006192932e-16,3.07056814819257e-15,0.0176866804933674,2.77061419077559e-15,0.00417224463509489
-69.2899747206097,-4.15952453109464,-8.62701449649283,-7.81006333407981e-15,-0.0148350706744084,-1.19224386085417,-33.0321032203272,-0.771804035288339,-0.0126344552470803,0.163102592763415,-2.66107508894818e-15,-6.65341170469981e-16,-0.00853218668316167,-1.52700676148596e-16,-0.00235506989926786
-47.3818179630698,0.292583034420721,-18.5955358908437,-3.73024696160601e-15,-0.00750635732586019,-0.884438802446262,-14.6957924940219,-0.782483142322909,-0.00104761392330633,0.17924289548383,1.55716000558472e-15,1.41800568953901e-15,0.0258291276829564,-2412.58865226552,-0.003082191062942
-43.9380300361657,6.97106529142249,4.66744858213655,5.60745508279852e-15,-0.00502124661542478,-0.885956658599161,-6.54220643062261,-0.595696023511034,0.0055836763979271,0.0281533748955031,-2802.38699596383,3483.6740038429,0.00224773112726413,2.03107220949583e-15,-0.00486513811235866
-48.909173005113,10.8364665267472,-43.2049879665723,-2.09801746058712e-15,-0.013710699752851,-1.19267357842813,-16.8581806567098,0.434425416861426,-0.0263278010621234,-0.010438224247555,3.38190701076663e-15,8.64350952998903e-16,-0.0115884205118386,4386.99910506268,-0.00278923363026475
-72.16407697756,3.54941414163092,-16.5762490954758,-1.44467549697881e-16,-0.0223038600946601,-2.08642225370591,-12.8585117436541,-0.544402554460407,-0.0419798303044703,-0.0485528016168126,-2.54318844485789e-15,-2.30340450635009e-15,-0.00890245206348406,4.20742414562039e-15,0.000844828054465556
-37.8808071945898,-3.34245252474866,14.3897633140661,27170.6172221607,0.000901572959990334,-0.0792418034601948,34.7727066528056,-0.0798142031498082,0.00708998575045819,-0.0172465392792925,-3.21968949536938e-15,6.58436516432995e-16,-0.00683453589125568,3.13839420416371e-15,-0.00123072063583148
-37.616240851328,4.25943227508652,9.72462234985859,21818.5556687287,0.00223559048725012,-0.0974405718603463,15.7145795053121,0.0883989982919322,0.0202367134850764,-0.0281827021726163,-1.00681913729069e-16,-1.69113062319493e-16,-0.00907432254171251,-1.7122092421453e-15,-0.00857037192654487
-63.4834542283696,-7.43565201779276,-14.6539687736965,28722.4135357816,0.00114480552670747,-0.144067749721277,5.80552018147378,-0.213417319188193,0.0131732601145507,0.0383787783832419,3.31862430715143e-15,6.05212901456582e-15,0.0288571785028894,3.74246104818505e-15,-0.00953569791117
-37.1127707579393,-11.931891692035,8.75991288191843,3477.37256613828,-0.00111578466396338,0.000325677159121469,21.0775159278486,-0.387089861620125,0.00637590186053731,0.132041273427568,1.16640966343437e-15,7.1133460507721e-16,0.0229362295530907,-1.68918350536261e-15,-0.0076646692830304
-48.4681771399254,-0.177041951838212,-31.9844525901334,22212.817375672,-0.00224861639129027,0.0403312366336779,-29.070071686643,-0.400730426914859,-0.000580165833926552,0.232080280739918,3.79840215551789e-15,-1.4237035966082e-15,0.000344936314432579,-3.6359230975182e-16,0.0102536764559466
-48.2654662323971,-17.0876538794388,33.6025345288577,12555.0403210538,-0.00117274155893747,0.00703210742181315,-16.408301156269,0.475911348937773,0.00990704627242122,0.142406546550927,-3.20818084004912e-15,3.98785979011154e-15,0.0269004257546407,2.53444506082565e-15,0.0127038982197353
-48.7076600724236,9.62649823840944,-2.53688649068466,24567.3143093597,-0.000224939520581161,-0.124482203023928,20.115889404918,1.21329123395766,0.00187802649765649,0.040579552610218,4.88065207291156e-16,1.67900274447437e-16,0.0213808888795042,-2.67856673399178e-15,0.00172558654342613
-43.9366210670081,-3.07189675716589,95.6067224536763,5998.58583739093,0.00676726962709998,-0.131817235930757,-10.62103713593,-0.0565969532706686,0.0157401547233009,0.15529739371536,-7.11648324392046e-16,-5.68708411315752e-16,-0.0116997854673826,-2.88257732008025e-15,-0.0251998526343034
-53.5705296460745,8.36557210556851,41.5698946471649,27134.6054878464,0.00264481224787704,-0.0228919807747861,2.06132221922031,-0.144364886511429,0.0366651820931649,0.0623755667950762,-5.0961349600325e-16,9.42855421002536e-16,0.0128266324081717,-1.55670543096885e-15,-0.0117478227372772
-30.005830865526,-6.58492107402592,3.58649230636501,7675.14714963342,-0.00103887961730324,0.0200062371387809,10.3418468347823,0.149133085878538,-0.00772908964258329,0.0326243111999643,3.57888142929882e-15,3516.51637039901,0.0030201033901156,-6.30845561334012e-16,-0.00378249130527571
-41.8808710710114,2.99015492923376,1.35411254720282,18177.9658927209,0.00113237555510903,0.0192719091808929,-12.4014478103116,-0.55153320536035,0.00526135552599659,0.0947049858752863,4.47186027356863e-15,-7.32378840075939e-16,-0.000267993778431872,2.37352631421413e-16,0.0032821886736688
-47.9669578481507,12.3159305422442,-11.0588616073906,20818.1687126429,-0.00146151309844902,-0.0851941956356858,6.96068022270151,1.64838420901896,-0.0140079383481485,-0.00321231246689555,-3.04768012177868e-15,3.03345801057362e-15,0.00222731565106363,-3498.08549361176,0.00235277002664825
-61.1611910679512,3.25523904606021,29.6858572233463,40917.0445360823,0.00247381215641047,-0.0531839836222891,-4.0513233633632,0.490430433361381,0.00883250227677215,0.0635299492559306,-1.4294195871146e-15,-3.01236507519456e-15,-0.00689144679063336,-1.81937554792402e-15,-0.0165375733332806
-30.456562090853,-9.25870672979927,37.6138101835672,-5.58566801441172e-15,-5.63245014881218e-05,-0.00640152865184798,5.32590711921558,0.164987119333424,0.0120589237518874,-0.0378465149173197,4.32159901369329e-15,5.40207665907725e-16,0.00390425759048329,-1.80838309137145e-15,-0.00509307448335978
-27.3798663731116,3.76214786707514,21.6518675874761,2.2181422638841e-15,0.000476232625691294,0.0326998525531615,31.9503233978227,0.0317701630390019,-0.000686790374200175,-0.0574035065425301,-2889.55427159179,6.21671408146332e-15,0.0107473138365008,-1.7954509732385e-15,0.00156117077037694
-18.2257478883118,3.646386571384,27.261523514061,4.2332814399989e-15,0.0013704689810846,-0.00542712369174094,-4.46422300238898,-0.252428998712011,0.0145816654471126,-0.00724232122037459,-3.52562052944201e-15,6920.88224267903,-0.00329484807090489,-2.15926086080103e-15,0.000718002493406087
-22.2855727365918,1.45256235459823,-20.1749514119166,1.5568502897331e-15,0.00206097096452445,0.020028938660239,25.2464470981476,0.58606509521682,0.00708330417695755,0.0894037595626762,3.88677348011392e-15,-6.27672676246356e-16,0.0115412852904247,-6.88847307426404e-16,0.002122394869181
-24.7607034670995,9.04323745084332,36.0115020196059,-1.35446156112472e-15,-0.000559886909059395,-0.0211433003509393,-3.41848972294206,-0.863260997039228,-0.0129063441281973,0.0803053398939108,-2.7300153153362e-15,3.77461903439227e-15,0.00373913178955345,-1.42865733079711e-15,0.00117938481267406
-23.5901888996387,-12.8397628322977,50.9395699325817,-3.83464569572055e-15,-0.000152910456290477,0.0409574284864184,38.4098632738114,-0.203874236610364,0.00135059236906836,0.115078652298096,1.26878852000942e-15,-3.2375568620049e-15,-0.00994272303131946,7.43627219268263e-16,0.00038149517204453
-26.8135678695198,2.50589915308718,-15.4991830702638,7.65100119501458e-15,0.00222335280175169,-0.180324989347004,-6.22187824858624,0.266006538977817,-0.00739314166089046,0.0322027837742488,-3.91219508281564e-15,4.99193696109801e-15,0.000802367414616414,1.66466990874787e-15,0.000188225930797953
-23.454264952493,-12.2406841357557,102.902096199232,1.00779049857807e-14,0.00118614851317551,-0.024094269738723,-0.849297373084938,0.372309894276505,0.0100408746362498,-0.00135734676538689,-3.16212725976698e-15,1.80953106044519e-15,-0.00944603732773954,8.1427336673069e-16,0.00116472274906784
-17.4232085289287,-14.2234300664134,33.3459222563943,2.04052992451111e-15,0.000700594014148098,-0.012030174326488,21.1710515954082,0.404850338029633,-0.0049965617674922,0.0107388907844561,-1.50656187982316e-15,2.51895583599171e-15,0.00673380749083349,1.13934085255212e-15,-0.00667812641647977
-31.3257048613735,9.51741245526679,110.963265934574,-1.59970700294293e-15,0.000881959545532926,-0.0881792011755762,26.3168740745564,0.740650015340773,-0.0118730480064318,0.120194544867506,-1.57028699172313e-16,-2.41187679325157e-15,0.00345797308795045,-2.92560380127602e-16,-0.00950161799661794
-28.5026845378535,-8.70030225758664,20.7530266481608,2.20737861058831e-15,8.92687728611875e-05,0.0150697267760027,80.77394126946,0.551282990955002,-0.0117417751058951,-0.0170327237802817,9.20008295593169e-16,4.34920938250408e-15,0.0217296224113541,-3.53592765525479e-17,-0.0126170172867119
-31.0863195722384,-18.5597031269208,92.5010762478928,1.50234720293494e-16,0.00132657878138618,0.0265730096938714,17.6710332774378,0.502748666209356,0.00872385744689796,0.124785685973361,-3.46600265337296e-15,-2.48869419650991e-15,-0.00498068445936517,-2.8018892214973e-16,-0.0267755146605019
-20.2992206485326,6.88782345711436,138.962212961743,-4.33387607836189e-15,0.000916758386515365,-0.00787594363223246,8.21158829162568,0.89538025709989,-0.00812767413382773,0.0274702076866599,-4.78205290503916e-15,-6.93476421263807e-16,-0.00450420309431097,-5.43214187680656e-15,0.00453404262341686
-16.843878359517,-18.6972974494438,40.5097775250419,5.13050973322469e-15,-0.000132768279660188,0.035736157948329,-8.20003880102117,-0.082849491169634,-0.000297929831156146,0.0185465513273375,4.89551365506308e-16,-1.45523673194361e-15,-0.00238719639606569,8.19442977615127e-16,0.00396358370763867
-25.9097511475456,6.47326662073532,-11.8152652850999,-4.57226361867637e-15,0.000179714503036458,-0.0180018282965456,-11.4703589517697,1.44856222613297,-0.00336648100221002,0.0811981708378507,-1.576827292617e-15,4.67568099806739e-15,0.00409943964469626,3150.34992963556,0.00269051545444828
-28.3174885293796,-18.8042959036232,-4.48173783892835,3104.21416838942,0.000857988653959921,0.0441725626076621,3.24479366520781,-0.504886225151536,0.0323935525928177,0.00638381257025078,-2961.28447331307,-4.33389064545133e-15,0.0109126477280957,-1.22727580650124e-15,0.00483293826662706
-40.2043089661889,2.72644197145269,-15.7562625755819,4.29109522204078e-15,-0.00122984907456362,0.0149229645394089,13.7647782229848,0.466261434780607,0.00409608251183254,0.0900967586519383,-1.79415590421102e-15,-1.06249524505032e-16,0.0573353860837903,3.24069785181272e-15,0.00488268750747266
-53.2675518328228,-1.62477794888005,15.1498897624921,1.11839522399994e-14,-0.00123300227524185,0.0797081762490925,16.6407078455156,0.467095186096058,0.0239746154826275,-0.0299736736574883,-7548.04081973601,-2.96251001373064e-15,0.301128151302927,-7331.69417595737,0.0295635797662918
-43.4401088314324,-14.6537699340371,-11.628235284084,-7.29015990840553e-15,-0.0021578999169459,-0.0544693796779843,6.47908072670984,1.54139157404311,0.0181146881074883,0.0290833894923207,3.01762855133153e-15,5.07929617953369e-16,0.153276611149659,-3372.1525876408,0.0128972434325757
-34.4303633193637,6.22436203380537,-3.18846506915437,3.17687224971629e-15,0.000937671259486143,-0.0138802314914241,33.5943915001128,0.0752046159567482,0.00228619093574523,0.00624545419447929,-4.26827755459743e-15,-2.13174403669027e-15,0.0765796425354723,-1.10387130118457e-15,0.00191149524056622
-31.1664800935709,-0.425638842570683,33.9706139616614,3.30069247507969e-15,0.00012834456433529,-0.0728814524719195,-4.8390067116105,0.38371443227744,0.0164958094886649,0.000895982405760215,1.68358742579428e-15,4.26861595982168e-15,0.120595598015838,-2542.05093358378,-0.00571511775836092
-28.1205915481975,-4.16849085365707,7.89855384241222,-3.58321825675395e-15,0.000526560382518424,-0.0734594440765363,41.4661814516174,0.858329724502718,0.00505227192473728,0.0105822368298714,1.87532814386766e-15,-6.43590142565445e-16,0.0846208262880776,3.35150462531156e-15,-0.000410922061207346
-24.8470471788864,-2.58921016633963,26.7790537808594,8.54113334040166e-15,-0.000808656206255537,0.00289504021206265,-0.937896562696435,-0.239071099821732,0.00355631825505403,0.0198237026161366,-2.76069362992198e-15,3.44724609291498e-17,0.0133745186225705,7.33716349500731e-16,-0.00179782016388897
-22.8697994921233,4.72808772905969,-16.3336040105472,-4.11415106957672e-15,0.00632983972097238,-0.163385291270785,26.4589713032849,0.486068677082358,0.0113805174754831,0.0127521568555438,1.02589894923205e-15,2.01499860501163e-15,-0.00113745015510831,1.15280893468114e-15,-0.00500708109955536
-51.3649435703244,-231.937443749685,3.46015780929461,-1.21088697334187e-14,0.00251659317217187,-0.185675762597452,6.4425948686535,-0.600400480815226,-0.00123040819558764,-0.0727822469228657,2.01680593456145e-15,3.66471075471117e-15,0.000119778095218087,3.64875112399195e-15,-0.0131690753802332
-37.8269087476866,-103.977413693669,-14.4373506213777,3.5930466246827e-15,-0.000900116907497941,0.0621873525769806,-14.9928615127801,-0.0388612857094919,0.0191567003163072,0.0055227681977244,4167.84375783606,-2.33019635807627e-15,0.039966269544924,-2.93351730664485e-15,0.00918004010744886
-49.2321216659951,-266.620414479304,16.5780335546328,-5.99013112836108e-15,0.0023765649328061,0.0771642909842644,-9.51357007264019,-0.166601240797035,0.00235004390296416,-0.0348924063985775,3.07347851047212e-15,-2.43836643588449e-15,-0.000699472280331664,8.49571348043344e-16,-0.00196190768983773
-40.5267819850323,-160.194559942018,10.2796732985606,-1.9809216682007e-15,-0.00217825623860525,-0.0477180690648911,3.14072501966092,0.751803286754162,-0.0151490311863438,0.0212663438104532,-8.87456826922651e-16,2.84833719420242e-15,-0.00675451927699821,-2.47016093425096e-15,-0.00271600533554901
-37.6150212640411,-89.4266611809164,16.9412451003219,3.47738374920077e-15,0.000909705431999042,0.0501318433793859,-16.3536575220091,0.750668634285944,0.0112794714341112,-0.0435320970771732,-2.85403675004006e-15,-1.40274429834524e-15,-0.00341508721908684,-1.24936951178103e-15,0.00753840744084104
-36.6477770927982,-78.8870012784592,-23.9704874309501,-2.06330112425019e-15,-0.00113884680167014,-0.0799995598163128,12.9925172544699,0.0557752272925036,0.00688742030434508,-0.0110764700440327,5.03693149062419e-15,8.4413457838935e-18,-0.0106965426200791,1.07122749473351e-15,-0.007999711531592
-49.9873920834156,-167.888270439251,-15.5983222522261,5.44831938764985e-16,-0.000425621649855255,0.0539425453759777,-23.0058088784458,-0.1866691645662,-0.0165074624397549,0.0148999670532304,-4.16271347020922e-15,3.75710700609314e-15,-0.00596638736661037,1.0811794370807e-15,-0.000219758364037905
-48.6997080782471,-131.178649818461,1.89252094613839,7.9838870802795e-15,0.00416642806060178,-0.165418435749382,8.46092545370811,-0.0985486879912532,0.0211071810975324,-0.0595927544019588,2.05581091565741e-16,2.58753402027075e-15,0.00606290766378523,3211.81912959247,-0.0168645652816799
-51.002524499637,-173.054584379984,2.05725887959828,5.73550176719901e-15,0.0062237324695026,-0.198243992490981,-0.0280334409969223,0.339372356343808,0.00181054159932034,0.100978658794399,-4.85877367238576e-15,1.38683905790707e-15,0.00836046029236165,2.07612220155523e-15,-0.0179358607921121
-39.6795370231252,-124.091414241396,-13.7096384997322,-4.88922490127359e-15,-0.0019914634584228,-0.0442621909719406,20.1111496191171,0.0718343246304688,-0.0107840463880381,0.0974296522206176,2.68572070988899e-15,-2.75229185861249e-15,0.00924878564118763,-2.92264761654435e-15,0.00746229585566671
-35.4054161925494,-131.042270840881,-6.8115989230344,7.10449334557309e-15,0.000608327319689091,-0.0139684407221531,-6.7681533054369,-0.0244443243196344,-0.0074935831955997,0.022438356628286,1.06026723135015e-15,3.79723843268215e-15,-0.00306621149404699,1.94755675290019e-15,-0.00638734267947407
-50.1637581834426,-140.294828884676,28.5923822477224,3066.21487147249,-0.00314876948749778,-0.107732133659501,-9.90289053254916,-0.48432813797246,0.00907705660056138,0.0336308097771332,-1.77632318397789e-15,-2.62111350045907e-15,-0.00246277535293286,-1.11986652211727e-15,-0.000676994045320623
-38.4871920067339,-38.3799801440217,2.12188108080837,9.53928784492502e-15,0.000176639237078393,-0.00160135418071863,-9.88868580517063,1.39896810299992,0.00948282687772362,-0.0359212379758023,1.12075700680092e-15,-1.98828860568428e-15,0.0339674674005472,-1.36207650734362e-16,0.00294934651557897
-36.1798319088086,-126.815704984129,8.5079413711454,-1.49867938216712e-15,0.00188862798084601,-0.017589382987208,2.60622564950423,0.526383176414017,0.00146590381585763,0.0223793872322284,-1.5846432139049e-15,1.24766515546617e-15,-0.0135637266137948,1.65893643243022e-17,0.00210210670034712
-52.0621942362805,-252.173441354713,-8.39129695088269,2.89925481970022e-16,0.0014387763348004,-0.0272077761384235,24.7503436810052,0.449412181564151,-0.0267751494477532,-0.0615576159194007,-1.70054715661603e-15,-4.78125623801899e-15,0.00142396812043388,-1.70600437876286e-16,0.00838090412361058
-51.5357813145428,-256.279678981518,16.6571736179714,-5.26628658998323e-16,-0.00151562611974461,0.0215287779588586,1.72467527891887,0.0980996486242161,-0.0174191190933671,-0.133237708110016,1.44461374478483e-15,1.54889157350606e-15,0.0204313264089537,-3812.97909774932,0.00133228409674559
-41.259822268135,-128.740168859673,-21.3598841516778,2.35404620002558e-15,-0.00171243139477792,0.159711165769795,23.9366065936245,-0.125172706403644,-0.000404092655187128,0.111254365387722,-4.06762505520888e-15,1.20018674231915e-15,0.0171343957357625,2.10911663040891e-16,-0.00867945386579267
-51.7904310102682,-215.642972790013,-42.5866048734255,-2.08953301347625e-15,0.00189830331023032,-0.0390229409808893,5.96320436203592,0.272130676605067,0.00749105685238199,-0.0938463687802036,4538.34823209877,5300.57584966059,-0.00719008003648803,-2.1946543591371e-15,0.00357772511616734
-30.2723708521555,-114.389445671869,-13.1155195941007,-1.38658647340394e-15,-0.00127414441968042,-0.0739481109884549,1.28618668657319,0.118478208126727,-0.0218729361755402,-0.0569415658924651,-3.76549216733612e-15,3.09112058961855e-15,0.00154763642277377,1.31255844960544e-15,-0.00134426024097698
-52.1974893837318,-318.945569150598,-16.0337726555943,4.24035109411113e-15,0.00110542610135057,-0.0751046873540121,-5.8229735922537,0.271497163603427,-0.022154124088906,-0.0413704954026721,1.37944125019221e-15,-5.07406599603085e-15,-0.00190090278548185,-3824.28695701746,-0.00124797080889574
-24.4286203878201,3.7723190111172,83.400898285343,4.12109351584257e-16,-0.00239995136507878,-0.152459572114614,-4.6381305550333,0.0343846960728037,-0.00418061395162974,-0.00579553136758911,2.91890407784114e-15,-1.0180949755736e-15,-0.00855892871363645,2869.19535438514,-0.00625507818892746
-25.0747068494867,-3.48056321457995,16.7356269111095,-4.16099131550663e-15,0.00272816323205849,-0.109100816032767,-7.886710866631,1.0015149867868,0.00116019152005623,0.104119900332935,5.14092512083152e-15,3.71372491499136e-15,0.00894160938340381,4144.85416463296,-0.0079713774489757
-27.9358487024432,1.92223604581784,0.261476464309384,8.45963028854754e-16,-0.000306328990283352,0.0257759788893145,18.7095210179626,1.0311173971127,0.0232126324605486,0.145172928136884,-2.20610349045158e-15,2.7702552743505e-16,0.00176735809524686,4050.13082365242,-0.00732106050684048
-22.9510795918121,3.3280164114103,26.9758334036575,5.00690646220012e-15,-0.000845127906029631,-0.148168977942387,-3.59802668612255,-0.358700660148931,-0.00460405854911369,0.0667317618733179,-3.25165629474143e-16,2.79053188086855e-15,0.00701250971708776,-1.24095057786619e-15,-0.000259614733107127
-32.5511646786717,-28.6411988303009,-19.9628947299261,-2.60040108849281e-15,0.000694753272447436,-0.00181778301234327,25.3422641102474,0.650301520326216,0.00196373097856842,0.189687921365444,1.69381183946824e-15,9.17790271932361e-16,0.0226116145616544,5.64044979825415e-15,0.0052613041030319
-33.3066067125689,10.46664600246,132.796090127264,-1970.54661736275,0.00529845873469071,-0.0116095785679739,3.12033844614973,0.125925272494298,-0.00268474494381151,0.159468413810115,-1.50369423141507e-16,5.45363313162975e-16,0.0240938203021986,1.6904192726452e-15,-0.0109801508687356
-23.96813433416,-2.63483638296131,-16.5243495453626,-1.50968681886039e-15,0.0036170447421983,-0.120875108036619,7.66908035461782,1.30745772408602,-0.00654942661690912,0.0619576315376157,-1.80754312217299e-15,1.91477294099647e-15,0.0212096698352635,-2.84937220637611e-17,-0.00556463302175075
-35.123870437644,-4.7044696966571,-28.4425409075785,-2.14693364708981e-15,0.00242591880168999,-0.0445195560612502,-23.0311077479503,0.634036948788509,-0.00899630042544089,0.141566973048206,3.20462490536631e-15,-1.14979209495976e-15,-0.00266971629323794,2.11396961111447e-15,-0.0102650604914269
-41.8700885623836,10.6775763036457,-13.9545828492382,-8.68698264122817e-15,-0.000767870295399515,-0.0771554895170889,8.39858250585084,-0.317473030396202,0.00279335306922764,0.144705675336525,-7.05171258025939e-16,2.6121484213573e-15,0.0108925326145154,6.11629929632494e-16,0.00990845699016986
-28.754546331487,-20.7734656576409,34.9569970524344,-6.04833437768469e-15,-0.00153397032105168,-0.099266218589614,-1.76335286219099,-0.0594869236298409,0.023229049664486,-0.0246897101641334,3811.56084647424,2.01728725685042e-15,-0.00311126808641594,-2.06338883712327e-15,-0.00778346707355903
-38.4013330509142,7.96164103814878,-20.8764979506376,-1.21634578953282e-14,0.00126325543771335,-0.0343152241349923,39.6545794985819,1.04115590709395,0.0116942584094693,0.115532264040112,-1.03771739158987e-15,-1.23704641461239e-15,0.0186359601914403,8.852234932858e-16,0.00687981961492894
-19.5218828260561,-12.4906194827157,-0.568372930719581,6.45060308115296e-15,0.000210157114161361,-0.115564736086034,14.8969982318335,-0.039798827713088,-0.00237304621187875,0.0649272011893689,-4.91870838682065e-16,3.02029527580272e-15,0.000233565357328169,2.21237100597555e-16,-0.00197755897774362
-23.8330383349297,-1.15664573438149,4.48065244238543,1.24842473559419e-14,0.00435388485793207,-0.0564816618466514,5.42487360818309,0.0674722706742727,0.0140417805626691,0.141957906600786,-1.30787840432526e-16,-1.56788986333187e-15,0.0186276983982298,-2669.72924817004,-0.00913691755081996
-30.6131856922548,-3.12300662814699,-3.88649945993933,-6.48575948322549e-15,0.00307430643653718,-0.0254823510672165,13.599824968292,0.234010519521206,0.00577215496011646,0.0940054333701684,-1.15912097582004e-17,2.89777533293288e-15,-0.012588054785523,2.13768909173233e-15,-0.000161934156536029
-30.6238652852252,-3.02663771202767,-14.3712622762083,-1.39164126405108e-15,-0.00160188851925858,-0.0444323770347578,27.6776145676456,-0.102789683617515,0.0223332904850216,0.134525419792951,-2.69983771526369e-15,5.84250835086528e-15,-0.00834479670350031,2903.154122387,0.0123882458103461
-44.8816873230319,-2.09397801022569,9.95453949546721,-3.7261446672541e-15,0.000991646870302671,0.0672194353734296,18.7964527586512,-0.519912435170195,-0.0110227343245993,0.176960045909813,1.61280851272927e-15,5.38102346700056e-15,0.0263824165189436,-2734.82303958364,0.00871198358505956
-24.2750934697779,7.66665882646747,13.7490862148297,-4.90787049612281e-15,0.00200878768845681,-0.0532959925364469,40.858045324966,-0.1670244855889,0.011512487442175,0.0610659987569023,-6.3104643150512e-15,6.46156853408677e-17,0.00388461282330928,-1.71513906057473e-15,-0.011281693898407
-25.6450195034707,1.11732653396889,-14.053574354134,2727.98349972314,0.000782509253612485,0.0362601632422217,15.3275576518846,-0.123815393959049,0.00609048415479924,-0.0207264213822301,3899.564214983,1.40763131216378e-15,-0.000175115489945586,2.6898174790381e-15,0.00143535084248486
-66.689726278069,-0.890556308128867,746.882425036185,-7099.5525585801,-0.00253850533041262,-0.0509197579963337,-31.0527357257471,-0.665522667466362,-0.0537136512549847,-0.042192795884113,3013.8941049894,-4.25579260405299e-15,-0.0217114829669117,3.11689983834983e-15,0.00164501931543728
-46.4657983489222,14.0234240864467,493.638465325765,-3778.83712154724,-0.000204149455247886,0.141604581745441,-12.444299609094,0.408359757428138,-0.0348250992116795,0.00114504177005547,-1.25373460245367e-15,2.32613315979141e-15,0.0179103533752946,4517.09326431477,-0.0018581777824988
-35.739743274681,-0.847050863439011,191.256551182138,4.38898863419834e-15,0.000340354715880718,-0.0324333536237154,16.4649089750365,-0.304499334937614,-0.0081076331791153,-0.0424588827586667,-2.99774559502046e-16,-3.27429068667926e-15,0.00083375520982801,-1.9609877042705e-15,0.0014299889279317
-82.5275105928969,-2.009202157188,1120.27880311596,-10851.6016371242,-0.00277265802432796,0.211051153169437,-11.1281916293182,-1.14334229729938,-0.0831251859164338,-0.122337391225161,1.8662608395505e-15,-3487.12060684601,-0.00436077782922055,4368.72599816467,0.0135318705661003
-50.1741999481041,-25.0861664781555,499.455423876859,-5504.35895557334,0.0018962627933729,-0.0829921602905683,-2.93716333522342,-0.72851939124159,-0.042456842952946,-0.061112931573723,1.13386044302826e-15,4.44659886318448e-15,-0.00621419172998238,9.75268880934724e-16,-0.00196034617444491
-46.0910388206822,2.65815307449747,389.948734873842,-4945.20748376379,-5.84354452991887e-05,0.0245736496420473,32.2337327127697,-0.233565064674474,-0.0115159275478418,-0.12588565558391,-6.43534053683886e-16,-4.26043572857889e-15,-0.0114352300904534,-2.18828459992967e-16,0.00336497584931301
-66.5689451199172,16.4252951349535,874.191627172942,-9209.24840388007,-0.00148556094272766,0.165560973802323,-21.2743125437847,-0.195568807152631,-0.0526397034495845,0.0193773713191969,3.41113251398077e-15,-1.78861535456477e-15,-0.0227523452265348,-2.98093278810389e-15,-0.00604060392285111
-54.2184037296303,-10.4574425951718,511.967331013782,-5197.59950257893,-0.00249479588844567,-0.0586714019702331,-16.9909231293742,-0.621000618110167,-0.0145282678228469,0.194651099827186,-5.66479654054583e-15,2.47849013369334e-17,-0.00088288196538925,-2.9052119709331e-15,-0.0158247520623123
-52.6793842879057,6.58196199134473,428.600784629945,-2888.5493693537,-0.00208358918773424,-0.0528867427152532,12.169551607122,-0.308851254608753,-0.0229916471600106,-0.0415957264983979,-3851.11433667014,1.17837477886861e-15,0.0291335606226774,-3.6557034883432e-16,0.00503697395858334
-26.6610022012151,1.23023523974577,12.2175882134404,-6.04078897180025e-16,0.00380024632375331,-0.0510918608966437,4.7696142022373,0.490425095866898,-0.00741168165799941,0.215537849925418,5.74626643720119e-17,-1.36877554027426e-15,-0.00259235216687929,-2.40184962818257e-15,-0.00700242399231325
-32.5894313582837,3.48771231857588,168.246638336022,4.87940089972383e-15,-0.00120745257556515,0.0170520180659747,-10.2166613719897,0.171957995437588,-0.00174203582794645,-0.038703537195694,-6.05356927095175e-15,-2.50771755185657e-15,0.000783999644632893,-1.31796263815711e-15,0.00941859047438835
-27.8424933908896,-12.9210524181449,15.2151679673618,-3.13870483754733e-16,-0.00154958805820349,-0.0210863942668791,-14.911379683358,-0.304085411798575,0.00710016363117876,0.101964082179926,-1.7012889933461e-15,-2.07774055451107e-15,-0.00573994327357695,-1.99531601331695e-15,0.00567069788534914
-31.75779126849,3.71209054904167,36.4782376646075,2.15788255360855e-15,0.000369754103926941,-0.0628022719276507,-4.95805705948231,-0.0521289290605647,0.0247614643334457,0.0148208302171731,-3291.5870660017,3988.68675638445,0.013764023324243,-4.61200814028958e-16,-0.00569935831723688
-33.1166692029183,-5.22104450279895,0.132181788488814,3.68378940948905e-15,0.00316618696698086,-0.10528290670231,18.9915715427048,0.583357906318407,-0.00496268587546849,0.0929275795351364,-1.16053309811118e-15,-1.35258650946034e-16,0.0274072010220974,-6.68557322405014e-16,0.00427805517360042
-24.7961819550012,-12.5446746205315,5.57589604067311,-3.43382313075822e-15,0.000583019254489625,0.0155267408803445,6.87162522714943,0.243776372409121,-0.00463413106783253,0.0158395408506266,-3.78853527268541e-15,5.53448769996251e-16,0.0233041494857292,-2.65578215308394e-15,-0.00598614486712807
-22.4932152711242,-2.47829009431503,-17.9670286967674,-2.24485371767839e-15,0.00219220455859416,0.00515647748234009,15.3065748202997,0.026669156029367,0.0188812871139303,0.034836010901947,2.7336650001706e-15,4.89025365867745e-15,0.00957718413851994,5.34727989028506e-16,-0.00617343891000415
-24.2925554629063,-3.52400820054938,-2.78939692978532,4.3226963714666e-15,0.00121124607261561,-0.00910899132346469,5.75176105057722,0.844935228785169,0.00543721161906932,-0.0429169735317837,-1.25328450704061e-15,-3.73293212423201e-15,0.00269266211328008,8.73232968900035e-17,0.00125427462157233
-23.1096356548093,3.32075807021493,-2.24834399026374,3.55336576535452e-15,0.00046180376745089,-0.106263837531393,24.3980746215084,0.480253793932195,0.00407154663543705,0.0551843741305272,1.97749291584732e-15,5.19760761694326e-15,0.0072652287256698,-8.55484505715046e-16,-0.0102450819818036
-12.836594582181,-0.979095709716301,-3.56413725887807,3.3113604882593e-15,-1.95194096810567e-05,-0.0091859245157354,-0.669343528282,-0.224986972946115,0.0211260474360336,0.107886354338509,-3.93369560913788e-15,-1.38637267562436e-15,0.00514513304665041,-1.8036717039707e-15,-0.0113208461324836
-20.718697304939,0.578150268992471,14.7939872948427,-5.91468511620795e-16,0.000509739571853737,-0.0652793403358411,15.9209664577624,0.456232438915552,-0.00206771481464535,0.0527405370577927,-1.68936217253462e-15,9.60405423927254e-16,0.00778163262481008,-2699.01974477212,-0.00805843208545855
-26.9028432761528,9.3104010704175,17.2250196283381,-1.30466984699266e-16,0.00298732319042996,-0.0147311110441836,20.887769595409,0.647886726964437,-0.00368709842351361,0.034697623925472,-1.82936534833222e-15,6.64167321964344e-16,-0.0102468963797309,1.19294703684959e-15,0.00150109584837058
-28.4472318695405,-1.99919238626135,28.1686005658782,1.65651083676445e-16,0.00258467800472673,-0.0882626220412887,-12.0871764071714,0.278360971328419,0.0174655560274765,0.138361222859885,-3819.355023852,-2.10032094462257e-15,-0.0071557979483677,-4.39553394228419e-15,-0.00208059001853967
-19.3368814059127,1.96596100538123,15.8098625025425,4.97222889889424e-15,0.00289226614920108,0.00360943450016092,-8.83221012869767,-0.163322514280952,0.0161609466182967,0.00232190176729549,-1.85235025485263e-15,1.88865647699208e-15,0.0396119473542932,-1.27224020147859e-15,0.00656836049812814
-24.8129313628199,3.96982384171832,-17.4843222190341,1.72813201896069e-16,0.000956361710359342,-0.052169535123041,2.92213041815317,-0.289626244735182,0.0382101630189078,-0.0210139021751056,-4801.41810532763,-6.33054051552482e-16,0.0161002513048657,-1.57938890391087e-15,0.00340408771880039
-32.5255043410655,1.77230040241286,8.52519657393738,-7.97567098452724e-15,0.000284081824794899,-0.04249224584042,46.0433507927806,-0.233490870886533,0.00386771917551519,0.124272531752585,1.29627926211221e-15,1.14059874088402e-15,0.00457851243075248,-2859.54179223316,-0.00971423902475346
-31.8564799326178,-17.78317318415,35.4309572431181,-1.52462136189603e-15,0.00368206803916648,-0.0750334344176776,-20.2198825753085,0.913782571905201,0.0065243159821448,0.227909911940474,2.21083997472865e-15,3.98972063932335e-15,0.00665314360198466,4.44700462861848e-15,-0.0164968388115844
-27.6955022549232,-5.92816733496614,-7.37058609895235,2.64889203090162e-15,-0.000178217103149751,0.0450168161014198,-1.09235342803564,0.51484516278059,-0.00114096447943974,0.0649672071609318,-2.17829350117228e-16,6.66548448319546e-15,-0.00598829853439197,4.34501521968071e-15,-0.0132338307246716
-30.5740974598092,-5.90214994021386,-3.65238836571197,2.34284999714062e-15,0.00308962119321029,-0.114676667957058,34.1421575024551,0.962121063676291,-0.0176780403182773,0.191322846779793,-2.44294415945907e-15,-3.26745307240362e-15,0.000800930500487863,2.28437055396853e-15,0.00658051131580951
-26.8486772583654,2.84411603692451,-2.66289457646302,-2.39360426132328e-15,0.00550550918876791,-0.158073653021192,1.25162853801841,0.204945789136593,-0.00368152786374489,0.0871081689229961,2.08526999847178e-15,-2.12906433847148e-16,0.00935422306390489,-1.48764912540257e-15,-0.0112012300750387
-30.4414247381846,-4.54234408313378,28.1201732507073,5086.21649324545,0.00384417817828827,-0.115519813362075,5.33655553562436,0.678549841598192,0.017413076234753,0.00356700714176279,-3304.43013913866,1.49636892120773e-15,0.0133002340105666,2.75789778914812e-16,-0.000164400943782774
-26.4246898038599,-0.248683738551977,-25.6007780532571,6.03824729749839e-15,0.000975834363012114,-0.0247986351921073,15.7062365294994,0.684850036257509,-0.00569415145423053,-0.0397470618342731,5.43873192080602e-15,1.4561543857801e-15,0.00237113324465834,-3.30927666214236e-15,-0.000943750704055232
-30.8636082964508,-12.8747909457258,-9.49644062120848,1.11771342902616e-14,0.000295627370376357,0.0542313388432585,-5.45536242243801,0.19143255438315,-0.00221322891995752,0.0217133396915083,-1.59458711022795e-15,-2.0210752454423e-15,0.0156974657774414,-1.53571386709986e-15,-0.00301785375943965
-10.417234115063,4.07640899392005,9.9597813623767,2.29216522999163e-16,0.000811901501983806,-0.0317559465253898,11.6599598887334,0.197803720873605,-0.00158908597810255,0.102371863368503,7.30570629868929e-16,-6.16665822299014e-16,0.00492496807706788,1.46681894066999e-15,0.00330400977198229
-34.8217928411262,-5.77691563175942,-12.4909306618912,3.46098006625741e-15,0.00245677315022137,-0.0334703625778233,32.8758797391898,1.72641096483241,0.00612728106857927,0.0495903558305809,-5.16559194019142e-15,4.21666786669074e-16,0.0170774344572418,4.50685390770302e-15,0.000600726882448866
-32.6410508381385,-11.802142295016,19.5875219950169,9.35535708089059e-15,0.000217230276374753,0.0111937286709778,12.5160870893234,0.178203287464576,-0.00391127389747183,0.0876282347888458,4.0713585755643e-15,-3.38705289755981e-15,-0.00349278302164052,-4.225880545963e-15,-0.00105465390860841
-26.9563045283517,4.59420076087137,12.2382406282381,5.74919554908037e-15,0.0026856367363305,-0.083002748427115,1.72320183938505,-0.37204778188967,0.0015125359483044,0.0372559458882341,-2.52759683762653e-15,2.19329199334661e-15,-0.00668946641592253,2.36701851360287e-16,0.00586724844596013
-23.7888535043232,-7.38422547705448,-10.0134134565428,1.82287308125644e-15,-0.00165277270698897,-0.0247104549194539,9.98898842406697,0.0716576453406399,0.0202616428336728,0.0647703500926033,-2.838805163073e-15,-5.91723497909692e-16,-0.00535587637495154,2.46583736095849e-15,-0.00488940721210641
-30.8071862815287,-12.8667240058749,-3.44906757751184,-6.63157549314741e-15,-0.000262457753662627,-0.161317177140845,13.2314733049324,0.377697964290115,0.00620970214038781,0.0721749261396024,2.81556921073877e-15,-2.55405350590223e-15,-0.00222696182632588,1.01152865409064e-15,-0.0131104281891466
-56.076006650378,3.62309404533342,2.66954374572427,1.47113946007012e-15,0.000791509727494236,0.00276324686394248,-16.9933109278909,-0.0984060330718035,-0.00076428186747764,-0.0969008463973384,-2.27141232447668e-15,36873.3616339124,0.015758904492883,4.54644444598416e-15,0.00113909553503444
-42.0432829168764,2.17721479169729,2.90589014855222,-1.67712325445727e-15,0.0029262207848658,-0.191858841023952,-0.652240756994429,0.245044911742267,-0.0128883999136856,0.210624091125626,-6.92374758260044e-16,3781.13555062995,0.00442857426960917,3.29294078557452e-15,-0.00329113810081175
-18.2006401292977,-15.0579903890648,50.1112291370864,2.82726657439742e-15,0.000542320526098539,-0.0134099335287929,5.54289483258859,0.0881166442051533,0.00477335031901763,0.00728026548372751,4.57877301514612e-15,2.28533918940726e-15,0.000917519778011045,-1.47601805467169e-15,0.000504837300476179
-48.8307324034592,-31.57505690045,7.67701544787245,9.40886392552908e-15,-0.000308146094405381,0.0846969808227627,9.5926612445646,1.00863690387174,-0.0158912289566367,0.0827965017205322,-2.28221818259037e-15,22434.8363065531,0.00174728649755373,1.67651952913267e-15,-0.00392745197680974
-36.7741588400726,7.31223001151499,6.85832551388934,-3.13443652735014e-15,0.00282514432172789,-0.131019934327939,-12.8597103027299,0.562534826485148,-0.00581284480148446,0.0233216273774165,4.66124564778371e-15,11777.2944271794,-0.0051233005701187,-2.52994813586402e-15,0.012248178037713
-36.7544010698871,-3.71044178718495,1.7410457876626,3.29822958558768e-15,0.000955063670243425,-0.0267544884766087,2.50555590064368,-0.267417133015916,-0.00305770896242547,0.0178117219059679,-2316.89057823193,27150.4526318932,0.0130894331739862,-3.17829331970066e-15,0.00294626574492136
-48.2914875296528,-4.15514493275158,10.4797059095134,-2.54644643469144e-15,-0.00203594621043589,-0.092259267590669,0.41871731953221,-0.237426766430689,0.0184989227107431,0.0339743983939772,-2815.60323070811,24471.9574624216,0.00311747553045809,-2.48359898551982e-15,-0.00502359125991204
-51.6279180584976,-8.03616203523081,11.2162208106418,-8.20381803337481e-16,-0.00168002903551707,-0.086490397789613,34.4853883807467,-0.107578497791209,0.018794040196585,-0.103162836702534,2.23190056753652e-15,29720.4948131375,0.0119086406279097,2.43671773006557e-15,-0.00380356678466476
-34.2393346290121,-8.232252416697,-15.9437769995954,-5.18570392326283e-15,-0.000401652878887121,-0.0354079234996464,2.51988500203817,-0.130721558835897,-0.00484578572499627,0.0295915851180717,-2.56375418729667e-15,28031.3463314835,0.00370141602702996,-1.33505826628736e-15,0.00472631690398986
-53.0762922306208,4.02661193011293,-9.86167204031559,3.96339543238928e-15,-0.00308717385469436,-0.166603616831663,-4.36092630810866,0.269522052283167,0.017836610592708,-0.0292611838921689,4.49208437301314e-15,28167.0599325272,0.00697883770700506,1.9635293208211e-16,0.0141401640725675
-64.4613499734589,-5.78312102828135,-18.4598309161297,6.61356773962442e-16,0.00255300283665775,0.0523003365008318,1.31114175238115,0.547236334207682,0.0593913913310222,-0.111136723801528,12752.0862192805,31718.6629692691,0.0229144299932661,-1.28421604960556e-15,-0.0024512111814062
-49.1789065585097,10.9887536109406,-5.19528831045537,-3.59119011122701e-15,-0.0031617270089776,-0.0484812943842455,-6.75193583616957,-0.795087414752356,0.0908825523250394,-0.100849141102004,11354.7997460678,-1.88761646148513e-15,-0.00746718693250735,2953.61388283858,0.00981037830345127
-45.4489717778982,-11.9728311492363,15.1039411366119,5.89149125708055e-15,-2.40098052920792e-05,0.0849772572841555,-3.11820725583746,-0.529289437177689,0.0763663434332515,-0.140041398406613,12650.593044332,5.18548701584649e-15,-0.00792490636640739,-6.25224721864923e-16,0.00134881609622566
-40.9066037779504,-3.32534589515734,-16.2593737129653,-1.54383480882366e-15,-0.000456967993969658,0.122417807822975,10.0048373919839,0.550446281736102,0.0516949634244242,-0.0332879229406936,11559.9524406769,4297.26805496774,0.010732430363469,-2.12689173902693e-15,0.00754297455216476
-33.3945200029699,-7.06294679031812,-15.5427370328421,2.33233546247347e-15,0.00430236963549739,-0.165537127445291,15.4042999801174,0.40022731170629,0.0216936213033045,-0.036786646117986,6878.65555327748,3733.4404975692,-0.00332533939290769,2.93378807685389e-15,0.00210977929552063
-31.5528864427228,-2.14538945534598,-4.57061302512866,2550.52693669782,0.00336012414273203,-0.0130967691348918,18.7752585684255,0.407918432172588,0.00482953510674984,0.0278545029394446,-7.74043816259004e-16,4694.52779043841,0.0144001310950451,2.05463114883151e-15,-0.000400101528790122
-33.1210643173839,7.33415568804639,-8.49230381439568,5.05521909892434e-15,0.000127556395582041,0.0147540180865579,-4.13105564975006,0.433083330567155,0.0416358768527917,-0.0624788414309495,7917.91642512354,-3.81380901514022e-16,0.0166701516416621,-9.3599790786596e-16,0.00357432821085558
-39.7216411605926,-6.71203858235901,93.8581005131315,2.45469253441338e-15,0.00363126897551725,-0.0399572478580858,12.4732872284448,-0.156110824933953,0.00460096871025446,-0.0120952598433309,-1.04499644114873e-15,1.51598751337555e-16,-0.00776747545553769,1.34113730103484e-15,-0.00335961980519875
-46.3701884399414,1.28503244252854,0.820304962694218,-2.91725110123328e-15,0.00210208919397399,0.0165738361188982,14.6243808904047,-0.806086345881833,0.0707700303008956,-0.0448640006529076,12245.2859446868,1.51247459489455e-15,0.0026151271134128,2.23314346854463e-15,0.00213385757359211
-59.6069023390255,5.09737348352308,2.91111740343889,-3.52779882457287e-15,0.00194308660128,-0.00362204715544982,12.3326377442716,0.0614580884287415,0.126550586401809,-0.0631908698007855,19205.8186080238,-2.57503500039194e-15,-0.0153111186126931,-2.41651819196775e-15,-0.00682157293286114
-34.7522763747728,-6.93327933157934,-19.6327678067369,1.09250600957139e-14,0.00140680374637061,-0.108122352539254,4.04049425012612,0.3618774175851,0.0485048502495932,0.00973800058482818,7899.56154481728,-7.46985419774164e-16,-0.00554734526217871,1.23090730711926e-15,0.0074026335099079
-68.6865994897142,-23.654116860996,-49.3628039009089,-7.35219309810948e-15,-0.00327878322218421,0.248861887602636,-30.3349673158461,-1.25524540080055,0.181520516850303,-0.184984759245716,24319.6200586771,-3.69955364547894e-15,-0.0164102730772857,2071.73673062354,0.0278241117189545
-52.9277763518165,-7.47060156130954,-26.1906664059712,-4.77620586800969e-17,-0.00210087659109968,0.0278163934745894,8.10208146916036,0.780822861546011,0.0774618670767209,-0.0718020761448996,16329.9653444827,1.77927481939257e-15,0.00545578701004101,-6.96826628172393e-16,0.0110232037033539
-42.2786234778892,1.75708370268243,-24.3646062684511,1.74784297242931e-15,-0.00245342730901481,0.0557261014807588,-15.3073254085261,-0.467314737645425,0.0911254494220612,0.080620545952306,15888.3146686667,3.34722381639643e-16,-0.00189688744488348,-1.90903547963974e-16,-0.014691954240225
-39.7872198574653,-12.153532399141,0.0120492605596124,-1.48097365127322e-15,-0.00136806716775701,0.127111495204695,0.204851349920954,0.2867957160735,0.0796864681042188,0.0874246698942878,9016.06952059209,-5.02866052515003e-16,0.000604483388644048,-1.21513873266863e-15,0.00579456714312394
-40.1453489425017,-4.13181209420646,-9.96170450944926,-4.38844571144595e-15,-0.00205729659727203,0.0648085735098841,-16.9997329391718,-0.729127531583922,0.0760848898246415,-0.00894745793613443,14256.2028166091,-8.30836102185998e-16,0.00158134732664531,7.25372498195646e-16,-0.00498307268368849
-81.9306746368911,8.39480981652757,6.36396325324289,-4.36215500589497e-15,-0.00122069911329995,0.119134955057247,8.57947963099835,-1.35573023273566,0.181337093359712,0.659654958846431,23556.6576949384,-4.16779702626526e-15,-0.00329704741558734,-8651.33895931378,-0.0902871675101927
-45.090532731147,6.92948316166775,87.4921209021668,-4.13812544865296e-15,-0.00262327377949912,-0.0251819786446845,-35.1965561338855,-0.360895290733031,0.0700498720294754,0.650498963976215,9873.84485472635,-1.35409073986824e-15,0.00390985827184145,-4727.78505605455,-0.0842219638340659
-41.0523117556498,11.1814703178485,9.67570532941573,2.74160020208444e-15,-0.00199618771455543,0.0966334450378258,-6.9309269694479,0.611639933104684,0.047310807833041,0.845771369993416,-2.1605444335711e-15,-3.43594093995467e-15,0.0392060198997964,-5998.07079679337,-0.101763404398469
-60.2688571848021,13.208200084911,-42.3118267577232,2.06898775436896e-16,0.00237446659653523,0.0787854490134114,18.9987011794206,0.488829710690011,0.0528880448810437,1.12467752524582,-3.47099240301625e-16,-4.51789670895308e-15,-0.000396028003284367,-11124.989752676,-0.13750147708853
-49.9012146942446,10.6566600782619,140.577137643402,-2450.18276962445,-0.00222504505522301,-0.0154447181761909,-6.88592005940711,0.190257811304948,0.0419454659273037,1.02529444548782,2.77314143061324e-15,2.87094124561713e-15,0.0309298749696646,-11297.6725228072,-0.157256867154943
-28.4882321953472,-0.163231490434963,58.4406276284647,1.5314036755226e-15,0.00372325836189458,-0.192812146923868,10.6950822471611,0.113142326804074,-0.0119163083348023,0.0233729602648711,5.95601877448312e-16,4331.08199043466,-0.00145574302849259,3.36909585934303e-15,-0.000656981665218824
-22.6524195294141,0.588879421056562,-11.1546780721534,2.37771769811496e-15,-0.00168548438600622,-0.0760801864850229,3.00635335452193,0.812025060783826,-0.00703447290307016,0.0713905435624342,1.91851216872091e-16,-1.29425184081112e-15,-0.00548263531841198,-4.83552017051144e-16,0.00555835806810224
-29.0878281053946,-1.14475137863444,34.4310915109492,-6.42142885758792e-15,0.000214986452089868,-0.0340147156627038,13.0715301976191,1.43287319996292,-0.00780133777036737,0.0490622277652571,-3.75566636076528e-15,2.17129289554746e-15,0.00164319798992148,-2733.89864690898,-0.00576903322047939
-22.0535194048918,-2.35480750354867,-8.31431360087438,2737.85255449922,0.00270619561204468,-0.138011008999844,12.8028203038939,-0.509977026841409,0.0102679155143445,0.0460354457024822,-1.94602221049567e-15,-6.64059223523278e-16,0.0208808808023881,-2.42055736323882e-15,-0.00208404243664639
-27.8881848268569,-15.561662388667,0.540847569861116,3.94527157871751e-15,-0.000681204111419599,-0.0166869247119966,13.98946384227,-0.313125314602297,0.00797528183981285,-0.031887652890424,4.07273583946259e-15,-2.40247832373365e-15,0.00969905503217258,1.03581826098975e-15,-0.0108687695087524
-27.5772293534333,0.434926943537829,62.8159454762994,-7.42114935500061e-15,0.00392572408732555,-0.0720663335254525,33.7529347535019,-0.236411297915506,-0.0182233965222394,-0.0240362252913334,1.4587500611747e-16,2.59991803080676e-15,0.00668174949132499,-3.48749002906569e-15,-0.00687403684050684
-37.7152574319073,0.145788928735018,20.516713879512,2.02316439831731e-16,0.00145126063298891,-0.218458958668175,23.7549037462447,0.0869393313809768,0.0360502715885796,0.0426623337302064,1.33062034543944e-15,-3.99607339294224e-15,-0.0101474004615377,1.95015401814928e-15,-0.00263556940784926
-29.3697514868426,-5.80268095298047,-32.4756606457604,-3.75514004807948e-15,0.00817511683137663,-0.165583935007217,-1.29932520173689,1.2544608486636,-0.00509742887978244,0.123821955185426,-4.34244810900662e-15,-3.48019205297368e-15,0.0106000667868898,-4.90068190576485e-17,0.00495736699692729
-26.9134332569971,-4.43713247804701,44.1258546249909,2.99911021793094e-15,0.0044486938079881,-0.1777540016135,15.4642966445521,-0.253371629262298,-0.0117263627824105,0.115417256286257,-1.99521047663133e-15,3.00708692435439e-15,-0.0140446041736218,5.39527395692164e-16,0.0218430429974148
-24.0834607979629,4.30900588073122,51.8888526562546,-3.08651372157193e-15,0.00246832643376676,-0.085569273477267,-0.996438131485011,0.385816735336572,-0.00807488616404693,0.0602602714850012,-1.54987604878266e-15,1.64752078174084e-15,0.0164335089723222,5.09512918018498e-15,-0.000695683228928432
-29.1805228154284,-15.0209198225251,-7.92483222121155,5.62024303953431e-15,0.012769435254599,-0.247186183854229,0.397077511458054,0.128711632015977,0.00494738597868289,0.126949676957305,1.32446635595394e-15,6.8970230130971e-16,-0.00294921064066535,3.28112734881551e-15,-0.00973256590952843
-34.6815304146376,-2.94994935927091,-13.876176869301,3.12077143366198e-15,0.0118000022673093,-0.218901850740945,6.6481150340648,-0.250388825949087,-0.00689686867689348,0.0626154375190168,-5.73681839912113e-15,1.77971894262309e-15,0.00967184595801548,1.83813592184696e-15,0.00325508704037352
-44.2738921217627,3.36321603377118,5.9306114356237,1.65129468637501e-15,0.0313321237603246,-0.630873472402608,13.6722384301645,0.117680689385344,-0.0256846826237096,-0.0553409940567448,2.18152686041769e-15,-2.1457362888499e-15,-0.0137668198091457,3.18630992857749e-15,0.00378949386623108
-37.5817859835494,0.280865392423968,-41.0431713468069,7.29615684914667e-17,0.0186062322475972,-0.424147022191337,75.0166050364911,-0.289496697583168,-0.0129535549477567,0.10514964086477,-1.25066389912598e-15,1.84345581500774e-15,-0.00728195509482286,-8.19948768626643e-16,0.0129852232024709
-36.9541838531672,7.05303131007352,14.5246087503463,-1.36486230439679e-15,0.0181984378416785,-0.40506563854924,-7.83775008993687,-0.132423054836143,-0.0264904328826662,0.0780650408870637,-2.6230930587567e-15,-2.26383361662068e-15,0.0146730682321089,-2.00120031666311e-15,0.00522562318613131
-55.2119273030171,4.82506568450276,-35.182919383241,1.75401785286489e-15,0.0486103253833994,-1.06295093566267,-5.18604466765735,-0.575795514606153,-0.00118355934422699,-0.0228580347262661,3.58254881720354e-15,-5.11560741293267e-15,-0.0192187807858308,-1.16044523523622e-16,0.00271066087535257
-44.751738193452,1.05546476921074,-3.23363434363374,2962.07549821751,0.0316215349252172,-0.911784986667365,0.55331866926638,0.242723380209956,-0.0229981534747482,0.0491395342121801,1.79562400601451e-15,4.51785666836929e-16,-0.00384471427051189,-9.48567397226061e-16,-0.00670332107888641
-38.8296071328033,7.62914391487844,-10.4495239134021,-4.84674331238981e-15,0.0212027847069709,-0.485914912842844,-10.2646378726805,-0.501104545403097,0.00283826436905067,0.284863813886538,-5.08598273110753e-16,6.53292354554051e-16,0.0208101774006054,-3135.14094038579,0.00253177474159884
-42.3981970569562,-5.90951220091136,-33.7116414069588,1664.22231790984,0.0235469427945192,-0.582205588476551,-2.80499064423694,0.129827060784849,-0.0198933595185935,0.115210395870643,1.42718140014426e-15,3.53900606167912e-15,0.00288748132127187,3273.60496750723,0.00612819400071913
-61.0278332488219,-4.94278821625491,12.0808198602503,2288.86083442035,0.0632854371369808,-1.32134014554018,7.74154986910699,-0.543113742415156,-0.0292034136896303,-0.00521673294765742,1.39328989837662e-17,1.1148097864812e-15,-0.0153820097326744,-2.51144388191686e-15,-0.00914730716763495
-39.8516567849339,5.69881499501465,-39.2734663746774,1.90096319175267e-16,0.0179208050098655,-0.382067447516983,6.38234116785091,-0.677808177932466,-0.0183871842005858,0.00373127705803151,-4.12945412789961e-15,-4.07719055685693e-15,-0.0162966228123775,4.39555185593814e-15,-0.00196599041580192
-43.1527990214302,-4.40550604842562,21.7346291850715,-1.57954336031193e-15,-0.00377384685018266,-0.385069548566585,43.1223964262067,1.15088048296301,-0.0367982743475798,0.0202249403822864,-2.00704539809875e-15,-5.9733755624815e-15,0.00150344476430434,-1.51734806360794e-15,-0.00439652730737694
-31.5605043015048,1.98472628744997,21.2976321311608,6.3303366449491e-15,-0.00253988079470709,-0.0689046243399086,-6.46302820159589,0.37049932000972,-0.00422598464343522,0.0456919208000011,-5.48123193066136e-15,-4.06399075833882e-16,-0.0118149556727214,1.50326368835389e-15,-0.00135648002954653
-21.8572953748971,6.51832223860306,22.9690571578335,6.06890898696417e-15,0.00145592561966543,0.0387203006231831,9.26018120038238,-0.129938955866158,0.0100734484935756,0.184559995911894,-1.22340976625105e-15,3.09579380736592e-15,-0.00314542890246389,-3.98737085392451e-15,-0.0247043160290748
-27.8949723821128,4.01362089829295,26.4429839140224,5.0758439562912e-15,0.00243032156637975,-0.0139670508810878,7.33592581030137,0.120818028833709,0.0147195326648082,0.0227625459452597,-2.88887091057939e-15,-7.33957201246059e-16,0.00871008320373701,7.52982411134411e-16,-0.00447253924237757
-26.1858418984495,-8.16755999049338,45.4067947183765,4.45055652961818e-15,0.00187305254713978,-0.0185462078260674,-7.60674373517982,1.3259073355952,-0.00797636467356493,-0.0215747892198137,-1.53092407845992e-15,3.11168624395357e-15,0.0118836109538115,-1.31362602212306e-15,0.00593997722757133
-29.6977791326476,4.57359244305149,0.709660231998743,-2.57872042952778e-15,-0.000831195571142998,-0.213738342837225,23.7714148547022,0.360685745788526,0.0139144285526599,0.0559667383267612,3973.15140527757,5.89143988364745e-16,0.0194632615507206,-3.281714770295e-18,0.00237044530637972
