0.957616
 1.00776
 1.05993
0.941902
 1.06181
0.966249
 1.08778
  1.1889
 1.10835
 1.08797
 1.17644
 1.14939
0.998866
 1.31171
0.967716
 1.18536
 1.03535
 1.01014
 1.12568
 1.07599
 1.09713
 1.10057
0.998683
 1.07724
 1.10724
0.921594
0.990768
 1.10335
 1.07263
  1.4254
 1.22165
 1.07141
 1.07516
 1.10688
 1.21793
0.949443
 1.10077
 1.22065
  1.0529
 1.06052
0.899793
 1.16743
 1.14381
 1.06555
  1.2248
 1.45194
 1.29607
 1.75407
 1.19387
 1.58394
  1.7197
 1.46138
 1.18521
 1.21546
 1.34952
 1.39985
 1.20761
 1.10992
 1.34268
 1.25341
 1.31787
 1.70101
0.972815
  1.1001
 1.12517
 1.01074
 1.03864
 1.39885
 1.14697
 1.02489
 1.42103
 1.37344
 1.53956
  1.4198
 1.68731
 1.23681
  1.3998
 1.47923
 1.22896
 1.43965
 1.50815
 1.49014
 1.81862
 1.68577
 1.71238
 1.55792
 1.42323
 1.41838
 1.77854
   1.378
0.955444
  2.1038
 1.38473
 1.10438
 1.56948
 1.52159
 1.39324
 1.30565
 1.76156
  1.6343
 1.33247
 1.37308
 1.43608
 1.06415
 1.27593
 1.21942
 1.14411
 1.27675
 1.12796
 1.32402
 1.20658
 1.12739
0.902797
 1.26887
  1.1396
 1.00417
 1.07442
 1.02317
 1.07937
 1.31769
 1.13321
 1.06161
 1.07664
 1.12281
 1.25078
 1.07046
 1.04068
 1.07847
 1.00108
 1.04611
 1.09075
 1.20861
 1.02249
 1.15109
 1.21447
 1.01119
 1.21419
 1.12078
 1.21688
0.926368
 1.11699
 1.12217
 1.01651
 1.17451
 1.14993
  1.0725
 1.05843
  1.1676
 1.21625
0.984067
  1.2592
 1.16269
0.932047
  1.1639
 1.19666
 1.11235
 1.01479
 1.10443
 1.29902
 1.04545
 1.14203
 1.20919
 1.03863
 1.05845
 1.18782
 1.08991
 1.28756
 1.17015
 1.10168
 1.02028
0.977557
0.880499
 1.16064
 1.05805
 1.00434
 1.16527
 1.07351
 1.02262
  1.2053
 1.07233
 1.28542
 1.14917
 1.14182
 1.05161
 1.07685
 1.09544
 1.08419
 1.04982
 1.00967
 1.19979
 1.00658
 1.16799
 1.05986
 1.13272
 1.14689
 1.22537
0.990176
 1.26691
 1.01552
  0.9994
  1.2334
0.961556
 1.40899
   1.145
 1.04007
0.891683
 1.16806
 1.17536
 1.04331
 1.26436
 1.06622
 1.06374
 1.03839
0.963365
0.977212
 1.10207
 1.19192
  1.1057
 1.02599
 1.16703
 1.07715
0.982566
 1.19507
  1.1663
 1.22729
 1.12132
0.989137
 1.03829
 1.03279
  1.0921
 1.05201
 1.11963
 1.06471
 1.09434
  1.3013
 1.14284
 1.11953
 1.10476
 1.19882
 1.02296
0.853346
 1.05111
  1.0218
 1.36794
 1.41977
 1.34407
 2.38353
 1.68281
 2.14796
 2.72438
 2.31032
 2.04486
 1.72245
 2.79669
  1.7393
  2.0454
 1.82445
 1.43466
 1.26294
 1.78822
 2.17183
 1.86656
 1.49983
 2.00013
 1.71292
 1.07534
   1.226
 1.13697
 1.03587
0.974665
 1.23044
0.956664
  1.1502
   1.158
 1.13848
 1.09841
 1.15865
 1.05626
 1.25026
  1.1391
 1.05171
 1.09744
 1.13016
 1.05833
 1.19601
 1.35074
 1.18213
 1.12318
 1.23272
 1.25156
  1.1325
 1.14691
 1.19149
 1.21953
 1.09735
 1.18699
 1.20112
 1.12625
0.986294
 1.24213
 1.22029
  1.1021
 1.12263
 1.05771
 1.10409
 1.10166
 1.32837
 1.11181
 1.08658
 1.09895
 1.25618
 1.12666
 1.02203
 1.20878
 1.01612
 1.22872
 1.18283
 1.20248
 1.24769
 1.10598
 1.06853
  1.1134
 1.29495
 1.34011
 1.10262
 1.13847
 1.01877
 1.15556
 1.02682
 1.00389
0.992714
 1.13023
 1.04606
 1.15003
  1.1406
 1.01208
0.982549
 1.14217
 1.11787
 1.15668
 1.34642
 1.21086
0.918564
0.958052
 1.15166
0.905243
 1.06005
 1.20916
 1.32137
0.975404
0.985704
 1.07975
 1.16922
 1.33136
 1.21437
 1.24157
 1.09578
 1.27107
 1.16683
0.960671
 1.13347
0.986459
  1.1914
 1.13447
 1.15963
 1.24533
 1.14697
 1.09775
 1.26335
 1.09137
 1.07398
   1.237
 1.18886
 1.09257
 1.24695
0.988107
 1.16385
  1.1633
0.870119
  1.3084
 1.19308
  1.1165
 1.20595
 1.24201
 1.22125
 1.11995
 1.10932
 1.25868
 1.15274
0.929558
 1.27755
  1.1637
  1.2274
 1.17525
 1.16964
 1.22554
0.958043
 1.14995
 1.03326
 1.04323
 1.08768
 1.16617
 1.00544
 1.23519
 1.12942
 1.25517
 1.08277
 1.67351
 2.42427
 2.23646
  2.4875
 1.42277
 1.64844
 1.05518
 1.44892
 1.84102
  1.3732
 1.83026
 1.34686
 1.16462
 1.22226
 1.05349
 1.49086
 1.66742
  1.4608
 1.26942
 1.84689
  1.4607
 1.21644
 1.13412
 1.13309
 1.19806
 1.20211
 1.28033
 1.35744
 1.05601
 1.12137
 1.16971
0.969882
0.927738
 1.05757
 1.10034
  1.0226
 1.00624
 1.12538
 1.23091
0.945248
 1.16809
 1.03783
 1.18972
 1.03732
 1.23954
 1.16644
 1.04357
 1.11457
 1.14469
 1.15022
 1.05638
 1.05714
 1.21571
 1.10733
 1.17297
 1.01561
0.936772
 1.12138
 1.18762
 1.08765
 1.14295
 0.97912
 1.15848
 1.16379
 1.11518
 1.31458
 1.17515
  1.2525
 1.23868
 1.06977
0.988508
 1.09115
 1.15967
 1.12686
0.956856
 1.00465
 1.22628
 1.12819
 1.02847
 1.12415
 1.05452
 1.29666
 1.17177
 1.08128
 1.02515
 1.17006
 1.03066
 1.10268
 1.11331
0.954435
 1.21782
 1.37614
 1.76545
 1.63007
  1.5022
 1.26269
 1.62951
 1.22844
 1.36645
 1.57472
 1.64263
 1.25702
 1.61161
 1.29193
 1.30398
 1.22117
 1.35318
 1.39755
  1.0613
 1.10345
 1.38376
 1.12374
   1.311
 1.16861
 1.07968
 1.46582
 1.23164
 1.27417
 1.16341
 1.58122
 1.13377
 1.22081
 1.42738
 1.16068
  1.1762
 1.15177
 1.44932
 1.04037
 1.05654
 1.02991
 2.77852
 5.35533
 5.48836
 3.29405
 2.12395
 3.12304
 3.04964
 1.81835
 5.48224
 2.91737
 4.32436
 3.50709
 1.16924
 1.16182
 1.11155
 1.12385
 1.14515
 1.07108
0.975627
0.997409
 1.13079
0.962543
 1.21231
 1.02276
 1.03017
 1.14997
 1.00888
  1.0219
 1.02899
 1.37856
 1.05117
 1.13315
 1.11441
  1.0865
  1.2246
 1.17206
 1.10656
 1.05082
 1.27433
 1.19608
 1.16643
 1.02317
 1.20136
 1.10884
0.831906
 1.01195
 1.14216
 1.09838
 1.15698
 1.13094
 1.04994
0.977093
 1.20788
 1.17141
 1.03749
 1.13373
 1.14667
0.983313
 1.24447
 1.21842
  1.1758
 1.23954
 1.19844
 1.15305
 1.21552
 1.08513
 1.06143
 1.40297
 1.15352
 1.12418
  1.2765
 1.37487
 1.53035
 1.30579
 1.56275
 1.18071
 1.42769
 1.30625
  1.3074
 1.14126
 1.49523
 1.29261
 1.24819
 1.02072
  1.5418
 1.34826
 1.17484
 1.22075
 1.29594
 1.29017
 1.24368
 1.38466
 1.18888
 1.26129
  1.2746
 1.41656
  1.0152
 1.15367
 1.06165
 1.03885
 1.14847
 1.12621
 1.13724
 1.13139
  1.2507
 1.29866
 1.41234
 1.17584
0.944197
 1.33622
 1.38772
 1.18472
 1.22628
0.989799
 1.19706
 1.26987
 1.31977
 1.24397
 1.08025
 1.21015
 1.02254
 1.01171
  1.2989
 1.24468
  1.1407
 1.32089
 1.28734
 1.45735
 1.08525
 1.07773
 1.31845
 1.29059
 1.36111
  1.1127
 1.19617
 1.19904
 1.07955
 1.21218
 1.27672
 1.49914
 1.48213
 1.30169
 1.12228
 1.06946
 1.05924
 1.09759
 1.12477
  1.1178
 1.03346
 1.30536
 1.06948
 1.36321
 1.00997
 1.01173
 1.20177
 1.12261
  1.0339
 1.27246
0.913064
 1.17232
 1.16057
 1.09076
 1.26157
 1.19928
 1.19488
  1.0629
 1.20297
 1.05401
 0.98682
 1.52247
 1.17479
0.972378
  1.2729
 1.18392
0.954848
0.970877
0.879604
 1.07211
 1.21809
 1.01576
   1.094
 1.30984
0.929528
 1.11658
  1.1106
 1.01606
 1.29195
 1.28257
 1.04247
 1.12513
 1.13715
  1.1583
 1.34532
 1.18498
 1.24416
 1.15991
 1.28374
 1.14174
 1.04223
 1.21922
 1.14901
 1.07028
 1.16496
 1.02756
 1.39597
 1.10975
 1.25466
 1.25804
 1.25096
  1.2106
 1.27767
 1.26924
 1.10047
 1.09794
 1.38041
 1.19153
 1.15356
 1.16237
 1.51252
 1.10777
 1.18774
  1.2875
 1.17086
 1.09753
 1.34489
 1.36194
 1.31509
 1.18108
 1.26007
 1.19876
 1.43965
 1.21649
 1.17271
 1.21684
 1.26771
 1.29012
  1.1547
 1.12491
 1.13581
 1.25274
 1.49566
 1.16251
  1.2182
0.989847
 1.21143
 1.11258
 1.08408
   1.161
 1.21381
 1.00739
 1.22513
 1.10316
 1.32645
 1.11071
 1.21819
 1.06217
 1.05337
  1.0362
 1.03342
  1.0963
 1.25107
 1.13894
 1.04224
 1.26636
 1.20279
  1.2984
 1.13194
0.899112
 1.18027
 1.18028
0.991022
 1.11951
 1.19999
 1.10292
 1.08919
 1.17535
 1.10692
0.995178
 1.34416
 1.52855
0.936013
   1.216
 1.20934
 1.09587
 1.04474
 1.17247
 1.01925
 1.05902
0.946803
 1.07029
 1.10856
0.942249
 1.16676
  1.0994
 1.07175
 1.69161
 1.63135
 1.17725
 1.53994
 1.49861
 1.48047
  1.4545
 1.14566
 2.27282
 1.45615
 1.70925
 1.97083
 1.55008
 1.87721
 1.19218
 1.78096
 1.51466
 1.92985
 1.55433
 1.46822
  1.3906
  1.5124
 1.22617
 1.61501
 1.77053
 1.40761
 1.23395
 1.57751
 1.15648
 1.94776
 1.58068
 1.22858
 1.40521
 1.29608
 1.38578
 1.18701
 1.44405
 1.85804
 1.26817
 1.36508
 1.35973
 1.05331
 1.42475
 1.61228
 1.49934
 1.15349
 1.24091
 1.04291
0.977964
 1.18586
0.909774
 1.01095
 1.17324
 1.03446
 1.08484
  1.0565
   1.042
 1.10915
 1.00109
 1.19268
 1.34257
  1.0792
 1.81292
 1.97829
 1.71145
 1.71792
 1.20552
 1.29881
 1.57121
 1.39763
 1.89892
 2.02973
 1.57866
 1.09174
 1.85547
 2.19776
 1.54269
 1.43399
 1.72408
 2.00879
 2.02268
 1.24232
 1.15728
 1.17512
 1.07512
 1.09504
 1.26044
 1.21783
  1.2056
 1.28291
 1.01803
 1.46544
 1.53389
 1.43286
 1.20454
 1.10905
 1.16858
  1.1575
 1.19537
 1.51125
 1.06895
 1.17154
 1.19152
 1.23966
 1.10871
 1.10029
 1.39809
 1.14964
 1.19841
 1.25354
 1.19314
 1.51848
 1.13757
 1.37157
 1.22988
 1.06179
 1.15875
 0.94064
 1.32873
 1.15209
 1.33092
 1.22746
 1.21323
  1.1539
 1.22432
  1.0484
 1.02897
0.921038
 1.03103
  1.2547
 1.24622
 1.21044
  1.1316
 1.25678
0.984482
 1.07989
 1.20802
 1.21879
 1.04841
 1.04971
  1.2895
 1.04557
 1.17606
  1.1909
 1.11036
 1.06592
 0.99732
0.925221
 1.20527
  1.0058
 1.03986
 1.23776
 1.07193
 1.09343
 1.09514
 1.10117
 1.17447
 1.08457
 1.05904
   1.042
   1.367
 1.10803
 1.14152
 1.12809
 1.03758
 1.11523
 1.08153
 1.12689
