1.80143518695725,6.50476729473995,5.83352927049632,2.22560831367194,-60.8779753917363,57.2976556036765,45.0000543353454,56.1494774534442,-76.275468156751,31.4935448474101,-47.2336096770967,-5.19012483643376,-41.5326961184473,5.28261233031517,-46.040717807151
-0.222484250074534,0.528786400552635,-3.57331682279514,-2.66566759017839,10.2795107611146,20.1342424895109,-143.625870199361,-64.3310055276326,-13.7239376185655,-82.527443867547,78.418376447743,-48.4173613003183,3.03903699495477,-7.65697158720302,16.8233356261848
3.92703575582539,-7.02033215596139,13.1927479667801,-4.2881276465104,-11.9340310396607,100.03852093015,-43.2585654785244,150.431345643415,175.955240405464,-12.9713084075891,-97.9655516638296,79.5674892493411,7.47712192638008,5.71391426358044,-22.794076540462
-3.85290934424486,-0.0469484081150075,1.4078721917292,-3.27266231001509,-14.9364179699956,-63.586129325407,-18.7485654566095,-184.033475385797,107.929177865442,-53.4078166592761,1.35767584094452,20.76383292852,-34.8833337846956,18.8509828502309,-127.17816350018
-12.3520584200417,-8.13349878782433,2.80531739631684,0.308441466845979,23.124653195317,-60.740065029291,25.957253283139,124.851354924199,25.3866026623157,18.3521117724004,-18.846790300061,42.7557730142519,-7.15418447962133,23.8955291231725,94.9698632919644
-6.30500270231622,2.69016424682488,0.433510049818947,1.66291374979892,-8.54052776127443,58.2721189385744,92.3667164033413,35.4562060127061,177.908434455664,-49.574613253577,-18.5258218476917,18.8758081482499,25.3348150913375,-4.23758144692849,-45.8508789292554
1.45646467523508,0.424042679483751,3.14518393164005,14.9620020894523,-10.1036975094571,-157.358016611943,-121.553306633093,-20.758369904041,-53.1416313296592,-53.045798650819,50.9659740937497,-23.8606427690982,-23.2232825647648,16.8719659496384,-38.8628340670657
5.49280185211077,-5.18483832343399,-3.433753877602,4.79579278265163,-54.2017981282208,-0.745844666296422,-50.9342755548815,65.1048074716156,-22.3469756969447,6.65294349549109,85.4437830100295,7.03024256504956,-35.8162539481359,-7.97380218414943,-37.8909972755317
-0.0527910396816625,-4.2876402720074,-1.80002859211856,5.39707353692879,27.3586290822477,-23.6846490854418,115.481203121672,-198.313398473305,21.3938292159467,-36.3049081599724,-3.71999015111742,38.7032121297414,-10.901964640127,-8.77325172986531,-91.1812152834468
4.99088487542815,-0.432282740679,-0.33959781569215,-1.93101639864797,-5.0479229598425,-62.9572535742271,-248.334183488741,-269.926308009971,136.839389680267,8.60129617850443,40.6378716365109,4.08164137178788,-30.0582892080706,-4.34546660454703,-72.3515659196016
-4.34124702387253,-3.22991062669089,-0.283164883921612,-3.63362790550233,-37.0033189385958,-110.433665080564,-143.781848671984,44.0189886239883,-48.0980759780399,40.693216048127,-31.826573859693,-47.0043655446242,18.9735093039586,36.257413947541,-27.0743341644042
2.86868112268412,3.05934982107958,-1.29321753461164,0.813367419232308,21.4478116912377,12.467862761432,1.22316513052757,21.6903696192769,-28.9066305381825,-35.7355566127537,100.12162237351,36.4354455461314,26.9850805490229,6.82173801404669,-14.110376051392
-0.767108868513878,-1.8901743283585,-5.88678183081324,3.7334367782874,56.1063385286453,-55.0274297808482,34.0094532776157,68.8018021929788,-124.486872283143,90.5458444738774,-3.65721654070311,-7.83872746235663,53.5294491129711,-12.9143405611296,97.4631063305025
-0.464633073694277,-0.64410698768839,4.1046336627735,6.29806409779001,11.8053955711088,58.3428445582256,-22.4446119677887,-118.976413147601,-5.83065208697588,-75.6115048063069,-64.9442721682518,24.5956635290687,19.7471046215123,-0.415502584662834,42.3906811257433
0.213977328312731,3.10785846912089,-1.2893083385022,1.27218345489727,41.1652489053838,151.423290005393,-55.6347111303276,14.4748631768183,-16.3746128849329,-10.9938778359371,71.1710797548792,-10.5979811291765,-12.8023640155272,14.1258742963377,75.2365203801792
2.40694461378503,-8.39088982806249,1.00182711574299,3.07871813584,22.7364863805202,33.8100826982734,142.781744227038,5.65519704230748,76.5428762601087,47.2537795804699,-2.39176404353864,3.00270936769742,-8.96505809785529,1.52168776592137,-8.30411332558252
2.719498355362,-8.93111125079451,2.42526863632576,13.0949857362789,-17.1465755349765,39.8271531738366,-122.004979446937,-97.5630293399497,83.2170655615719,-10.8886152720073,-86.6197607354471,-12.5743812798263,-22.5307515511699,5.76423017332945,12.3366842400918
8.74054393824513,2.90897699127262,3.62695356325302,6.19090086399932,60.7959704322783,-33.985767660851,119.251397988673,-161.897858666234,78.1839468130445,-96.9046454714351,-64.2933283422339,6.53995740634892,53.2287147214344,-17.8885639375033,14.5614972215327
-4.92895212253076,0.0201651981350499,-0.471290808039827,7.56802305113451,13.5700156630765,-9.29856179594338,-44.2882673952671,352.998217000868,227.997012857152,-8.92866132607372,-88.3645352763902,14.5796598027675,15.8795414717523,-3.48062886322719,81.7750694058352
-0.226637155433877,7.13217967425317,-1.3630156270584,-1.91608505916955,28.4529258082392,15.3606944782784,113.475972778882,-42.5245870404943,-19.5531794715563,-21.5880916170754,-9.1858221247121,44.5678898071094,-24.0042845786695,0.300158541468281,-24.0233645530063
-3.92316158558171,-2.43105460410467,5.70714535969267,2.49273822619492,-27.4277223131863,86.4563141712416,28.436005383934,-103.023162133808,50.2723000118705,16.934598961805,-7.17328173817283,18.4722359567724,-28.8783850497011,18.6931768416808,-77.6704843861652
13.7717367655177,1.11707367538002,-6.05838395150679,-1.22653399242306,-24.9838367935302,-60.8205583949259,109.242085079141,16.6771028195258,-31.6556770249438,7.1338742672199,36.5984140400837,14.5011789269971,13.0568275951559,25.2865295129034,-38.4258618886372
-2.44972948697799,7.7225024629445,-6.86966791985908,-0.483054042001758,-41.4173338318546,-11.2571157157195,-107.829902186251,-302.742672216996,-104.189856940447,-3.78301886875574,15.3341340252042,-30.2551386024488,23.8545470162913,-3.39808008191645,12.166268354728
1.88955568184809,7.29284768294124,7.09717246311347,-4.29649549752971,-5.29669139876481,-72.4840965581598,55.8476504619941,42.1263835715899,8.23879079489754,-131.948688171246,-75.7471287110191,8.6179828121978,18.0876630387962,-10.7884453011121,-23.9353588556263
0.898528481024808,-8.84608981852545,-2.62291992442579,-2.6071792525046,-118.715409979856,-19.7130260607017,-107.735223679707,131.014651839898,39.3065863592661,-91.3167041992038,15.9906101763704,7.51619662216189,18.1323681861582,2.52271229035784,-3.77305562112493
4.63282842459377,5.585671675295,5.27241713356455,-3.84698518792991,-8.91942899535419,135.869452855001,-58.2906884044189,75.369221200116,-316.885269535932,72.3814015295716,67.9121377355546,54.9189518983418,20.7506814394183,377.735634439927,51.6440019039926
-1.47661496225456,2.96120294463148,-3.19032064567713,-2.98774746086774,26.8040903741623,-227.210885076437,77.1342576241445,-14.1008405071057,-11.9069471327342,-9.5196216771463,-56.2699439731008,-63.0469008284801,17.5048031466219,336.877510132583,68.6682218944661
2.58616254098064,4.56981585984927,-2.40412940387788,-5.94905273942686,41.1873866641614,1.96025243117457,-191.981187079921,-207.933370181951,131.204831012058,-60.8232734362729,48.8429988218198,25.228310408328,-9.26769760491663,-195.289577952431,27.060502124869
6.66397031458478,3.90621630936594,-4.6621198701218,-1.04170365448631,-8.35656784066383,-56.1478307266761,204.714721132752,57.4514779136091,58.4603868211898,99.7309258999878,-13.3990242656242,11.0352001939917,30.212489693357,247.091184526664,-18.2187724006669
-1.04239849572463,6.45862224535742,6.83896965432036,-13.1375137253298,-8.61624335111742,-136.715689720891,-8.67179269145641,62.9105207083267,-20.6071489338667,-10.3385023481883,30.3683155193566,-47.4601031619874,33.3709405018944,165.608109677016,-12.4031684078474
0.173519415316417,-3.11692287747286,2.70585412957824,-5.96043206312209,-42.0659471897596,123.486271490051,-103.303904577782,41.7589063778599,-30.8439566615909,79.9491265380671,76.6624986772753,18.2489417937607,-19.0041873485675,-162.64629452013,36.6342286868489
11.4683008243083,-8.171535416209,-9.02270355096812,4.41267326521926,1.95006678935933,-36.45078497634,-38.9428612137307,-103.560983742406,-60.0385241633934,10.299516283448,-19.9322751782455,-2.25365897690533,-16.6802510198446,243.58928650845,-31.61140455557
-8.5623737464448,4.18327903225241,-1.94434584816569,1.99535549001939,21.6018814103436,-195.75718911532,165.008584112378,74.2520742065874,-120.682317713565,61.8033563898527,26.1017986284551,24.0120784635259,13.4393391165584,125.609221766755,-11.4222906056134
2.19630724175836,-5.80840730194362,-3.28922593473992,-7.28708256413034,76.258426459925,65.1692831708684,56.7741568211081,22.5461941954597,-84.986048211981,2.03418243535541,13.7960364769412,11.6328784276128,-18.8528532520261,155.313568288507,95.3087967229478
-4.64989317252987,-4.23780129056187,1.1197225609963,4.60717044474868,-59.7115460324918,123.802613283043,-2.32505239012052,-41.0892059373923,-51.4511370914901,-56.6608355488195,44.4140917469982,-12.670796728911,-1.61340977624918,92.3167183251969,-20.3338442256949
0.0747854354680607,0.293649186369384,-5.69576494533464,-3.38099389180364,10.6940655822723,-24.1975278741946,-33.2645185608719,1.34013273518794,-74.5973256923309,40.5604419881782,-68.525108868013,-129.908224226632,10.9123232247159,184.979300997442,-24.8795146361186
-3.4880004526606,-0.463599986269487,6.1618361829555,-5.54582576326779,-97.317505542564,164.848075724893,103.118554143781,-75.3576593952854,52.3716136441568,28.1682585576273,35.6799943840548,-15.1644090446487,-18.0803245425168,256.34379770669,32.15678873705
-3.1549337420576,-1.42215868164173,4.37628438462026,-5.22154802222974,-9.93363573160618,-1.09163146045238,-136.622829817643,-89.1053688449339,48.9991627952779,-26.8266485038392,-42.0652206932384,-23.0884968878882,5.13679043222214,322.705819185067,31.5028167615293
4.73433941881061,6.82387710019869,2.68261188026527,-10.2525505163284,-48.2237214967727,-166.607611398292,39.4037847023688,-123.021538251249,27.6158383701232,115.72527828572,-37.2485181440541,28.6781443360912,-14.9419063551724,-165.075387261307,-77.8551092719453
-3.85477330086378,-9.02096890013985,8.26053180877678,-1.92331065789888,42.4230613491516,-86.1791852861928,-85.3794427017012,-26.7169936308665,-42.9100519757204,-7.6150806385997,-18.0367559223595,-14.1321032979682,-1.5231459647121,-105.777797757254,-17.4686387282835
-9.54243517331223,9.05679996138134,5.86075499704243,10.805312540544,-4.14142332148154,41.8940015283237,-117.392988519504,47.5196139784683,-32.6715495658092,12.6146224709131,-125.320043540948,8.13449404167235,43.6533407429258,310.333402623304,114.656949303574
-2.70413985579902,-4.83092136354899,3.43420267260666,5.40763826405864,-8.22013682311433,-32.9785084213873,-1.96850777815961,80.3941863495265,-40.520750056783,-123.455766366738,-72.4944608721219,-43.8867049444869,13.5660595993707,270.623459887945,7.4878436215723
-2.76432317101847,-1.72530014518566,1.83934347804202,-4.764372809829,-64.1170165101426,32.1141135070902,155.534830227572,28.6070308178098,-73.479393864694,43.097419849299,-21.1737041181835,8.6165461712233,17.2606923550294,-344.598073471547,33.5375726610598
9.08533137018432,7.90812702009774,2.19600184503556,2.25760442840585,17.2464002033156,55.413398576338,68.5367100396414,22.9080406363806,-10.5484821787424,21.0038879151577,57.6927566626294,-22.3108771620712,-39.2012950281113,90.9336709748263,-82.0859503232515
0.358434491037036,5.03146410466591,-1.23284434552763,0.0986028932555108,-44.072006691869,-96.362842975038,23.7534328561364,-91.9066282910697,34.716570081817,-34.6083617402627,1.30605591302138,-21.9407169218404,22.202092462734,-281.581474713712,98.8010392055797
-6.60732136792272,2.33998573154467,3.3194055376718,-2.78787547943138,-47.4888639263309,-9.82141601343903,-56.6122137752266,48.2187778256121,5.42442384976286,75.5524469882459,65.8787585253014,-74.1008266898872,-2.31792953705929,-23.3476408757384,95.1280292607103
2.50469632889655,2.78349479043658,-1.2182518598094,-5.31836984102108,29.1964234218434,52.4152618519628,93.5357492634647,220.717113813387,143.463991518304,1182.85028946476,10.4738872020729,11.806874036714,-15.7081190644827,17.8634838915873,-0.508117751559661
-7.39610827657997,-1.24559514600027,-4.31755233821826,0.0122819160161239,-2.15583161931636,11.6775208109652,95.4900434104392,92.0172599326454,66.1572106338741,812.429092964216,-25.3021570496607,41.2002899909563,0.816024277629592,34.1487210118714,-34.1975606217578
2.78569350661875,8.84534912095776,-0.0450351294125176,-2.4464549184411,-41.130418297555,-50.2640372659436,-13.6199070674863,23.1596133986035,30.4614283239444,654.740914537172,21.6809365735174,46.1755226639064,-2.17006273483707,18.875240419432,69.5350066154763
4.14972743463927,-2.11004108701823,-1.06594611631001,-0.601274138926862,43.9853854916664,167.706996806524,-153.624295006036,-133.37454539559,-61.0673511953318,759.065807812911,49.698359172573,23.1370270778761,8.98880857380222,26.8289101204758,-37.8634333088664
-2.22212852850792,-3.06295746357067,0.550795607852267,0.937223888300498,-57.3014303961786,44.1636962595723,177.740045145773,72.8457410010913,-63.7437322580995,781.103789159813,42.4097964101878,-30.0590955374607,14.8515969765049,16.7782443607069,-0.154244538352512
5.4504502224324,-5.1037815273156,-6.88503293057348,1.31943049047215,18.8194099496037,61.8082240675283,10.1655506012358,-230.912682025401,0.795041774120197,805.878210891029,30.8749991257802,25.484842695964,-30.5202045552823,5.27903136378685,82.451669822429
2.97575418189297,1.66407419387412,5.70277932490086,3.81059606398124,58.9594371360423,-53.9222567447781,153.581677955155,223.274002945612,-68.1343682587956,-921.503184450931,28.155860794621,-6.54374271717326,-20.3736229399119,13.0106991130917,11.7742234562449
1.55894522236949,-4.37840452859907,-2.40064487777477,5.27628320944707,37.0681504318501,-83.0575555078818,113.276881128106,151.41237125318,76.8646950082431,964.873113569311,-13.3181514104248,-119.022857594426,3.94246856050233,-50.0794251694051,13.8392887674364
5.43059287270523,-9.99956408328369,-5.70502471078894,-10.5889069276339,-19.3933837832756,62.7053985836701,-81.9562054827927,43.8645718875678,-21.1447050647963,6.77929164124208,-21.084874897362,31.1643662813899,9.35121096463318,-0.522306615813658,-9.81745644982624
-5.33144998438226,4.02919925464945,-8.46715682182884,0.888361955857841,-27.1645779291959,12.9802600384881,-63.9771274421238,-71.1319734622951,19.3866732222932,-57.7675185070746,-31.0532495422639,57.8658225632178,-7.28819837951361,9.37286457165761,-29.4286685782235
0.700500184480185,-0.725264575415916,6.7563722055463,4.67306514365804,-26.6108493748927,-200.27940789239,142.964849294481,124.436504138421,-101.825947306078,-67.3781015215732,-18.1560290716365,-81.6045790967651,25.4613219199834,-33.8177077855242,-89.3962481416265
7.02750531861683,2.01185146933477,-0.951072811951713,-7.86579216398536,83.1697388715103,-1.63028187233424,197.167549927595,-217.107153048587,66.1715144294676,10.1629547942125,-35.5070793976492,-20.3382522649531,11.498550326757,17.9817159985605,-2.86991357899954
6.29411746734068,1.52147445171816,7.08158313431537,-5.71905072245436,52.2757072028812,-47.1145610879106,-150.485090610414,-58.1586715511957,36.4353151847294,67.5693721682148,-29.3254411674795,66.1364271774042,33.200960095245,9.35792995486187,-2.78059726602258
3.24446080903414,1.15351319661494,-4.0072167929117,-0.0507421322983658,33.9392140855078,-68.0158295846317,-66.7312758192956,-195.858647826493,-7.44009720683592,8.33341947149121,-45.9744595626595,6.38482971150247,3.81545990770278,0.149286387804959,61.2415850207744
3.48268515130557,2.21456049547694,0.572703254805306,-4.86756489352985,-54.9256149576962,73.6978251197437,130.824133611325,105.081740733782,-2.08701835961206,-115.496874134032,18.0837587751401,41.7906228520194,21.401874580491,0.102388592137041,31.034880574701
-1.90343578556355,-1.84614465689064,2.81930322480179,-6.94008825547916,45.7079726641544,-29.3822024769343,16.1187968137081,-77.9857604729317,25.349450219847,163.321591791809,28.1511014973857,14.0292978752305,32.0650570600006,-38.6015841297999,-18.3952337553324
1.90598487250088,-0.00898167168293351,-8.91538905257068,-4.42786171995535,20.9066482953203,-65.6670278722811,-33.8169748047494,34.6213141909771,20.3757803241004,-17.0254380520204,-75.7531194118245,-0.402216990457572,-20.9514164162663,11.765062826271,-25.5044391571047
-0.610378228383465,4.77225102679758,-4.03095635979665,0.703433790923785,6.90862038439474,-66.035509525043,2.24684314269337,211.914321746915,-36.24559030241,34.9144465798547,-24.7764667602454,27.6352219861285,-33.9203700216796,-18.5359300072703,-39.0069754419258
-8.93619053050506,0.848281744410426,1.73398502247103,0.662902462139131,-5.78984332828205,18.574583672178,-100.787758675803,20.2499142424124,20.2834875338972,2.32996080055442,105.084775014825,-2.80966985444175,-1.263370411218,8.74409473221584,74.6533727862942
3.81644634473894,-4.58829710823675,-0.642678083006005,-1.09248039559905,-26.5198269035191,62.4771025448938,-176.484539310113,-44.6708917007096,-180.991779564639,-40.1782798174625,-25.1980837213575,0.136942202418761,33.521320627502,-7.49087742635392,32.2711516401787
2.95167561124118,1.15104663919841,3.42862891314752,4.90363445456718,-20.1402466634175,4.63007494272718,-77.4867259503544,-117.626383840973,12.4404590904043,-1.16714123208186,-47.3784910830384,-48.4318358693618,-43.4521421297212,-17.2546920833717,-25.8118958016348
-0.601194602855157,-1.65081012183521,-3.94540584056365,3.28113147305683,-46.3765591440606,-122.342717744476,5.54071638206928,-119.295687749485,18.351055786695,-12.1698915158195,-76.664462214983,-20.2178350659321,34.0469013920609,29.8507528374813,-38.4473744622414
-0.348974403160368,3.29659441284033,1.2716526918331,1.79044471904796,57.8252345642583,25.5416813605651,-28.1566594940859,-170.766687669802,-16.1776293558335,137.280561941364,34.1256261978854,-50.762154832496,-13.8854512832054,5.40374539091314,-22.2240900947689
-5.45262663367408,-12.9059112476112,-1.1075492106079,-0.299504943500207,27.432288657488,-99.847963939375,58.2145268125016,145.335887148326,-130.5769810599,-46.641186223059,42.9220089034224,62.8893048642084,15.8845359473744,48.8254322693223,29.8136316478068
-1.26064334564516,5.8383754673552,-0.200263283997091,-0.0990407806387526,-32.4146362862346,36.761504901179,-129.054938126929,35.96954824351,138.033108391876,93.2900389557814,-42.7608008664295,-3.13204491542102,43.370253736636,-14.4200830375074,7.99562215520157
4.42690245793357,-6.365168956252,-0.227228788001729,-0.705194654471673,-0.910102585763541,-31.0109351138799,-4.86405043299331,29.1338361176836,100.788575105688,53.4661385322036,-50.8455279741944,-45.9293995149063,-30.2708372868592,-2.95187878535583,13.2963555400065
-2.91749778796451,2.99028682383615,-9.18076238764238,4.93190636011607,12.066114779568,-95.822525779949,66.5828063814854,-5.70341172345576,118.335068491653,-73.8735095244763,3.12643904759021,2.03269435152742,-20.2110837013474,-2.12951635136591,-76.8175508524268
-0.903807075550222,1.55658965030167,1.53989394557581,3.3095317144766,24.8139023444617,-59.5585834002669,52.433520475914,-171.789844296895,80.4521839024047,107.41650368927,-80.7297263705747,124.40271397196,30.389351897323,-22.5123355736885,-41.5376227319428
5.30993421635248,0.937959406114666,2.70877750972597,-2.9550132467412,-13.4709198667095,78.2496535404217,34.2840700333986,58.2517857628418,-42.7624191354849,-51.1944830547492,-1.36151943469281,-16.7774627019627,6.6858048088519,7.69447182668401,-19.1383575458953
4.61175446904388,-0.83163946684472,1.15817924499116,-0.612903819580805,-61.2413744651962,-149.491428258738,143.161333953933,65.4418661134409,158.967170765551,6.69487473898417,22.3203566229255,63.7860832442432,20.725091761378,15.1133885308389,15.8098606318325
5.60393053887752,0.831244726833263,-8.56806762620946,0.562677938486016,56.8160123401543,51.7952153079524,20.8336535043612,-25.1096850730695,142.249472412176,-89.8688222163715,11.8402471258382,7.6920074104577,21.298690758248,-7.50167439896029,-43.0684012868673
-3.74430112600282,-5.49065148079725,4.06545192191256,4.27695680271188,-11.361873631624,-56.5102058925108,87.8756687102176,-19.272597456289,198.212903583131,120.224800504456,7.13759801855038,115.785934349186,16.2555940692772,-5.24481062677006,-6.12740169841853
-9.60136108872737,-4.20318103094866,-8.6585848078271,2.49898731080036,-3.01156368957226,20.1033487662149,-112.976491175137,40.5136362170305,-43.6454161026021,-15.4705395017239,-4.02746182309492,5.78933649464365,47.966423235653,6.28713017198371,57.5968435268589
1.0888163382546,1.04080357329021,0.338391548035811,0.415117572889099,3.27763632461662,-66.11431086651,61.0088598304951,160.755489807031,-8.19970483705326,-45.7678927789128,-38.3794450671358,-27.7570588991034,2.36126040738258,29.9330670629609,-33.9432720036263
1.05565047840543,-6.34704134119934,0.892599028720285,5.69134433818842,23.0307737678719,22.8613727035651,213.616068854114,22.3742753862284,293.385534569083,-14.1608373402919,-24.4097442676165,-74.1987734990456,-48.952382621854,-10.0100659854398,-23.7141085274614
-0.379622907239203,-1.9435877450503,-3.82168049220438,1.17794701903428,-3.06215976005525,-1.01468243192432,-90.102705343919,11.3581458250528,-528.702790411878,101.640573570472,3.72504532924734,-10.4454001661539,-3.51301783978679,0.254716127097857,-15.3886098409873
3.6491686789784,7.65947267280005,6.6349432870485,3.29606164844785,70.4079043713492,-32.2448320639279,-87.0699293821549,143.85839688519,899.311405521228,46.6769764837581,21.501722927639,-17.4660952298027,15.8281650694921,-19.9792395942571,19.0014504840518
-10.0681414186181,-5.7988132518748,6.42146101503555,6.97757717088015,43.4989525256838,50.6676834642894,22.5530486432067,-103.278349011362,-1312.20229593623,-63.6023527507394,0.281242763272356,47.4344760748874,25.0019413710295,0.147434536443184,-47.5392408451334
-1.0623818294984,-1.11820476252159,-0.200583351595287,-0.0176870243694423,-11.7562853206809,13.1566816084711,-26.317782762301,-155.741807035166,-1273.7887369825,-66.9207976020308,-26.1424014856315,-24.6213602226394,-18.8080391794648,13.2640748658062,3.48691231582168
7.6247316771457,-6.39569971004026,-11.4477599793935,-2.09204643650788,18.0709715862877,-160.931677307038,78.2484834533852,15.9193213093645,1300.28953772288,55.1090339330405,-89.5350772819685,-76.1099395515721,5.42657038124386,-22.5096954747444,23.4280634049715
-2.72965122784971,0.112609434992011,-4.34209050712873,12.9442737791427,-22.1219801625624,42.1245609229585,46.4587401825073,44.0557538167527,1253.63008079346,13.3073516961058,-49.8777534130478,-2.81882925284556,17.6532476735118,-19.9985730403574,29.8412037525857
-2.86872159137754,2.82113027818097,-6.46364749249551,-3.69613509433218,68.8437710177927,-93.6791449269505,-87.5885895373482,40.1405489819021,880.481120002427,-72.7446304585659,31.6833155985961,2.91162703565554,2.18122559869365,8.83760050081932,-10.7556230849335
6.43349970514571,0.878487597175298,0.25277687802383,2.77029603334907,-89.300294652568,90.4875280518679,19.07943889756,-133.163807123413,785.420985673038,55.4308188801279,-25.6523192144313,28.9394875217295,-5.4008126401263,-4.22427924596022,-50.2072650312393
4.99179156385938,14.3699916855053,-0.184657095010364,4.58687133415756,-82.8642073587215,42.9321810527119,105.579914683637,113.614027998365,-187.000487776816,-45.2247747943359,2.03624326329339,17.5198010090013,14.7607007644956,-32.7925246606958,-45.353496031868
3.48360244489941,6.31373803245563,-1.92051070852249,5.50052073029463,-16.36562354578,-166.648192538309,38.38313670369,69.588377507561,-317.073387189028,11.004942890339,-100.46054771051,-30.9728060216174,-6.30304495191369,3.25754407766354,112.165264398621
-3.75111940440312,6.50908483600174,-5.45508182401985,-0.364601794533034,-3.84205059394709,-46.9132301936995,-102.153404844949,-106.877499755523,819.88242567238,-2.73745018295785,-71.0268357181311,12.1967495169617,-27.6073292033837,4.62001735518214,-21.997538273192
2.38330033922582,-7.48954413448846,3.24812804553945,-12.1301593676038,13.152923043398,82.4830501882342,148.425073550498,156.832234749774,452.1304443143,56.4275156626007,4.13182556090127,-18.3479483442334,29.1743729065827,17.6367497091779,-23.2637101561423
-5.8679875693103,2.84978492200779,1.17849313707278,-0.755875432302348,18.5337946314664,-21.4631747995715,55.1362864063421,-95.1797609619449,470.324676456728,76.5930101237414,25.1402526517719,-30.0664458850055,-24.8984689783178,27.4391279484498,-9.67690861548389
-0.390742703332064,3.88867092224138,11.914936263004,7.38544430034785,-33.5808714614181,224.420945995568,-280.319315241969,-137.793679805326,383.559204385412,-7.33994094397213,-7.63590208239133,-2.47421373668602,-15.6712367517666,-0.953423476593691,-49.470483319775
-4.98392630523098,8.12266627907644,-2.18468096591434,0.567380238277097,27.6263742356462,131.301448830123,-107.984272022621,-12.1432984610402,-477.094896651211,12.4731824677739,6.46191327364186,12.1595408066213,1.85605228699425,56.1460896440929,-11.8119698308871
-13.0100309898506,5.83505435129031,10.6674964224119,-0.841731440738582,-44.1181660025471,-45.114802633381,65.5702621081495,-11.8600530623545,234.904869162116,0.665739244467127,8.32641528930026,-53.7310254765885,44.7228639480902,-4.52439952881527,-0.0840294937500208
0.553225464179666,-2.99981732816485,5.92126222319874,4.03353685618248,-23.7095793378326,22.2515853672474,-32.8448933213935,-40.1688931813531,1138.27922012786,-20.8247672432471,100.907912553557,57.4251640147376,17.2623070988045,30.5342805638042,-30.7257548815958
7.05792759470081,0.0383906467531033,3.43355329190451,-1.55737678385574,6.05867246741122,-128.37084794643,14.1067935882535,-110.897854064308,-41.9043216069618,-49.4424146286585,0.620495400725978,-17.2818724730351,8.88935760164647,-22.6252292346208,37.6452121091414
0.662075368010303,2.12539826138223,1.61705418618367,-4.94976815780595,-25.6046771234749,-74.5201500473275,-44.3490382392429,-17.7232847103809,-38.241670005013,44.1612593790657,-47.7546190913574,-3.44067312241369,-13.9215224669732,6.78778280537525,97.4554853137202
-1.39485990899967,4.83831345204711,2.82293456391293,-4.12631125302657,38.8211079510485,-163.342051395914,-186.620673143872,-177.886633004998,132.294041406869,66.8854504336818,72.9966010293334,38.9661709057472,-2.92928668045189,19.8931402724613,-67.9257095342188
-2.64897983359263,2.62279378127997,5.37073448338626,1.84516979283765,-34.5153643053011,-55.0053756362632,8.94423695686722,110.005104273905,-6.73780295818747,-123.21373917103,71.4123454925193,-41.2722271871993,10.7817025392314,53.747315306788,-24.7354090190362
7.03984962589503,-1.40994175703117,1.74231722557543,3.07713518814429,0.812311576785518,27.1737241106751,-48.3684917753314,-64.8595680109939,-142.18643168005,28.7830361230118,29.1524644306951,22.0882215814789,-0.0812348157848979,13.421585297375,-81.7342306434309
1.72444609295674,-0.478441311877777,1.0659055448303,6.89215334102852,13.6963903398549,39.8576252610663,96.561095043193,-79.6657867376751,-66.3945121663811,5.35583740965443,8.94454176782968,13.586682865981,11.8150562495426,-26.8311650269768,-18.9449525014152
3.94087665720552,-7.87359137172544,-0.78334118411091,-1.27363156017263,4.7082369599858,21.86100207448,-18.0525654942113,-50.8709272209531,26.693305399792,9.96218723301716,-18.5056673493492,-52.1313721448852,6.84778507369914,6.85589955524909,4.92521427944629
3.01520646553677,9.04687157230695,-2.49393603573399,-4.38886626090221,57.1797180898463,42.3698725334604,88.2708770411681,63.7389567032954,-7.22797385200139,-70.1545370428603,18.7472892633031,36.7302346538942,54.7771281922219,7.01539654634315,59.2251989657329
-0.679205512166827,0.38327170320605,1.74641597541323,-4.07117430000041,27.7773851330997,176.34875218332,-181.160507979619,8.42301945706731,12.8020823132739,18.5374612357034,-51.1698017866438,8.15945786288165,-11.3423196602999,45.2946394539597,-44.2002883083016
-0.0638058861160689,-4.11920897950186,3.65679119455721,-2.6883154673919,4.05507514843321,107.448491923465,-68.4622195955697,-1.44641915404054,20.6326317368118,6.56608776776201,0.263367259343805,-51.3827211577595,26.8722989442546,-14.140262673258,-16.4212465303655
-7.5092111556807,2.19440044907997,-2.67121095952054,5.80779021013362,32.2592276190104,-9.35020419685743,24.807084457147,107.109923257134,40.9898475381615,17.2839321895937,4.19674272408594,8.19615471530155,-53.7188318465799,11.7649924968725,29.9039473650212
2.49959667959956,0.63029694719876,-5.09324632594767,-12.1059213205919,63.9566642608287,-60.8794343167663,-20.1947810652864,146.789129749047,-67.3812807197579,18.2290474245826,-38.9599389292889,-21.472567143625,-15.4369764828992,-16.0523140972008,33.176391364025
8.55696005552193,-1.14335840705634,-7.2130314467647,8.92292127271415,-25.3797024239742,90.9031349573228,-42.1676768353403,143.850591338499,-21.0054999807077,13.2422312933091,-20.7926270554896,41.8420454954119,44.2044088192421,2.90822420634311,21.9796498703418
-0.709683666890719,-0.927957789049353,-3.72842670230294,-3.20370556094117,-94.8520227963005,-29.4189205152562,119.644844122786,91.8351130086161,-14.3341892286888,-120.023733617185,-51.5385318755851,66.3210014843971,46.1600317850186,-24.9742985175899,86.587017749756
-1.79806066640364,-4.12681731878165,9.22970983374386,1.32671268790189,12.6763268360835,66.3196342566156,-93.4220367390872,12.2112052199385,-3.58307165584966,92.1468648216574,-12.3634191754162,-23.0208689285945,-61.6967565192645,-6.84903895205442,102.26298475369
-4.99325014353686,8.57836442030069,1.73416647297706,4.17214794112469,-0.04551541555745,75.0067578037223,88.3776565246203,-159.653674548676,-28.3718959415678,-23.9846803887505,-10.5310824087673,-12.1286454178145,-43.9326401118734,16.8781406262693,35.2016220925734
-2.81788612782845,-3.58943972355168,-7.86809690355767,0.853362081048857,-5.8080555735261,4.21433331916555,133.144459640893,80.8429635653484,63.7481915496937,-108.814314111016,1.73810334114727,-44.9325059239471,35.9447927193556,12.5224018620806,-33.9603006886384
2.82662802132992,9.60094365512554,-2.17052635679376,0.881439311182667,58.0973289298658,191.866757247213,80.4041900798824,90.5025694958566,85.8087328304435,29.3409897376746,-18.9698049460859,-4.63857127523117,9.80820722961494,-5.2388784960053,-39.1965527870048
3.59811880139567,2.47220005292819,13.5010398177498,-1.92912988592587,-9.17460919116741,-45.6689309233854,-93.0377137977474,-21.4211647487508,-23.5317437421646,88.0474097471252,29.015453605883,69.4990915380738,9.7709503620623,-12.2219828641189,74.7450498668537
2.44255517600067,0.541649301775765,-2.68391452309407,2.27569116666442,19.7811090820136,56.9735853630752,-50.8180314124675,-114.310084174313,-171.997246309134,29.1529652443494,38.233120649089,-4.80009049578562,25.5442208746482,-28.7797416615337,39.8040340809037
-2.67055274466543,-7.37512568749573,0.793341117956053,-4.52128656395281,42.8470825909435,-6.10862457911216,21.6189670219302,123.386013673948,79.7773499866841,-49.3558547037918,97.549106727577,15.7765543146756,-12.2384525644256,-20.9357243198149,249.110457475763
-0.5543329340385,4.11329852416549,0.138369353285903,6.5829824671178,-100.824611324876,-29.7946543282692,-102.846777509383,-62.8967834022981,113.319708038439,-20.5343316109089,-10.4653008466807,-44.918845799645,-24.6872871533713,21.9190110086739,465.051423492272
-4.02675246851567,-3.76815483967831,1.53009144925124,-2.79130030682328,-37.9714054449243,9.44383073022803,-90.0574830645535,-76.2631291607368,-43.0183227151287,-15.9982338943293,5.12713494418378,0.0781932511906223,12.1418273914245,-19.9924581813718,23.6702768096449
5.40912195821697,-5.9167334922924,1.64415625443558,1.00891663488414,81.8699165340722,0.77420648320109,47.1361710184053,-70.9030144792333,-85.6749969463714,-61.9620616452733,31.335522998972,-6.95204376932053,15.2041695607721,15.9032107897012,578.525715271465
-10.6540687439698,5.39047192024236,3.5758379701174,-0.838996448460421,-58.7113432739139,-33.6058477351064,7.54890138682019,-51.0215860460667,-237.936308399267,32.6933828787725,-36.6132501560281,-15.444397483264,-4.41169219374746,-14.2015838581095,279.263462811194
-5.76197784467278,3.73071704940958,-3.46332865193253,-7.4141042448749,73.8547642987604,-220.991715291631,89.0420085550674,194.961788708794,50.9241829858866,51.2338005639149,12.9154179956857,-3.04917221425006,-11.5370149253166,38.2382773349177,-144.922686946645
-2.56031942265692,0.0894945073687882,6.30441145093122,-1.28093798756272,40.7272054080708,-118.000615819614,62.8197336637313,31.6826707946735,-143.94124075256,-80.0842111825625,-36.5374812015079,50.8925215196386,24.6434629281132,29.7467649629707,106.352917918038
-5.2524171321365,2.59943466594626,0.779305135448045,-2.8762346494281,8.38576620996009,9.14126491896104,48.5425789200198,67.0283697203872,85.5245894421117,81.2026554914002,-44.4239931989252,1.93586997746046,16.7345957542414,1.8208693103732,-664.890669366073
3.61837614611063,-3.66166588820032,0.214877226353049,-2.17746963826853,11.0491236731736,-113.327268604828,-191.917987090504,-106.080401614498,-46.0807244852156,-101.061062234333,-0.497436998233056,-30.1282113280354,26.1141841202171,15.7471159314965,150.328622486057
2.42348394223705,-4.0129586122804,-10.1252485825975,6.19207299214674,46.6740549785668,-4.47700574824424,-148.343653300349,54.4024464618434,-110.099074199206,135.85197852351,45.2331500256444,-23.0853746745422,-25.6861065188026,-10.1646752529179,522.152469692262
3.5135548500034,0.383659993050006,3.87368156947533,8.85724246251286,-17.8039875825198,-61.2750891819739,38.7751519326555,100.480297338445,-12.0057471042045,-122.073162967466,8.23280340894687,68.255536580273,-11.4956100753497,-31.0726661068945,-298.403714258417
-1.5785539892485,-2.54463464760026,0.405605219821943,7.92291031867148,-31.363895990618,94.238715867555,27.4082944462555,-65.6189943313314,55.4969875468745,-19.8283732110383,-41.0385742001408,-47.7346548114703,-0.203989528213082,-24.8627219321341,57.8354044167245
-6.35184254217101,1.52177327382859,7.53412398300939,6.40957240371883,-36.9165987826985,-111.85678954933,-67.6529293283728,69.5479995299545,-56.7545319494419,7.50871433192179,71.045931776728,-81.5811254084418,-15.3618724238251,33.2959103151968,6.70471753360224
4.60273742184962,-2.41196166387064,2.02652380483305,2.21998235088204,29.0192535482846,60.6843564787727,-68.9256673678541,-858.190839561124,-142.277610454871,13.4347948157999,6.9312754625793,105.861655347577,-3.65792423840032,11.5156097879722,-2.67882101964322
7.39820650758399,3.67899252565584,-2.37974990252049,-5.5874545074848,-102.309410480802,30.0743204993937,-141.047892299425,1034.78715556696,-28.69191263417,72.3963496284437,-32.2341680423729,-25.1662037347412,-29.3895951411318,-29.5149434350825,21.9586289950544
0.55377158860643,4.50999467063476,-0.658621325898521,-1.17611201357111,98.1240410933179,-85.296149906106,-114.499364161184,1426.41067820566,-53.7189186304102,-86.666674294091,1.97321351821365,20.3875766503906,-16.5892300919028,-3.89331512273187,-1.09154042257226
3.11816002813941,-7.87263717493843,-1.67760709730614,-1.84705723643021,23.1133516686538,106.022856681158,-14.8613358352363,-650.672676368622,28.6461075613702,42.1910238241763,60.062200742837,14.7411266918076,-8.40094830481896,19.2633094211934,-27.8796221331277
3.41178023035283,-0.66697378950132,0.396490862059904,2.7962359058317,-35.5390342910496,-62.1886665477703,88.663697360495,-1734.78899358188,50.2263020452656,21.073460909926,-21.7724609826654,-2.53980695554197,50.8692236949711,9.44328391855588,-26.8073707808889
2.62366973378897,0.903111951078829,8.23627241992459,1.13080998814841,-21.7388265116014,87.5655698544271,-93.0967453346714,-1193.56201178495,87.0336579004918,-23.4226076346912,60.3081139524766,32.2230045083271,-50.2138311614594,-17.8827712100687,-19.1297249624498
-6.85644343982819,-11.5932556922632,3.3101563172434,-2.5260323570863,-16.8919013687099,54.644707481151,31.0282913392678,1302.66293526483,37.5397957696222,-8.24601493195191,-14.3815244011405,-25.3919540877021,23.6064633449304,1.90667354073316,-58.1170488342804
0.798222408356332,0.0121103030264462,-2.5367936380723,4.78417097124328,60.0605313835204,-66.8694401195119,96.515737027334,1657.62695386443,-50.1173968910315,107.241968557104,5.07325046440119,38.457632252013,4.52880137902762,-11.9508893373833,-64.0687195984739
4.30602436919899,-4.78242422224138,5.77582141352635,-3.4919849440466,-0.895477980668615,6.35952021987226,-6.78948493640946,728.667263538506,65.8277494283935,11.221934875269,-49.9733091172227,-29.3571860756063,5.75100347139923,7.16057849556311,-43.8126076866683
0.0788621368942936,-2.45993168406369,6.53177717171534,-1.65345169424918,-19.3119963308031,10.2627181356096,-147.243997480157,1647.92066292539,-70.2244251430352,15.5898765252078,-8.39151936243498,16.07616657002,9.9139986188847,27.5317898873243,38.3378938678644
11.4245928356676,2.89213007955112,-0.756247820075664,10.634218085884,23.9470377423422,93.8977388941865,27.7880665002688,1649.34643753777,65.7808395644352,9.02012930870611,-34.1624407266797,25.0746522686076,-18.0163547101139,1.68482776436361,-0.53808796489508
1.47246741914446,-0.418070825435825,-3.47483544809831,5.55605376877899,-21.7724759395372,-76.3743542105823,850.25310523915,-1213.00073671917,10.9544990463676,15.2959000465291,29.7831684322344,-19.6499962025877,-20.0331212826153,2.5923824993235,1.40864526705373
-4.7953188283064,2.53654736734671,0.964750426590684,-2.04071503417014,-34.959170987551,1.2714956309106,919.895242794317,1430.67171374202,-41.1295495510913,-88.0100916486825,85.8581017790406,-15.8203831648347,-5.09973613051676,34.7215513644422,-48.8682742752368
-1.57512513593066,2.63193190450947,-6.11709826877658,-0.758170094199669,-76.2650701676533,38.5520864214097,-1509.81396133175,-396.823103750723,74.6680716980541,-60.8745491207792,108.141889370009,22.5064879455354,4.73518855247841,30.527269746397,-37.9230060776284
-5.20589326898854,-3.71257463923569,-12.2895465948539,7.14122230532171,-40.8214457711378,12.1142473678958,-50.2472090557921,25.5234442240954,91.0959484338276,20.2815617423498,-38.9186385797293,-21.5040158744884,2.41363814957696,-7.06925780558334,-43.4064251887225
2.08944557715211,-5.31480867146489,-6.3417651899415,12.1010248096432,-7.7546084195399,5.74291590899677,-2034.12620856122,185.736511715771,6.46165757763228,39.1926164230516,55.6273674280721,-19.7821024561738,-6.61006039528389,19.5764773201531,-5.97174242355927
-5.40894016191591,9.35868464952068,-3.64044345376585,-8.48824629008566,6.41601421085929,132.285110434356,-498.218930795067,133.512235747193,61.0448728053908,56.7267019156438,-9.66697617865108,6.82961034963678,-4.88223556959151,-11.4830464094695,4.51929827543087
5.64975644822164,-1.09775223803282,-4.34850843600228,-10.1469767311078,-74.7699422457301,-110.732606674149,-752.621227360739,-25.2611522849364,59.665088571067,-31.0027361422967,-68.916578438278,30.7276861936086,35.8921153413118,0.929604867928089,-13.9315523498449
-2.39322191668236,-0.243026192815436,-1.2206504950288,6.11453447652858,65.6704614569439,-0.260220127641613,-801.341840420962,41.2871425887982,-3.14698016068845,19.0641710683736,4.06784194418933,-36.4187341833808,5.9872274564034,-17.0945878329653,-35.711218120627
8.09467992934362,7.35903021364674,1.31856610949451,10.4544057888387,-31.9166291130635,4.51354967586779,-986.604407805934,121.524218808298,-19.6878441376771,-33.2780092375163,-17.3282420592185,36.9849089708983,55.4564206828123,16.6301361232465,-14.2389810137597
5.9028830436471,-6.37530975382555,6.64762597268904,2.58285984302917,-40.7556103765951,-159.934503743959,-1658.44945101137,-91.6434184092369,41.2221005595032,-31.8568716034288,-29.8431907512267,40.0307503368015,1.89413825902894,-20.0224620903803,52.36261495975
-5.66445516968443,-4.26264988468032,2.82159364920707,3.3872426593155,-0.929690288584961,-98.5595446102672,1036.15013151208,-58.1145006786982,73.0782784368248,182.948683515084,84.5560358792669,4.70563633393772,-7.68651665994638,18.1231026571285,10.9147070629351
3.61417325630519,4.7419118631726,5.83480032424454,2.71101282231798,89.0113147856601,-5.03142771876238,-1234.32257625312,-37.1070308763254,-24.2025110846014,29.8538484033652,62.1074802393979,18.4803138249116,-25.1814658479583,45.0700764776262,-62.5285858062174
-2.76240351551618,4.38850107799159,-7.4718436382476,14.8677525806294,-12.4837745508787,68.1954104950141,738.566845186967,-67.7094452076619,107.687346621588,59.6069884443006,9.10480026410436,-3.50071065081499,-42.0662870611672,-3.84156175397109,-46.6535983344071
0.603405821736675,7.37272265615246,9.27277424298178,-2.08000129948857,4.28862590818771,43.1925089480376,1437.28298337719,-135.161097154337,-23.3083201403309,23.4472564832142,24.8285207685976,3.40828269685041,-22.8926800549183,-1.52206371674827,-5.47025001423176
2.40245760484877,0.623895291251122,3.55693318075079,-5.64746238795415,20.7427507055104,-63.3539573207818,-1507.74585548619,-0.201415266453538,-96.0032141090561,10.2408140854093,57.5272456473407,-2.64357368742628,-9.97964478553739,-30.7128577829871,39.772091642935
4.13456360990843,2.01969722903152,13.286699897142,-6.9606604954961,9.84443458375339,-96.8775912060391,347.00914993147,-196.059069791666,-10.7824430092923,1.80813461130361,-66.6453123541489,-31.8646515744392,12.8243106779947,6.60616186123342,-40.6710166062423
5.23964051600778,6.12386008923012,-5.39914706806769,-2.36652441987916,14.4547290568546,25.5050308120947,-908.712318105357,225.781783801246,109.761483646829,31.775618090283,53.4118718870833,32.9971403534044,7.99760574543322,5.02559775162055,36.6977534164292
5.4667506576252,2.49789357127004,-0.46240399584697,-0.707490208212865,-7.89535221616994,-35.330290420396,47.9734343574911,-43.6108939393834,-34.4149953180722,82.9992855157901,41.7231742822103,43.2581373767229,20.613120553387,4.48367656234955,68.5782507194351
1.08934062622395,1.44688521953077,-1.64147336345179,0.538454993254232,38.8783430633693,5.75340928009353,43.2441088165055,39.9398098939123,26.1545989287846,-39.470851446787,75.5033447921416,-3.05148519004953,-19.4699290773118,3.29894308194042,-50.744144198538
-7.70413863881921,-2.56553854827059,7.46889050015231,2.8561596104951,-23.0978852603091,-56.546915476302,71.4769869128473,28.6338111128372,-9.0695572296681,77.242602732938,-70.6060164158059,-8.07703260605372,7.27843124663505,6.34528059206355,22.848953608056
-3.7277111710846,-3.38678912912995,4.05251645728562,-0.685892770449754,12.6532634081146,3.95529115818372,-22.4881262736299,74.7851083732291,-33.4896286272629,-3.00999077933752,19.9528293564547,-9.18885345948018,-14.3799325577547,0.994548966421216,60.1984837248624
-4.60907979712598,0.351987539525985,-2.80347459392644,5.13850837224382,48.7335823323978,45.3846647588981,0.324228983079587,1.40634876090316,-109.647520310123,3.85858003339783,50.5993713996074,36.1881573087749,-30.1384656856146,-52.6347076507201,-29.7851571051028
2.67450204350157,0.4144414514868,-4.19889125740932,-2.38516972879055,61.205570271393,109.061447623268,-130.461248341675,66.8976563493996,98.652804129328,78.8617870931585,39.7967015294868,-63.8270201690081,-1.24962021237044,5.8078378919921,-20.824148912815
4.31547684871551,-6.95793828858546,-0.456541507845525,2.53174653462426,-27.7023730574386,-193.361122230692,6.70835071099775,32.078359187178,103.847639409916,-39.0279102168804,-34.2279304834062,-5.64901904602521,47.6346381063125,23.8598216312801,14.9352503874955
-2.50106419733352,0.342268545786775,1.28230185919228,5.60803429613688,69.3024741286415,-53.7870420840966,102.986700391978,140.761033766236,58.6140943271019,31.1181241697868,-17.788707442702,-12.4216263586998,-91.4034273886824,-26.8751609599212,21.8089382982877
-9.99201937718946,7.1052588545253,-1.87653155852118,3.52678590682306,-20.9960711509588,15.1569932811783,175.805343547056,-19.1732913588396,55.8524101312179,-137.448074798536,19.3047060294806,60.4392951109929,-29.1058690513899,-0.617284044495044,-105.131829938918
-1.40484891102542,7.65614406755933,-2.55987597354418,-0.0332043887906743,94.2867552052755,47.8721353208917,-83.7000147067988,-45.8377963069243,173.455619065225,0.407926904560488,-66.3258693632681,0.664032531550356,41.1568110461475,25.3832164254856,-20.9551238017168
-2.02883402638285,-1.73539215500656,-1.95102516470379,-5.72843840445303,7.48626803206843,204.209083142518,150.466359573243,79.0137595036387,-31.2105330426157,3.00033183976764,-27.0098679685575,-75.0847394270265,19.9719212615486,-12.0416897680225,-2.24990308851085
-4.1677446179151,-1.90951890214992,-5.37626057376951,0.702253140539438,75.9953477406396,-43.0814891839103,165.663583616726,-83.5818987614158,32.681017869272,-16.4446237881006,59.035938646019,7.49506864542915,23.7919996438677,-1.59279050454564,-21.7762992800973
-1.73886647294572,0.103778182178494,3.17181911177309,0.353842620888845,36.7509312869106,52.5301011892343,100.682162793063,-178.611997834123,34.3271918081468,-86.1537359132796,21.0742342100941,-35.7080621232978,23.4888534628458,-1.69512418540997,-20.2079501085205
-1.13028940505524,-3.70104242102058,-0.982495162334566,0.61645973743125,21.9010421753964,51.3354866484742,-49.5159411188553,87.3201291962488,150.810360986425,11.1326132153891,95.2329056908955,-63.3345706639414,21.0864495595327,-5.29155937593806,-4.69612434558265
1.08911020993498,-2.148873329972,-4.25242792185475,-5.17480388324036,6.43932828712983,-68.0080750179447,38.9490630419693,117.788475633596,-168.018449843483,31.8826893854379,-42.3299777555039,20.6482134273598,-12.7025416098554,-22.0921907969245,43.3927242491961
-9.40507355836912,0.709330415633043,0.724489446079068,-0.750648621779927,-20.7483340669374,113.979522127825,36.0846559489047,91.4763998535159,-78.9556615699092,-11.6429454504281,-21.5927735673277,-21.7703395494515,-10.2190416225836,-23.7829653238394,-77.0299408473688
-3.23413095857831,-4.93326434519287,-4.9658181969659,5.54568451212537,38.2507586826234,79.2040021100824,-38.5129305624635,20.7151792357023,7.61708622050701,-111.884540193673,-25.9401658328245,-8.3680718849875,-26.2684627245861,5.78330020532377,46.2843167708047
-5.22766913914908,3.51486257707852,1.4757350986403,-2.46520654338816,0.0455987279681013,-42.2018568422131,12.1903266774372,-4.02559916892157,-7.08543117033896,-22.4164664144477,85.6594799031344,-11.2568907432796,0.577890693220628,-22.806797772927,-38.1250284779639
-2.73170398062696,-1.15161941271716,1.76254150403361,-0.477097775461592,-7.73289976887619,169.953505126145,86.8564752722356,98.9013988759004,-59.5044390641258,-58.0032632493249,-95.9903264095076,19.4103213009603,-31.5769891009156,-12.5813682351047,-9.71683057889458
-3.14296193762221,-3.66392950116683,-3.62173748384602,-0.0247612875578804,-22.5517814959941,28.3705356704075,-52.5533788384487,-47.363116561595,-80.5684149607906,-1.76700473714818,-7.86248363203417,-10.0875764863632,-19.856756195375,-23.0495912395668,-22.2950205053441
-3.33778331975353,3.08907571270552,-8.36001782475073,-5.1356522791027,-34.9391489394371,-57.0999865038754,-245.07479961557,-41.1485635469241,-116.139391846324,70.4627070532439,26.8815943128848,68.540275876357,-31.9432279198366,-26.201568171772,8.78492305065302
-0.817576464763312,-0.238435392652458,-1.37028948056972,-2.38098192455797,-0.750618129379649,25.0482776336155,-31.3854698635061,-47.189383386499,-21.9938386320494,67.8993356086905,-46.624847963787,-33.7868320593634,24.8972073024247,12.807977764385,40.3489572284466
0.440287849788192,2.31135990441812,-6.70886270173276,0.276017207565681,-7.70336050323194,33.7215339660787,193.261502391067,-298.960723973231,-69.609683562696,67.4088824076974,4.17908209294353,29.7666152286867,-16.6431450057511,-12.0590196645332,-8.02721890348536
4.41180127072788,0.493478728469227,0.505201651047681,-0.712868160480565,-51.4013817223191,-134.981725521883,175.465516095699,-31.9261561178572,-42.057148232801,32.9963143718375,59.1688623656879,78.5388973816572,19.9358022656597,-10.5763150550088,33.4795452086555
-3.78821977449734,0.814218007130257,-5.33351686750311,-4.6890309593734,-16.3931076536209,47.0171212293307,-48.3447497335067,16.5989846214826,-93.8414711236588,43.9043764379598,-29.9952530745854,-2.79235112150471,38.585430783725,23.8518971507036,-56.798212225215
-1.55212307540926,5.36490712700308,-4.84916744332986,1.33747666899549,19.6080354180821,-39.13227362579,-100.807355962401,-109.633204570515,61.4847587048295,-82.5659690857896,-29.1967555387379,-0.614117817272518,32.3800509523634,9.24084373959602,1.01424104585134
-5.49671925472369,0.889377835650778,-3.03129256733038,-0.282943549373287,-81.5473244167369,-875.528837177992,-2.58417682397957,-144.228530912225,-38.8414649123944,64.8445743141755,28.6046129454737,7.15125464804144,-0.127133609307943,-3.80354449717689,34.4413959147935
-1.95460290305359,-12.5517414987622,-9.61512100605371,-2.99246448508998,-45.1128287004063,955.257962146383,64.7830084602622,-85.7285489588976,144.665821471114,-33.4022527675943,83.5302737476992,-17.9521824109609,38.9999683257495,0.924969845890019,-30.8511051845109
-5.00844045813266,-4.86051159438489,3.42222415183696,0.729036562308668,43.1194584296283,-179.082310875871,85.0237030248086,-40.7916819291681,-12.1915859576481,-100.122911720623,-38.1720390710807,-2.31194967641052,-6.73950503582191,-32.0411535562576,37.3273835169945
1.34788635639658,-6.83703754932615,0.564758584979463,-4.54548948762429,22.7366842052521,1408.93449106195,185.057037299154,-57.476694753634,-14.0121186310114,-44.4481705805091,-7.98183484609346,-1.43378017950652,10.0401895096197,-2.91279007397806,39.4398942433356
1.64438034778887,2.21868234632765,1.4382675617338,-1.42907940771208,12.8694702495361,-1662.36300438541,55.217076955629,-73.3387062238699,38.659073084968,-43.645003948424,-4.02700163310755,29.4819042570164,24.3264859803571,-23.5316889329665,-35.9874397398325
-4.61451133275621,-0.774069887279469,-7.68438528358771,-0.925884290047485,61.6218067832536,1411.08525173239,-1.9084283306862,-21.4635466207587,-37.6411754175396,90.0059593498325,-136.619745749341,35.8975302697148,16.2406763800205,-22.4735664789954,-29.9994502847693
4.52328780136474,1.1697436701906,-5.32390001662782,-12.4965057776876,15.4699361022711,-44.4649911364847,-271.730916227421,144.789186224667,-78.6611050605768,-74.0573238571333,30.3604523741878,25.1052026178835,-33.0753042334811,22.1996616175209,-36.140829411764
2.34393076403783,-2.11819897817091,-0.59228768417588,1.79970623061129,12.4500641314859,-71.3830986565134,105.444697049817,70.218508073679,52.9232191500395,-62.25345730814,30.3422452946952,-46.0979237008915,26.6546863946321,-18.3300701602824,29.9326352326073
6.28026218990304,-3.57501119963579,-1.2431673013244,-4.32965025764913,-5.35880033562947,-3.53057253446887,-14.5598610817603,-138.365252949764,36.8643358872899,-63.5526370563441,49.4130701531437,-9.08857863327058,-13.9856769443183,-16.6383765565313,-18.8212667861913
-7.07612028039227,7.00635934082353,4.11071620043275,-1.28185699341804,-47.8197555269319,69.1427915296352,81.3129024139916,-2.8902106829224,-30.5348442217519,-70.1834831066803,-26.4823701594059,-48.3370467016506,45.9464401957538,-8.64247608996575,5.31733613318861
-8.36260304523346,8.90777208180764,-4.29607652262918,-0.947223893224046,-6.73273009289983,-1.42699549601464,-177.694105081047,22.1450195428923,-148.019369485187,-69.4910057129261,-4.38080836790076,-51.6043804961645,1.21806983672355,18.0786499207531,63.4069868177914
7.28361046361649,-3.65206655513666,-2.73454803582276,9.50188501380679,-77.6130874181367,94.692987623229,15.3395596373245,1.87581051363847,-84.1003913564013,154.091439343102,-2.38824937593772,-765.52848005368,-11.6724691969058,10.3778591948206,34.8201572947391
1.5658103988223,-2.55288317080959,-0.719379502632871,1.22039152264858,68.163521835675,-113.370210548779,-201.843191954743,108.697884395964,133.414134753822,55.545452249937,57.3285595594073,-477.678114518796,11.9722434378758,5.36049009805582,-15.3288635831045
-1.21130586589688,-7.02096973997741,-0.416292086242104,3.71860030066994,-36.1526380263172,-3.71216315692794,-59.7231982457276,-37.0412558421061,-76.5912210777307,-31.7670845129093,-3.72798247165374,316.28961757525,62.1638864462407,0.18570696521676,-52.8164144722755
-7.5601318981308,3.83206991405928,-4.44812631754967,-8.56035852768978,-7.67361496304523,114.201226459932,106.153902836677,32.3051706095286,-103.645886574415,59.4318827331818,4.96364699358904,477.548381973267,24.2845738728308,-13.8013203641877,32.0783532117886
2.58479481972826,9.48650944413105,-4.34271187819186,5.73735854767823,-3.92653939065148,50.5298917595773,-109.713894295297,-10.4257820591001,47.223988089425,34.5529039469954,-44.1819298910245,-365.120037914362,25.2746138606923,31.7739342934132,-11.7823485275742
1.59730223718871,-5.22946478807798,-11.9731056999867,-1.7579801758756,-6.18420078583065,-37.5788762165876,-187.348186112831,-41.2436016244844,-55.1156580639434,49.9479670048651,46.5627136128573,357.571203249485,-1.08657401391184,34.1930612566754,-7.08075198345621
2.09977026582928,-2.57812443787017,0.448205987266469,-6.1559138857413,-18.7871816262896,66.9027234769216,145.760721865493,142.512503721347,-43.5533716304333,-65.5227398050394,43.1024371685583,284.918289981718,-5.57384971913138,-20.2039076374453,-39.5900450282119
3.35788771405009,-1.04672135691534,-7.72423557880151,0.914821570485712,6.14628889255115,37.9762098381798,18.1387875529511,72.4665984379163,-58.959007013798,-144.069621634471,-98.0212319834602,-407.218439133267,36.3196027308037,15.9267639486601,44.1501629555775
4.26781691471332,7.81705779350413,-0.221217360065214,-1.1192640449152,126.205671513979,2.66089176003105,3.85010126482066,9.90756872634182,41.3776317792835,-12.0844579841211,577.188576147043,-499.270795565301,16.4347154886906,-11.1971952697509,-10.4279968131081
-6.60962336916918,-5.87829595820134,-3.1896294345698,0.874474178284414,-69.6181987749466,-14.4091309924823,6.89965050406948,-71.1030848312457,-24.6256079893937,-47.050218947688,-444.45504996612,27.2120739653462,-32.6940077927333,-17.6851212678537,6.34793697678022
-3.30450733894311,2.19236672123315,-3.57076516810225,-1.22635405350371,-20.3569218480094,-32.3475375727467,0.197965428564115,85.8058327790769,119.621667592011,79.9177025247483,1054.1676894141,3.71556364297956,-8.02694190622922,-13.9231480792505,63.0511731221543
2.62650983171696,0.334843122534611,4.51491211144286,9.28208233576705,21.824066140276,-65.1192381908108,-37.7812378520942,115.698871744381,27.1018795792527,-70.8826422783515,-373.982226390057,12.0653047190011,23.4694846761621,3.63582799448769,-17.6722109282823
1.20137856452625,-3.72297241227211,-1.08468911482604,-9.6207557599124,-54.5828282935707,73.3257119757879,13.1243743514927,108.950080368562,109.474663373814,37.1863818117702,-574.974530169465,-8.9337802672105,11.9903855884334,9.35072305110342,-17.7980063748614
-3.49780365235201,-0.363806758219764,-10.101683823961,-2.21444269829523,-52.7125492059666,123.536860198012,0.562842210330214,-221.217382830712,1.46643780859304,-72.19324147703,380.017197370133,-26.5722808258162,-0.0832319919053065,15.3524788624459,-14.3374877033606
5.42469368601012,5.08894499121703,-5.6799181279117,-3.26602543673015,11.1135337839648,42.8214141312778,-68.6770271660234,-11.1009459353086,-42.3648889658239,-50.5655796189768,34.8752466708741,-6.72614416954233,-10.2631290063569,-13.5622958991826,-28.3827006665541
-7.94476148051087,-1.68987119057408,-0.0391966303601319,-3.74787746019485,85.1917382716969,132.367285219104,-93.9360563424944,-222.6156554238,-144.722420259939,-24.4350912976391,-47.2100997882273,39.4866459886399,31.1864960332833,-2.17222433022152,31.5127042387602
-2.12740011488046,-3.09936005211885,3.5486195123546,4.24922551107657,57.9015631643473,83.4058778185062,-44.654861247927,141.300225909973,26.7460579185795,-6.96764788571265,-11.778817068303,5.36391820924328,70.6843077163042,-53.9281893132655,39.3256545351164
-3.01148936412412,-3.7101596324877,1.33139988072559,4.5437754598464,-3.82092493863788,-158.116915322007,-62.5026192682667,23.6581782446308,71.7985551032969,92.3092120094099,-8.32654313969179,16.4676379147407,27.9520993816403,5.57018793359879,-38.4248556636349
5.67481629818945,-0.0934572229791336,2.3179656201717,0.603411155067511,16.1455410076419,13.3309109922572,67.9766091148558,-37.0073348437309,14.0666391708994,22.5923308121861,22.5224930200605,6.31248503411103,-5.88143279003539,4.9232337298998,78.8690077104627
-5.20251146631453,-0.437875845384379,-4.079334628035,16.4193395496569,56.3964578662521,118.100778087435,212.220517733124,-188.95481091093,-100.513816660705,-12.8770161140047,35.653241890136,-29.1648167566985,-1.12142730010641,-23.0326077915209,35.6628517638911
-0.257390908956644,1.48499006966537,-2.34528454499645,-0.57490131659748,51.4394793402571,206.37374748506,-132.894252684099,72.5216112918331,121.990240452086,-51.0428811964236,65.5101787506829,-8.61160840084102,37.9403836458285,-0.556640985781503,1.95485287110269
6.73819510542884,0.608122058029291,-1.52034629178504,2.5025200472735,-20.5560653561831,-7.64008820205604,-81.339790248289,149.004175471195,-3.01220406965625,-84.8124613598775,-47.4223353056861,-19.5671364251223,-23.5480549800118,6.8506686092582,-55.5199549468307
-2.85901958353166,-7.18491686727759,-7.19308644336285,-3.07095547560964,74.1275038157479,-151.508537093048,-82.8707011954832,-154.42218067916,0.281830646232045,-48.4922283532045,-114.464934514173,-6.32378847753613,-9.90010033994226,-9.90732910469573,5.12944283271527
-3.32399218998812,0.616590052931669,6.58040507759661,-1.31824926070913,20.202025507097,-23.2050521992826,-6.08770545048872,-10.4564610436338,48.7507217674613,61.6950707303974,60.3644338016915,36.5973738650057,8.36614229312335,-18.9074228355407,-88.3823747106189
6.21741076972535,-1.72703295526931,0.352989433217045,9.26845907718744,-24.3454136702578,-50.0631629183253,-63.0628740554981,-35.5645671057753,-101.585774776251,-9.15590131205174,-6.94707362928424,73.2252553688173,19.9572660927446,-46.0217192777522,-5.46165210278604
0.91539872402827,-1.5712619290834,7.38798731576068,1.04638706569059,19.9305926100789,-29.4419976959139,-390.391336243133,-22.8085765924207,-180.807394706902,-80.1043779093964,-56.8145162100107,-35.1297586289899,20.2671436812664,10.8220206130713,-20.0885911467423
-8.72718808563839,0.0182477369046129,11.5038603873806,5.03532373557765,23.8248024679863,8.72855855404817,-70.6317015065363,-23.570895121983,54.4480928067443,-22.6372703752487,4.50446530786449,49.8806349775833,-3.95425526942593,-47.0089433832567,-34.4127695154762
8.14776977541727,2.78967372116678,11.563671007833,-1.80937146391789,-56.609114870166,-90.402622616125,26.1219912420626,11.8640291401728,-6.64327214345237,37.7431392442602,5.89584657415192,-86.884205732147,-91.2983269378635,-37.1040279003312,-8.72730891092522
2.43272194276563,6.71864785750033,-6.57600559706529,11.2883355916874,34.2963797206915,-101.209456472208,112.130055771804,-102.690468914424,83.300619940646,44.8930606354797,-43.4573125913738,-46.6603081715928,21.421492448778,-5.11154757362763,-11.0346861889371
4.8753401258365,2.46335068928293,-0.809547802267651,-2.88048253202208,21.9024117382179,138.249454422754,-83.9330826878194,-208.360453141681,-92.9715093708257,91.1880836883495,25.2639202584423,73.3359911230787,-2.4817706851988,-43.3537578802427,-36.0009441643688
0.516990556439601,-0.340327859045677,-4.63701281998071,-4.09257556705501,23.7927594876131,90.8015384936123,-105.362880471358,72.9512232574128,92.9267322627485,-28.5072137596998,-41.4648507929954,56.856949002814,-67.0222282463033,29.3081015812278,-41.2937211466915
-5.90586243447542,-6.52340426195938,4.42798719107583,-4.74375170444003,-27.4752145028592,-92.3088491805633,98.8590058767961,-86.4242415836354,18.1733476518389,-65.9693451208167,-1.07129618462354,45.2241768931815,-41.1327436260776,31.9779932430461,49.3727847581052
4.73167014673582,-2.58237810071077,4.37333135749079,-0.203914822741071,80.5095632727673,-60.2045514505049,93.1574114120459,73.2713526471026,21.1643446085697,-82.6059429955044,49.5461128410331,-57.7395649522383,-28.8986579399768,22.8921308844474,27.5279268484388
-0.679516746575179,-16.3699934054513,-4.23557142116474,-6.7774413105113,-34.1375606745786,59.5032510893567,-59.8199027093766,21.0536941981321,-28.2726884180727,-50.3721310707734,66.9003876113078,56.6710914595498,71.9826997444518,-25.8753559107305,-75.6503889654332
4.48899109536398,-1.46412477735946,-1.62379965238697,5.86586797154968,-37.2840983465119,-107.314313769462,-110.184872789403,-99.0457569709863,-81.954493359093,-1.13636064452392,-13.4554531589844,77.087149083633,-0.869816855015272,47.941739809497,54.3394037428068
-7.78889476536217,2.03058335988377,-3.83426493518763,-4.98082018401012,32.1688606069154,-27.0321795961779,42.3244843869283,31.5811919683271,41.4484550720972,-80.4354140222503,-13.6646690627714,57.2181552628987,-13.1744199707398,-19.7879560899898,-70.9128002542034
0.660763798268987,-3.1099360349076,4.24919896172055,-10.5121086585246,11.3878328192256,20.6571282772963,-53.1397114712279,-163.632753319174,-24.7818595005197,9.58865082731066,-16.0906055668961,-63.3680721279388,-10.9837855247857,-16.7048549978637,-4.750521208521
1.50692337116469,-1.50661677052601,-2.10278916635766,5.15701943161393,-12.3857462933741,-91.2768758094219,36.2127165483914,-64.5186853950712,-156.236998648812,122.38198404261,76.4230090871743,8.08989713421771,-28.2112163562731,9.62024361365384,37.7965335642552
-2.17003533176393,1.89401030491938,-6.70681505753971,6.80141352283462,-49.8799448312704,-73.2931806342473,-104.333161840239,-34.0718581410142,93.6006180750228,2.76870956544098,-45.2231773891686,-4.49208676059152,-61.828127027559,-4.5453701602113,-12.7248358307344
-1.10456775754331,6.37763195146885,-3.84262583341219,-5.81400300105319,-16.8594378490983,-150.212670967422,-33.5207155183059,78.2295144514717,26.1282934437221,-129.242182935446,-57.1681649764501,53.7599988515949,-52.3388629832592,-0.291966818248525,-67.2109214303483
2.67284764642301,1.20141709055698,-0.741654394149343,-12.4387541882895,25.0965288763159,-116.769377097807,61.6857432495349,-100.47259881409,116.858358571866,-30.1463278771501,-43.7810117799998,53.5603902527124,20.1759815157079,-21.7815348537804,-74.3345325845566
-0.685542613629739,-3.29511880986397,2.53819053328676,10.1342998672523,-34.6972641181745,-21.4218898349792,-102.722287170491,263.274441050827,67.1206721229952,-39.1196991002577,58.5362718905494,-7.78890677959917,37.6701588435307,-21.3582408505923,110.512262125613
-1.56880794126722,5.86822597670757,9.93418077841361,2.58501079072746,107.469821797018,1.90985511938894,-94.1786889126211,-106.016828094315,-33.1901745629,55.702217462837,-11.9132046780081,11.7007827414384,20.4374075092033,9.83587251195064,11.3667261793659
-3.97348053483077,3.25300741157584,-0.670973116240394,-8.35792407374424,-13.5020721931921,-111.806811208238,3.34712950194296,-29.0666327221265,-90.9065398069467,-18.0293012843445,13.147300323289,-6.78499634202505,32.6650757387837,-52.5857375748598,97.6023604705319
2.63416147540595,3.51226769130767,-3.81798697303523,3.37718836993571,54.2853667279879,42.018100254872,149.720228536451,22.2795203167052,-58.7156301896998,-26.4957278932811,84.1323053680916,-40.9311352287129,20.6474864888286,-27.29945645391,50.3693796582261
-2.87387516125301,0.54891721877395,1.32289759175192,-5.01684270337209,-6.33151216321748,-60.7481689617583,-75.84160741444,-168.20777632284,128.422481015878,-60.2430456118069,-8.47770595137804,38.4053646824453,39.600014676817,-7.00595328961359,-40.8880163495036
-1.40931362829289,-5.57861030451838,5.52709470218218,-3.77770534751447,30.146591578944,3.44444988448161,-78.6291207893502,-171.436775824708,53.0553937489825,-119.173706663352,-0.874201354179097,6.62359466111102,-50.8065380942246,7.00038709784629,50.729452825185
2.4812099548424,-4.41905673683634,3.88479029341622,3.45511569253916,-35.0616625058015,22.5021491093179,-133.258448004994,-203.2173524067,72.1260429057809,15.2216307394099,-37.0675248650448,49.4038234029356,-25.8914722286947,-16.7050220480845,61.5751333792219
14.6830791093255,4.53918083615406,1.18456930656252,-0.799147570742305,-33.7287476917048,-6.5191546929623,26.1430231757336,-47.3565299314573,-6.0651936563562,-71.6160933329496,-86.4491537980784,-64.181333643476,-24.8024240488739,-32.3803447557698,42.6737937100584
0.240891729932129,0.558419002252778,2.11692752214583,8.41654268923185,-39.3025586798348,-37.1423819414696,-138.98250598938,251.019376978838,-195.243548160727,-78.2901006493606,14.704822604634,1.26733241985228,-3.19926265808175,-6.43039450568852,-66.6935120162562
6.4494428052188,-5.44901294313969,0.259999805788904,-2.92697744209228,46.3873932010213,12.5223853242446,-7.97379176752408,-69.4221950120432,41.1579642266966,105.984131798398,-70.641207693899,0.469338775203207,3.35168274839156,-24.495906180158,-32.6993502759939
-5.81115389636339,0.672412962170541,-9.20947592079448,-0.0611902320151313,-73.1892805560154,-140.539730539471,-197.088171057463,-21.5310439603371,-29.4543454150769,-2.23020986009831,27.0236461157635,15.6963631404834,3.88187311415338,7.96958118341829,-84.0631972925195
-8.44137753102316,-0.861566143914869,-6.31064759343151,-7.05721067974538,-4.65429574601848,-78.915485737221,-82.9098495235131,-16.4115573493585,-55.4024712069472,66.0055957481658,-96.8044375918139,-31.0838076030441,-6.20768547100408,2.84623038672906,12.5151969722596
-5.70179938166787,2.90525577373284,0.806965919418754,-0.843556174947437,55.7719125821082,-2.22448747870075,-188.204447215988,-42.5000521481353,-51.1623541014462,21.9055886653927,-58.0843184447735,16.5270043801788,-4.84676760686867,-14.5674419425067,-55.5459079798861
2.61516430852272,-3.83232580222957,5.39120114850593,5.28104510860374,23.406142274446,-8.26764014803677,-54.443858935188,-59.3215044277383,-2.66808581739174,0.75421249998512,-81.028736754469,-35.2773736218342,44.5902799410755,23.5218483363931,92.2464739559251
-1.2178329736169,5.91970940696833,1.92789171123151,-2.64583909547943,46.6969924390369,84.0839132507488,-143.983424869464,3.58215234737649,-48.065200933863,-80.5574390390749,-38.0877409770791,-19.7399152326719,-203.610644311872,28.949615333601,-59.2233679122029
0.474428007597187,2.92096738661697,-6.26484007284609,7.68219398412178,-40.9638981991648,4.4015454972129,55.3681057454542,252.113260975559,28.2025714245172,-129.422874663659,48.2894106912163,117.263835727108,383.276792635598,5.02108066858007,45.7767735842567
1.4979255722169,-6.56564487268858,1.4129094620465,-13.6435875290285,2.27416007492481,21.9641585494487,-4.65051117261493,-5.10145535525338,-126.237585761831,-56.9012557745266,-7.92827331059738,-35.8968503988934,-257.076832466585,4.21224714876039,48.7718688143109
-0.252037564274927,4.33243168048373,2.46638301393647,6.27319517151905,-65.6796230036936,47.1850292670293,65.6451761018628,25.783841107539,125.604225918518,-24.4779609834106,-17.6273209410516,-2.48435340681237,-234.571784672714,-39.1193517453514,-23.7532118551337
2.87380026619808,3.93162874031848,-0.110169195851956,12.4228475583341,4.44037824162608,-115.868712361514,-75.6001178597124,22.0125174755512,0.807144352005446,-62.0734725395435,-32.6118284143234,1.53053268377421,758.327120650352,1.128778143551,-11.8575843135672
5.09205309874308,-7.15169468213459,12.7830527809043,1.79550301777501,-33.0041422266923,18.7645237931017,-217.619365277312,-23.5628207777886,-1.89120746780407,-93.8601812390646,39.0106131502568,27.6033175367679,-433.245618604882,13.6462482738476,-23.2725375570014
-5.35999543462849,-4.20493802261833,0.547845266820514,-0.813582324279343,63.0627651234466,-80.6039946300567,105.698340069271,-52.6293825204483,-62.9970426018923,15.3488501537431,86.9159180000012,-30.344751945156,-340.277429824572,-31.3246704158101,41.4099323879096
-0.281773316322754,-4.83407269507556,4.52249348289111,4.83867109087592,46.6073497194898,148.511914234694,-73.2618636124035,241.590916396606,-97.3869416187058,-17.0677111520122,-34.2203175029034,-41.6590118084296,-238.806869668303,6.02827193285174,-91.1834398861399
8.2989873471825,7.03314770152369,-5.94925416066172,-9.10543160271911,-79.6599974954041,52.7544502618512,130.497522028332,55.030425782983,59.4258470418228,-34.357220365635,2.30211271754755,3.95321390627032,-235.687340114766,-6.5485777793889,70.7836060558235
-3.16296097643113,1.94232333824917,-1.08614884934797,-4.03134935132582,-127.841345200064,33.8755996814028,8.04174918910898,-254.2489053346,129.589476400869,51.9586772113295,-42.4472483691567,-1.24209979044233,-205.355559846572,10.7782946504892,-33.4706974548074
0.0667720831219122,0.0597882583700087,1.34260041717257,0.745239987889645,-17.3319512141228,-121.568503330051,-34.1379321076056,101.528830517709,50.5627948689448,0.244768450159075,-13.3312452057736,12.5441229623136,-186.565486191551,43.8435934169826,-7.52734557389444
0.155631982035646,-2.076994681508,-5.09200029532305,-0.0281066990458248,-58.3143210390446,-53.1647679090529,40.235081118116,-130.9811928445,-66.1286977079433,47.6941038212616,48.267994942241,-34.9811687143877,530.473552829104,36.4743168310512,38.1442998550611
-0.50334739801194,-10.5709403495965,-5.92783595866548,6.52097907012432,34.3128533292675,-63.4981504470419,70.7871974232491,-68.0012950612525,52.5747727681639,12.6627012416919,-11.4656789757249,7.18429868218102,408.541966363312,-16.0790267371204,-37.1007179265248
-4.13290639921872,3.26508850369895,1.89910090355841,0.971968874619491,44.4018746425934,-87.5201678204094,94.5532106617068,201.121230025406,10.7658289984184,-17.5933008770794,-9.49748564268084,-50.6007976471894,-254.791674991734,-9.49689689350696,46.6893929711648
-2.46098569025245,-3.93335328933226,2.88981812878376,-6.42129875237096,-8.44359757831141,26.7355164114727,-60.4783356094476,171.27683891284,77.9669256283635,92.5705896961807,30.0007932242392,18.5369066377292,-67.8858322871076,-13.441530614821,-59.5444028648808
-4.18863648976342,0.513748209542376,-1.74809052966574,7.44925379839428,50.3320392606661,-48.6179778030305,-64.3137067625139,6.01966821240753,-47.4062359587941,20.6039420878219,-7.14985068166409,-10.2541544331492,-323.530495972235,18.6941724683277,71.2179177312383
0.498777574810549,-2.60520836805979,-1.91863150566139,10.4608544954998,68.8705830033134,54.9627192043455,-67.5143912603334,-172.533748042506,87.5916169605503,-40.8122987356875,-8.0674848536271,74.5086406835052,-7.73592790300302,16.3400264600748,-23.4137290850139
-4.25793229400792,-6.27275215910558,0.512948550608049,-9.6100082848352,-5.95273830483595,-76.8485405855235,-61.3017110126039,40.6841916426219,-47.811192258819,-75.8953217758917,-34.1488259163572,-67.5549481987353,8.99712972380727,16.8486711755072,53.1950081719168
2.56713756497515,-0.0736229733285568,-3.8260594278766,3.69488898290165,-12.0520954641386,-116.118569875197,58.0263491195146,38.3183848345068,-28.2658269768128,-2.73983470945402,46.1817158396399,-66.3174350258253,39.1575295476035,10.5896010646493,3.2301680564749
-3.91349488372405,-2.08148702860631,-7.54620108332959,-4.61068234257025,31.5486886816941,5.14381939914467,-118.393172853115,-74.0731991357959,144.565056049915,-76.3343046940569,-30.2364289208923,12.9130373721783,15.6631294869375,-26.2368423104518,25.8585221726384
-2.20255613354097,-4.54439921073558,-4.52196327136911,4.58526916656791,-23.9902041141419,-96.6457835947436,-149.161594875239,-277.67002851779,10.6317589523551,78.2798753211237,4.35667791923707,4.6076128445911,-21.5592864344552,-38.0680949387927,-82.3984166110924
-0.147851783089567,-2.88270430814046,2.0889923562051,1.36836308711503,-16.5732561814685,28.275197540118,-22.4013889884648,159.525948927745,-67.8364735331502,133.844304703239,-16.9718928459997,42.6240920351214,26.7950334585088,14.1919402325449,43.2643468007898
-2.92587934226429,0.753882622178168,-5.64302099464388,5.80053146689647,80.9932594241957,-28.2686634879957,48.3979012692914,-6.69811896481496,47.4288636789899,-51.2653697879442,-1.78157713475787,107.295728540208,-53.7790174620096,12.7922811171609,-38.3027670689795
-2.57910915557148,4.40766092974886,-4.62986534523032,-4.1873492648753,-36.4200584739125,-54.9329841192353,217.019501636371,-181.763544044461,4.50471865536434,46.9930066374137,36.4750602789687,-24.4084843479239,4.12001011344163,8.13936197391793,-26.1500396231891
-3.52486084801104,0.342921743778973,2.6013269837993,1.46697450054336,-46.2499619553689,-109.398318747761,2.95683679498536,-60.6254306496637,112.088500863098,156.190187996097,-69.4172780420043,51.6669238116057,-31.5674290474789,38.0610331907513,-66.2018857226337
0.969452910205518,6.2349569971203,-3.10897203286309,-5.08026704236037,-66.0379482702675,61.4476076571231,-56.6326011007515,183.406001341656,-3.68742941577137,-1.85854513387291,5.72525103263927,-94.4101178271369,-3.29400495353475,22.7385759004789,80.979575914694
0.670162515375234,-0.393333731505675,1.05340780494079,-7.41381721667145,48.5750087118265,-40.0629127768191,-17.265241739321,209.021275736481,38.8225938164831,-44.8855821562677,-26.7283690397612,-60.9354993430515,4.26095544274126,-12.1130733859038,45.8726055093278
0.720270250327412,6.2303629355107,1.72980182707654,-9.01448656307257,78.01570401029,-1.88706870852207,-140.075077743231,67.3315172006758,20.8058832411781,-59.4410495117551,41.518779961565,39.5401975770034,29.6214255585688,-14.9151911699618,18.394758569391
-4.86145559777416,2.37716587905882,1.79410610755402,-2.63910047275592,10.2747621213955,19.2735141366272,-51.580207930309,-171.330365175405,-29.3676432383264,76.2050190187795,-41.4772894164531,-33.1618841268679,17.6135660756826,-19.3765646544374,40.6743673440098
2.64281067826604,1.93095328636399,-2.98625162713387,-6.9490463960538,-21.3256753059344,70.4826879826907,-112.922644956245,-153.916197058292,-135.069695126747,-131.983005459369,-2.08027693275739,7.21217544317379,-20.4826890011404,-1.11041116060358,66.3971819075114
-0.438476863562302,-6.0243662670855,-2.15528907010646,4.57965310187067,16.502367592732,-54.0092064805909,127.824886257426,-48.0524382053479,-88.0320530405265,-37.5533686162635,-30.3188340430777,23.2327944750206,-8.19202764603464,-19.259960912906,-88.3112697463441
0.440243473592742,5.78119477760046,0.358089436025629,1.013727487034,-11.1933926870162,-87.0140812727292,121.007105404571,49.5039637860288,26.3144100985095,-9.33064469999437,-29.6583296595021,-13.046693391625,7.84865631177633,-24.5534554426258,-30.7695975762729
2.90942438318784,-3.65124373331128,-1.37346625659053,-2.15417081482346,-8.46498121152449,106.912570580189,74.853391059698,6.40844411145173,135.176918751727,1.25156334824866,-3.69802427608886,62.4745289092578,-29.253284899368,21.1758846448924,21.7005376966928
1.46160319240302,-2.51624550553179,0.494975989581699,5.68839480483848,-33.8814780888623,-106.228849766559,-133.443737688614,-62.9549737432015,75.999112312861,141.344969063875,12.8560520223744,-74.3702019947299,-13.5141012204002,29.0240205518655,27.3135768464993
5.29335814669533,-5.23375935432451,1.6509137357877,-1.07806843614464,3.28408488867181,-5.80969952938139,35.7858775033414,8.61523886394428,-15.098103851228,21.0027749718255,31.1421627261132,-41.7545118207757,5.53467878544566,-9.09636365041208,-30.845893549157
-0.317017824202775,9.00389859560127,3.09364306509318,-0.945656514049036,-0.171551635187592,-10.275524706178,-17.198213361467,-178.624352278214,51.1999172999968,-43.497216941042,69.0655703014962,72.7616488554685,-18.6886837870135,6.397905031052,60.9643282228538
-3.2280937640023,-4.25100332462758,6.61122610320378,-2.97571142842718,-13.1948082862309,-44.3818393046384,121.068107631357,169.62278896503,-29.7593896581455,26.9794897430017,18.478480337606,70.2195474194074,13.3914623474535,11.2383271727017,-56.1748420143668
1.01006536997617,-5.1067711616257,6.4111356536728,0.0399392571183515,-36.4230116796251,66.2091827176481,-113.952643750851,45.1269429817305,-88.3297459156771,-59.2239943911504,34.6167648543103,53.4439012025344,-22.1545587958277,3.32593020077756,74.9317914863264
0.848119711457242,-5.39955428582882,11.2755412466705,-3.85242438266833,61.9417341385071,-97.1647884642188,244.520783896055,19.3723198358515,15.977961373959,-27.2288207291264,-26.0386595497389,-49.2659336267467,21.2981723041709,-26.7668047049278,-92.3313235774814
2.24288574096324,2.66235060533887,2.9671437318244,-1.36651075323706,24.9705060777004,5.03328228984723,34.9000679131361,-126.228189030198,44.5635695541167,46.3329898817184,0.723219371324846,-16.7518283900317,-2.79066747346311,18.3102032909047,-58.8872910141152
0.713093611120273,3.88385567601406,4.17879435737399,8.28758935778581,7.68561064613811,25.5305662300004,-212.418722346213,-61.1841038676884,58.8861660131526,-1.14672634772589,-9.97270643970257,-32.1439197255573,43.5482239506086,13.113542279806,-34.0129561803186
6.66341460962154,2.87368492306452,7.28385302496912,-0.999889916537732,-26.1777707392926,-52.8206724036636,6.77574736745351,-15.5449988079536,-27.3229198980692,6.87234153031622,2.8811568444676,9.53031863645511,3.36295184975325,50.3612378266546,-92.5233095626746
-1.8401190879671,8.16555151113844,-4.07868291360051,6.58781072959465,-33.5068158497794,1.62383138153,-18.6718376432382,94.7627402770871,-93.6499582843859,2.6709825372271,49.2419111586209,-24.7920982699508,49.9697625306485,-19.1582884986339,12.4785227127067
6.28162716772811,2.14922933190211,3.26124547210071,5.74352725032274,16.0480078576215,-0.423938070890036,-2.09477054481538,54.4798237402394,-32.6813937426673,30.1141747355131,-92.0799636886123,-7.59070299636947,80.6727948891719,34.7358399624769,57.7824241486062
-2.81578075941256,9.8001618853245,0.125880181944985,1.81420544635111,-25.7349434455038,-22.138909675214,15.6715479624792,-71.2013777357684,-145.225030003823,-77.2596014555948,89.0664061638718,28.5841432838725,10.6900493856129,-38.8842045822209,66.4836199711461
-2.09775413698708,-0.633514922234268,5.18630827345218,-3.37931929198081,-40.1978336234058,24.8628343488857,303.361188595547,-124.734452092583,111.691527142134,32.343625866066,-28.1226567397508,-36.6857589662381,48.491021326361,4.34310737564694,-44.0125667261358
0.500988922737211,2.95116213554975,-6.36553935689044,-9.75855475727468,-50.8157908573602,-21.0425718916752,58.1407024050981,133.71650406231,46.3346632950379,-82.5119976998283,-56.8836522253288,-76.1209594232331,-17.3759724307314,-9.0734693010383,-32.4032450266334
0.550715161982244,4.92737797852648,1.17285804534335,-5.36319265736639,46.144016821129,-44.6067976078163,-203.236965317247,-38.3576177117237,-26.9920443541623,74.5071413916063,-45.6901437906509,-33.0113361860654,-5.74900296011034,4.28725118008568,-14.5789945496137
-5.88466199248568,0.329481450190232,-3.26588540784759,-2.89817642970048,17.7054685686599,58.1648882987104,52.6453147137022,-80.5684088177306,20.997282056421,114.187477448948,-89.8637790458128,54.3380725048785,16.6343085079557,-12.0052560027016,76.701940224667
