 1.05637
 1.00012
0.819882
 1.07197
0.948955
 1.09609
 1.03489
 1.08074
 0.92776
0.878138
 1.07928
0.898483
0.959767
 1.22364
 1.12699
 1.15448
 1.27273
 1.00377
0.947196
 1.20316
0.945371
 1.08827
   1.118
0.989793
 1.02697
0.932823
  1.0186
 1.05847
 1.08874
 1.03905
0.997391
 1.16053
 1.00441
 1.16644
0.987123
 1.17689
0.986241
 1.04554
 1.07171
 1.00774
 1.02666
0.993094
0.968192
 1.00333
  1.0923
 1.14064
 1.12826
0.870942
  1.0808
 1.03555
 1.00632
 1.15649
   1.064
0.831431
 1.22082
 1.01642
  1.0788
 1.01773
 1.15145
 1.09919
 0.99485
 1.22718
 1.25314
 1.19726
0.998028
0.918908
 1.05111
0.914712
 1.08564
0.963927
 1.31402
 1.02837
0.963067
0.944855
0.965594
 1.07193
0.994683
  1.0363
 1.18689
  1.0318
0.979524
0.949799
 1.03426
 1.04086
0.968628
 1.02637
 1.08743
 1.08923
   1.048
 1.11673
0.917136
 1.22685
 6.73972
 0.91483
 1.04664
 1.17833
 3.12969
 1.92895
 1.17294
 1.12634
0.892172
 1.06359
  0.9162
0.890652
 1.17737
   1.028
 1.03657
0.989511
0.950159
0.981347
 1.93029
 1.03815
 1.14667
0.916376
 2.96062
 1.04195
0.997095
 1.02573
 1.11827
 1.09867
 1.70351
 1.08928
 1.79675
 1.01419
0.885371
 1.00875
0.924024
0.982161
0.871908
 1.31308
  1.1552
 1.09794
 1.07945
0.897342
0.881022
 1.08112
0.941969
0.972233
  1.2084
 1.08378
 1.06852
0.992545
 1.12855
 1.03541
0.940369
  1.0247
 1.00792
0.997952
 1.02701
  1.0729
 1.09334
  1.0555
  1.0264
 1.10989
 1.03547
 1.10539
0.967666
 1.15901
  1.1301
   1.056
 1.07256
0.962523
0.973268
0.928911
 1.12385
 1.16952
0.931343
 1.03915
 1.07321
0.945341
 1.08474
 0.93059
0.946932
 1.20562
  1.1934
0.886347
0.949185
 1.02197
  1.0448
 1.10518
0.989601
0.987206
  1.0667
 1.04504
0.999182
0.976389
0.998136
 1.01808
 1.11977
 1.15408
0.870638
0.994327
0.790784
 1.05971
0.924005
 1.10887
 1.21202
 1.04535
 1.14562
 1.06028
 1.15614
 1.07951
  1.1458
0.980841
 1.05589
 1.26157
 1.15129
  1.0117
 1.07469
 1.03207
 1.09587
0.920892
 1.11431
 0.94996
 1.11875
0.902162
 1.03579
0.945262
 0.99364
 1.09583
 1.06649
 1.22854
 1.01821
 0.97179
 1.17487
0.997127
 1.07225
0.958044
0.924176
  1.2059
0.927792
  1.1408
0.967343
0.864191
0.922591
 1.04314
0.992474
 1.15819
 1.08267
 1.02104
0.945464
 1.10389
 1.10475
 1.05639
 1.08781
0.971425
 1.07935
 1.06803
 1.10897
 1.16604
 1.05293
 1.19931
 1.02633
 1.27133
 0.88048
 1.18964
 1.12858
0.944397
 1.05678
0.890679
 1.14667
0.971019
 1.41917
 0.90988
0.966756
 1.06483
 1.08365
 1.11107
0.960096
 1.02779
0.981484
  1.0699
0.915616
  1.0386
0.966616
0.944653
 1.24747
 1.06152
0.997631
 1.07284
 0.97307
 1.07433
 1.38795
 1.08612
 1.07018
 1.02563
 1.08925
 1.03552
 1.04926
 1.06646
0.944428
 1.23947
0.964698
 1.16083
 1.01642
 1.08252
 1.19484
 1.09798
 1.04268
 1.08038
 1.16165
0.997799
  1.0042
 1.00674
 1.18116
0.934093
 1.12044
 1.03108
  1.0396
0.907206
 1.06816
 1.01042
0.954617
0.995597
 1.03417
 0.91183
 1.14577
0.970679
 0.93126
 0.92926
  1.0788
 1.07946
 1.14538
 1.02419
  1.1322
 1.18488
  1.0768
0.909319
 1.03917
0.840121
0.937121
 1.06182
 1.16553
 1.02719
 1.27111
 1.19099
 1.26203
 1.02418
 1.08077
0.964171
0.942631
 1.10674
0.974882
 1.13632
 1.07752
 1.23031
0.957287
0.952471
   1.071
 1.03902
 1.09131
 1.31977
 1.08458
 1.32135
 1.01024
 1.13192
 1.14084
 0.86946
 1.12165
 1.12966
  1.1753
 1.25244
 1.01701
 1.10725
0.913015
0.979674
0.991253
 0.96983
  1.0491
 1.06725
 1.15487
 1.13736
 1.10166
0.950391
 1.06408
  1.0379
 1.15593
0.931502
 1.03388
 1.00733
 1.23239
 0.96623
0.826615
 1.13398
 1.20987
 1.23464
0.981564
 0.89749
 1.04366
 1.17786
 1.10315
 1.02212
 1.11168
 1.13836
 1.29579
 1.02632
 1.14595
 1.12146
0.997242
  1.2142
  1.1542
 1.20885
 1.39152
 1.07287
 1.16519
0.953725
 1.14742
 1.10139
 1.17121
 1.42107
 1.39858
 1.34965
 1.21917
0.918406
 1.01692
 1.12454
 1.04653
 1.22168
 1.12209
0.970969
 1.24164
 1.16104
 1.22145
 1.09123
 1.23621
 1.13909
0.974942
0.970317
 1.23166
 1.13243
 1.01207
0.980389
 1.05153
 1.23549
 1.31472
 1.18873
 1.11204
 1.31351
 1.03303
 1.14028
 1.31744
0.994491
 1.07056
 1.03822
 1.22885
 1.13788
 1.07277
 1.16802
 1.53748
 1.26344
 1.19316
 1.19138
 1.21375
 1.21442
 1.24702
 1.11717
 1.16351
 1.19779
 1.45943
 1.00602
 1.02938
 1.02618
 1.02784
0.879584
 1.20715
 1.00787
 1.06284
0.992524
 1.29919
0.746269
 1.19504
 1.09461
  1.1354
 1.22259
 1.27309
 1.03721
 1.03143
  0.9981
 1.14036
0.963608
 1.11408
 1.06081
  1.1659
 1.03917
 1.04129
  1.0634
 1.04601
  1.1003
 1.07642
 1.33716
0.965507
0.961433
 1.38162
 1.05115
 1.21176
 1.27495
 1.49948
  1.2406
 1.57717
 1.12382
 1.23021
 1.65717
 1.05924
 1.05331
 1.07966
 1.05805
 1.06638
 1.27353
  1.3956
  1.3336
  1.2692
 1.34198
 1.14612
 1.41935
0.926857
 1.03044
 1.20872
 1.05743
0.864677
 1.01172
 1.23298
 1.00099
0.941944
 0.94015
 1.11798
 1.17537
 1.15492
   1.183
 1.09396
0.997162
 1.01444
 1.04812
0.922318
 1.10292
 1.05455
 1.09895
 1.33961
0.862332
0.899212
 1.08814
 1.01701
 1.11106
 1.16707
0.965866
0.908824
0.995581
0.891315
0.945305
0.984836
 1.04409
 1.11642
 1.13598
0.971153
 1.13243
 1.31123
 1.14258
 1.08101
 1.10075
 1.09477
 1.16222
 1.01669
 1.02639
0.928911
 0.97551
 1.04992
  1.2266
0.965459
0.989938
0.964891
 1.01267
0.972689
0.993569
 1.07137
 1.05357
0.979746
0.989565
0.899106
0.916278
 1.10727
0.943847
0.870443
  1.0458
0.984383
 1.21793
0.983974
 1.04229
0.990715
 1.08497
 1.15064
0.977471
 1.37089
 1.00101
 1.01086
 1.04186
 1.05388
 1.00161
 1.12426
 1.10156
 1.04755
 0.94489
 1.04883
 1.21676
0.961859
0.933399
 1.02169
 1.11811
  1.0278
 1.08836
 1.27294
 0.97161
0.995747
 1.01371
 1.13545
 1.13403
  1.1135
 1.06123
 1.06575
 1.01787
 1.04608
 1.04574
 1.20196
 1.07907
0.983436
 1.08915
 1.18147
 0.92089
0.997063
 1.01018
 1.04871
 1.12988
 1.01401
0.999195
 1.12834
 1.24203
 1.01991
  1.1036
 0.86906
0.915616
   1.566
 1.29001
 1.15869
 1.24471
  1.2737
 1.44929
 1.04856
   1.146
 1.25466
 1.18707
 1.35518
 1.46787
 1.24661
 1.56118
 1.08243
 1.16338
 1.09409
 1.24115
 1.04972
 1.10175
 1.69476
0.848103
  1.3156
 1.13241
 1.31574
 1.07311
0.961172
 1.17342
 1.28574
 1.47384
 1.30142
 1.32604
 1.26254
 1.25394
 1.01466
 1.28287
 1.51098
 1.36626
 1.16291
 1.11992
 1.03181
 1.09601
 1.40382
 1.22655
  1.2443
0.903586
 1.07241
 1.21899
 1.06258
 1.03513
0.992267
0.919737
 1.11524
 1.14124
 1.03678
 1.04537
 1.21845
 1.08751
 1.24827
 0.98778
  1.1415
 1.02936
 1.11851
 1.02639
  1.0086
 1.27449
 1.03559
  1.1338
 1.10335
 1.11087
 1.14501
 1.29927
 1.47744
 1.58771
 1.69699
 1.09439
 1.21708
 1.35856
 1.50632
 1.58583
 1.31914
 1.72822
 1.62658
 1.24747
 1.81962
 1.22666
 1.19811
 1.26519
 1.62324
 1.20698
 1.34054
 1.28416
 1.30204
 1.59514
 1.52449
 1.06443
 1.09674
0.964374
 1.07947
 1.05607
 1.04179
 1.06976
0.949136
 1.06575
  1.0284
 1.19008
 1.30337
 1.03283
 1.07331
 1.01777
0.865368
 1.24835
 1.00965
 1.19425
 1.00354
 1.09634
0.996836
 1.07324
  0.9878
0.850333
0.976894
 1.02475
 1.19133
 1.08262
0.971385
0.923115
 1.06516
 1.02571
0.855214
0.979361
 1.07265
  1.0818
 1.18002
 1.03321
 1.00635
0.998433
0.885025
 1.05721
 1.02143
 1.10296
 1.11236
0.933868
 1.00504
 1.13179
0.972043
 1.01182
 1.05682
 1.04601
 1.28277
 1.01682
  1.0165
0.822879
0.964412
0.872787
0.925751
 1.06287
0.994298
 1.01026
 1.21152
  1.0492
  0.9497
 1.04852
 1.23452
 1.18955
 1.01863
 1.16482
 1.15044
0.999432
 1.03169
 1.03755
  1.0564
 1.07543
 1.11969
 1.00873
  1.0718
 1.11256
0.981518
 1.01294
 1.10464
 1.01154
 1.13165
0.997276
  1.0251
0.896866
0.956241
 1.01056
 1.33959
 1.31669
 0.86544
 1.02175
 1.16032
 1.16696
 1.42297
 1.11692
  1.5691
 1.04825
0.971246
 1.16808
 1.06193
 1.31992
  1.0073
 1.06198
 1.12796
 1.02292
 1.09915
 1.03623
 1.21596
 1.51471
 1.40097
0.936233
 1.04369
 1.11438
 1.11401
 1.32976
0.982781
0.978177
 1.03322
0.968065
 0.96921
 1.19665
0.971129
 1.03227
  1.3589
 1.02793
0.930571
 1.22348
 1.00525
 1.14395
 1.12216
 1.01988
0.973588
 1.14213
0.960852
 1.05257
0.959517
0.931146
0.996326
 1.05962
 1.14624
 1.03743
 1.22183
 1.11992
 1.02549
0.998071
0.929109
0.903629
 1.14729
 1.05295
 1.06964
0.987522
 1.21466
0.958191
 1.28409
 1.02828
 1.02524
0.911627
 1.15796
0.889231
 1.16172
0.968662
 1.11297
 1.08756
0.955416
0.946422
 1.13757
0.971118
 1.07225
 1.14664
 0.97066
 1.00121
0.978824
 1.06806
 1.07316
 1.04637
 1.00798
 1.00783
 1.01926
 1.00104
 1.05335
0.968033
0.907383
 1.22694
 1.09211
0.966609
0.969018
  0.8791
 1.04736
 1.34204
 1.15604
 1.03639
 1.32262
 1.07501
  1.0758
 1.06693
 1.00274
0.944506
0.734335
 1.04762
 1.26019
 1.06048
 1.23233
 1.02351
 1.28799
 1.14071
 1.13409
 1.23305
  1.0668
0.957345
 1.11453
 1.05066
 1.03066
 0.88266
0.876092
 1.16949
 1.22603
 1.05328
 1.11052
 1.10317
 1.17708
0.928181
 1.01448
 1.14289
 1.10409
0.924294
0.999246
 1.08467
0.996626
 1.08702
0.991484
 1.22355
 1.07928
0.976729
0.997057
 0.99196
 1.10507
 1.05143
 1.04422
0.894931
0.962126
 1.04771
 1.13549
  1.0468
 1.01844
 1.18711
   1.075
 1.03581
 1.15708
 1.24301
 1.03958
  1.0656
0.961082
 1.01868
 0.99497
 1.02285
0.953484
 1.17073
0.953168
  0.8933
 1.09586
 1.06868
 1.12301
0.986968
