 1.05469
 1.00211
0.819715
 1.07317
  0.9492
 1.13141
 1.03479
 1.08122
0.928596
0.879849
 1.07958
 0.89922
0.959871
  1.2241
 1.12601
 1.15796
  1.2738
 1.00447
0.946323
 1.20183
0.946886
 1.08835
 1.11564
0.990262
 1.02786
0.931879
  1.0188
 1.05818
 1.08983
 1.03821
0.997231
 1.15982
 1.00374
 1.16558
0.986274
  1.1768
 0.98215
 1.04468
 1.07261
 1.00755
  1.0268
0.994621
0.965901
  1.0087
 1.09007
 1.14524
 1.14874
0.866706
 1.07965
 1.04521
 1.00925
 1.16608
 1.06704
0.829731
 1.21949
 1.01678
 1.07963
 1.02451
 1.15163
  1.0982
0.992264
 1.23663
 1.25313
 1.19545
0.998363
0.919667
 1.04815
0.914865
 1.08745
 0.96031
 1.32317
 1.03014
0.963179
 0.94077
0.963337
 1.08184
0.995033
 1.03646
 1.18633
 1.03383
0.978816
  0.9486
 1.03475
 1.04144
0.968401
 1.02546
 1.08737
 1.12603
 1.04909
 1.11603
0.917824
 1.22374
 6.71729
 0.91574
 1.04566
 1.17885
 3.12754
 1.92747
 1.17269
 1.12687
0.893803
 1.06433
0.915376
0.891522
  1.1795
 1.03176
 1.03977
 0.98812
0.950159
0.980981
 1.93089
 1.03631
 1.14188
0.916832
  2.9579
 1.04233
0.997079
 1.02687
 1.11856
 1.09797
  1.7042
 1.08934
  1.7945
 1.01375
0.884712
 1.00837
 0.93731
0.981875
0.870372
 1.31311
 1.15523
 1.09508
 1.07995
0.897893
0.881916
 1.08197
0.938193
0.970618
 1.21106
 1.08198
 1.06967
0.993413
 1.12957
 1.03574
0.941707
 1.02423
 1.01027
0.998054
   1.022
 1.07356
  1.0909
 1.05483
 1.02665
  1.1099
 1.03326
  1.1057
0.968708
 1.15882
 1.13026
 1.05718
 1.07139
0.962913
0.972322
0.929597
  1.1243
 1.17116
0.931792
 1.03757
 1.07649
0.945713
 1.08397
0.930851
0.948467
 1.20665
 1.19542
0.886391
0.949562
 1.02246
 1.04727
 1.10586
0.991895
0.989804
 1.06597
 1.04188
0.999209
0.977441
0.998496
 1.01941
 1.12271
 1.15372
0.871627
0.995656
0.785599
 1.06986
0.929448
 1.10941
 1.21054
 1.04545
 1.14632
 1.06644
 1.15558
 1.08006
 1.14516
0.980567
 1.05665
 1.26779
  1.2005
 1.01156
  1.0777
 1.03508
 1.09537
 0.92033
 1.13342
0.949996
 1.11795
0.902616
 1.03678
0.944507
0.996128
 1.09349
 1.06749
 1.22833
  1.0185
 0.97317
 1.17235
0.998535
 1.11599
0.952392
0.918664
 1.20615
0.922041
 1.14077
0.967329
0.864834
0.924122
 1.04318
 0.99508
 1.15869
 1.08433
 1.02022
0.945653
 1.10506
 1.10392
 1.05554
 1.08822
0.971118
 1.07913
 1.06946
 1.10947
 1.16692
 1.05401
 1.19992
 1.02653
 1.27122
0.881801
  1.1906
 1.12845
 0.94399
 1.05592
0.890321
 1.14965
 0.97018
 1.42011
0.947169
0.966242
 1.06853
 1.08483
 1.11098
0.962011
 1.02788
0.981905
  1.0704
0.916668
 1.04125
0.967433
0.944774
 1.24726
 1.06146
 0.99593
 1.07316
0.975896
 1.07376
 1.39171
 1.08404
 1.06727
  1.0245
 1.09436
 1.03603
 1.05047
 1.06806
0.944491
 1.23976
0.965717
 1.16235
 1.01652
 1.08543
 1.19823
 1.09879
 1.04298
 1.08175
 1.16967
0.999537
 1.00481
 1.00756
 1.18262
0.930948
 1.12096
 1.03029
 1.03942
0.907866
 1.06856
 1.01188
0.957933
0.999545
 1.03426
0.912093
 1.15168
0.970462
0.931233
0.929414
 1.07977
 1.08183
  1.1414
 1.02428
 1.13294
 1.18345
 1.07788
0.910147
 1.03802
0.842156
0.934875
  1.0595
 1.16536
 1.02859
  1.2715
 1.18534
  1.2624
 1.02402
 1.07993
0.963183
0.943662
 1.10715
0.973746
 1.13519
 1.07707
 1.22981
0.956602
0.954461
 1.07157
 1.04182
  1.0927
 1.31861
 1.08295
  1.3209
 1.01026
 1.13195
 1.14284
 0.86881
  1.1213
 1.12983
 1.17404
 1.25531
 1.01763
 1.10884
0.914129
0.979663
0.991422
0.967967
 1.05132
 1.06084
 1.15608
 1.13663
 1.10044
0.949748
 1.06139
 1.03675
 1.15477
 0.93026
 1.03776
 1.00732
 1.23518
0.967586
0.822891
 1.13701
 1.20652
 1.23397
0.981357
0.897783
 1.04337
 1.17809
 1.10058
 1.02397
 1.10848
 1.13972
 1.29676
 1.02581
 1.14244
 1.12373
0.995245
  1.2558
 1.15236
 1.20332
 1.38463
 1.07263
 1.16453
0.954117
 1.14545
 1.10152
 1.17775
 1.42136
 1.40432
 1.34828
 1.22221
0.921079
 1.01781
 1.12523
 1.04641
   1.228
 1.12276
0.970669
 1.24235
 1.16753
 1.21754
 1.08944
 1.23486
 1.13611
0.975519
 0.97106
 1.22891
 1.13504
 1.01655
0.981896
  1.0524
 1.23046
 1.31708
  1.1901
 1.11099
 1.31234
 1.03202
 1.14589
 1.31638
0.994685
  1.0694
 1.03654
 1.22915
 1.13843
 1.07269
  1.1678
 1.53885
 1.26575
 1.17853
 1.19216
 1.21294
 1.21532
 1.24739
 1.11801
 1.16297
 1.19689
 1.45762
 1.00605
 1.02902
 1.02656
  1.0275
0.879962
 1.21006
 1.02997
 1.06323
0.992334
 1.29751
0.746257
 1.19504
 1.09421
 1.13584
 1.21624
 1.27343
 1.03646
 1.03152
0.999038
 1.13992
0.967596
 1.11358
 1.06076
 1.16651
 1.03615
 1.04205
  1.0649
 1.04524
 1.10047
 1.07662
 1.33565
0.966751
0.958229
 1.38137
 1.05206
  1.2133
 1.27546
 1.50373
 1.24114
 1.57673
 1.12348
 1.23328
 1.65964
 1.05952
 1.05308
 1.08457
 1.05832
 1.06712
 1.27426
 1.39625
  1.3341
 1.26808
   1.344
 1.14599
  1.4193
0.926782
 1.03083
 1.22205
 1.05302
0.864066
  1.0117
 1.23191
 1.00081
0.941684
0.937465
 1.11745
 1.17678
  1.1555
 1.18157
 1.09454
0.997372
 1.01187
 1.04784
0.922134
 1.10402
 1.05304
 1.09924
 1.33496
0.863972
0.899069
 1.08762
 1.02063
 1.11484
 1.16733
0.967877
0.911628
0.996876
0.891285
0.980715
0.981527
 1.04198
 1.12022
 1.13693
0.971648
 1.13225
 1.31275
 1.13242
 1.08072
 1.09949
 1.09827
 1.16188
 1.00988
 1.02652
 0.92944
0.975033
 1.05047
 1.22706
0.968174
0.989118
0.965604
 1.01292
0.972463
0.993217
 1.07738
 1.05356
0.982095
0.989744
0.899556
0.916682
 1.10732
0.946735
0.869463
 1.04567
0.984721
 1.21804
 0.98343
 1.04194
0.991102
 1.08499
 1.15278
0.977594
 1.37106
 1.00238
  1.0099
 1.04136
 1.05329
 1.00182
 1.12565
 1.10156
 1.04735
0.943828
 1.05033
 1.22125
0.962907
0.934138
 1.01987
 1.11823
 1.03301
 1.08962
 1.26331
0.971614
0.998749
 1.01377
 1.13595
 1.13474
  1.1115
 1.05989
 1.06396
 1.01766
 1.04596
 1.04543
 1.20213
 1.07872
0.985043
 1.08564
 1.18255
0.920767
0.996665
 1.01053
 1.04864
  1.1302
 1.01202
0.998503
  1.1301
 1.24353
 1.01962
 1.10444
0.870051
0.914493
  1.5634
 1.29986
 1.15907
 1.24016
 1.27274
 1.44458
  1.0503
 1.14476
 1.25447
 1.18732
  1.3558
 1.46635
 1.28888
 1.56166
 1.08316
 1.16496
 1.09251
 1.24347
 1.04999
 1.10279
 1.69439
0.849099
 1.31508
 1.13258
 1.31779
 1.07458
 0.95807
 1.16848
 1.28736
 1.47634
 1.30066
 1.32023
   1.254
 1.26034
 1.01363
 1.27914
 1.51341
 1.42468
  1.1637
 1.11429
 1.03124
 1.09735
 1.40306
 1.22565
 1.24553
0.899997
 1.07519
 1.22265
  1.0623
 1.03536
0.992365
0.920619
 1.11612
 1.13931
  1.0347
 1.04547
 1.22445
 1.08285
 1.25579
 0.98836
  1.1445
  1.0274
 1.11876
  1.0235
  1.0077
  1.2727
 1.03338
 1.13405
 1.10374
 1.11251
 1.14669
 1.29995
 1.47736
 1.58705
 1.69702
 1.09543
 1.21715
 1.35952
 1.50006
 1.58383
 1.31903
 1.72817
  1.6332
 1.29112
 1.81891
 1.22651
 1.19859
  1.2651
 1.62241
  1.2046
  1.3429
 1.28181
 1.30214
 1.59645
 1.57578
 1.05753
 1.10335
0.962451
 1.07946
 1.05683
 1.04204
 1.07006
0.949736
 1.06858
 1.03227
 1.19055
 1.30474
 1.03533
 1.07229
 1.01994
0.865177
 1.24716
 1.01125
 1.19468
 1.00716
 1.09575
0.997532
 1.07435
0.987415
0.851666
0.977056
 1.02483
 1.19184
 1.08846
0.970397
 0.92383
 1.07497
 1.02583
0.855077
0.980875
 1.07296
 1.08197
 1.18027
 1.03876
 1.00589
0.998224
 0.88481
 1.05866
 1.02164
 1.10212
 1.11248
0.933713
 1.00384
 1.13203
0.971985
 1.01287
 1.05715
 1.04523
  1.2839
 1.01662
 1.01691
 0.82316
0.963694
0.871918
0.925545
 1.06309
0.994397
 1.01103
 1.21281
 1.04737
0.950379
 1.04885
 1.23452
 1.18764
 1.01409
 1.16249
 1.15371
 1.00186
 1.03162
 1.03721
 1.05597
 1.07327
    1.12
 1.00935
 1.07192
 1.11193
0.982372
 1.01253
 1.10494
 1.01547
 1.13395
0.998235
 1.02573
0.897382
0.956184
 1.01176
 1.33984
 1.31666
0.867238
 1.02158
 1.15889
 1.15836
 1.47787
  1.1187
 1.56752
 1.04976
0.973792
 1.16856
 1.06369
 1.32556
 1.00775
 1.06158
 1.12873
 1.02348
 1.09603
 1.03579
  1.2179
 1.51336
 1.39957
0.936212
 1.04318
   1.115
 1.11279
 1.33027
 0.97862
0.977621
 1.03303
0.967075
0.970178
 1.20012
0.970436
 1.04068
 1.35986
  1.0282
0.926443
 1.21852
 1.01414
 1.14151
 1.12235
 1.01888
0.973059
 1.14289
0.959404
 1.05164
0.954313
0.929138
0.997425
 1.05755
 1.14596
   1.036
  1.2228
 1.12674
 1.02574
0.997818
0.922087
0.902429
 1.14483
 1.05244
 1.07119
0.987305
 1.21028
0.958204
 1.28437
 1.03223
   1.026
0.911605
 1.15271
 0.88841
 1.16093
0.968722
 1.10891
 1.08902
0.955143
0.945831
   1.138
0.969978
 1.07465
 1.14779
0.969074
 1.00456
 0.97879
  1.0648
 1.07778
 1.04638
 1.00721
 1.00618
 1.01473
 1.00288
 1.05124
0.969132
0.939736
 1.23392
 1.09151
0.965104
 0.96835
0.877459
 1.04909
 1.34023
 1.15809
 1.03767
 1.32253
 1.07481
 1.07532
 1.06879
 1.00321
0.944584
0.735378
 1.04643
 1.25831
 1.06041
 1.27207
 1.02438
 1.29783
 1.14255
 1.14139
 1.23326
 1.06817
 0.95858
 1.11443
 1.05322
 1.02732
0.883917
0.875296
  1.1714
  1.2252
 1.05295
 1.10927
 1.10356
 1.17715
0.931754
 1.01455
 1.14768
 1.10015
0.926434
0.999592
 1.08482
 0.99421
 1.08765
0.993399
 1.22026
 1.07782
0.976704
0.995667
0.990655
   1.103
 1.05189
 1.04437
0.893892
0.964379
 1.04964
 1.13353
 1.04742
 1.01817
 1.18618
 1.07822
 1.03724
   1.155
 1.24382
  1.0398
 1.06622
0.958912
 1.01879
0.995865
 1.02696
0.953762
 1.16845
0.953405
0.892329
 1.09619
 1.06838
 1.16653
0.986621
