 1.05761
 1.00143
0.820423
 1.07143
0.944226
 1.12687
 1.03547
 1.08178
0.925416
0.878107
 1.07879
0.899976
0.961917
 1.22511
 1.12793
 1.15862
 1.27402
 1.00678
 0.94658
  1.2003
0.949409
 1.08671
 1.11359
0.989599
 1.02776
0.932309
 1.02003
 1.05883
 1.08902
 1.03836
0.996844
 1.16005
 1.00346
 1.17133
0.989731
 1.17649
 0.97946
 1.04455
  1.0711
 1.00666
 1.02668
0.986878
0.972535
0.999413
 1.07066
 1.17274
 1.15493
0.874744
 1.07763
  1.0485
 1.01033
 1.17593
 1.07014
 0.82772
 1.21864
 1.01796
 1.07947
  1.0237
 1.15199
 1.10238
0.991611
 1.23566
 1.25732
 1.19058
0.998975
0.919097
 1.04735
0.915078
 1.08594
0.960548
 1.32285
 1.02993
0.973055
0.943818
0.962468
 1.08178
0.995571
 1.03633
 1.18702
 1.03576
0.982551
0.948883
 1.04002
 1.04207
 0.96885
 1.02324
 1.08822
 1.13885
  1.0499
 1.11565
0.924499
  1.2348
 6.73365
0.917255
 1.04545
 1.17772
 3.12428
 1.92972
 1.17412
 1.12625
0.893409
 1.06386
0.914764
 0.89027
 1.17829
 1.03014
 1.04349
0.989124
0.952068
0.979275
 1.92992
 1.03467
  1.1408
 0.91569
 2.95869
 1.04107
 1.00087
 1.02541
 1.11727
 1.09793
 1.70548
 1.08917
 1.79562
 1.01352
0.886359
 1.00732
0.943939
0.978075
0.870352
 1.31284
 1.15662
 1.09498
 1.07987
0.897647
0.878652
 1.08176
0.940327
 0.97048
 1.21858
 1.08388
 1.07355
0.997659
 1.12951
  1.0331
0.941238
 1.02592
 1.01066
 0.99771
 1.01776
 1.07988
 1.09178
 1.05679
 1.02979
 1.12291
 1.03384
 1.10607
0.964793
 1.15826
 1.13001
 1.05845
 1.07211
 0.96592
0.974037
0.924159
 1.12333
 1.17212
0.934431
 1.03848
 1.08196
0.948105
 1.08287
 0.93323
0.951506
 1.20663
 1.19473
0.886229
0.950242
 1.01912
  1.0468
 1.10652
 0.99269
0.987913
 1.06412
 1.04694
0.999682
0.977104
 0.99642
  1.0177
 1.12486
 1.15792
0.869356
0.993786
0.785427
 1.07734
0.929619
  1.1114
 1.20967
 1.04555
 1.14597
  1.0664
 1.15557
 1.08286
  1.1501
0.981003
 1.05745
 1.26557
 1.19764
 1.01167
 1.07815
 1.03424
 1.09507
0.920218
 1.13193
0.956368
 1.11677
0.896096
 1.03808
0.943614
0.994988
 1.09474
  1.0667
 1.23261
 1.01605
0.970321
 1.17169
0.999356
 1.11559
0.950798
0.916694
 1.21029
 0.91933
 1.14148
0.970272
0.866282
0.922824
 1.04275
0.993317
  1.1581
 1.08427
 1.01789
0.954565
 1.10382
 1.10265
 1.05508
 1.08927
0.969014
 1.07966
 1.07172
 1.11076
 1.16735
 1.05167
 1.20089
 1.02505
 1.27031
 0.88242
 1.19182
 1.13129
0.943045
 1.06074
0.890777
 1.15027
0.969382
 1.41994
0.946564
0.964885
 1.06906
 1.09084
  1.1094
 0.96366
 1.03488
0.981571
 1.07096
0.916188
 1.03484
0.967099
0.945024
 1.24774
 1.06216
0.995472
 1.07342
0.979699
 1.07656
 1.38501
 1.08388
  1.0762
 1.02294
 1.09351
 1.03795
 1.05856
 1.07115
0.942602
 1.23974
0.966215
 1.16164
 1.01613
 1.08072
 1.19806
  1.0961
 1.04435
 1.08229
 1.16969
0.994701
 1.00566
 1.01133
 1.19056
0.932577
 1.12079
 1.02862
 1.03989
0.914172
 1.06852
 1.01209
0.958608
0.998089
 1.03551
0.913921
 1.15114
0.970348
0.930709
0.929065
 1.08123
 1.07757
 1.13974
  1.0219
 1.13427
 1.18289
 1.07807
0.913936
 1.03809
0.843817
 0.93391
 1.05559
 1.16472
 1.02942
 1.27032
 1.19486
 1.26299
 1.02311
 1.08047
0.976125
0.954047
 1.10736
0.973629
 1.13464
 1.07566
 1.22917
0.956671
0.956387
 1.07774
  1.0433
 1.09395
 1.31911
  1.0903
 1.32387
 1.00802
 1.13425
 1.14346
0.875179
 1.12011
 1.12927
  1.1736
 1.25644
 1.01774
 1.10991
0.914548
0.981101
0.989709
0.968072
 1.05155
 1.07714
 1.15579
  1.1385
 1.10026
 0.94638
 1.06102
 1.03651
 1.15357
0.927095
 1.03832
 1.00632
 1.23709
0.967795
0.822055
 1.13887
 1.20645
 1.23349
0.981743
0.898645
 1.04456
 1.17568
 1.10032
 1.02435
 1.10976
 1.13923
 1.29876
 1.02747
 1.14286
  1.1233
0.996363
 1.25684
 1.15219
 1.20273
  1.3845
 1.06935
 1.16467
0.955153
  1.1448
 1.10286
 1.17246
 1.42014
 1.40278
 1.34148
 1.22311
0.921604
 1.01687
 1.12376
 1.04876
 1.22766
 1.12241
0.971409
 1.24292
 1.17033
 1.21786
 1.08527
 1.23578
  1.1333
0.980382
0.974618
 1.22971
 1.13314
 1.01413
 0.97875
 1.05165
 1.22683
  1.3255
 1.19144
 1.10741
  1.3124
 1.03425
 1.18953
 1.31928
0.994109
 1.07316
 1.03704
 1.22949
 1.13763
 1.07343
 1.16768
 1.53891
 1.26553
 1.17735
 1.18314
 1.21482
 1.21309
 1.24598
 1.12127
 1.16051
 1.19893
 1.45776
 1.00525
 1.03019
 1.02619
 1.02711
0.879379
 1.21238
 1.05013
 1.06287
0.989709
 1.29695
0.748543
 1.19475
 1.09308
 1.13398
 1.21152
 1.27285
   1.037
 1.03134
0.999242
  1.1403
0.966929
 1.11178
 1.06086
 1.16834
 1.03616
 1.04607
 1.06484
 1.04603
 1.10206
 1.07676
  1.3356
0.964501
0.957839
 1.37173
 1.05177
 1.21192
 1.27172
 1.50054
 1.24359
 1.57597
 1.11777
 1.23681
 1.66041
 1.05677
 1.05696
 1.08445
 1.05897
 1.06685
 1.27312
 1.39662
 1.33422
 1.27232
 1.34531
 1.14281
 1.42003
 0.93138
 1.03075
 1.22537
 1.05235
0.865686
 1.01377
 1.23585
 1.00218
 0.94239
0.937229
 1.11766
 1.17519
 1.15492
 1.18498
 1.09895
0.997243
 1.01148
  1.0485
0.922031
 1.10521
 1.05286
 1.09791
 1.33488
 0.86418
0.899703
 1.08583
 1.01683
 1.11787
 1.16527
0.967079
0.914503
0.996554
0.891069
0.980635
0.981151
 1.04443
 1.12191
 1.13219
0.972267
 1.13297
 1.31209
 1.14008
 1.08082
 1.09816
 1.09903
  1.1624
 1.01109
 1.02628
 0.93812
0.975044
 1.05015
  1.2253
0.968334
0.989717
0.966391
 1.01295
0.972532
 0.99479
   1.077
 1.05756
0.982492
0.992865
0.898956
0.917431
 1.10787
0.948573
0.865936
 1.04505
0.984506
 1.22066
0.983238
 1.03895
0.996707
 1.08518
 1.15587
0.977946
 1.37113
 1.00227
0.999906
 1.04123
  1.0565
 1.00123
 1.12099
 1.10241
 1.04852
0.943649
 1.04983
 1.21791
0.960734
0.933047
 1.01698
 1.11941
  1.0333
 1.08946
 1.25973
0.969794
0.999418
  1.0156
 1.13566
 1.13701
 1.11187
 1.06022
 1.06454
 1.02205
 1.04392
 1.04526
 1.20446
 1.07676
0.985977
 1.08349
  1.1813
0.920736
0.995065
 1.00724
 1.04884
 1.12994
 1.01024
 0.99776
 1.13546
 1.24358
 1.01366
 1.10693
 0.86881
0.918011
  1.5646
 1.29735
 1.15917
 1.24039
 1.26995
 1.44575
 1.05019
 1.14357
 1.25109
 1.18717
 1.35447
 1.46656
 1.28956
 1.56271
 1.08696
  1.1638
 1.09369
  1.2441
 1.05233
 1.10082
 1.69539
0.854742
 1.31376
 1.13433
 1.31846
 1.07211
0.959085
 1.17412
 1.28569
 1.46447
 1.29871
 1.32008
 1.25869
 1.26114
 1.02038
 1.28192
 1.51427
 1.42587
 1.16715
  1.1124
 1.03087
 1.09951
 1.40371
 1.22565
 1.24527
0.898807
  1.0747
 1.22368
 1.06332
 1.03396
0.993343
0.916082
 1.11746
  1.1392
 1.03602
 1.04543
 1.22437
 1.08219
 1.25473
0.979107
 1.14436
 1.02941
  1.1189
 1.02238
 1.00647
 1.26946
 1.03333
 1.13465
 1.10371
 1.11213
 1.14709
 1.30621
 1.46772
 1.58964
 1.69889
 1.08781
 1.21653
 1.36698
 1.50229
 1.58534
 1.31549
 1.73169
 1.63504
 1.29698
 1.82191
 1.22624
 1.19637
 1.26574
 1.63217
 1.20825
 1.34345
 1.27546
 1.30505
 1.59819
 1.57624
 1.05458
  1.1036
0.961613
 1.07713
 1.05584
 1.04209
 1.06982
0.949725
 1.06786
  1.0336
 1.18808
 1.30527
 1.03615
 1.07201
 1.03279
0.865355
 1.24982
 1.00905
 1.19824
 1.00431
 1.09655
0.997704
 1.07298
0.988177
0.853104
 0.97816
 1.02432
 1.19485
 1.08823
0.971698
0.915224
  1.0735
 1.02503
0.854782
0.981198
   1.073
 1.08085
  1.1801
  1.0365
 1.00588
 1.00299
0.887355
 1.06161
 1.02359
 1.10486
 1.11312
0.932815
 1.00229
 1.13351
0.969291
 1.01211
 1.05683
 1.04598
  1.2844
 1.02329
 1.01662
0.820245
0.964504
0.873325
0.930055
 1.06458
0.994771
 1.01469
 1.21143
 1.04787
0.946287
 1.04864
 1.23426
 1.18799
 1.01574
 1.16056
  1.1537
 1.00126
 1.03483
 1.03746
 1.06055
 1.07562
 1.12362
 1.00685
 1.07291
 1.11206
0.978532
 1.01476
 1.10474
 1.01512
 1.13379
 0.99992
 1.02775
0.893839
0.958198
 1.01026
 1.33937
 1.31566
0.865917
   1.023
 1.16202
 1.15638
 1.47854
 1.12005
 1.56623
 1.04888
0.975227
 1.16916
 1.06453
 1.32936
 1.00945
 1.06129
  1.1272
 1.02654
 1.09979
 1.03868
 1.21878
 1.51233
 1.40235
0.936042
 1.05442
 1.11537
 1.11281
 1.33645
0.977082
   0.981
   1.033
0.967537
0.966975
 1.20192
0.969373
 1.04562
 1.36112
 1.02828
0.924379
 1.21824
 1.01229
 1.14028
 1.12158
 1.02491
0.972799
 1.14173
0.962464
 1.05117
0.961053
0.926603
0.993021
  1.0586
 1.14525
 1.03495
 1.22372
 1.12867
 1.02816
0.996653
0.920515
0.901137
   1.151
 1.05395
 1.07138
0.987436
 1.20908
0.957849
  1.2844
  1.0346
 1.02379
0.911549
 1.15316
0.890014
  1.1593
0.968183
 1.10887
 1.08819
0.956515
0.945837
 1.13484
0.970049
 1.07218
 1.15003
0.976358
 1.00557
0.977353
 1.06493
 1.07665
 1.04773
 1.00762
 1.00552
 1.01419
 1.00411
 1.05221
0.969302
0.940223
 1.23262
 1.09134
0.965257
0.968656
0.877322
 1.04756
 1.33732
 1.15886
 1.03546
 1.32696
 1.07316
 1.07687
 1.06906
 1.00457
0.944885
 0.73682
 1.04701
 1.25835
 1.05926
 1.27492
 1.02494
 1.30231
 1.14715
 1.14088
 1.23139
  1.0693
 0.95663
 1.11328
 1.05113
 1.02638
0.883282
0.874803
 1.16991
 1.23363
 1.05402
  1.1089
 1.10541
 1.17484
0.929467
 1.01693
 1.14905
 1.10055
0.924434
0.999281
 1.08803
0.991082
 1.08544
0.989897
 1.22055
 1.07739
0.976978
0.993707
0.988062
 1.10531
 1.04989
 1.03943
0.893472
0.963704
 1.04946
 1.13839
 1.04572
  1.0181
 1.18711
 1.07692
 1.03692
 1.15599
 1.24498
 1.04281
 1.06885
0.960682
 1.02044
0.995826
 1.02681
0.953892
 1.16771
0.957184
0.892639
 1.09826
 1.07084
 1.16648
0.987167
