 0.97878
 1.11199
 1.04351
0.878666
 1.11471
 1.04365
 1.00317
 1.00944
 1.14739
 1.02201
 0.87963
0.981568
0.920601
0.894234
0.899608
0.960305
 1.11627
0.955479
0.933999
0.911668
 1.09335
 1.16273
 1.08521
0.958702
 1.00835
 1.09639
 1.25065
0.885708
 1.18501
 1.04219
 1.01757
 1.07609
0.965909
 1.02682
 1.11085
0.946055
 1.03888
0.943913
0.981583
0.969308
 1.19356
 1.14348
  1.0823
 1.02685
0.870627
 1.10893
 1.06369
 1.15736
  1.1727
 1.47259
 1.18145
  1.2316
 1.26963
 1.09025
 1.31968
 1.35965
 1.09424
 1.42084
 1.04221
0.913448
 1.57216
 1.06492
 1.15341
 1.17126
 0.89866
 1.14127
 1.20822
 1.33325
 1.14209
  1.3601
  1.8226
 1.33982
 1.13277
  1.5497
  1.2029
  1.6376
 1.45894
 1.73405
  1.3712
0.955967
0.880919
0.983056
0.983994
 1.10276
 1.04407
0.879936
 1.06907
0.953606
  1.0021
 1.05173
 1.03015
 1.06843
 1.05015
 1.03012
 1.09653
 1.15751
 1.02665
 1.10441
 1.10899
 1.16074
  1.0161
0.997233
0.973871
0.857747
 1.01072
 1.08051
 1.05998
0.763622
 1.01752
0.913702
  1.0115
 1.22819
 1.00964
0.987895
0.928293
0.884416
 1.07204
0.809848
 1.01119
0.902179
0.879055
 0.91382
0.826705
0.969973
  1.0672
0.999395
0.956376
 1.10084
 0.94262
0.992576
0.889471
 1.13092
0.893978
0.935438
0.970973
 1.07492
0.919734
 1.00317
0.830529
0.981105
 1.04959
  1.0384
0.865223
 1.06201
 1.00776
 1.04822
 1.05296
0.974964
0.956786
0.978886
0.953534
0.958601
0.915745
0.916264
 1.02215
 1.00372
0.858852
0.948837
  1.0789
 1.08258
 0.89895
0.970037
0.973189
0.955671
0.838407
 1.02579
0.872244
 1.00375
 1.00736
 1.03895
0.906247
 1.05314
0.993156
 1.13053
0.921098
0.915647
  1.1854
0.942274
 1.00511
 1.14273
 0.95821
0.987841
 1.06994
0.857201
 1.05478
 1.09519
 1.13048
0.910743
 1.02296
 1.09485
0.925788
0.942399
0.836976
0.966898
0.977672
 1.15479
 1.03817
 1.05932
 1.04893
 1.04387
 1.19938
 1.05208
 1.12037
 1.13351
 1.18366
 1.13481
 1.08373
 1.00578
 1.10045
 1.08343
  1.1279
 1.02393
 1.03426
 1.22587
 1.16563
0.984166
 1.10909
 1.09825
0.954892
 1.22218
 1.15449
 0.97824
 1.04072
 1.01005
 1.07567
0.961384
 1.14264
 1.11615
 1.15894
 1.21725
 1.15673
 1.08349
 1.07941
 1.00247
 1.17639
0.878205
 1.15768
 1.01076
0.840449
 1.19315
 1.15672
0.977808
 1.07497
  1.0916
0.959317
0.919145
 0.98779
  1.1217
 1.10098
0.975095
 1.06426
0.916428
0.992626
 1.10789
0.969793
0.899634
 1.03903
 1.09243
0.863834
0.886499
 1.13518
 1.06102
0.923568
 1.04368
0.877871
 1.07638
 1.02931
 1.01643
0.867767
  1.0441
0.984813
0.917753
 1.20502
 1.10708
0.981255
 1.21151
0.925855
0.871422
0.976372
 1.11262
 1.00321
  1.0273
 1.11738
0.922936
 1.07916
 1.13171
0.801093
0.944249
 0.90252
 1.16999
 1.03156
 1.09056
 1.05558
0.960477
  1.0472
 1.01647
0.955424
0.940267
  1.0546
0.964362
0.891095
 1.15419
 1.01506
 0.88444
0.986163
 1.13863
0.809629
 1.00574
 1.07525
 1.02062
0.989158
0.893912
 1.05348
 1.01055
 1.13107
0.946231
 1.01131
0.906317
 1.12715
0.906369
 1.13241
0.919895
 1.01654
  1.0371
 1.07164
 1.03032
0.897792
 1.05118
 1.09774
 1.08853
 1.06208
 1.10545
0.978075
 1.07858
 1.01395
 1.03621
 1.31139
 1.07928
 1.06771
0.997653
 0.88304
 1.09226
 1.03414
 1.05616
 1.02189
0.903834
0.991491
 1.00874
0.979349
0.906347
0.947576
0.943192
0.911359
 1.13752
0.983644
 1.10526
0.750083
  1.0203
 1.00612
 1.00036
 1.05648
 1.10321
 1.04803
 0.96648
0.995591
 1.25185
0.897121
 1.26742
0.998662
 1.27234
  1.1664
  1.1123
 1.02058
 1.33049
0.909305
 1.14301
 1.08752
0.936084
0.917187
 1.05855
0.987909
 1.21166
   1.161
 1.14579
 1.17712
 1.07722
0.933317
 1.36284
 1.30386
 1.32533
0.975502
 1.27244
 1.04439
 1.09779
 1.24693
 1.07795
0.900336
0.957889
0.876227
0.906087
0.882134
 1.12002
 1.00318
 1.05301
 1.03519
0.989806
0.893691
  1.1316
 1.12175
 1.04424
 1.19859
 1.09466
0.956256
 1.09693
  1.0283
0.965978
 1.03694
0.988582
 1.13943
0.930574
0.962833
 1.06278
 1.00655
0.929102
 1.01086
0.890898
0.904658
 1.05894
 1.10445
0.910404
 1.03331
 1.06892
 1.01217
 0.99543
  1.1778
 1.04754
 1.01264
0.939714
0.976786
 1.00213
 1.02861
0.911643
0.971705
 1.02677
0.928893
0.841812
  1.0337
  1.0496
0.954432
 1.02566
 0.86612
 0.89393
0.951503
 0.93071
 1.05248
 1.00715
 1.17604
 1.01232
0.981269
 1.06785
0.906406
 1.05156
0.975109
 1.11348
0.909879
0.901072
0.978996
 1.05445
0.899409
 0.88436
 1.04504
 1.01254
 1.05833
 1.01304
 1.14553
0.904421
0.951486
0.933531
0.840799
 1.06931
0.981729
0.899081
 1.13322
0.948309
  1.0942
0.965555
  1.0164
0.909211
 1.03839
0.972201
 1.05013
0.935029
  1.0446
 1.13242
0.957076
 1.02891
0.991446
 1.05099
0.976575
 1.02011
0.937078
 1.00558
 1.07325
0.986659
 1.11727
0.917878
0.939018
 1.09558
 1.02671
 1.10782
0.829842
 1.05916
0.858128
 1.02728
0.845564
0.950641
0.931413
 1.08494
 1.00805
 1.02048
0.928723
 1.00046
0.884957
0.973203
 1.00035
 1.03947
 1.01988
 1.01636
0.951815
 1.00769
0.865882
0.978265
0.994498
 1.04765
0.972245
0.987663
 1.12836
 1.07201
0.948951
0.990178
0.982792
0.878345
 1.02888
 1.16072
0.849675
0.891986
 1.10459
0.943349
0.979936
 1.09037
0.928195
0.853184
 1.06445
 1.05696
 1.03623
 1.00742
  1.0386
 1.14812
 1.06457
0.769362
 1.02462
 1.00563
 1.07822
  1.0912
 1.04838
 1.03103
 0.92401
 0.90554
 1.00976
0.956628
0.967192
  1.0231
 1.09216
0.896019
 1.08171
 1.07518
0.922906
 0.83217
0.961457
0.936208
0.971715
 1.11708
 1.13418
0.983033
  1.0927
 1.06213
  1.0372
0.808226
0.971198
 1.07159
 1.12814
 1.01013
0.986469
0.960706
 1.03026
 1.10941
0.884293
 1.06112
0.907172
 1.01977
  1.1344
0.884017
0.912444
0.960659
 1.12522
    1.04
0.942485
0.986881
0.989257
0.870713
 1.08168
0.997703
 1.17501
0.982569
   1.212
 1.01999
 1.04767
 1.04838
0.948722
 0.96572
0.947507
0.857869
 1.07151
0.995817
0.932425
0.926645
 1.13965
0.969346
0.962299
 1.09386
0.892699
  1.1763
 1.56942
 1.02528
 1.35758
 1.28334
 1.39439
 1.69856
 1.92925
 1.59032
 1.37235
 1.39519
 1.12634
  1.5858
0.908703
 1.06907
0.866412
 1.11078
 1.04084
0.948235
 1.04883
 1.04851
 1.06064
 0.94978
 1.02283
 0.75833
 1.00975
0.980796
0.937269
0.868998
 1.06803
 1.10017
 1.09516
 1.13189
 1.08793
0.982773
0.960152
 1.02394
 1.07161
 1.08607
 1.04179
0.913482
 1.06388
 1.21387
0.873627
 1.00797
0.911063
0.981703
0.981009
 1.12359
  1.0012
 1.04877
 1.08846
 1.14777
0.985686
0.904553
0.943239
0.978078
 1.03871
 0.98998
0.928184
 1.06746
 1.00305
0.952134
 1.11014
 1.16036
0.854614
 1.03146
 1.06341
 1.13227
0.802183
0.994287
0.990277
0.962625
  0.9927
 1.05059
0.767713
 1.00202
0.882899
0.996564
0.993019
 1.09468
0.973866
0.898725
 1.06817
 1.04201
 1.10062
0.931119
 1.02977
0.934452
 1.18237
 1.09997
 1.06342
 1.11754
0.907075
 1.08897
0.995728
 1.00359
 1.03758
0.982861
0.980555
0.993109
0.782532
0.954387
0.944047
0.830101
0.940806
 1.05063
 1.10117
0.923823
 1.00067
0.936455
 1.00113
 1.00401
 1.02742
0.999548
0.963628
 1.24748
 1.00795
0.862011
0.942628
0.951996
 1.15485
 0.99874
 1.01544
0.951964
 1.16509
0.895906
 1.99634
 1.39833
 1.43978
 1.14063
 1.21905
 1.15159
 1.27064
 1.00936
 1.21269
 1.40558
 1.15875
 1.01537
 1.06147
 1.06693
0.910662
  1.0731
 1.02979
 1.01637
0.972565
0.894279
 1.04573
 1.02248
0.990243
0.855119
 1.00697
 1.03863
 1.00447
 1.05673
0.935956
 1.05377
 1.04672
 1.03423
0.871017
0.863498
 1.02307
 1.06091
 1.13655
0.908067
0.948989
0.973205
 1.05225
 1.24182
0.915941
0.905153
0.935959
 0.94327
0.926056
 1.14623
0.971647
0.962611
 1.02417
 0.99727
 1.06865
0.920113
 1.09739
0.913989
 1.00843
0.896766
  1.0084
 1.02167
0.954193
0.868529
 1.03096
0.966178
 1.02016
 1.08819
0.910885
 1.03454
0.931758
0.940199
0.875174
 1.02044
0.972178
0.994045
0.951617
  1.0183
0.948987
 1.14228
0.997625
 1.16343
0.913781
0.975673
 1.13899
 1.01721
0.959262
 1.04302
 1.17856
 1.04588
 1.15311
0.913931
 1.00557
0.951956
 1.06393
0.972145
 1.05387
 1.04532
 1.14881
 1.10252
0.957673
 1.05397
0.935216
0.958998
 1.07782
 1.05868
 1.15113
 1.03881
 1.08824
 1.07339
0.907546
0.926006
0.893774
 1.02269
 1.11992
0.931247
0.998865
0.978905
 1.05448
 0.87133
0.969807
 1.05422
0.895401
   1.005
0.986683
 1.09331
 1.10654
 1.02837
0.954271
 1.08969
0.943648
0.949456
0.897146
0.974292
 1.00882
0.912646
0.927803
0.991119
  1.1511
0.943865
 1.02984
0.848928
0.940057
 1.21161
 1.04869
0.959213
0.929896
 1.05845
 1.03203
0.942428
0.852521
0.796457
0.989529
0.820762
0.853254
 1.01718
 0.97512
0.766145
 1.01563
0.921641
 1.00592
0.992857
0.919528
0.889581
 1.02806
0.918117
0.903435
0.980816
0.991995
0.925248
 1.03397
 1.08511
 1.19186
0.908308
0.919039
0.883214
 1.22963
0.972174
 1.08097
 1.02443
0.954542
0.895993
0.872935
0.995136
0.923884
0.938376
0.955215
0.898929
 1.15102
0.880568
 1.08526
0.929061
 1.01659
  1.0388
 1.19024
  1.0657
 1.06716
 1.00448
 1.02578
0.993597
 1.10419
0.947495
0.950744
 1.09922
 1.00663
 1.09136
0.904486
 0.96282
 1.06445
0.914326
0.980695
0.854044
 1.08966
 1.00599
 1.03946
0.941009
 1.01515
 1.01873
 1.00781
 1.00646
0.904109
0.899419
0.906129
 0.93487
0.908137
 1.08627
0.922418
0.942037
0.943888
0.932516
0.973366
0.983837
 1.05884
 1.05486
 1.16377
 0.90214
 1.06463
 0.92481
 1.01525
0.857871
0.933214
0.973678
 1.00548
 1.00974
