  -0.0250099
   0.0351503
   0.0324241
  -0.0163736
   0.0319154
  -0.0674091
  -0.0494096
  -0.0580818
   0.0830293
    0.084635
  -0.0186843
  -0.0832684
  -0.0232655
  -0.0395475
  -0.0612628
   0.0529298
   0.0598602
   -0.081509
     0.15211
    0.019554
  0.00834201
 -0.00359529
  -0.0235099
   0.0128898
  -0.0110372
  -0.0318204
  -0.0731793
   0.0454968
   0.0172929
   0.0950988
   0.0611646
   0.0358424
  0.00311324
  -0.0111513
    0.028618
   0.0349804
  -0.0485278
   0.0734985
   0.0311289
  -0.0325304
  -0.0261694
 -0.00339769
   0.0391177
  -0.0188153
  -0.0219683
  -0.0836688
   -0.012075
   -0.026227
  -0.0421156
  -0.0547782
   0.0079608
  -0.0583045
  -0.0943035
   0.0581771
    0.112095
  -0.0370134
 -0.00768019
   0.0893703
    0.010093
   0.0547426
    0.103189
  -0.0581828
  -0.0378126
  -0.0904998
  -0.0399795
  -0.0119037
   0.0439536
    0.068682
   0.0506091
  -0.0409566
  -0.0560651
   0.0758541
  -0.0165001
  0.00771101
   0.0460556
   0.0595618
   0.0742706
  -0.0871783
   0.0106996
  -0.0894795
   0.0285977
 -0.00679514
  -0.0425353
   0.0021976
  -0.0629083
  -0.0179935
   -0.109115
   0.0975699
   0.0286057
    0.068305
  -0.0120941
    0.128832
   -0.034245
  -0.0631342
  -0.0356715
   0.0819946
  -0.0472758
  -0.0556613
  -0.0183956
   0.0694694
   0.0545855
  -0.0319583
 -0.00021721
   0.0323085
  -0.0147823
  -0.0561307
  -0.0768531
  0.00305761
  -0.0303868
  -0.0268221
   0.0169249
   0.0509537
  -0.0699722
  -0.0351006
  -0.0398647
   0.0648856
  -0.0501684
  -0.0229624
  -0.0320115
   0.0326389
   0.0348954
  -0.0179135
  -0.0284915
  0.00434168
  -0.0634436
    0.022085
   0.0310786
  -0.0613254
   -0.017033
  -0.0605277
   0.0815346
   0.0542255
   0.0305409
  -0.0124903
   0.0795118
  -0.0294463
   0.0541887
   0.0794636
   0.0626567
  -0.0525679
  -0.0596033
  -0.0523415
   -0.119654
   0.0617824
   0.0429762
   0.0818959
  -0.0112895
  -0.0272393
   0.0820664
 -0.00867429
 -0.00669598
  -0.0880159
  -0.0379158
  -0.0593383
   0.0018505
 -0.00946171
   0.0488468
   0.0511528
  -0.0723107
  -0.0705751
  -0.0294387
    0.106751
   0.0471663
  0.00633529
  -0.0215023
   0.0834336
   0.0283919
   0.0481761
    0.103398
  -0.0234487
  -0.0115972
  -0.0202347
   0.0496505
  -0.0114566
   0.0177991
   -0.056424
   -0.062249
   0.0413897
   0.0215758
    0.183613
   0.0189825
   0.0394205
    0.118997
   -0.102358
   0.0837806
   -0.150125
       -0.16
 -0.00472223
  -0.0147986
  0.00810479
   0.0924547
   0.0875997
     0.06175
  -0.0383573
   0.0632726
   0.0209553
   0.0356651
  -0.0170632
   -0.162405
    0.158569
   -0.149926
  -0.0934171
  -0.0661449
   0.0298721
   0.0924566
   0.0381928
   0.0156657
   -0.134087
  -0.0140065
  0.00823637
  -0.0482759
    0.106154
   0.0148292
   0.0317642
   0.0828849
   0.0316706
    0.158602
  -0.0571515
   0.0801309
   -0.161816
   0.0901342
   0.0387613
   0.0748738
   0.0563618
  -0.0793278
    0.125282
   0.0859352
   0.0592013
  0.00989539
  0.00512942
  -0.0637305
   -0.112479
   0.0506163
-0.000189251
   0.0334024
   0.0624464
   -0.116115
  -0.0176983
   0.0500533
   0.0299604
   0.0158072
 -0.00285509
  -0.0842659
   0.0963536
  -0.0238423
  -0.0648928
   0.0597639
   -0.036553
  0.00865564
  -0.0627689
   0.0307991
   -0.047589
    0.015682
   0.0630539
  -0.0490827
   0.0236893
   0.0473013
  -0.0570947
  -0.0831957
-0.000220687
  -0.0531187
  -0.0155946
   0.0575509
  0.00304095
   0.0216334
   0.0408202
   -0.072975
   -0.128197
   0.0266067
  -0.0799112
   0.0397817
   -0.057395
   0.0257086
  -0.0199112
   0.0642147
   0.0691853
  -0.0250774
  -0.0400215
  -0.0134099
  -0.0302998
 -0.00291477
   0.0172479
   0.0385005
  -0.0522498
  -0.0465209
  -0.0324074
    0.100099
 -0.00941181
   0.0245948
 -0.00992465
   0.0541821
   0.0222619
    0.010803
   -0.068173
   0.0418516
  -0.0364024
   0.0544169
  -0.0504161
    0.025384
    0.106082
  -0.0822906
   0.0363427
   -0.218007
    0.189037
   0.0600658
  0.00731848
   -0.163156
   0.0741672
   0.0270239
   -0.118814
   0.0319273
  -0.0438854
  -0.0959949
   0.0742855
   0.0773575
  -0.0265249
   0.0504281
    0.218336
  -0.0790264
   -0.170526
   0.0308171
     -0.1417
  -0.0870341
  -0.0360457
    0.152109
  -0.0921911
   0.0989988
   -0.136979
   0.0820945
   -0.147027
   0.0318888
   0.0847916
   -0.176109
  -0.0924259
   0.0929364
  -0.0633663
   -0.164924
   0.0950892
   0.0871394
   -0.030824
  -0.0774697
    0.121776
  -0.0706799
  -0.0401916
   -0.026271
  0.00296749
  -0.0475562
  -0.0642843
 -0.00216902
  -0.0515784
  -0.0402274
  -0.0695118
  -0.0170478
   0.0151293
   -0.086302
  -0.0319976
   -0.030846
   0.0214627
  -0.0481516
   0.0457483
  -0.0999187
  0.00189252
 -0.00519405
  0.00196202
  -0.0251314
   -0.108676
  -0.0524574
   -0.061301
    0.119171
   0.0294631
    0.141694
   0.0554942
  0.00420882
   0.0931733
   0.0292349
   0.0388205
  -0.0224656
    0.146711
  0.00245057
  -0.0336641
  -0.0694888
   0.0514134
   -0.132724
  -0.0445008
   0.0292648
   0.0647089
  -0.0249087
   0.0645531
   0.0103832
  -0.0214615
    0.153418
  -0.0552351
   0.0602865
   -0.026011
  -0.0171599
   0.0431522
  -0.0628603
    0.108114
   0.0392646
   0.0824875
  -0.0296212
   0.0432267
  -0.0642234
    0.188949
   0.0686062
  -0.0234597
  0.00699174
   0.0727572
    0.105461
  -0.0905129
   0.0379049
   0.0667296
   -0.124657
   0.0186265
   0.0335267
  -0.0143848
  -0.0501099
  -0.0623724
  -0.0668327
   0.0139443
   0.0522666
   0.0193441
   0.0470572
  -0.0169856
    0.056916
 -0.00254535
    0.084918
   0.0176078
   0.0723638
   0.0240363
    0.048319
   0.0522749
    0.107739
 -0.00413733
  -0.0175369
  -0.0477568
   0.0181087
   0.0195401
   0.0125676
 -0.00848807
 -0.00483257
 -0.00139272
  0.00118032
   0.0498534
  -0.0268002
   0.0659093
  -0.0183641
   -0.120027
   0.0232939
  -0.0710699
  -0.0396812
  -0.0660267
    0.118231
  -0.0436915
 0.000630517
  -0.0149963
    -0.12791
    0.102682
   0.0908228
   -0.128332
  -0.0369931
  -0.0909513
   0.0744758
  -0.0899588
    0.152599
   -0.053804
    0.059583
   0.0578093
    0.110272
    0.115174
   -0.134266
   0.0714367
 -0.00159113
  -0.0119146
   0.0567773
   0.0537357
   0.0036499
  -0.0382741
  -0.0489025
  -0.0199374
   0.0374116
   0.0809452
  -0.0310571
  -0.0401519
  -0.0682028
   -0.014664
   0.0561551
   0.0646631
  -0.0694825
   0.0139709
 -0.00173449
  -0.0459901
  -0.0470935
  -0.0748262
  -0.0075423
   0.0547698
  -0.0772511
   0.0101797
  -0.0089969
  -0.0958462
  -0.0839767
  -0.0847722
  -0.0095587
  -0.0101014
   0.0688825
    0.106338
   0.0365794
   0.0499472
 -0.00512359
  -0.0319914
  -0.0814831
   0.0369797
 -0.00207769
   -0.044976
   0.0275546
   0.0103217
   -0.105652
   0.0683857
   -0.122323
  -0.0705934
   0.0335347
   0.0517915
    0.108878
  -0.0415189
   0.0708808
  -0.0371283
  -0.0510437
 -0.00455588
  -0.0349787
    0.050856
   0.0459967
   0.0635153
   0.0517402
    0.018902
  -0.0447785
  0.00681549
  -0.0011062
   -0.044859
   -0.126327
   0.0268126
  -0.0259249
   0.0092024
  -0.0669234
   0.0241793
   0.0648457
    0.093165
  -0.0624564
  -0.0451077
  -0.0248901
    0.136591
    0.103763
  -0.0677229
    0.213129
   0.0716302
   0.0122119
  -0.0338016
   0.0329468
   0.0110677
 -0.00162388
    0.027591
   0.0498969
    0.145991
   0.0500089
   -0.063236
   0.0907533
  -0.0230792
   -0.112756
-0.000154655
  -0.0422553
   -0.041374
   0.0175208
  -0.0082137
    0.123139
   0.0677607
 -0.00411155
   0.0918158
  -0.0463217
  -0.0943231
  -0.0489763
   0.0191127
  -0.0550909
   0.0616923
  -0.0753506
   0.0703889
  -0.0961354
  -0.0219507
   0.0751222
  -0.0159691
  -0.0204424
   0.0343475
   0.0186492
  0.00496037
   0.0526558
-0.000276151
  -0.0826541
    0.101917
 -0.00427208
    0.156282
  -0.0290219
  -0.0379601
  -0.0238254
  -0.0233548
   0.0131164
    0.191376
  -0.0381567
   0.0238361
  -0.0705362
  -0.0334795
  -0.0293428
   0.0313334
    0.059608
   -0.032721
   0.0106885
   0.0542102
  -0.0301159
   0.0694614
  -0.0373291
   -0.078805
  0.00454094
  -0.0706177
   0.0564093
  -0.0195324
   0.0567509
  -0.0146698
  -0.0148966
   0.0361524
   0.0944214
    0.051695
 -0.00202258
   0.0231969
  -0.0955578
    0.095906
  -0.0388118
  -0.0457321
  0.00869323
  -0.0105973
   0.0207648
  -0.0629882
  -0.0554506
   0.0119514
   0.0796451
   0.0221419
  0.00297602
   0.0183906
   0.0446814
    0.104536
  -0.0860152
    0.166594
    0.167001
    0.127384
   0.0661463
  -0.0180008
    0.079539
   0.0597452
  -0.0283418
   0.0912657
    0.150948
    0.130412
  -0.0346223
  -0.0913485
   0.0189985
   0.0596882
       0.132
    0.129519
    0.149973
   -0.164082
  -0.0374192
  -0.0990962
   0.0180785
 -0.00131333
  -0.0192074
   0.0275049
    0.228609
  -0.0719612
  -0.0457876
  -0.0451591
  -0.0335573
  -0.0293029
  -0.0339539
  -0.0377919
   0.0416391
   -0.048034
    0.012885
  0.00743485
   -0.020634
   0.0343995
  -0.0263732
   0.0433297
     0.05834
 -0.00809694
   0.0213762
    0.013678
  -0.0574693
   0.0212217
   0.0690516
  -0.0562912
   0.0607867
   0.0845828
  -0.0373386
  -0.0151245
   0.0235707
     0.10082
     0.11418
   -0.133919
     0.13936
   -0.127909
  -0.0528228
  -0.0198909
   -0.181782
    0.136309
  -0.0100626
  -0.0758792
  -0.0703212
   -0.124363
 -0.00399369
   -0.078064
   -0.161501
   0.0831335
   0.0947213
   -0.122331
  0.00572163
  0.00908774
    0.100164
   -0.112999
    0.118774
  -0.0732007
   0.0668972
   -0.165401
  -0.0614508
  -0.0648866
  0.00820528
  -0.0668232
    0.114461
   -0.202215
    0.054543
   0.0774432
   0.0244331
  -0.0143633
    -0.13607
  -0.0998471
   0.0176984
 -0.00664932
    0.120481
   0.0305379
  -0.0883881
   0.0428021
  -0.0702282
   0.0212034
   0.0429964
  -0.0607364
   -0.191469
    0.175464
   0.0860803
   -0.118653
    -0.10712
  -0.0133766
   0.0674514
   0.0337814
  -0.0230209
    0.147355
    0.103637
   0.0170116
   0.0440328
  -0.0998414
   -0.264287
  -0.0555115
 -0.00205915
   0.0698061
   0.0424666
  -0.0227085
   0.0887119
   0.0401692
    0.018726
   -0.133119
  -0.0384941
  -0.0636344
 -0.00483192
  -0.0884746
   0.0217649
  -0.0421692
  -0.0111963
   0.0511404
   -0.119053
    0.102152
  0.00848116
  -0.0296256
   0.0399857
  -0.0819306
   0.0264571
   0.0482193
   -0.059345
   0.0150383
    0.133207
  -0.0157128
   0.0176041
   0.0155443
   0.0702304
  -0.0710684
   0.0109069
    0.198799
   0.0343039
    0.126568
  0.00465222
   -0.108547
   0.0967488
    0.109152
   0.0649758
   0.0586756
  -0.0490763
  -0.0215537
   0.0865671
  -0.0297241
    0.058807
   0.0860763
   -0.133584
   -0.112144
    0.134016
  -0.0432097
   0.0574856
   0.0716154
  -0.0165327
  -0.0786469
  -0.0367148
   -0.137272
   0.0378456
  -0.0217234
    0.186868
    0.152926
   0.0410378
   0.0553962
  -0.0256544
   -0.088408
  -0.0248501
    -0.14666
    0.128761
  -0.0607397
   0.0122707
   0.0366324
  -0.0065651
    0.146035
 -0.00376971
   0.0447777
   0.0291362
   0.0325152
  -0.0450033
   0.0306935
  -0.0384998
  -0.0542034
    0.124465
  -0.0297395
    0.122209
  -0.0472218
  -0.0639684
  0.00748507
    0.115019
    0.106614
   -0.138813
    0.194732
  -0.0276704
  -0.0550758
  0.00978736
  -0.0890328
  -0.0434651
      0.2182
  -0.0659918
   0.0249264
  -0.0178805
 -0.00200261
  -0.0775493
  -0.0925576
   -0.155446
   -0.132857
  -0.0270435
    0.027389
    0.107113
 0.000881148
   -0.032355
    0.028551
   -0.137452
    0.033706
 -0.00394972
  0.00206295
  -0.0834918
   0.0134914
  -0.0981371
   0.0397623
   -0.065501
 -0.00110199
 -0.00865516
  -0.0596371
  -0.0286269
   0.0828715
   -0.120465
   0.0896617
    0.117815
  -0.0611196
   0.0506262
  -0.0544805
 -0.00300063
  -0.0380195
   -0.017309
   0.0640593
  -0.0866257
   -0.015856
   -0.038715
   0.0470856
   0.0227053
    0.124758
   0.0460409
  0.00519316
 -0.00971265
   0.0898859
  -0.0349128
  -0.0776365
   0.0216407
  -0.0282345
   0.0476543
   0.0123547
   0.0402443
     0.03959
  -0.0414612
    0.027608
  -0.0673995
 -0.00831885
   0.0325355
   0.0303893
   0.0379326
  -0.0607582
   0.0150558
   0.0700299
  -0.0536151
    0.133268
   0.0033862
  -0.0121345
  0.00872449
  -0.0454768
    0.105313
   0.0390809
  -0.0262909
   -0.031783
  -0.0137317
     0.10607
   -0.145127
 -0.00318889
   -0.028676
    -0.11708
   0.0183112
    0.117902
  -0.0695601
  -0.0282299
   0.0922884
  -0.0540139
 -0.00222532
    0.129793
    0.123062
  -0.0219187
  -0.0126837
  -0.0558986
  -0.0535573
   -0.155315
 2.18223e-05
   -0.137762
  -0.0583583
   -0.018141
    0.123126
   0.0458031
  -0.0742903
   -0.050695
   0.0286131
  -0.0169647
   0.0514713
   0.0410665
  -0.0655561
  0.00478001
    0.145919
   -0.160237
   0.0175629
  -0.0660523
  -0.0283765
  -0.0452287
   0.0257893
  -0.0215887
    0.100308
    0.132087
  -0.0741028
   0.0136646
  -0.0271423
 -0.00488109
   -0.063278
   0.0387964
  -0.0243315
    0.055692
   0.0309272
   0.0120999
  -0.0584247
 0.000571022
   -0.131002
   0.0127015
  -0.0045588
   0.0516968
