-99.0583745942128,41.7433757740668,-87.5933548657687,51.5977551250503,-52.6528898473645,-29.4138547334983,-14.5916068172253,33.4249001661622,25.060941256083,-20.9240987580891,116.693897387081,0.748310732530641,20.2176494211752,28.3064324320416,12.4606795163345
-1.90977775152592,14.0445434332055,-46.7284913276123,98.8448243128691,-98.7375759142618,-92.6621553164049,18.5351584595185,-73.6219519298493,24.6399459691402,-13.045292377743,-110.451212182536,51.6811726725854,-84.691739907867,57.1276388062108,-19.5617790804137
74.6171939255397,-96.0958844315709,-46.2612510020292,156.790429855127,-36.7958582812261,28.2081205911103,38.8961776882692,-14.7031926816166,100.950634719962,40.3005969339367,-6.26239296446283,-81.6496422436468,22.4415935490308,-8.90792544450983,107.31217284684
29.3438753492069,70.1585442952479,-72.4331961601172,-12.0155085533289,33.4521208092746,13.4375778130663,1.61903081293028,-102.303631937673,5.66564201735911,-20.3887177901946,10.1606476936512,-80.7472066171276,14.1673854073126,38.0017935991783,17.3081295304911
-62.0431464083704,144.475409298816,-187.411538645611,63.0217329048863,-201.103830778405,-20.0098608647806,53.4784381638758,-113.227164672347,7.39228862758445,-21.8061679369638,-60.3676567833539,14.1173022299675,-19.3972278007642,22.873642415133,23.9143053344863
-124.411127722509,-143.159362083943,-220.769075331349,219.800199881637,-33.3542173494078,53.8708467632439,23.4166827599822,3.25346522675752,25.7198618233239,-0.384262007796513,-27.5020323485398,27.7544326765616,-19.5965588663097,-41.3676911880122,-29.1939527522937
5.07756327946519,-369.265015302996,62.2723387949936,-31.651579499286,125.972136631638,-20.2000856862361,-30.7256434676242,-21.5687456315526,-4.41795778696829,23.2651315254925,-24.0460106160637,38.3582383257109,57.7042881418057,-28.6258628061319,-15.4723731710081
-176.836076957423,143.722777624686,7.25023864276086,42.5141501047824,101.74063525794,-8.76542683873054,0.379282719814286,120.415673999854,29.789368850841,-37.662213006966,5.84024861793725,-74.7180344636319,18.7186494105815,-8.51318414115724,56.5585655249385
-116.599652274624,172.178258383089,-42.8677441533283,23.9573459604004,-62.8216316329738,92.8687055247087,-39.130014975527,44.6349544927223,2.35699939301028,20.0942442453458,-128.83380953498,-22.8310644499197,10.6515579680382,-36.1590121467818,-24.7295770458294
3.61775045707566,-11.6826776838574,-87.045280255073,73.0092195824031,-54.9073720784961,20.2981647651225,-74.6825575926475,-3.60649835652693,55.1897643744419,-57.4159591958142,56.616750145185,1.48932956795404,-36.7760718029596,14.6391007220648,-26.3444908685039
-120.81874485681,87.5148369711875,-100.324100325883,-65.9175263370457,47.8167339688837,-19.1436162099876,-143.932167234637,-60.4431222168522,5.38171343923934,-13.508305541234,14.2516715905898,-51.8790896502487,22.4730136415483,16.997015005543,-8.87027310980006
-27.2663309749196,10.004163099709,73.4114275197619,60.9217303164031,3.46841368114571,15.468052759426,33.4647316037102,-26.9112161350471,46.9658108350927,26.9007008629041,-87.3753748418652,-31.2794569260017,27.0497219186105,-54.7735207783669,-44.1956497761454
-32.256540080602,-145.841752991586,31.9372705517267,74.1718112781322,21.3378940589015,-2.87760061882145,-50.1445730013437,40.6805849215198,-7.0571523337654,-22.3062026987074,-161.823321409216,-33.2381016960517,23.8571180837148,-3.57898848459808,53.7808790495328
-65.1227893235501,-13.4929670041104,32.1031545474721,85.7817648435883,40.8071437356032,-25.1891612448088,18.8935622701693,-87.5625209171209,26.8189177784378,-52.0697289384784,-59.3969826133321,34.2496376696244,-11.6039075061723,10.8737293508109,-52.5940917566905
48.7933562506041,-9.6469835803148,-21.4525542976712,-52.5897173239572,-7.07674142521278,-96.5745287899997,74.3355189625474,-4.33152978210719,41.4944211493008,58.9999090953005,6.24211775468134,-42.1918243546631,19.8280063581545,14.8771776939011,-67.2834948137514
-121.32338723728,92.6780203107527,-74.7387397168239,41.6913671702196,20.0494998090849,130.210806938642,-34.7532309903718,195.582545524222,-45.7816384731488,51.8826369821606,-1.33150640730274,31.1200404627124,32.9890762983791,1.51034931321138,-54.7914421928453
-48.7966491361079,-279.581450056106,-65.3649220543487,29.22040578187,49.4188924111101,-50.8131017311701,87.4200462699284,-13.7763706694054,-33.9238352527252,0.224642514835536,14.447190555575,68.4967135297107,27.2049457383482,68.386582438438,17.1790509292547
-66.2265227788486,-143.372394659066,-31.1791438312394,172.495836094557,74.4069974193799,15.9079018266555,-5.4121575644352,-1.29181114312938,-33.2941164940426,-9.00364315857358,33.6465277238703,26.691643838169,-80.0949264920425,-42.5844733778493,-31.9594546320459
-144.073590168043,100.896083309792,25.5231431589863,50.7005033569196,7.19120547800432,-109.983128179476,77.3357298248296,-43.3053340377841,30.2089010627525,-8.97161508652837,14.9175497768935,-36.0030922675969,-28.2922315923979,27.401098468073,-3.62014662745044
-124.320153699778,-33.4502899240674,-53.1798458840807,13.9376241783577,4.10761753472572,-73.0018777430443,-24.2712387361858,-26.9419882838076,-14.1495407419419,51.4415687266038,-105.530080882373,-25.211742154016,-41.7769617622475,18.1628962900025,-49.4421626859364
-88.4834139910258,-48.5929167741451,3.37099625894531,-204.264581879748,35.389333344245,-42.0942771496257,62.6276635648824,43.0513632302558,17.6607749972184,-30.9427442193134,-39.358355025454,59.0376904530368,28.4618047865018,82.4766881724459,-53.3571198257848
123.248477462597,188.738837137292,8.30461306867495,212.55421118163,88.6157568175822,-50.7000028810378,72.9656013118995,19.834072228223,-62.9924542420267,-21.4767255692973,57.9751883337126,-35.1667288783977,19.8699252758597,2.46999037170277,48.6115242774369
-145.030858550544,-82.6262481257658,-52.3845521137623,9.59116238087068,120.886566094331,57.9794544452649,-80.5839611341673,2.92267007644223,-39.0639010319473,830.106134139041,-79.2808725104161,25.7512389283822,-51.4786993247708,-20.8085432976645,-15.0733503552953
62.9441986321246,78.669376818001,9.085710548969,-46.1965742153075,49.7824170183873,-6.9516126975175,34.5628444173342,-119.422170691718,49.9632191190584,994.128903569989,37.7744658555629,-14.7355739673832,-10.1174594357597,-7.83835088075001,-80.9948484962734
-52.7865755897529,-119.421565849426,-177.587735786916,-68.3135769025755,53.609056778182,19.9670389372945,19.7884264111988,7.0681587717949,-37.4092896132586,-533.790248457271,67.1778659672958,-39.4429894045227,-56.5578963358629,-64.1165874521738,-45.6323070387469
-137.815647962501,127.201150015072,-55.0560273225401,149.00456636065,85.0735001352875,-9.89555498189479,0.839606720141686,-11.3255688278745,1.47961854795259,138.818296370169,32.7535490314189,15.0297153897183,69.5633475216181,-29.5018905126822,28.8036017168192
-28.1315087300626,-158.349166793839,129.506838828281,21.7923941977758,-20.1908320690213,60.4815780457892,4.26851372310798,41.3520652923815,8.66391831950501,-875.244077381217,89.1617253198636,-76.2381974516122,30.4074193056911,20.6632871266007,-39.243252671324
205.121632972443,-23.122522918886,63.9468669263043,-79.0888620094683,70.3563823235168,-29.094594317401,-113.825475827795,31.609739600996,-79.5675670506505,160.938670947327,53.5588966757537,-12.5571227325229,-5.34414184766467,-63.4663750370413,22.8588073201723
53.2345522944566,-77.7605814395216,-269.016079053226,-204.669211348531,98.0227663999523,32.0021686664245,8.28616900839929,94.2541601729713,-88.2858934836473,502.459640787062,-15.7980631629382,-2.26319954568055,40.5092970709519,-16.0139482483873,-35.6304282999991
-210.142176766172,86.284627472561,127.742932022701,157.645220794559,57.2787115473991,-3.01329770246435,47.0306637430237,-35.4566104173562,-45.0838134855084,-465.350257481738,-66.880870315916,-72.0755559736659,29.9648737779516,25.8662201009487,-21.6489709066071
-65.4438675871075,87.4521647448979,-139.120648567232,98.6719634262891,-80.5905082463756,71.529271143933,80.4766333373769,176.383516381901,-6.07440363581059,348.053386502117,6.70646976856651,-22.8922408023655,-18.7285147454069,-35.4975920307503,50.1832356702165
-60.7859864163778,17.1714683870183,69.2189840921638,208.801468078425,-25.0814364481987,-44.8665919514118,-23.2167842761884,-55.2165602012006,15.6061846474922,432.440425426881,-31.4125723212868,11.9143574249422,-51.0305612415527,22.8693108189537,15.1791743047954
100.028460848966,-134.600246479069,-1.91977807654894,-75.8013489067148,-77.9443773890472,11.2995487999265,75.2375595099762,-42.1850720877738,-52.0367749214482,429.442042114162,-13.1752946890217,-0.0498872846552012,93.5123149824137,37.2900580983317,-53.9522436142357
-294.575650046694,45.1137313028423,31.2424877275555,-172.324952378317,40.1799348899227,19.6210884337736,-42.4492390789316,-73.1823148736614,48.9525983579752,618.446240880386,61.4491226766346,-14.544838336145,-43.4814684303372,67.3999331431768,-6.46900263126721
30.0753165037285,156.12903314354,100.741765117877,90.7722795911377,3.15678120481668,-12.0957846930093,-57.5397566369416,-58.8050799240924,-64.5780135686699,767.722379603577,143.504455876606,-23.1145755867622,-5.95418313517797,32.5873182206063,54.0380830226495
-250.488898957079,-125.066320522149,-2.77639810264397,276.496787047641,116.029899996911,-53.3472598353549,50.9711286538343,-3.08239265003118,24.0375861260917,373.523622400819,-20.7844160655694,0.942221513015919,49.1310055609881,-0.280275253984405,34.9085054595498
149.278308424267,17.7162126181887,-31.6460454273144,13.5823917711269,-22.0485013751103,83.5932811576901,-6.78399190240038,-42.3335508983197,1.09166595689857,-437.992408080345,40.1816334316743,3.71575584133063,-40.6995000587145,-2.17181234185473,-67.7637029895849
-20.5670156479701,-79.7827218494537,73.278880811794,48.2944100733217,-111.931081822811,35.225982836802,-17.9093276155832,-79.3524167826042,0.625668384415595,-1011.50846149606,27.2968638979902,41.9596556014952,-8.82672407360205,-3.57716560434719,-10.6742698649278
-20.6951167544364,-227.504421071766,34.8752792671602,134.391434164318,-79.7529070009734,-44.2187964246013,-3.18032933479779,-25.9611204068813,-31.9618421216185,296.004846837389,30.7262085534094,-16.838771352422,65.2197627867992,1.48293428132128,-54.3110999863384
2.88029579292761,-22.0402156943887,192.054741098932,-24.1659722338319,-26.3733406634752,-20.6496071599538,19.2314695958098,-2.48133956920054,19.4867866429287,30.2901542161132,-125.274290486088,-32.6467161664067,37.2504258805908,11.5142709741482,64.342175757292
53.80801406438,-84.6568946876738,-137.827516862895,123.767307834132,-43.6377290801044,0.159632629014491,-38.8966478672177,-74.801435634664,-16.4331978325176,0.0291094312909165,-64.5542581407471,9.57613678272099,-28.7329325588549,-15.9195145195748,-84.1457821529016
-159.851593282413,-88.4654412830998,-41.1986967824115,-27.3583903194676,61.2508519499991,-137.234032949224,21.4214969757852,-51.7677859739733,42.0275763407294,19.8555368759702,5.65611764339767,-11.9739946666255,-32.574547395405,15.4391544826818,44.4991762425507
102.241695252535,48.7884320088587,49.2223929183664,-28.7029148359498,-0.989948435150111,-69.2264116857107,-5.50750915343355,-111.032949827935,-71.8798936227318,6.27646786925267,-9.10472947693869,9.1537604234035,-73.6387335483352,33.5204562021289,15.8778296779946
11.2541642221907,111.687606174121,-36.4859389694403,6.40781109745267,-56.893863667397,-45.0735121064873,-16.3617715309673,71.2248642907156,-67.4216061360534,-2.57217867573064,51.2181724378273,-33.4306974482156,-53.0825464344254,48.5660940589592,20.5161981864109
78.4990809034505,38.8918535147209,66.0066667757615,-25.3888282102151,-18.2052078902498,-27.3621953180087,52.9986854979473,-42.1727514227481,-20.7390633235313,9.60426193387671,33.9604679753642,3.3248607894085,70.5669649499089,54.0117387098763,18.6388230973841
-161.301482921483,-127.574371357786,-72.5024002677061,-76.340445771278,15.0528004318775,-13.0400227825213,-42.7531192344503,3.61286759672403,-50.0876380323081,44.1141676579206,24.3451986801036,-27.5113375406487,-66.2052256232359,-16.7673270235868,19.320974392781
-68.5382749364723,-202.40763895108,15.2093537941724,-11.9734339960827,-24.5154956381652,-61.8940831340706,-16.3490247218896,59.0538356500794,-30.9044367882613,20.3060751180931,7.10080566235963,-28.1867940372647,-86.436032682471,6.95722095584385,-18.1634527035307
209.660714430367,-43.2581546991656,-204.056498214618,-81.5733851312542,-115.922761973689,3.81793088988881,-67.4562332548367,47.6255309364038,-29.2480974721044,50.0137451976982,-20.4493092107294,-37.3942807001527,85.0337380596572,5.4683180225135,-4.10242140656322
64.3044879919741,-231.671548842669,49.218117984373,-33.1514020397513,108.528604662507,-38.8446475723556,-5.0032837155525,79.105607125741,3.7950205716276,-71.7511049155989,2.01743328013152,0.267300995495311,60.4837520011881,47.1635705320667,11.8791672354309
274.359212892301,50.2920861708625,0.651482587160182,-31.6561714576854,51.1216059573125,-30.26807214004,-9.28108789624831,51.9820746778669,105.948962090938,-17.8563280297232,75.5404310967254,14.4588336875028,-14.0828244619841,-39.7846356520847,-47.3849271251125
21.1047430076217,-25.0502545134469,48.6055481100129,66.1221048623978,115.163524424444,-39.138743101388,36.8756344398482,35.9987352826397,22.5100332672352,50.0699031221852,92.6266093469781,-49.5107043493065,25.536084979174,-367.355863554781,42.3033936725324
-22.3369550587585,-106.968225046886,-44.9691155919467,-246.360945034225,112.89505203526,-24.0153087026374,54.128322264094,39.7449244945792,4.07564068508372,-2.54445301757385,33.7257030535773,8.80885829097479,14.5792027072522,265.426350521263,-26.9319950902488
-167.459895480419,-61.3315094082482,126.673236890599,49.5520942251998,-13.3635897232776,-87.2482394144644,23.7504790507083,-108.137102527992,-58.1071292287538,-28.0317703062909,-48.2983803518672,-60.9430710752521,68.9593439030377,-332.445941494235,-21.283306914145
-36.3648169608581,11.138621204842,-23.3496690961945,4.12436071420045,6.6519690711779,57.2746536355564,-30.8505661657052,77.8980454675045,-25.2696781242525,16.1933194398128,-60.7701309201107,8.5382946683649,-19.065412918163,717.170668217927,-3.46160716583623
-230.954460077169,61.3595928021258,38.1216537465274,-84.3388687299975,-77.6401825364918,-49.345519081598,40.8153465655932,83.0521432298627,54.5830192426519,46.1685713012808,-3.10718684542255,18.5781234028492,-81.2660583241696,102.907908466445,-38.2248678771254
-79.1833007496637,116.830141105082,66.1743015224453,-13.1168817648434,-21.1339415563391,-3.21472545408423,43.2960681818394,-43.1371201854978,-74.3783782268246,120.484975472966,98.3499889894238,43.1914481532697,7.14575667565594,465.148734360219,-8.23260108294778
188.641798090161,-46.352775440494,-5.43542986480315,37.0605274029503,-134.709279681696,-85.8875841956403,-84.8848316803512,-23.2853736327355,-8.26562768944825,38.788532298339,45.4416298060581,-5.5817546665162,11.8065057605196,79.4222891026713,-53.2571264952793
-60.4167944625044,-184.373770050508,-64.5489225962056,147.621397943917,25.4633220429856,-10.3796104282536,9.67079906163603,-110.263099759055,-2.12005292832851,-13.1044227009945,-135.263433511066,79.2770080153014,-24.4938952397476,390.578783089627,40.2641695337416
208.415075465471,84.9722619888297,68.1065578680075,-114.648098085622,-43.2894754331122,1.5459176728895,-62.9101589122992,5.31625239608927,63.9395465720342,36.4766951923697,38.340475592692,-2.52210018287451,12.9518618150096,376.727619472938,12.9247259322057
-181.166267089512,-175.753490037312,-94.2906917242044,50.0482307876715,-78.5474190242622,-29.8239644797745,-3.19498861574302,-153.576573750526,-47.5037606416738,18.0074569154165,28.4340541359007,18.9315453325793,-58.838882039494,-485.18414945196,10.7651942432106
194.114546557272,4.38504014813091,-50.321335451726,-44.198710304981,-0.980249282870544,39.9007352325256,10.0645106808358,75.8364420590319,-26.5428938373616,28.1833341103488,46.4202839118854,-46.4563426642479,13.2424216104938,-574.986930583651,19.901146951536
-1731.19127823053,22.0134127166998,132.979238352498,-75.8274881849659,80.2576368106853,-83.5889828425536,-18.5674902512205,77.1230395103853,-71.0069390496649,28.4994097388781,48.0964592105127,50.4888010943822,-45.2013780389169,4.04888660704602,-30.2849011726221
-1544.66616394967,-106.381957695968,18.2496025693996,40.8852740592219,-10.1383608178075,-38.8185225247199,26.0609686481045,2.31253799539193,-34.592094590344,72.5338082445675,-133.476915448772,59.18084616511,73.0687628869534,-18.8361527111437,-21.0338703891928
-1681.43523641972,141.331683457734,136.37638855975,96.8048382546412,23.8151145387085,26.2536327827851,6.62568664492959,-118.1786393514,-5.88864058269516,-15.390184939488,53.0903468790991,-7.97553376054841,44.6251939768146,16.2531685519104,38.3806061753675
1473.08099380226,129.682063170927,-44.2149469390336,199.652259648453,21.5582187684838,-78.021014703282,-2.26894617972514,-14.5907720976963,60.8391288709851,-13.4610502514464,21.3040097314993,-29.5104645286873,46.4064466509498,10.8023936208171,-66.9724461132192
1076.12287658403,121.610547488129,-20.515083669748,-10.9346401676686,34.5793563008111,60.9285695490843,-31.3752586323753,74.6818571443843,-69.6005921074481,117.586189830847,111.166287890441,1.78723161080948,96.3311488540573,-42.9085766786305,52.5789865239625
-1249.52131666187,-40.5318032736228,-35.1435458238424,83.9123775480614,34.1056364334851,79.7405003700803,-33.0068070414905,31.9852712860911,39.894549443092,-27.8847933115427,-1.0395220042073,-69.8539973598241,14.1021559570539,12.1060131256398,-43.8153634241958
-1522.61026762622,115.564319688377,239.393853656196,-66.9891634963691,91.5032654633376,-56.9840692229232,30.7405734499182,-37.401580621484,-1.41843055900018,78.3573573356324,-41.8695150459074,-44.8242221702637,13.2312972632686,13.9212196151846,4.80301935819484
1121.80910404547,-49.3128911039783,-12.4389256595363,191.293130919305,35.8834157287887,-13.4274266585512,95.3993512963913,-13.1677061258023,-38.8831467953522,-18.0797966819741,22.3143196739933,32.3431051019183,148.698567680126,37.5228436880163,-54.9773790572789
-1078.53751002666,-131.210484245539,61.6394564423138,88.4967203403439,74.2439310884964,61.283424007523,-73.1836535990675,77.8657083648071,-21.0786225099676,-74.8009280736897,35.1335716120593,8.9763735876987,24.2270599691831,-29.8249548721638,-18.5182582007303
-156.615817697469,77.3472287292104,68.3244560455746,105.202576790407,70.3128554205069,59.4537517701271,-7.81540814848278,-4.94373701880603,27.5647212954735,71.514336515567,79.7419309279007,25.5301705851891,-71.15431509702,-21.4440260701557,25.5698359389766
521.330004154061,24.9169999793219,-188.691360103866,-180.347422746344,50.1272981244546,-110.035782959408,40.8505185090368,-4.63592526216546,22.5398774150778,7.0735153027073,89.8127247093434,-38.2804585140804,43.7059319386207,-35.4245534925273,-12.5459061864119
-1782.80279130807,217.378423803915,-145.688258715715,84.9726336323961,-52.3804058010479,-40.3775075695458,4.12500913997849,-93.3170387119789,100.032570716368,114.889142439038,22.7612831748823,13.2452039075832,46.1320686331709,5.82227143988743,-38.8485054922527
1030.15927357685,-12.6781055477909,161.070457820855,-175.522966580184,-0.799252585234681,-67.897558958134,-38.5174628908878,-184.341547039402,-51.2977615414273,7.19246378571598,-25.4129839581755,-1.5565761048498,39.4297698457153,12.0360232246786,16.0659834601034
-700.805339508113,13.6494329383415,-6.82375386427054,97.7757957319709,64.783449695851,43.4426921271081,-32.7183116197286,34.8518009214023,8.69751515510751,-20.3315515678806,86.2893244227762,-67.9035097741788,0.968348667878693,8.63369147509393,-2.7288845870382
-1523.55624145391,104.502175460975,15.9886084506428,-6.78547114331522,-70.2075567196864,3.65286414700292,73.2125677231127,39.3372043341755,73.5073349570793,-15.4970372177875,54.6418721232109,-37.0787438662212,83.3580563652921,65.0710719042251,62.5543912524157
-838.731921070559,-96.6735415081682,1307.32583711776,-141.582844549663,44.2030691643784,-19.3065483392246,-13.1470825355773,-38.4392503700061,39.5166753202329,7.20746736608034,-70.5627857465456,-13.8727145349254,65.8682136051794,4.84296859063956,24.2635469435896
-1686.94810774541,-29.4025039539007,-1648.05627663204,-63.0822880286439,-7.61341176059349,-74.1524913854971,6.04144851133623,-68.2896422700149,-35.1270312233717,49.7743910835722,81.3737885103302,-39.0501077307719,-55.2926047470571,-3.05697125611198,7.69573755583233
-22.4087700762285,21.2682061168463,-975.924797107888,122.374393539832,123.304818650897,-8.51359118695058,62.9256879923641,-38.6916225144768,95.0458991347127,13.0672348557866,33.4756369371769,0.641556893435632,42.9917479410234,2.93054761139131,5.93427157794999
-38.2058752095253,41.3169412980033,-2453.63246283236,-39.3484019966092,54.4761785576796,-64.5033502667772,25.2657141925798,-105.600314312195,13.6476980862135,10.8599842560809,-35.114072458606,5.82032813995172,-0.60423276046644,41.3825359474768,-0.77341442423036
84.6861250958218,-113.223918816538,341.092178958681,28.4518652982709,63.439640749394,-85.4716072478777,-38.6490586233992,15.0533247876555,-15.7240135501547,-22.6348059996294,-20.1749363482869,-11.5371588824311,-74.5818469043052,57.6998771771605,-25.3767886762779
-43.4794891671899,-24.5041439039704,1091.43569542558,-124.073743839523,-23.6276813953576,101.087552626867,-36.1504780469202,29.6063146671868,-25.2977216998741,-45.2953103219148,14.0953939797727,5.75996396371947,-27.5479386676979,-17.7687331845603,-10.4291810736476
-167.207476958551,66.7044998028684,1428.46481861051,-23.6685315051842,-31.5001398635685,-12.4795083735797,105.720084368125,66.8788623544975,35.1819861149709,36.2578203313704,-23.2172469104222,-15.8172257172307,38.6270035854044,4.53460798457301,31.6127494974075
80.112307580946,-31.2844489539113,306.346626052335,-69.5214990721886,-35.8699398652521,16.9544047093327,21.534601993523,141.501279776963,-38.5487608808811,-83.1390952504595,82.432495894369,32.5543964139973,-139.89609637993,8.17632552037549,8.42988307592512
45.0979274097472,198.720117374068,-1424.1756656065,-42.859128442294,-71.6895876046494,13.9526909367788,40.1499943665344,-90.270377818036,-5.3237644385782,67.6950987439104,66.8362262416075,33.1090576758062,-10.6959851498577,0.782241012764597,29.1720098711848
109.288829330277,-10.1754605923312,-769.59902398036,48.3877654323101,-40.0558127110784,55.4191572926762,-54.9944931864179,52.0556876490453,9.31939714825757,-10.430372425158,111.84967927875,45.6327856478599,62.4130917270694,-53.1743529502971,24.5653047854316
76.0614882408873,69.763346530542,-691.045096659409,-182.054582153213,-22.6652365432198,38.4378760526671,34.0352557078294,-59.9311988372275,-25.1699943715195,-9.95270519579847,-32.2145561342976,-4.71307582696226,22.1777036914208,-9.74668300292832,-3.91106065311166
-128.277889729594,-158.503766492289,-1868.1928790879,-20.0917981061535,-65.2610497620106,-11.4634124561841,-7.53519543650677,50.6493874158045,42.9500869735088,-14.0627547099647,98.1341279637958,-12.693927921359,20.6412998518806,37.7499897708457,-51.9695756938263
40.0529138553155,58.3643989740726,-822.215338775616,-23.1532970307515,29.0825307982937,-67.6416012177995,-23.137146165534,106.769095247521,-10.9919881303967,-2.24474252257755,49.099931433398,29.5007366517506,11.1861931212524,21.8341581950307,23.0227972861927
-42.4858412723774,184.090359053825,-483.651250202768,173.145970866628,-43.4785203252513,-51.2728779501017,21.5823918248093,-38.0103645125532,-35.4721548966803,-47.4719313302264,7.10359630847408,10.3091303371213,36.7061672801065,-31.6685873017506,-2.56477892230204
-12.7429932994453,-177.529109502973,59.9857462820797,-43.9314083631737,248.269994014447,97.0652506073523,40.5810833399063,-108.849991372991,50.4760184644618,29.3115782895572,-28.1369181384899,38.3209597109713,-79.8038798240153,-40.1707075914552,39.7853756724525
-208.377068565153,-37.0999950207043,1804.14722841712,152.843899750458,93.7276060863845,-2.20759119530425,13.8819694097132,-0.0564553442775525,-30.7291365228066,-41.1561837145145,60.0943110351941,13.6020638538098,-23.6582749516518,-28.0531571649092,-49.1805496356161
208.166388893671,69.8712426953788,-1386.39885323907,47.920920601499,-132.581872290041,85.640453959481,-57.2318129921817,86.742903559891,-38.4827918455254,17.951991346295,-23.554852203156,30.8837567727434,17.8913177131429,70.1676870995608,34.9718299738685
-86.1017291882073,9.51720816223214,1845.22509216646,-69.087350575988,118.042252675172,7.00574312034228,-18.6388623364159,-44.2227829589234,-4.63038838138378,-10.0724849255899,35.5332605351845,6.51332985012805,52.3082751577979,33.0228274554867,56.2053887311996
-19.7006894229217,-2.33666263521733,-1805.84304161906,89.029300940742,-77.343759621443,-67.1449469696496,61.0764531937691,0.187101212966611,-14.5838907742307,-67.031313884043,-77.0618029891792,-22.1954990607318,73.948193481994,16.833638520239,10.1371215024952
33.4588481890833,-21.3593559387641,1273.01370601012,33.3288402392769,-156.144419204868,-85.6690207167171,64.8400122613887,66.5958271163013,-17.4046870676922,4.08061439917351,-31.0033797307305,-22.5719174690325,-38.9233934434837,82.2892361653691,23.795298529772
105.80687362194,-84.8402011926124,-20.4905207490598,-71.4358574151284,4.66563007467168,29.0992683661125,-1.81237121553707,28.8578861846531,-3.62069039644324,16.8610119006151,45.107195938411,-11.3971258539443,27.2883988873849,-59.0465105294218,34.025001439269
57.2186451338105,7.04875238694001,-56.0113094316339,-599.123635282328,-70.7460075531841,-16.1654290365262,29.0802477444327,-111.654577642103,-107.295200525299,-62.9826197784987,-46.1740322599961,-22.554186927704,-64.9091688724337,1.05127493238356,-14.4576785611388
-6.12537611355913,89.4522061621291,121.420618543725,-1438.71919806302,28.3441937648118,-133.39190418209,-29.4793691207593,-31.0028650118983,5.51665499984745,-44.9636922000121,-4.61245041690962,5.54804204671177,43.4668798294738,11.4599982659138,32.3347575542713
-113.570749607066,-206.155836509753,-63.2955025383859,-638.181868782378,30.456580827236,-79.8661550335818,61.0641098134567,134.742555356039,-10.1223290173239,103.528485253903,-10.6859800988867,-22.3673182650486,-12.5984634970205,-21.6348040179725,16.1981586283128
-2.83004050294191,36.6069741662618,-96.5926802774939,1638.61121909689,-31.1792580193232,-79.8574630358831,45.4915277118076,76.5070343678738,-55.0803600263984,1.86892369597923,-75.8236478998361,-21.2921242277139,-20.920350414218,-10.131315526917,-62.8331248644446
-178.80981721614,-30.5111210197814,123.270248392289,-1611.19758608701,-207.381969990731,-31.329805261884,21.395242053081,-9.01910953003511,11.5364440045905,-3.42887672269509,-107.276850223619,-24.0146642977326,7.70167918459054,-38.8878545752669,-24.6616449835949
94.18159106293,77.50076441461,-120.653279136593,-799.811963472526,-126.368463428388,13.882894551757,8.75481305173983,24.1842617042161,20.1302587479923,-10.7205545774884,0.57833556287319,37.1890431750269,-22.7056090219339,21.4354544863573,-25.8060738276582
-6.28699380321651,46.6302615700338,-15.9576102568875,-509.740818462098,97.9064627386795,-12.4750073689312,51.38173182201,17.7808164794247,-122.151294273785,16.7245909819949,28.4581919266144,-23.6533620384173,46.9167609565408,-6.29117240711494,-4.20818319423113
27.3985167106168,99.5594881478135,268.601797373667,-589.809168919578,-73.1014691182562,127.719824090217,5.82880133377706,-13.8776727019451,-80.5283850224247,-31.054446111,-74.7693819861376,-11.7829688953338,94.1432553155604,-31.7451418467202,-31.3842580147317
114.896170875194,-87.6668994643531,97.8690582829493,938.378627020589,25.0543333232625,-74.7514409170005,8.34145066473351,6.25878062993937,-45.6439440566739,4.19163945297598,28.6200548179865,-10.9929114960275,27.342112705481,0.939261409959944,64.8447736283928
95.5043663826642,98.6840862464377,23.1551995490636,-1046.580392624,-27.8564644204745,66.8950585733473,-80.7424004995148,-49.3535913690376,-23.2791522026864,-8.7926551147006,-25.2851945937371,-14.5185905043465,-29.8461502216189,-1.75047505195248,-9.00180926500617
163.327069027702,-89.6281939130616,55.8373443519776,1372.92884471661,-50.3364306860817,59.4136731909273,-4.1642205868455,16.163775584731,-56.8790242439935,148.255358743156,39.8091953709244,-13.910056910164,46.6913298490875,-21.3513843492239,75.8780551802293
-245.011120365104,-39.0033847788034,36.092298005606,-1869.1851488508,15.9514177384615,37.69758409614,-78.266524721504,21.5989509142536,56.6039573198356,1.35653730979918,-48.8637573734171,33.952170787355,-97.6428987150526,45.1944585972477,-7.75621002982848
297.235781854968,-47.8688839359187,123.63018996778,1188.32130216667,91.9676184189272,158.995765046198,-61.0269992089089,-89.8761312969146,86.251936873968,-118.464218980412,-35.4780613513617,-104.132280636501,38.4564126464351,66.3059784449556,-18.015687930979
38.9042390057434,14.4856704387073,113.07018021448,639.138787514074,22.178969432427,103.144689841275,29.3516708529285,-104.779149414068,-37.0296861350824,-49.9358214593818,30.5017799510747,31.1627903721917,9.89052993399597,2.67915865997628,0.949862603733684
-74.0782308484973,-214.144046913051,-77.9203121785544,-699.205322139723,121.022670846877,-17.2365677670795,8.08618261268664,-37.3994281453307,-4.94626016340386,46.2201905111898,39.7948570098009,17.7368470516867,-35.661068110657,-30.1068646877599,17.7979986966185
99.4693911570704,1.08741619739023,-48.4801695402509,-1425.28832142312,-30.1003529039849,23.9611903970094,-28.244591124974,92.351865353412,-108.429652743298,25.0607590452278,6.91347136065441,-25.598102782791,1.35357968780969,29.6505398232655,21.2573407794993
53.9280132697366,54.2960649469968,54.0179192645711,-599.241468383298,-50.5960908185112,-14.1825665431974,-29.2465829924242,-8.72687003618079,23.909860823709,83.4527407906154,-42.660766260143,-23.6391744773634,-43.9358759442158,-84.6276284831,50.8982383266214
52.0816995924928,-90.1676124671982,39.0194042418923,594.663493786461,-26.2721868288361,7.5148012728217,-73.8676449169246,20.2290835029556,-38.9956834380505,-39.0883443520344,-57.0724213260975,-17.6224125098275,-73.7457827558818,-54.6662065121761,29.3221961740184
-0.266720294678678,30.7423580380799,117.236177326978,-194.041373838376,88.2729207069592,-17.6022418624061,11.4257164048287,-47.9087372372588,-104.82524015696,11.2908837500126,-24.0894863840713,-57.8432425169479,-5.88582514558221,42.4829850755671,18.8230148887012
3.72551287406049,46.4089893766418,44.6006511984106,779.157840458706,-37.6156322513807,-18.1301969255947,96.9456937329966,-72.6425229717107,61.7950096411332,-15.0334078641086,-20.1919763606144,-37.8133325186679,-0.638210626900414,-20.3655897221247,-28.9914222681152
-3.21674519318482,-3.82663265029001,-44.3909215414832,44.5373888925105,-189.566005514933,-40.524242351791,30.9072263694182,-86.999524280179,0.239015973814589,0.760323178769563,70.1063950275431,-28.3601867558354,35.9684489878774,16.8149761875615,-48.390663201914
-28.7204784539141,51.2173287538937,-43.1395368311119,-15.2169709868092,-0.437441167923572,25.0884839345858,-11.9802292164815,53.6091292965648,-44.2039721744792,13.5220820725358,-83.9458579295319,1.79824670646811,8.52747709960033,-22.61351936809,44.2583961791157
9.87424724647935,-186.134228783611,-128.315877183798,-126.78033029618,67.474733887511,18.4164106929907,26.2934849287365,156.203872604637,-45.4092133863498,-29.572176445913,-107.567452863637,-17.5026920122253,51.2200574805613,68.0002359113419,5.38262908107935
124.257571866132,26.1696312381315,75.125328771563,-151.164481439983,40.2170739797358,16.2566363758117,82.1188769255302,-63.9550608036021,52.7945021231506,4.94170667456877,3.66813338392146,-5.06835666061867,43.8118223240359,-47.9675110564978,-40.0310490565048
-98.8922529194132,91.4086561118056,-33.5189466595377,11.6365824694111,59.9468230460225,-38.6838511369182,11.2401458101724,-10.3930042061316,23.6486180521087,1.62062278474957,-28.9880876925702,-19.0647933661923,-22.9927841651852,-3.14693980797968,-11.3792576003672
-99.1414541758541,126.581855511984,-99.5144762207187,59.0225379811862,-120.996771255989,31.6488894815274,-42.3559332130038,34.1406113373819,58.1124187046067,-34.3522952726475,-77.3522556090776,17.0732690514767,12.2699184356643,11.80769099009,-44.0531049480417
-235.902447967002,25.087061749994,-125.636213546106,36.5949564681126,93.9376327132545,20.8959424541955,57.230027163796,131.323882228367,-43.2613098864196,-12.960775717207,-30.536602346002,1.66826968726729,70.4290027809986,-70.0615490346754,-51.0622291657261
-264.498999776255,14.3146138931274,54.1676869719225,0.848369230757856,-29.1905004159105,22.178063047741,26.74704125764,40.4783174389267,64.8792170481829,30.4990591237809,-46.2474835354163,-3.5695236316985,35.8597812045302,34.7735614417401,27.1243288136947
84.3874539842083,158.697024946796,70.133322549525,-16.1075644719364,-178.03191454141,12.6199735600375,13.0620632778856,-72.4392116528659,-11.8060449019784,-53.4449075888112,16.6298541436913,-42.3759373460634,17.4989390030864,18.3361352368147,10.9836768653944
-2.47162541995118,1.50853238419877,54.1139208476018,10.7045980365256,77.7213416052731,-636.043643942218,5.59378035783874,-83.4620339517576,-42.208584026031,58.5843710626585,31.7070776088296,10.2636861186777,64.0408968600737,-81.7796847374731,18.2170334663486
-13.3453770830558,77.6002338044647,96.7285407298617,125.475797482518,-158.667706841865,-236.874936480286,-40.6378087802627,-8.46933935051441,22.6751234643486,33.2926099312603,73.1059674888635,10.0349057536125,61.9167080147399,-19.2200087550631,15.9807083713302
40.7842628342788,-56.0432736147693,73.3283831077283,-131.413389610337,5.14763182187659,696.038243496053,-16.289640893902,32.9915788146566,-83.2533148508277,21.1631842712012,-59.0944052285082,-10.6975479559568,7.73553835454381,-64.7735116608915,39.021300772498
-16.5672663787334,-85.4334826629366,93.1127816347203,28.0792992911696,-97.0028148867857,735.253290854088,14.4552855427689,-147.726499280943,69.1052287516334,1.87520038264368,45.5434133119097,-13.1935342689671,-61.8495646130546,-12.0332732235278,-85.5920263367175
-130.791207605689,-8.95294386699406,-84.3112959799684,-125.838722216538,-1.83950420220781,905.449900766671,30.1232441385524,-49.0004904824755,-57.9602345557295,-141.393469613628,23.515020865937,-8.74814191865015,-26.0955326549743,-1.91174188616021,37.9015730974165
220.120737261611,-31.5967547107783,113.410942855685,241.33815407427,53.9966970284144,-592.22942060678,111.01103968917,-50.4820376414848,60.2934037048797,33.4709837333473,13.6059035295501,-45.0852273285177,-8.75015204164099,30.7607993261368,-6.38601753438407
-154.262018284035,135.646761856289,38.1501745515494,-58.9257659141194,11.082635399092,-407.196694968429,74.9486497311038,-125.617394362371,-10.2029544022132,-44.5910299486155,64.5656648643392,54.8515347373705,-34.6327745929418,24.5918036053226,-20.077342069644
-174.761163992559,42.5580896196833,-115.600106880906,30.123508100956,81.8567040696169,-687.535391765579,22.5808375396718,79.0780445930341,-53.3120549317559,-56.9392178292426,-18.9274804525442,-32.6085356723813,4.65997550190205,-38.7898879387697,68.1922334464009
-103.217085724889,6.33079753462431,3.97107976849124,69.9429102509819,-34.9600263967583,908.004584445563,79.7172031803672,99.8202426226811,-0.39116689085288,56.1122670450717,39.5362669916612,-7.94266930452226,-55.9783655744781,-27.4477556956161,27.3309841015231
-85.7153324836487,-14.4167059750322,-107.773343976964,-107.660659297445,98.164557789882,1032.16863997658,81.6776617483206,-50.2389702258906,-25.2723316579555,-72.1945257899297,47.96983122014,3.67138251942419,18.6122625866084,-13.320740082579,-59.229900630359
30.3954347826121,26.961290086791,-169.737659458613,-107.145943198664,176.337613403874,395.853600822696,22.016798279956,-45.1078880144041,13.1390776136547,85.2232663497229,-7.79768478188856,140.788803628477,43.7450296037122,-4.81712505693855,9.13924326450383
78.5805583523681,-6.39521534310577,-107.615717801614,-25.0156408674683,84.7909911102531,-472.578458990893,1.31544951619099,-52.7177484638321,1.21521290499298,28.9597805520919,-115.532270777433,-9.62841403786116,-75.9622727093075,105.685212259748,1.38074153001336
36.4655334205294,11.3810649986805,-1.33795923058658,-181.083286759973,25.3142576037639,667.067826462851,-4.45532488684552,-3.48267076679027,31.0816473624169,-37.8502947760758,10.7801202357383,-44.1679748384526,-57.6569351517411,-15.6994188151689,7.14845240964859
50.7436735373279,-84.6925584231268,143.955459610608,90.9657742197611,-35.5156254585123,646.684558628163,12.0528973890329,117.249330802037,34.5271619469374,-24.3345875865622,91.5164236564736,1.57829365289395,-42.0866188683224,55.20634635324,82.3382156790536
-9.67940089113865,34.8654285340162,45.4586276755112,-71.0920047420347,-192.858317213536,-551.347513077913,33.2522980422979,98.6871046218091,43.6911257977662,-0.500813093883813,-27.6456751185008,-209.9459369907,35.100865655418,-26.2067059847613,-4.06333972232552
-84.9438757151569,226.578869423616,53.7334456308481,30.569336391232,22.5968632857313,491.717835038432,-43.856156500478,-110.492740437535,34.0955564683214,-41.2568531986374,101.278712657658,585.583682682709,26.7242195774802,34.0914177880377,8.0612313848867
-195.281888947656,-6.9182149007464,-203.260951700369,91.551026735539,-88.6100280396549,88.6900121611105,6.64761985762775,15.2746498633568,39.5940486010672,-38.9901196805853,-24.8794136149716,-567.111314267889,42.4431852133591,7.11407578905739,-9.80169310024084
188.758911833074,-75.9463801302445,116.249244049098,-12.007744878543,36.3448873681774,14.7852800994832,44.3269753506115,40.2629951068902,-86.9842067038476,-100.871209150184,38.9385355966741,-344.206106975533,-2.2357275891528,33.113740919577,5.56787955385173
49.8311402840005,35.2586897463564,140.689339897232,-115.837173490261,40.7423159213128,5.05892455280847,109.099278024552,66.3730638608371,-23.9955773585293,-99.8226060138416,38.0846293343702,785.651049473999,-48.9844217083287,66.9796951543038,63.6681125429015
-123.832158072584,22.6264388081194,43.187190293496,-43.6254303368263,-58.261783734474,-16.7299407652128,20.5615856494378,-27.6629650569262,14.9415369118011,0.449675767860391,-11.2463464241219,119.624678702547,-23.5784636480881,-15.5164560063085,67.9463659837286
-139.483520271869,-102.166283823307,-17.59689711481,145.45427312257,-167.51822400693,-41.2369762857256,-5.35877716086462,88.8432523107374,23.6594766118136,52.109923022975,66.3689655862107,567.802306026854,-52.6579453934924,-4.76255308519833,4.76886691845589
-65.8844565436452,95.8963077201339,93.4557692572614,54.8512876022856,-110.363828259906,37.4527184697286,-37.4886783393908,-10.7830053518898,-22.5257141449619,-68.0619294655752,42.2364795089438,557.30389617407,-76.1159840312849,51.8462513764431,-17.9994659711199
5.73532422054325,-206.23605757245,0.0139104155252403,-28.5717387501531,-117.342986501168,63.2874374782063,-18.884224282838,-15.9495374934114,3.17682536597874,-37.2160525724755,12.8370410326707,333.613312032514,-1.96508234686889,16.3185829460395,-32.2878547287048
75.310375253077,3.05375423911804,-106.250729646726,178.638492679785,-16.3448346942987,-35.8671690429348,-89.557339303889,50.3888494988131,-49.1664785556082,-76.4725719533193,-2.46213298402818,288.295756516336,-43.5568808371947,3.5945018647179,-61.8890847453514
80.5531615836066,-94.3654638020137,-77.2436591918974,-39.3764487572707,101.581847154713,-18.24219576572,10.0397090789665,160.32111649525,-10.3187240192428,-23.9019729830063,-48.7651589182812,-315.180502704775,-2.72228096320324,17.0038081304676,-11.4352540007682
-70.6147694188572,69.5886571937235,-37.224431785704,91.6840333670914,-47.0832017707815,62.8949648829309,-54.3680516422766,24.4332764118696,-70.1812601203505,-51.7186160632746,-104.298436870142,720.190807084925,-19.070513187279,-38.8519405624279,26.4078573971629
-24.1093439170675,139.335766789061,-70.2040827553811,-27.6298850830111,76.7155094346144,56.8025331311084,-18.8334340696863,-84.2178095197971,-27.8764206112817,26.7511564341572,120.266968251389,-393.899160912973,-20.1155396762912,51.8887112318741,77.4099211645171
151.514257277295,-100.306965705694,129.582553083712,-11.6439124041773,-0.49637234738493,-69.8382935370691,24.8015126756236,-92.8181164526715,18.4910526942659,9.67955224087604,-26.0046690322273,754.106634198472,33.2110424111765,0.497468865641775,8.98765218574125
-136.998502136968,30.0175584245476,-45.6485042002857,48.5412711121606,26.6067754104226,94.4051177899601,-42.4078350771153,20.5404244090929,7.58529606985432,-38.8113754061061,-91.709005378435,-475.546223828928,-52.8089180710627,-9.44818566872602,71.447951282796
-130.982890685794,10.5900414337848,-197.682084399895,-71.4082084201812,126.898412555206,28.5588466191384,-39.6246921368315,56.8845140419151,63.344172749848,-14.8257179324109,-115.856473703532,366.884312194025,-53.0983685757808,-20.1112961151689,2.18632423483444
91.2808234990044,28.7080709817846,83.2768369921808,77.5095142288956,-77.9269262961933,56.3824488593275,6.91559464737234,-27.9928045397336,10.3330585394634,48.5870686719331,-4.64892212543002,271.527160882873,-47.6722165800313,11.8264726529346,-51.0602971443625
-67.2004232979055,-34.611210061533,-61.0413028230562,-248.511768811099,29.5466146952342,62.0628619089,54.1133651796866,-20.5867706066657,38.753890283807,46.7856263150289,56.0492618098456,681.930421669233,19.860880465503,4.78885753046531,-175.242821481781
-163.399795228049,147.499588782047,-174.683708834577,-169.655775210765,145.099251870933,21.6369546112363,11.721098978092,-26.1515297504752,16.9700485948592,-2.69167807791333,15.9662216886734,8.14962842805437,6.35127286066358,34.2943559475211,-30.0474472429825
-49.3274970084106,14.1111645047936,-77.9734358920215,4.02097631196165,102.28832337903,-11.5943790133261,-4.53974337005107,-89.5365668816595,79.3709751515125,12.6498598896152,85.6528118035911,18.1996108124185,15.8819121995731,9.47532232741334,439.653013663198
78.6290482865016,79.6496410463284,-95.6541992456919,-217.247420415982,98.1675934392971,103.616477955564,-32.3009723638632,-5.60579316998699,25.2586997482083,32.0787860603628,-60.3203724307046,15.1492673513139,-20.3905881307866,-37.0920548159898,650.849774060227
116.581478524154,92.5166857211349,151.172202761772,-14.7003476762885,-38.7671211239666,4.13079361916535,19.80710257819,30.1651249387821,-8.35358699540961,46.1486141990892,11.9754927004094,-79.0747257794921,-71.0740304981508,44.9292518461512,-235.82061731834
-19.3256370058092,18.7316375443673,103.403364424943,-53.1201052155592,108.243359474044,-29.8267531826448,53.5008519927316,-74.1117752853286,-51.9737474608381,-117.610019424283,5.23782369965482,-19.8509204345686,-32.5708935359128,-13.4370195208002,672.159485628331
77.4572997292467,-71.1547899191713,16.3279701357787,-128.356648361657,61.2630370153027,10.4735596242936,-19.2249909164496,-54.0753488736824,-27.4675901107647,-26.4115208142295,-65.4881957700064,36.2752061102373,-27.0396512969086,45.0655811084924,-272.278368192709
114.191787279917,-185.039361101998,-76.7797952531084,-118.223562855735,158.636536527259,17.5073644709447,41.2767294159216,56.1739993129884,-24.3507543387944,73.8446615095664,26.8642380689631,31.5325680051612,-56.5426096446053,14.7262788016968,-192.614762204189
143.413150492293,-96.361730062352,-399.704454793791,5.54462461841523,-51.2752041771617,46.6999354526457,66.765551222826,34.0938411836706,21.1313184315116,34.0559932267274,-63.6525677754638,0.446082019236941,12.7396462069385,-8.2211261800472,1050.19152398019
-20.2051435326928,64.5849014991675,-24.7420519566525,-23.0884196774082,108.686271742906,-0.793821134621397,-4.3237427350209,25.3011900508478,-27.4991795148375,71.4437602832467,84.3686078384985,-23.1386366738025,-89.448096921602,15.819224573544,22.9358178502075
-135.016134872617,40.3402072583964,-19.3319554056213,-38.3222660489942,-22.4683423985314,-101.545441381707,32.6294676523144,-9.37722991793695,16.0539249839111,0.978328523564001,-27.5041399905588,-65.3398650505804,95.5824417253159,-8.1874966440798,23.3446520868365
84.3985767073459,-162.288293024273,-146.103473510506,74.5975187491421,-25.2431285441458,60.3405793423118,78.3724042877274,53.7456759126403,-65.6288096424686,2.71337854587551,17.6719121068924,-40.2421635061238,-429.805930721023,-23.823021881626,45.3089963267689
64.9789670540466,-170.15392642376,64.4042950811746,92.1399081473471,24.9847235004281,28.299820202935,3.89218538904892,40.0276223692226,-96.6711094325304,17.516768545169,-45.4877669824685,86.9717081019735,536.181767144442,46.4496062898169,11.2626470238674
-18.3543911368078,-202.357567920885,-18.5879519650756,-4.95121879932326,-7.55294614725724,-24.8212498847305,35.330528013085,0.413414064185498,-10.8846263095096,2.23528690194387,-29.1164749311124,-19.7825127723194,506.012580051708,-4.99737784306037,51.9106436276191
-4.31420706714428,21.1413239603908,2.66501473970249,-102.51411915894,44.1410565792027,-1.65728248521927,-91.9065601595577,48.4724737878621,-5.46793388151042,30.2007803604826,74.3256020741994,20.7357472889737,864.419790034778,-26.8652494201626,29.9093848970531
-37.8775093009839,48.3509435846927,-73.6556932228851,284.523948774941,-25.868031984414,-43.3028240134494,20.431113836965,7.58219241807659,-7.95612981122103,-35.5850034147593,-20.5878887131683,35.3584324684354,-401.596488148186,-61.6825973585739,118.571344436465
59.3898847605295,98.2897558586513,83.0280817358412,-131.986276641218,46.7286007898088,65.8058371674543,-33.1093026445796,15.1127346767068,-13.0659561090035,43.1900512857232,-81.4585786128931,-1.21602339165903,354.056409435015,40.4634457764903,9.5551487108508
-41.2762693449087,-33.1273334454141,36.2364667405335,25.7301881416686,69.1750629968596,29.3011992623621,12.1875559143772,-69.1297853489099,53.3587255434002,-16.009267088989,-55.9572631171436,18.5610506243865,496.839540759169,-28.743208939302,18.0773046002741
-115.833043475165,132.032711030861,-101.378643637855,-88.2098583608673,-0.85910359221669,-44.2179610846907,-9.01293642479104,72.1748615487767,33.2449774156165,-69.7097645930586,62.5177812738378,-33.2910799702759,10.7563467422194,65.2299661194389,-3.18759740689176
77.1968660799833,89.7221188337119,183.444174082709,-7.33874247318436,-72.9570825430182,20.0042248686281,-9.33435911439646,122.997421734004,27.9061986948815,-68.2776249178265,-31.595909057251,-0.429355918030094,-326.636024112766,46.3293801410416,-25.4418453511636
175.902542894376,126.919178656872,109.370213848023,-18.9822641887448,125.047882765975,-67.5312159698819,5.06278906334581,137.594476269159,-30.1691341183374,-133.092254701141,99.1377044450643,-44.0068130783885,-259.084635897922,-43.2439580502783,28.5098866387538
117.300048643278,-560.836745882414,142.69279660202,-69.0558060415812,70.9477379549908,87.3441070200352,25.0907985355867,105.889863466705,-99.8436471890928,-21.3500707845294,-46.1711135642137,-10.9278998238845,-674.718128227802,15.6070169830969,33.9709246354282
62.8817152250762,16.2627186615034,-125.286802986602,-47.823732812838,52.5896214017991,12.4704535796886,-18.2461962287071,-72.0327973729608,-38.4798462244166,-11.8536218686265,24.4435845045104,-69.9477084390052,-229.51877113882,0.924761350198429,35.8667394728592
-12.44316878532,32.7352732494126,45.9636097341463,171.807998145013,22.2077494826471,-13.8564904589674,29.5598900362312,-68.8342564296396,11.115901191141,-28.7427059373822,-11.4383651404972,-75.5741166053281,752.798858785027,-53.6042235734531,-43.1519015327557
-33.2472007213196,-65.8543068580474,-193.038876335124,145.070901939739,-53.8138972974186,143.948958446315,-27.2840819741209,60.4289362364481,-688.279560197278,-54.0251404482562,-12.6241844685404,-33.2051832532928,479.212070271251,17.0673788996095,-18.0173530385176
64.1653702936812,-51.6566287674379,-57.399963151034,123.32320068877,-91.236283027906,-5.10356616060972,29.1575622845872,-21.6687634361248,792.266724422005,57.1803218191094,-121.169688292832,-75.2271314088949,-22.2596029480905,13.1912853362619,33.3702004078447
-213.690162094749,-31.4002434553533,7.40603617431627,148.199978676771,47.7806950182594,-26.1238151263638,9.93359051088055,-45.4102525017895,-92.6717533132881,52.9655340400301,-41.4426751031125,-30.5032997329325,-4.30403398248879,-0.14423205112583,26.5549919144866
-104.28487445038,-50.4907962775533,252.651391829908,-69.606513842716,-97.0771951221926,35.3966031263571,-5.70522280295554,41.2489186098445,-210.026709209111,62.9305938805765,-49.3363477212693,-68.3370368285831,53.6499480481077,-78.7969808528418,-8.43632590048055
-22.274133401477,15.5634434049676,-54.9344964740422,-1.13912540448861,76.0052011469971,-77.3043790560743,60.5991332276971,-53.7947769287824,-846.733958731224,46.250277742138,63.1854503560003,-46.173140238767,-19.2308781519315,-8.48580273897371,8.17465252479451
-57.1700704478054,63.2140768014537,-88.0336884949302,120.157220422958,-199.845757694512,140.794177817849,3.68984473388733,98.8438717671544,447.928120320966,-62.0495325500489,55.8988837601509,22.4347995468137,6.11905824894609,47.6494881883605,89.4114021495061
-55.0632338717337,5.33397976424118,109.989266258095,36.3742805724988,0.605064991342688,12.9391771644342,6.91948929108373,15.9624264913279,-442.418636901619,90.5628399484239,-40.6981288434981,-3.08901222661323,14.6271418265541,56.1824806810334,45.1945847390128
197.847562807875,178.589939705546,106.324910920201,-23.1296383001065,88.5052075225233,77.6020012654301,-55.4515654307077,58.1219455075909,-289.492610345104,39.7108479931012,-22.2112324076286,-35.6436054336678,-16.238204890728,-78.9398812084495,-55.9896907757121
121.068858100267,155.570654794632,-65.0801723019118,101.730405693288,-152.751291961166,72.3430453277947,41.8711931257111,-101.376686532085,116.668555712228,11.1152772203862,-90.6189001220485,-54.1627661761599,-42.0470680105698,-24.5004213057001,39.8075841214047
-228.784856696224,-46.6208264448892,-127.910000968786,-65.9498240836516,-55.7832820462708,-16.7272623014092,-30.2732855575423,-56.684233480537,-365.486366739113,14.1054163574757,-9.44121017929266,-39.0714747623127,26.436304791831,46.1254129580132,-49.8456588563013
164.076748251801,200.278034181775,29.8755274646522,14.1612986570577,30.9493607347327,35.4244209127175,15.6380003040234,-3.38564448632258,-375.332608479372,-32.6273056300416,-94.8620648156177,-158.236484197708,3.27703317732269,8.09568818313306,-0.392374433068341
-80.4374731906892,-12.8086757597213,-48.1993958346767,16.4081185321268,-51.0054142315514,46.9191686191393,-39.8398582040576,-6.67634459103016,-627.846076465683,15.186293407097,46.9946327546079,23.8837220839387,34.4712797738773,29.1525149363917,-28.4449360236407
15.5639722469614,-57.6014193393313,90.6317621337802,-67.5770318130334,97.6968443805035,-16.8294151432684,56.3372998751764,-67.1524058097164,-707.824923814176,-108.082881345604,9.42978710586388,6.91903223633891,-23.174141350584,-24.2841862281429,-11.7561977816976
276.005732082778,210.3183741033,107.52818394089,125.586308849879,-0.032274630863075,-52.3846911481559,12.4916960123466,-4.24221986735157,-715.250049521414,-4.50802198917118,18.6803448697712,-11.6174263163179,34.7373672311642,74.8277278253259,69.2383856447857
15.5569692077229,62.3389475015374,-119.440705983788,217.793938143103,131.122160711039,-63.1126336038112,58.1119638209496,102.094653891689,-362.459482705462,11.2284096061989,34.8707370621202,52.3743400544525,-59.5066742876674,-51.5054650564801,-30.4523971693057
-114.87421909667,231.322226791033,7.21045480420515,-157.686494367514,62.124209788016,-103.263865013512,11.7160091159613,-108.870452470723,355.091046877444,-90.3187970234389,74.1653364168544,-2.14029709055664,34.6445260930994,-23.0956101650647,14.7003729022451
19.3662938484882,120.826899651065,-35.2025249886785,-51.1708886131027,-38.7758188069759,-12.5568808831824,-44.8519941761327,-53.8977744186313,-635.744502570504,20.4160097160286,18.5642020889662,42.9621124149757,-50.7402028975981,-53.6192064099274,95.1234668083431
-80.8646236942692,-5.89104509564826,-51.5776634545347,39.0346249330741,-30.6359113309679,4.80181213923458,51.3839535857288,59.3961952627938,24.7965355455898,-1.88784069968977,-32.5930482688426,-32.0433409958731,-37.1637357304613,14.1435034279816,40.2268451272887
-115.221612568052,-33.2880011299585,-11.171749425307,51.8700953983764,43.6839235291408,162.679554879642,35.8336809476544,-16.8596094933297,25.3995533231246,83.299193261197,-12.9573152155136,54.1470428511036,33.0400678493037,3.49347808840718,-96.4173512037866
-31.0367621863397,49.385381484783,143.75281751292,50.3391967710288,36.4268299101353,99.529258665058,-24.0883115717714,57.6702613418374,-15.2185323641381,23.46723650158,-13.8582498533905,-14.1943810599345,-30.294754722488,-12.8115433102508,-12.3927537204722
131.59886359242,-205.824314463001,-36.3132642701382,-173.54607730936,-1.80364136187937,47.858261628891,1.52166748600059,-26.0300769795844,-30.7490189654152,86.5213699147921,144.786195293733,-35.4392408075293,7.46853203581148,55.6165304298,68.9957974685469
33.8261620595303,-107.711062346671,185.420679731973,8.37753615846379,1488.39313219176,71.854980604029,-16.9973338172052,-10.517672085237,44.9219705609019,-32.7246732184207,94.3017904048489,28.570367874293,-100.72723839005,8.54147876524156,82.295371354858
121.428272555014,104.990889921153,95.6878063245989,15.7651104599749,-1312.32626146947,-84.1464217251498,13.1244826782722,7.25556110391359,-106.696874600535,-94.9496066692101,-33.3861943177838,2.4662509385415,-28.082720087815,-125.156207450666,-57.8327410702656
0.460356585820087,-116.737983262646,54.380651597664,130.668348955301,-975.479763293923,-82.2845924263191,43.1039126033654,32.7075202130974,13.3767829313239,8.01732575763156,-32.3822815781722,-18.2027940265045,12.9390440425638,25.1880926381331,34.4547635763838
-44.4231529142082,31.4058437251647,-70.9583502231279,70.4636680749536,604.847911303581,46.6789435339579,-46.2397366269898,-116.818474639369,32.5434012053841,5.41783417728534,-45.2458007698269,-27.917428967604,-24.4951518207117,4.39366861078338,-31.95725137705
22.9661734012706,-51.394605665967,68.9575231018059,-40.4280890948622,1200.02228972488,-22.6414113838589,67.3001340893447,-115.155194799877,-15.37561848349,98.8860408641952,41.5456139190509,34.3556047716278,10.6386842782879,-11.5958667500574,4.21120803866292
18.519159864154,-64.1206718213115,-3.47827090166445,-102.102260421797,696.395633548069,-18.8626999208212,1.56263705388662,-38.1691392955043,-73.4466519294064,-37.9396497271825,-67.1769638445921,19.7207534088775,90.7818337213291,3.60657168104998,-26.1750922808057
115.477654926948,143.878304853313,-40.1547528577947,-57.2170252005165,-1395.19073543601,84.1470524188748,76.5530942133202,-92.2631780075433,50.7533724273986,17.0820397523217,20.2638793466515,58.1626539111183,-37.606991907935,-25.3367531559198,-26.0114968737154
146.434045092563,-119.492879595117,15.152673802506,39.7830896601283,1152.76340134008,-31.626348560524,-107.257771664765,60.3751400931697,22.0828583226405,-4.59679642195089,-15.989256419505,-8.54947522739425,-101.92159775656,-34.0511935360605,-44.438337970859
-111.975994559324,50.1201050268742,-134.039520654958,-37.1139666598995,-1406.32413813877,56.5230090865136,-80.6580991869233,100.672437517975,5.49930478024757,-27.8309030159584,48.9491586222662,-12.6412626654564,-24.0027171338517,19.5014345773167,34.4142160696618
-205.896420858204,-45.7926921525308,60.7761531530884,217.202299108058,-581.115422901848,44.1589217814727,42.2408107460078,-35.1137747547307,0.069607868113862,-36.6982017122298,-5.83756070329793,-17.1341217729261,23.8181119077639,24.1573964010138,-9.5468589069373
-3.55489587001094,42.2739453447732,113.599851249769,-58.6407683904081,-1754.04595395197,42.1305588360911,-35.9949173495059,18.5590835479446,32.4156426237394,33.5393699108264,-13.0102586844033,11.7379802543733,19.0448595338544,23.8797135443987,-54.1665608630548
-43.7930527246137,-138.859919459386,-332.546749401757,-151.185058582069,-1038.861971857,-18.6779657596922,-63.8920162073636,-174.709207855604,29.1585216709323,-44.7790682906827,-34.5528421225946,45.1694772813791,-0.615799436427433,-52.8881815791431,76.4996918201131
223.497198402515,210.955640016265,-60.4013877679431,240.860007548972,-6.97821508226072,-100.633974317535,-25.482312447617,24.025933867107,30.9209711321897,-56.9943688890228,-31.0559909491226,-37.041141499269,21.8201877625539,-2.00635019920362,16.0646373331522
24.5420058795569,-102.970382692736,-319.926913798965,23.3266747737541,-116.272459627738,126.750503258733,14.5982986461138,38.876714818714,-13.632785183374,-58.523177021413,38.9485982852315,2.06395234163516,25.7200776740982,-16.9251340337407,0.571701548742616
-201.075842793175,116.565608680617,-169.490476996394,-220.963861888057,-22.3967975500842,-29.19457218412,-5.53955203062878,-5.67407934290947,-110.894533265616,27.9704841062156,31.5295838393357,75.2241007265505,72.0799447121044,-9.72374986558391,-67.0884424403918
93.6065664511037,-43.8660717349408,75.6019839362775,9.82159602109301,-83.7831300233741,-72.1718241079007,-5.77362996500496,14.03432741624,22.225445180057,18.9502024358539,-7.68718496513114,23.883777017015,53.2996695783189,14.3779267345749,59.9110068108594
-43.6895422112208,47.2603455548551,-235.677776395944,51.4743126194749,42.5385033096527,-34.5886002549405,77.1564080377449,80.8331975167488,-11.3232025850671,-68.8528538034829,-54.068711551417,41.8560640192027,19.5052935653135,-9.34664940788902,-52.7035293824892
-157.770820073458,4.43984290989828,-16.7140050746999,-157.869743012372,19.2434207507854,-36.5099918512406,37.5022934609241,-62.1856546492282,30.9960781554143,-89.8917132770208,-15.5744440216161,4.30474564612183,-33.7474620038653,47.602556859404,-33.6564434408102
-91.6154770248559,43.8386441066635,88.3734597482891,-3.77289562389604,-218.95079130383,-17.3610235077214,-42.8019905824555,107.854590116396,-2.77099624120361,-37.7618455143143,-22.9501903063356,79.2625988439941,20.3209783024647,36.2552379248592,30.0886155832537
-95.8203220872968,150.723921188401,213.822249018721,74.4726422182077,-9.05007269052684,69.4888789393859,29.9415304285791,-96.0008865428773,17.8535741623343,-47.4676977993751,40.8368124938837,-10.004672040005,33.3599515528067,21.2830341423253,-48.8029119869769
82.8751073121995,-97.2010633083079,139.087145191666,19.4222023294116,53.856231070098,23.6706152052771,16.5579814186794,-0.735638571458029,7.98249213190304,-38.0437972330348,91.3797098597167,63.2839619504863,59.2979081836547,-43.6160401690046,-12.9208766407751
-34.5897336175293,-177.886720798567,28.01576776782,124.663637595187,-16.9326984337323,-62.4045022112423,-472.774550268744,17.4889078628541,-17.9908930150345,-42.1695852538294,44.752279039732,-33.4290470832949,-46.9496186654572,-42.4348190320246,11.6670942263655
-81.0154175664441,4.69634740517132,-199.912087025786,-11.3795088185041,95.3905072825367,-58.4152232050793,240.06766395089,65.3268446688925,-40.5712956608127,34.6941237584609,2.31146601128233,8.14945570506652,-76.3961758626675,-24.2420548491096,25.3909174215518
-249.682139153426,77.8704018906546,116.0990401244,132.872064373967,101.62974290146,10.3276659283354,-478.308543132845,-11.5521363231161,-21.1951276119306,-58.9656682636447,81.128315100798,35.2379878108065,-4.34744990081951,-3.54494563202325,-6.04539021912045
-47.0810566933841,-64.5780291534028,-100.564937282493,-72.6086939341609,-125.056250376603,-23.2681887710147,675.223650864292,-74.1814415577421,47.7726766801761,-91.4497334043494,21.471579904139,-2.18537028694051,-66.5095983002453,-34.957214335288,-26.7573018649181
213.869257781328,-18.9684685164932,-92.1262806366196,-47.7347059395801,89.4056816766731,-17.7676598806255,325.416243644921,34.5426380767821,45.1346396430204,-66.6059188070758,-35.7373347808058,-3.37820630107656,-60.0458151328471,-50.2627636287174,72.2854970701404
33.5549172284216,47.5442258963914,130.341720391331,-190.744804722401,61.670084487831,56.9864177693402,721.743800757028,40.4545082524663,-33.8140925416978,50.9216909404262,29.291026244689,-29.8272443314153,0.716217313995639,15.0620235379998,-115.249105736352
-79.7496472251208,29.8102191230141,213.850860437608,-60.6553531882486,-5.27550173920741,-55.3976750381482,-443.869304752108,49.3596046147195,-32.1795600975674,-59.4118589192275,-31.3233108274434,-13.9059883367515,13.5322615553401,-1.76720318471149,-37.8559673112172
-124.627975530172,156.559348023221,104.934135149279,36.5134127442228,28.9230819286029,72.112518021502,371.400673600733,58.340054229014,54.6473755274384,-63.3715812832897,-30.4769318837185,-3.58901918643929,23.2421566391129,-55.4782309885694,11.8332953896694
-45.7452339234611,-112.37866614235,-225.610078440757,-16.6873355596155,41.7615449909099,64.0669318315916,-534.458308331808,31.2622770292255,21.7929893657225,40.4654584768942,87.9623299262579,18.8840265864645,-10.4776603242185,-57.055043463792,-38.8811391472022
-59.5024327130389,-270.711520471537,71.3379173022769,54.4652416089779,126.920850038487,-56.2256008758303,275.857326650691,-35.540497815335,50.91476114036,-84.4016185906558,26.0498798158766,32.2507712537336,15.8101360749074,0.0341944546973363,-19.5098824793254
-111.335908327253,-159.68403251313,49.5431374695927,-60.9290368510168,193.415880602246,-3.69525647779896,672.015310959725,-14.0767513310013,35.4664597572904,-151.72205320643,24.3063393749973,27.7848604496945,21.6711072794023,62.4048682933644,-19.3000739142039
-26.0013004537887,-81.6034508667786,43.4397283407387,42.8379450200706,-25.0386751868716,61.1335774473205,605.444260994839,-40.2222382334848,-25.2546923393168,72.206235389158,140.442755385703,-55.2182129470768,24.8098384227082,30.3168008493116,72.3028312387198
20.1710368669524,253.695667719492,77.608030340528,22.8154526214604,-28.2192294450214,-52.8068473134359,-279.01347502351,51.6624780846171,62.6634543014285,6.80165262851072,-167.196809205735,4.90148042923427,48.9413777124814,4.62535322222811,-6.62699562658607
-13.7280741948471,53.6072545607117,-43.4439030394102,87.7952021404956,-46.1955781517986,-49.4685538152106,-696.49033582208,-120.707078020848,11.6332774883337,-24.3687653583455,14.3516970872239,-45.1596106246858,67.9857477200531,19.0778350662646,-2.72096178881927
113.207309355503,-139.629358216736,-201.944128474619,99.7634089869051,100.397964912359,-10.1648324849863,657.390716186111,58.7211675458096,6.05932352539804,-86.7449315536212,-121.119710044076,-28.5126934223642,-14.2805469157323,38.2557227266023,-13.915207042258
67.3848757531526,-146.960186721738,90.8007249201613,146.426924116995,-94.2714768009678,-55.8737148264356,678.476100776247,-0.999181178374694,-3.74361769208217,61.341376699453,37.7507767101255,-44.8569493863368,-56.5824075476331,-21.4994972908138,-18.2886475612948
-61.4719252226689,-176.823380861083,0.411426942509447,-57.2402000534411,147.95369278339,5.48553839157079,-874.781796189695,84.6584505288225,37.9061748375857,70.5756167643791,-130.935768277236,-60.7817437121638,-34.9679409433682,38.701917485048,-3.93256310785885
-37.1541129066507,228.814029350662,-1.2238222596571,-90.4164646544914,115.932728411529,-79.2709165583059,441.952744325226,-8.78477272498387,7.41959717361359,7.09958504258099,-20.4016124593371,-57.0326630301029,31.7589254631901,-45.4963641854163,31.1152491307161
-179.171939332382,218.51953955414,120.696289528811,294.975790111505,37.9761757167955,22.0606046454219,81.1719531846112,-57.043042297589,62.5278386943787,21.8343296496427,629.208548758152,17.7326201918873,74.7579191015701,10.2005620992905,-1.99006503528868
-18.8948358594718,-258.296629037271,88.3570897204724,-74.1617998393392,133.955927506219,17.5886695435767,-719.733296702881,-9.5731043459646,23.6907435856148,-113.34898873074,882.605268634623,-18.3653999269836,10.2203385391656,-14.2211951646189,5.03355703696556
-3.69005446366343,19.0277883681462,-105.600740513035,-87.8063520405178,-25.6561180522699,-86.6474763789549,64.8237213665828,-69.662854721093,1.36500426245615,33.3951366446826,774.896075111482,-15.2998993665171,28.9085647954905,-7.77408797510665,-52.5807821763635
94.5722559841729,-83.4194418695673,187.920877120245,-62.6850151128689,-58.6972760999147,1.09692545173643,63.7612043028592,-4.67226234913552,20.2723551501319,-8.81311920353517,-412.639483751075,23.8862525066046,-27.9897868095076,17.2345539111824,9.32296860233881
108.311539784435,10.5753128166655,-14.6619650224967,-42.9659408798425,22.0926045407481,-45.9807539929643,-28.2608270015446,-36.2353384973218,-73.8820654606139,13.5455292879899,758.921301459522,-62.37446231791,2.33899127681472,43.1395618753957,35.8717974467602
98.1341737058437,8.16214749779808,82.8038329517363,163.296689799475,-16.2260670979674,78.7486194841021,-12.0727686083343,58.3986129852236,40.3829649253763,-5.76241958148372,-571.583442987305,-42.9533186636985,111.828984643133,8.70569779848269,-60.2477992296208
-84.8803584413959,86.8243216663845,49.2174221844975,-49.8182139000941,70.0857525180845,-9.72360850169721,10.4966546739731,72.0202498619672,22.3754136909649,52.5019856766932,852.698606133474,1.57788157846396,-31.7019723639114,9.95165244663109,-49.8855515140486
38.5074909903341,126.756018253987,-40.3380238892835,-6.19833185890772,-60.6418964235096,117.620580626308,-33.1451622118333,76.5177548390152,6.96287850416674,-23.0779563949446,86.7603586787097,-35.6180296458098,-10.378827896874,1.26317043574743,3.4421011291273
179.072213843527,191.133196075449,20.494253906991,-43.1408069176006,40.6626958916898,38.6886771777833,-45.0360552332462,-21.5761647337791,10.4127540676405,50.2417623943125,-56.7855696472002,67.0984164830166,-44.8187960603043,-66.9531078609672,10.7563599003172
-128.32184679774,21.8245482281085,-42.6474574877829,70.4845368315203,-36.4111856997549,-83.790581819775,-39.7566479903619,54.238048401031,72.6945727617817,-155.845649345556,53.805265260932,-88.6651128229807,35.3749425284939,29.6893197125135,-25.9371314970935
-58.9077755365392,-1249.10782192806,100.401032463274,-189.320288299657,-80.9220229984865,51.6614713335426,-2.67157106405092,129.925640560526,-76.0064447950764,40.8630513273139,-0.635265188977883,-26.6493140304121,-40.9517164551272,29.6760521500483,9.88977338792388
-33.6898316857575,-1110.40828281393,150.316114754421,58.6574528608161,-101.093909395915,20.8316001527185,-31.1895075762031,13.5108813633233,-33.5802270592259,-16.156693633702,96.3752901678664,-28.0212610983085,18.0400920233577,-14.4560105258109,16.7696932563509
-106.522262308601,-946.711719833476,-4.89601631886427,73.1622402959647,-130.067072029922,-184.029395985618,-66.875855237743,-7.56067849454743,101.90672844284,57.045243054577,5.79062784780143,19.5597246980371,-29.2925762739961,-23.0233224500991,64.8260090635961
96.3932141904929,-894.323059576364,-92.9004311450637,-27.1821934804921,50.2007877689748,-82.216120226677,-15.3322135352143,44.2212228959538,-0.35418707525362,54.8343537034711,104.619164987882,33.1660936053195,23.7885556807702,-79.7512402906927,31.3770015147689
146.505863665342,592.690384338381,-174.2376571498,50.8597121030888,-103.081512508649,105.099859760924,2.77913670354986,-82.8250457671238,7.82234722965435,-76.2537214082445,-12.2415990267833,16.89032834897,-58.9939054587621,-0.57939507021038,1.99411746732062
69.4778726173095,1475.96797817071,-59.4499085457564,-65.7665651726171,-9.31607289839605,1.75166602973457,-135.015647911922,76.0260278161617,-1.07412053643354,8.02947763090882,103.747828953177,-44.8722780201316,59.6501987474992,26.3844750200821,21.2676464111482
-226.513523556231,-745.191448988338,-37.9116712514351,190.023953242458,-71.5821177284083,-19.101926369338,38.5229238037859,-37.7285603863052,-53.9707836112779,55.0012438686566,33.8811628629178,31.1095860299161,-6.00271573451631,9.64809685597954,13.2562373835031
-92.704592213627,-254.586153927831,-5.55928212925314,-13.9461219738736,-52.1409119272574,29.2093424624252,-9.87755937415052,-3.69876838154809,-47.6853481479526,49.1559343690908,-87.3260318633731,25.3100880987122,46.4131149742327,16.0770998521752,-38.8907292833058
-127.991677170489,-1968.88750547087,110.44214582343,-17.978023142494,62.2572029992032,94.6885904980796,26.3496217692363,-87.5817527253374,86.3587045634608,-75.3473086387819,51.4735932352975,62.1806686295231,48.2340016952828,-7.15284157563646,12.8563473804028
-119.411760052598,1253.75823571198,-27.6347172741933,8.97111872349646,52.5484234111032,-1.55461609966153,1.15235129260332,49.8866954643225,7.53388579723201,53.3579501587829,42.1782216516406,-12.3865116424688,-52.1910284539834,-2.15146016699287,-100.057727436743
-62.4186641420841,2246.60524265451,79.3960090236037,-129.01322071791,-39.1105713057498,4.8398048768102,-6.83817562709046,-45.7759519426763,99.3422905439789,34.2217826347595,21.9559884859138,10.6720640339731,-5.90867990096475,18.3537518377833,26.9008471321908
-39.830825600181,-253.023357353553,-193.959526036158,-42.0704927118527,-72.8930998025519,-101.336676240794,25.3397062866708,57.278110052415,-45.4258889020324,-29.1360683239684,-41.5230637480903,37.0229272576333,37.4314676696268,-8.72743304703316,2.1396283253524
-67.1845796919476,1296.9068847193,9.93074196018713,-6.61829032149576,5.30228203373276,-4.1328237087881,1.33073193840843,81.4316879605887,-42.1978773296523,-23.6482592757123,61.5387090581612,58.7800082415432,44.3091774519687,-33.6039358582749,24.5704105910744
76.9889564534726,2056.98938665483,62.8792500326566,7.68541005497959,-86.2015038877328,9.00796220855634,35.6557979655368,-164.561647435496,-109.27781463762,100.041644538214,2.97197367165079,52.0528492766981,76.3027398323408,-37.7330970455006,31.2522892987428
-177.734924616704,1519.10755814263,6.61021781962528,-53.385661765761,-42.9544992520867,5.97400324056557,16.8218709982176,-17.5568488682358,45.4177678597435,-67.8513029503409,-84.3119153647112,52.0485500615641,-62.0393221339457,24.3623352970955,52.9315895435709
-0.927680005492675,704.108550430021,27.9362277676664,-104.532575220113,31.3603344491458,56.5315289031249,-53.2570658975674,75.1741499680348,-2.77901662361149,112.561548375877,64.5370916452437,0.253826340580523,22.8112045708919,-33.0684317605016,-19.3500682692908
-116.983358451042,1743.61909888323,1.57552668195909,-92.4041298745876,3.71446753940991,-9.30829283973842,-31.9881626097706,125.494892929405,-26.9575094939196,-50.942138226926,47.3675599318459,24.74465333508,-17.3415109802003,23.6088713744232,-25.1083578641158
70.6835157132669,-35.7954937669007,-192.756731539974,-65.0781792897993,-64.6352329767225,29.7303087620793,21.8896059692149,155.192782447714,29.6881247969857,70.3456414243422,87.1142473441014,-13.0705239519384,1.54447733956717,8.94255010800066,-4.41715657991909
-53.6759204868772,-3.78786683240538,-32.4318248069874,-100.664593499772,-38.4300033984627,21.0591800837977,11.6544666152383,-79.5126784170174,29.2886619356974,-71.9429103768011,-48.0825542891023,-15.1615754779582,74.0712096462785,-3.29146889760966,-11.0003251220732
136.79908832436,265.916947179687,-26.7213683326915,97.1687632530794,56.3248844145179,-61.3680334117385,27.8322165722969,-9.95483809381053,84.8144622553064,-15.1092602071513,7.46771580811696,30.8343162738901,135.570599073514,-49.1493059161046,8.2367585189604
-192.29381353193,-15.1911649851495,-49.0263041731149,-61.3858500997684,-1.62864049637847,52.135856372035,43.0336300509892,-57.041410477806,34.9557107341114,-87.0524315088531,-12.6444070998393,36.8980592188976,60.530597368775,30.2569179557829,46.8130279330019
109.453374876999,-162.247041416414,-14.5633181931233,62.2439772051163,29.6872020719896,-37.2540543153102,-86.6328867321699,-896.381328278472,37.0919861928256,71.8182239676221,-33.627222485815,54.1751511901297,-19.651078666905,-34.420999965982,-27.416005404404
108.736421724461,-195.242126206934,-41.1546122671651,-0.430573194889168,39.8647494977239,13.4625627642568,-24.4393276428138,-256.078414102575,-5.75147580014955,-40.500932265065,16.4689874150385,57.8233216343586,-41.7161718380521,56.5324744695442,-20.2320935628796
124.724611881381,-233.270613438352,17.3090414181561,128.452530850164,-6.14075852506103,92.3995876918694,-43.5890620169161,527.141364598636,-94.3738028582841,-4.22697808682983,140.403566379168,46.4446814645457,50.8388234125904,0.132521862971997,-15.204731865053
-51.6581524454099,57.5398445099891,3.47245643400023,74.4971987048587,44.8117174801263,0.339525417136721,-40.6808870241118,257.314048165371,-13.3670123259698,-64.3401225317634,-100.082632941281,-10.9025168229862,11.3485518071684,-93.0497073034295,-54.1346658995499
149.472249999949,114.959768296744,-109.696057993338,217.620107920146,-51.1013119764938,-58.8862200409981,-22.2298424830646,934.574931895815,89.7168531602468,27.7934147795801,7.00941880223434,63.0930704080581,7.30562533224665,43.9988417810378,17.0413423404502
-138.780684683307,77.2122343812178,227.352510653321,87.2625027943394,190.958866650597,36.163070195314,-8.89989474921918,-164.745696201016,126.351936154246,56.2988479371674,-35.5047013714064,-20.3770831065829,4.55611260365975,11.6693783443589,98.544162615841
107.783460852353,257.753964817046,68.6132857509482,123.443755529039,-81.615616916136,-77.5646879549002,17.1560698665005,-17.2694966816202,-3.16377777721356,-27.4265662527593,71.7860918524065,-108.416884327316,43.133270414733,-24.2104402026287,5.99808106526456
127.65697934532,35.2161769279858,52.8655710984726,118.844967135633,124.577987093393,-90.6129422503473,-3.86777146839674,877.545415032604,-112.56003019428,-26.1428769430635,-20.120334682014,17.3510581933356,-16.615712815106,-30.629341251085,-34.5100201507307
-93.3212582995872,81.3120189846127,99.8353830691796,-25.0316882276865,56.3888951797095,5.16207407809216,9.94503155275118,43.8189390401803,64.9046383872606,-42.9127586371898,-123.297162639842,20.0439174328317,52.2624755213157,-46.5488279199557,-69.2132478179264
36.1732693116142,38.7095909457334,-125.199974742145,45.3792885757997,43.1378044179236,4.72387212515509,5.28140195843869,-518.736348177053,-76.9260645566726,3.44547277050969,54.6557647915209,9.75293347312724,5.83457164798975,-45.002771054452,87.6689695440342
147.069642999477,-16.6230661355128,11.1487087715379,-83.7044154651774,81.5692007434199,69.0398188953776,-4.35856461321303,-292.95311668593,63.4728268109288,-115.140462773883,59.6750035702942,17.4636436144127,-61.1224165193608,30.1897409957474,14.9898290293352
-125.15615221694,104.271093609232,46.209962365217,11.8076908775794,-70.8561704301891,-71.6607716220204,23.767091017119,613.708571830391,10.9865822257291,-55.8900917105701,-4.53886070792102,22.25299515217,-0.902895073261396,-34.386512094419,25.9125481519767
28.2126558551815,-52.8505586810744,132.16030186283,-211.879067549708,30.3924402579388,-10.4447240520514,-73.8238292501961,756.587503426105,69.4967973830771,-43.8087129991782,-37.8752808162883,-45.6749771231549,-34.3815377412522,-9.47107159444385,39.8836065034554
57.7184207978178,-127.784759818899,-17.571109333599,127.194642568521,18.8805196365471,7.99609266994951,19.4137132052223,-175.234420876752,-39.3234432904049,12.41485307159,9.17727425365315,-54.8483690447345,-44.9554333145426,-17.5058566309679,36.2156805795646
-230.756178478526,196.113853378733,280.025370764074,58.5908304675124,230.569948116013,32.0098995689074,-26.1135256318723,142.373370529407,58.0967523693207,-25.6149701594408,-63.781915102054,42.2219231653522,47.0179575266741,7.64597232605808,8.19767209298147
194.08457923995,-57.4959510643096,-41.285179174379,7.34496128367599,83.3896960986423,72.7966156700172,-29.6899577364593,484.422801279615,39.974395802212,-86.8259195284228,-16.8614860534367,13.6745435146308,10.3946385596514,-46.1635190085632,-20.4620472856085
86.516462479883,-49.6457158025886,54.0297119321529,213.812094953173,13.3138082928602,-77.9519048024912,-62.8133704898497,-825.332742776787,-51.3834674714264,-45.37738846253,47.1969508391426,26.7195309392097,66.4623615916693,17.1570125166895,-18.2675932395586
-206.140189102628,74.1318621687944,-138.248820591732,16.5995717132833,31.7079266834261,19.0592247620222,-33.4442020495231,88.1913895645456,16.1035231718821,-117.584873246103,-31.7776625986937,19.3924259632335,56.7302182371069,73.8508097973747,23.676294934712
137.370752895772,219.793350695089,169.882016400895,21.3904365810357,-1.27887035227927,43.2717834978812,54.2694219243606,-89.129681441254,-11.0379140693748,46.4425286815427,11.0215524107603,-2.62062785752607,-8.98899604390096,-51.0503281340631,-61.2597266462865
-109.762891158353,134.888656535395,318.20013802527,144.061688490267,-40.2026575759329,-102.816405106297,-60.8873202531867,47.41771333859,-36.4305923045904,84.7933688956613,166.024349712844,28.9817696811513,45.7328098865765,-33.6841290090645,-73.3225287851954
59.8480882289133,-48.0572293875439,-77.7049230016896,-78.3615830873406,65.0833844614979,24.0097700623903,-56.2165318058105,19.2072538715789,16.1431573173913,25.1643902933196,80.7809341139375,-70.5596119653975,-72.6676522528146,-1.0055885537754,-34.5223645314076
-169.641641390272,50.1820096031089,13.2753486988559,40.1526793485526,-54.4426351906055,18.0143833337744,19.8617994552219,127.293931256345,89.8442342315262,44.5096397989745,89.521217538757,-7.4548702232697,-66.8035882461095,16.9969988784807,48.4775645266058
14.7282917624601,95.0176891749817,-70.0375210939894,-10.3833057921068,99.0529905554404,33.1144347698091,5.94040410414101,5.81372116474332,30.296876833759,-60.0282230884979,-22.3792278424285,-28.0738405340781,-15.9411514949511,-46.0380271872608,56.6532601965481
14.6961914721071,15.2754719334165,77.8274866248642,96.8964633758213,58.7142760084485,-21.9011584351261,-6.74441607267196,49.001952188459,-48.7319244304274,46.2897972924657,-3.40673610320617,8.47523450588845,13.4603830786593,83.5575238565248,16.5545543783855
161.243681306953,-136.085829142793,-124.686976636882,-118.361659989806,-72.6949537868238,61.4272204498088,48.5298932512236,-77.6473498534002,30.0637607848726,12.5408364458782,51.373297111531,-14.1749330610326,26.2427234606865,1.82371625834329,-7.96536403465809
83.8182582462839,-3.28845328692069,40.5912498117175,25.0906401524886,-164.58116705449,-165.007965717152,-8.54548926329426,-7.44850275187805,10.707204402525,121.690359640161,-44.2488492926539,-5.30390380713442,-10.9003566011531,-59.1173300089852,-40.5284381724052
106.046376271095,22.0686588799718,176.278972830753,41.8136891189595,-1.13853443824379,-53.0675416728342,-35.7257711580873,35.7461507481422,41.3758458741724,-25.6079001161557,74.3548472240821,-74.5698386794487,-17.2793370745334,-21.3553014046879,-12.4066809124738
40.7102861485343,148.748011603608,114.770965386309,-127.235634335077,-41.8276443148525,5.86555139326852,7.94179586444968,-34.060285364143,-65.8735683083995,65.3419475202311,51.4047677266874,-29.0041600995293,-3.05465596599214,-78.3618732890041,30.0914207610338
