 1.07375
 1.01126
 1.08617
 1.10111
 1.14146
 1.15147
 1.01086
0.887245
 1.06456
 1.00467
 1.16069
0.849161
0.941728
0.988727
 1.07486
  1.1782
0.911054
 0.96831
0.956882
0.956243
 1.02129
  1.1684
0.974286
0.920443
0.930799
 1.00688
0.900103
 1.18372
 1.05303
 1.05517
 1.18983
 1.18491
0.956092
 1.01082
0.914946
 1.10525
0.992471
 1.01758
0.836737
 1.07891
0.858264
 1.00838
 1.00118
 1.04967
 1.02895
 1.15889
0.842633
0.999647
 1.01492
0.980071
 1.00355
0.992837
 1.00237
 1.10145
 1.08075
 1.08989
 1.07033
 1.11108
 1.00578
 1.00952
 1.09694
0.937573
 1.13899
0.944496
0.933832
 1.01849
0.990165
 1.10606
0.877963
 1.28423
 1.06845
 1.01473
0.956722
 1.09518
 1.12381
   1.149
 1.18428
0.850947
0.952375
 1.10029
0.958025
  1.2919
0.917543
 1.09222
 1.10833
 1.06482
0.965116
 1.03663
 1.09889
 1.03296
 1.21209
0.949141
 1.06444
 1.12282
 1.22333
 1.06176
 1.36574
 1.52324
 1.42886
 1.58132
 1.29245
 1.06489
0.962235
 1.27347
 1.57244
 1.74138
 1.10585
 1.07177
  1.1076
 1.07656
0.995353
 1.02574
 1.08379
0.935921
 1.22603
0.984011
0.951682
 0.95059
 1.08938
0.951064
 1.09604
 1.03031
0.907754
 1.20589
 1.14679
  1.1018
 1.05696
 1.19594
 1.26408
 1.04278
 1.14472
 1.15834
 1.11663
 1.33488
  1.0619
 1.00551
 1.21606
 1.08437
 1.03195
 1.01823
 1.12008
 1.14592
0.921491
 1.10731
 1.13666
 1.53737
0.873183
0.894841
 1.16023
 1.04596
  1.2876
 1.04047
0.978706
0.900097
0.911541
 1.12759
0.880009
 1.22393
 0.94665
 1.13336
0.967423
 1.06752
 1.05536
 1.06668
 1.02332
0.881563
 1.17148
0.847395
0.958137
  1.0688
 1.05283
 1.04599
0.884632
 1.19552
0.978613
 1.05663
0.974591
  1.1018
0.999703
0.960292
 1.14009
0.882715
 1.16032
 1.03316
 1.23634
 1.07891
 1.35778
 1.11992
 1.09942
 1.17133
 1.35096
 1.14995
 1.46851
 1.11235
 1.35464
 1.48163
 1.20805
 1.10074
 1.22677
 1.27689
  1.5001
 1.29262
 1.07901
 1.24127
0.996709
 1.14862
 1.30813
0.885511
 1.09676
 1.32507
 1.05036
 1.29739
 1.24695
 1.32308
 1.46514
   1.195
 1.02242
 1.02992
 1.17198
 1.06809
 1.19864
 1.05511
 1.02189
0.985546
0.966702
 1.03976
 1.08212
 1.18915
 1.01325
 1.09367
0.962185
 1.03545
 1.05804
 1.11192
0.815459
0.926639
 1.15302
0.969228
 1.01248
0.991697
  1.0216
 1.25406
 1.43218
 1.00773
  1.3855
 1.12692
 1.45047
 1.05749
 1.27786
 1.26717
  1.1235
 1.16259
 1.22807
 1.09502
 1.15229
 1.06429
 1.23256
  1.1637
 1.28946
 1.18151
 1.27036
 1.14832
 1.05204
 1.04121
0.962706
 1.01903
 1.05232
 1.10831
0.885029
0.943321
 1.04715
 1.05473
 1.13293
0.998376
 1.04932
 1.04808
 1.01866
  1.1754
 1.02327
 1.11762
 1.04918
 1.13103
0.953001
 1.06741
0.901064
0.978333
 1.06638
  1.0033
0.994686
 1.01434
0.949054
0.887129
 1.22164
 1.06057
 1.32616
0.899056
 1.05381
 1.03909
 1.15175
 0.99702
 1.04811
 1.01641
 1.12166
 1.01939
0.985211
 1.01375
 1.01561
 1.09373
 0.93145
 1.18677
0.955278
 1.01974
0.944048
0.985756
 1.06218
 1.03362
  1.0626
0.965731
 1.03748
0.944487
 1.08288
 1.05106
 1.13411
 1.09601
0.903835
0.924694
0.929316
 1.20053
 1.02848
0.969144
0.996955
 1.12721
 1.04932
0.992383
0.944193
0.931523
 1.21855
0.905072
 0.93159
 1.01252
 1.18903
 1.03347
 1.04026
0.959721
 1.20411
 1.15351
0.964935
0.985145
  1.0452
 1.01199
0.943755
 1.13247
 1.03516
0.996363
0.912483
0.978404
0.933276
 1.08491
0.801248
0.987403
0.923377
0.925976
 1.12091
0.990711
 1.20801
  1.0501
 1.15819
0.959149
 1.09118
 1.03404
 1.16409
0.968823
0.946182
 1.06299
 1.09313
 1.04092
0.941498
 1.10725
0.931915
0.923792
 1.09966
  1.1203
 1.08529
  1.1466
 1.10734
 1.01103
 1.13551
 1.05302
 1.22228
 1.05498
  1.2374
 1.12734
0.889151
 1.02212
 1.09264
 1.09126
 1.05962
0.941051
0.968908
 1.08732
 1.05969
 1.02252
 1.00133
0.969909
 1.19641
 1.13814
 1.14631
 1.02377
 1.10836
 1.06206
0.892478
 1.16823
 1.15265
0.916901
 1.10487
 1.08159
  1.0059
0.982479
0.981983
 1.04006
0.987287
 1.08084
 1.02837
0.976395
 1.08924
0.932806
 1.07606
 1.03447
 1.01868
 1.10586
 1.00294
 1.16993
0.982758
 1.13623
 1.23564
 1.13101
 1.08885
 1.19713
 1.08076
 1.03316
 1.50968
 1.28628
 1.17084
 1.06203
 1.10463
 1.15753
 1.19486
 1.52255
 1.37456
 1.21575
 1.27015
 1.02947
  1.0406
 1.01746
 1.20093
 1.06354
 1.24679
 1.23218
0.926915
 1.17685
 1.13941
 1.08601
 1.12541
 1.07806
 1.10208
 1.04371
0.948404
 1.18179
 0.98007
 1.13705
 1.01457
0.982722
 1.06419
 1.08621
0.972725
 1.00064
 1.22502
0.949758
 1.13636
0.958334
  1.0438
 1.05196
 1.09969
0.999188
0.951716
  1.0825
 1.01593
 1.06828
0.908966
0.936169
0.964231
0.924501
 1.04618
 1.20078
 1.04478
0.975464
 1.01274
0.849754
0.984818
  1.3082
0.972004
0.842477
 1.10051
0.925439
0.960403
0.996728
 1.07942
 1.09296
 1.08751
0.994203
 0.92592
 1.19698
 1.06668
0.980016
 1.01993
 1.01919
 1.02087
 1.06674
 1.15672
 0.94381
 1.02792
0.844277
 1.07064
 1.04763
 1.12047
0.890025
 1.22628
 1.04711
0.911071
 1.04888
 1.06215
0.984416
  1.1639
 1.19183
 0.97394
0.891556
 1.19016
 0.90618
0.991638
  1.0453
  1.0044
 1.05169
0.981719
0.991986
0.912733
 1.09436
0.979534
0.921659
0.904129
 1.18123
 1.08454
0.914976
 1.12071
0.916164
0.904989
 1.00481
0.900854
0.969776
 1.14019
 1.09935
 1.20862
0.986905
 1.10207
0.976598
 1.24454
 1.24008
 1.03017
 1.21883
0.998124
 1.08958
  1.1543
 1.42807
 1.28357
 1.05948
 1.05717
 1.08203
  1.4033
 1.50336
 1.19772
 1.37204
0.967498
 1.01635
0.977616
 1.09266
0.921888
0.902998
0.934404
0.984674
 1.12051
 1.05388
0.914821
 1.06174
 1.03952
 0.97998
 1.08642
 1.09856
  1.1268
 1.03594
  1.1826
 1.04843
 1.05571
  1.1038
  1.0083
 0.96732
 1.24551
 1.35646
 1.29866
 1.33433
 1.23249
 1.14153
 1.32412
 1.29716
 1.06396
 1.23333
 1.41288
 1.13985
 1.46596
  1.1845
 1.10954
0.974794
 1.13462
 1.11155
 1.09859
 1.05283
0.947416
0.943477
 1.06378
 1.02088
0.978223
 1.06115
 1.20294
   1.127
 1.02848
0.916152
 1.01982
 1.02106
 1.12143
 1.03361
0.881581
0.862968
 1.10937
0.944655
0.999867
0.941685
 1.08047
  1.0903
 1.11865
 1.07181
 1.19371
0.934068
0.882565
 1.02297
0.900547
0.927694
 1.08519
0.896043
0.894305
0.996246
 1.12156
0.899536
0.836208
 1.08204
 1.03355
 1.03358
 1.03953
0.996807
 1.07683
 1.22326
 0.99146
0.978281
 1.01697
 1.02202
0.950965
0.989108
 1.03676
 1.02865
 1.12481
 1.05373
0.968192
 1.12434
 1.02348
0.991326
 1.07411
 0.93338
 1.07707
0.968599
 1.05317
 1.13783
 1.06779
0.952612
 1.05694
 1.00324
0.919972
 1.11618
 1.17937
 1.11706
 1.02096
0.843416
  1.1355
 1.11208
 1.00834
 1.30552
 1.14131
 1.04608
0.854714
 1.12401
  1.0149
0.984897
 2.58748
 1.03334
 1.50956
 1.15973
  1.7737
 1.15575
 1.13918
  1.3571
  1.1651
 1.76697
 1.38748
 1.24899
 1.18498
 1.14131
 1.42512
 1.11405
  1.1153
  1.0464
 1.00666
 1.18742
  1.1879
0.881574
 1.05621
 1.06914
  1.1833
 1.00744
 0.96914
  1.1628
 1.04184
0.940067
 1.15848
   1.006
  1.0621
0.997548
0.867335
0.956604
 1.10767
 0.97678
0.934867
0.964884
 1.02884
0.930044
 1.00574
0.958646
0.969207
 1.16723
 1.24658
 1.04155
 1.00053
  1.1182
  1.0376
0.992338
   1.204
0.981146
 1.03181
0.999579
0.985936
 1.07408
 1.15864
 1.05004
  1.0616
 1.08303
 1.08181
 1.00175
 1.10352
 1.16573
0.913494
 1.03919
 1.08352
 1.04331
 1.01282
  1.0441
 1.06028
0.906309
 1.01633
  1.0262
 0.96799
 1.00431
 1.07279
 1.08721
0.936302
 1.02341
 1.16603
0.948932
0.970795
0.950778
0.974731
0.922121
 1.02054
 1.13837
 1.10648
 1.09167
 1.09708
0.985785
 1.05988
0.986928
 1.19281
 1.02078
  1.2159
 1.02596
 1.05701
 1.00466
0.997998
  1.1167
 1.17286
 1.02897
 1.17898
 0.99293
 1.07391
0.986465
0.996489
 1.18329
 1.10118
 1.08302
 1.13548
 1.07811
 1.12873
 1.15718
 1.08127
 1.09496
 1.03758
 1.21163
0.943556
0.962767
0.891119
0.977748
0.994386
 1.02838
0.909107
 1.18724
 1.10789
 1.02845
 1.21343
0.953189
 1.06629
0.908732
0.897837
   1.003
 1.04889
0.930274
 1.25808
 1.01499
 1.02141
 1.06693
0.996939
 1.17129
0.976405
 1.27254
0.902999
 1.08143
0.976467
0.922533
 1.06406
0.907308
 1.13522
 1.12488
0.998836
 1.09318
0.885308
 1.11717
0.909083
 1.03486
 1.09286
 1.11279
0.914208
 1.03647
 1.07104
 1.04534
 1.23883
 1.08604
0.974094
 1.07546
 1.10194
  1.0071
 1.08398
 1.10223
0.913277
 1.08624
 1.05383
0.866405
 0.94177
 1.03208
0.899875
 1.11601
 1.00039
 1.02635
  1.0403
0.943058
0.977777
 1.06458
 1.05746
0.942844
0.898479
  1.1353
 0.89424
 1.06272
0.998838
 1.02222
 1.08415
0.960684
0.932274
 1.05622
 1.04141
 1.00962
0.942253
0.993437
 0.99188
 1.28593
 1.09673
 1.07182
0.902314
 1.04562
 1.06151
 1.00987
 1.08672
0.870553
 1.05493
0.946301
  1.0843
 1.05053
0.894356
0.975573
 1.12336
0.887374
 1.08289
0.936929
0.973407
 1.06638
  1.0195
 1.07858
 1.04071
0.942695
0.941065
0.982225
0.976767
 1.16903
 1.01817
0.982013
 1.03757
0.827594
0.994619
 1.21107
 1.00292
  1.1505
 1.05965
 1.01678
 1.16896
 1.10106
 1.01175
 1.09069
 1.03867
 1.08615
 1.11915
0.966033
 0.90538
0.947479
 0.95461
0.910851
 1.19586
 1.06203
 1.11367
 1.06979
0.911284
 1.05418
 1.12246
0.947477
 1.14833
 1.06297
 1.03972
0.949913
0.965901
 1.10241
0.930132
 1.04518
 1.03163
 1.18318
0.971211
 1.08081
0.931521
 1.03382
0.893578
0.961619
 1.11372
 1.03375
 1.06926
0.996219
0.991657
  1.0141
 1.02568
 1.05388
 0.86009
 1.02302
