          0    -6.92306     7.20473     7.02035     1.78805   -0.906117
          0    -22.0195    -2.90556    -11.3395   -0.837688     12.3625
          0    -11.9603      10.901     9.65321    -2.27844    -17.4281
          0    -26.7068    -6.59219    -9.22307     1.55401    -2.94056
          0    -10.2979    -11.4964    -15.0287    -2.58317    -25.7405
          0    -9.23022     21.0958     7.74766     8.42677    -10.4943
          0    -2.51871     10.0861    -7.95607    -1.48242    -25.4866
          0    -12.2436     2.80223     -16.198     3.47537    -9.68637
          0    -16.6178     2.89499     5.61913    -2.03414    -1.72231
          0    -5.84988    -6.74328    -6.03848     -3.4115      -16.61
          0    -15.0623     3.41899    0.493079      1.1889   -0.607041
          0    -8.32168     2.98514     9.56208     5.67816     -5.2043
          0    -10.0857     15.9197     4.48737    -1.98692    -6.31682
          0    -24.5918       23.96     6.24989    0.141042     7.81423
          0    -31.1779     10.0362     5.66315     5.85283     5.63067
          0    -12.2625    -10.9073     6.57402     -3.4333    -17.6099
          0    -5.03076    -12.8059    -2.40486     1.21968    -35.1823
          0    -15.1214     11.2795    -2.35556      9.1943      1.4621
          0    -6.70572     15.9424     6.64917     4.35806    -11.1313
          0    -13.7981    -2.58338    -8.85297    0.795347    -2.77627
          0    -10.9826     7.66019     1.22924     4.52236    -6.52373
          0    -19.4299    -2.27139     7.32643     4.33781     -7.8097
          0    -9.00602     10.1705     3.98751     3.19435     1.21333
          0    -22.3155     6.78236     7.02739     -2.4587     2.01525
          0    -35.1626    -13.1914    -4.39501   -0.243082     11.2298
          0    -24.0309     4.89774    -3.33328    -3.83376    -11.2569
          0    -12.0229    -3.75836     -2.8988     4.30456    -3.01908
          0    -11.5917    -19.1014     4.55518    -5.01703    -35.5945
          0    -14.2727     -6.4651    -12.2276     6.16002    -10.4284
          0    -12.7563     2.06629     2.03199     3.24232     3.01426
          0    -9.46205    -3.77733      4.5697     5.50332    -12.3707
          0    -2.93576     1.68349    -10.7074     3.42529     -14.623
          0    -4.55291    -8.52174     2.35038    0.800201    -8.26952
          0    -8.43365    -3.14458    -5.82508   -0.378019    0.331235
          0    -15.6337    -4.68144     7.22354     3.77067    -16.9488
          0    -13.0835     2.05129     2.03018     7.53753     1.49157
          0     -5.4096    -3.33499    -5.66931    -2.16043      -16.28
          0    -26.7699     14.0754     -2.4076    0.612849   -0.498177
          0    -15.7421    -1.83715     -8.5605    -1.19933    -14.1625
          0    -14.1114     4.05602      3.4543     2.98312    -5.75704
          0    -20.5986     2.13895    -1.85918    0.917201      4.6024
          0    -34.5092    -8.21192    -14.7482    -2.59303     14.9122
          0    -10.0069    -2.96589   -0.187299    0.365963    -16.6088
          0    -10.2926     10.5559       8.602     1.35024    -9.43132
          0    -20.0981     -6.6426    -6.16544    -3.51053 7.94154e-05
          0     -18.318    -19.3633     19.4046    -2.11216    -14.9947
          0      -9.947     -7.0984    -6.11007   -0.212978    -11.6803
          0    -6.19479   -0.195916     2.37194      1.2582    -12.5096
          0     -16.749      3.5804     15.1503     3.89907    -27.1528
          0    -18.2949    -12.0685     8.21842    -2.66197     -2.3919
          0    -25.7788     -14.261     8.21001     1.20719    -3.45178
          0     -5.3397     -6.4816    -8.13088    0.985043    -17.3689
          0    -9.38887  -0.0148874     1.60066   -0.746015    -4.34999
          0    -23.7762    -20.8346     22.8885    0.614012    -16.7615
          0     -23.299    -1.52054    -10.6574    -0.45088     12.9837
          0    -9.19869   -0.555002     4.06642     -1.1196    -8.46006
          0    -17.1468     5.18413    -1.92029     -1.3363    -7.13574
          0    -7.35603     10.3825    0.132139   -0.141643    -15.2993
          0    -12.1337     5.51989     4.27744     -1.9821    -5.07647
          0    -8.45071      7.1904     5.94986    -1.94832    -10.9797
          0    -17.4055     11.9177    -11.3029    -1.84657    -17.1285
          0    -13.3519    -4.38647    -3.83992    -2.63374    -9.10665
          0    -13.1908    -2.83782    -1.30615     1.58207    -6.95092
          0     -18.018      5.7985     5.20406     1.83261    -22.1954
          0    -13.2929     -0.1039   -0.377772    -1.47881   -0.992502
          0    -13.2162    -1.39467    -12.2624    0.183264    -30.5916
          0    -2.23061     2.92419   -0.744265     6.54295    -19.0692
          0    -7.85452    -7.05011    -2.70672     2.88162    -10.9483
          0    -16.0665    -4.24187    -10.2038   -0.805284    -11.8588
          0    -21.2817    -4.54521    0.161369     8.03046     5.18369
          0    -1.84342     9.98925      3.8034   -0.380747    -6.15284
          0    -9.31722     11.6148     8.69605   -0.826101    -15.1576
          0    -11.2491     18.9562     3.60732    -1.23687    -14.2417
          0    -20.9464    -1.90915     -17.272    -2.49497     0.23438
          0    -14.9346     15.8664    0.107283     6.80287     4.03443
          0    -5.89009   -0.691261    -1.13595     2.24676    -3.25312
          0      -23.96    -15.7599      14.843    0.201531    -4.17567
          0      -14.17     11.9534     1.12462    -2.07023    -4.58445
          0    -15.7653     8.95245    -6.50295    0.128172     3.99416
          0    -15.0882    -11.2143    -6.63971    -1.18387    -14.9293
          0    -3.33653    -4.07073    -19.2109   -0.198399    -26.5377
          0    -12.8934      10.555   -0.173438      5.8543    -3.12264
          0    -6.33863    -11.1773     -1.5425    -1.04054    -29.0533
          0    -18.4256     8.83741     13.4652     1.75803    -28.4166
          0    -2.27844    -1.37086     2.61288   -0.617996     -5.7199
          0    -13.1672     6.26657    -2.31969   -0.735045     -14.156
          0    -28.7653     12.1489     0.22389    -3.45197    -2.16121
          0    -5.29529   -0.673203    -1.22111     6.73035     1.17947
          0    0.875808     5.58309   -0.663237     4.17566    -10.7692
          0    -12.5124     8.87045     10.5577    -2.95999    -10.0519
          0    -5.11614    0.632638     1.87804    0.672648    -12.8653
          0    -18.1715     1.85501     4.73757    -3.26078    -2.82482
          0    -4.43133     13.5458     10.4851    0.592866    -5.76951
   0.532891   -0.291632    -1.45779    -18.0213     2.62653    -28.0062
          0    -20.2646    -2.40705     4.40107    0.474966    0.144552
          0    -17.4217   0.0218155    -9.23132     2.55813    -13.9639
          0    -10.2831     3.37112    -2.62504    -2.53608    -4.80211
          0    -1.06472     1.04213    -1.25756    0.236525    -3.00512
          0    -6.04247    -1.69763     -11.231    0.247001    -9.49924
          0     -11.976     -7.7258    -24.9798 -0.00552311    -21.1287
          0    -3.15692    -1.67383    -2.15559     2.05866    -25.3089
          0    -45.0933     -4.7671    -19.7296    -3.40272     23.2117
          0    -8.58381    -2.53552    -1.45127    -1.92011    -16.1414
          0     -19.759    -11.4417     5.68322    -1.81926    0.364835
          0    -2.98091     1.74356   -0.335684      2.6246    -3.87198
          0    -2.94824    -4.17324    -4.11641   -0.910486    -43.5573
          0    -6.94869    -4.69271     9.55022     -1.1994    -14.4895
          0    -4.11473     14.6631    -16.4045     -4.4972    -26.3455
          0    -5.08269    -3.12833     2.00894     2.74901    -12.2112
          0    -8.47403     13.5787    -4.65456    -4.54415    -21.2933
          0    -13.9492     -6.2412    -4.35357   -0.572241    -1.85999
          0    -10.4545     10.2633    -1.90289    -1.13472    -5.42623
          0    -19.5049    0.182366     11.5565     1.12924    -6.42259
          0    -24.7426    -7.80623     7.04688    -2.44305    -14.3975
          0    -16.6448    -2.79837     -16.404     2.54319     -7.2904
          0      -22.83    -6.11006    -3.54286    0.200789     4.12132
          0    -24.8821    -9.17136     20.3489    -2.05161    -12.2339
          0    -5.87779     9.35356    -3.20543    -2.54605    -28.1441
          0    -19.5925    -1.52927     10.9879    -2.44382    -3.52821
          0    -16.0284    -7.41561    -18.7383   -0.724084    -18.0016
          0    -6.46303     1.84964     2.90366     1.96166    -10.6754
          0    -27.9228    -7.58564    -6.67292    -1.21972    -7.08424
          0    -14.8909    -1.60668     3.28889     1.37398   -0.863941
          0    -4.95078    -7.95988    0.316227     2.13488    -15.3156
          0    -3.38513       8.117    -2.86631     1.24509    -13.8478
          0    -19.8128     3.17008     1.92316     2.39677      6.5236
          0    -13.5306    -5.76871     5.44183     1.25949    -5.89826
          0    -23.2995    -3.25603    -10.4099   -0.769628     5.82645
          0    -11.1426    -5.87902    0.173847     1.36813    -9.03365
          0    -14.0111     16.6046    -7.33819     2.11443    -21.4926
          0    -16.8052    -7.50632     1.98436     3.09214   -0.896387
          0    -5.67049    -3.60187     -6.4178      3.4016    -7.23329
          0    -29.8395    -6.38467    -14.5687     -1.6122     7.61775
          0    -10.3016   -0.268172    -3.63092     6.46505    -6.03853
          0    -10.1726     11.4208     15.6094    0.656205    -18.4365
          0    -15.6697     4.04343     2.96697    -1.06059     1.42344
          0    -8.77267    -4.44579    -9.14471   -0.597522    -13.8798
          0    -13.0947     13.3548     2.75976    -1.85876     2.62032
          0    -34.1382    -2.96518    -10.6616     4.50355     9.79273
          0    -7.96436     6.65892     2.86638     4.63775    -3.09911
          0      -16.03    -9.98226     -9.3356    -1.04033     -17.421
          0    -14.1732     10.0965   -0.315416   -0.511006   -0.767496
          0    -11.2064     7.69368    0.685317     2.44553     0.56761
          0    -9.77797    -15.0107     8.83744    -2.50799    -36.7239
          0    -13.6885    -6.83485    -1.28466    0.954526     5.31747
          0    -23.7406    -13.8597     23.6717    -1.14458    -12.8916
          0     -4.8281       4.704     4.64338     4.01135    -5.55119
          0     -16.861     11.1418    -7.63192   -0.804386     1.49389
          0    -42.0255     3.14582     2.36569    -1.94784     9.83047
          0    -20.2619    -6.15468    -3.39061   0.0751974     4.73578
          0    -7.96783    -13.1491      -1.801   0.0312162    -22.4363
          0    -5.60673     33.7377     5.69169     5.01111    -19.7031
          0    -16.6203    -7.53955     15.0072    -3.05983    -8.96385
          0     3.39451      2.5503    -12.6771    -1.33531    -19.3796
          0    -4.41091    -2.42646     -11.889    0.919333    -25.5267
          0    -19.8415     4.98932    -8.16612    0.582488     -6.9304
          0     -6.3822     13.9988   -0.350129     1.61379    -5.41637
          0    -3.60684     9.22794     1.46635     2.75286    -14.3403
          0    -16.4228     30.6295    -6.12267   -0.998317    -18.9886
          0    -19.4581        1.57    -13.8191     -3.3847    -7.23431
          0    -1.34054   -0.248016     -7.1033    -2.00513    -8.06193
          0    -9.42783    -2.38515     -1.1936    -0.97958    -27.8166
          0    -18.3568    -19.2976     17.5563    -2.17969    -12.5228
          0    -2.40483     4.53844     3.29764    -2.47798    -16.8562
          0    -18.5312    -1.28867    -3.29203    -1.66571    -7.86086
          0     -22.725    -3.13417    -13.0923    0.332316     12.8592
          0    -9.14109    -7.79455    -7.62653    -1.51753    -19.2935
          0    -21.3217     4.63427    -7.68647     0.41615     13.6457
          0    -5.09464     9.17823    0.128327      2.3515    -2.06628
          0    -4.16412     25.5148     6.90749   -0.953853    -17.3534
          0    -14.2882     13.0537     12.5987     3.00146    -2.33199
          0    -33.2636      17.145     -5.0272    -2.61271      14.464
          0     -14.094     5.14425    -9.09914     1.38198   -0.591649
          0    -37.5532     7.55811    -7.79106   -0.670751     14.3503
          0    -15.4208    -8.92677     4.01603   -0.759324    -22.8847
          0     -7.8823    0.863351     -8.8125    0.398623    -34.0073
          0    -6.80615     -10.462    -6.38375    -2.66938    -37.1862
          0    -7.30185     13.5486    -2.18605    -1.22497    -18.5663
          0    -15.9606     18.9598     3.39496    -2.28516    -2.09589
          0    -22.4866    -12.0114     20.6679   -0.738329    -12.3987
          0    -16.1722     12.6253     11.2231     1.22828    -3.35128
          0    -23.6762    -1.99305    -8.11248    -1.29172     4.74028
          0    -13.1692     -5.5336    -2.88529  -0.0742242    -13.0768
          0    -17.1002    -7.12691     5.95697     1.66241    -8.57058
          0    -6.10606     12.9742    -8.94342    -2.61161    -26.1676
          0    -21.6262     3.57263    0.609428    -1.24063    -8.58614
          0    -33.5839    -8.30575     3.26924     2.34204     4.54192
          0    -1.84799    -4.89167    -4.45541   -0.263868    -14.6145
          0    -27.3003    -10.2368    -3.90586    0.683998    -6.16789
          0    -8.70861    -10.4595    -17.4264     3.90215    -29.5097
          0     -22.365     -20.913     14.6579    -3.59087    -18.4874
          0    -3.57319   -0.907358     2.62859     8.48466   -0.825995
          0    -37.3411     24.9155    -6.35531    -4.77017     15.2664
          0    -24.0647     6.69676    -7.27457    -3.52809     13.5074
          0    -15.5424     1.87416     6.65598    -2.50404    -7.54811
          0    -13.0635     -1.6184     10.5496  -0.0976097    -13.8423
          0     -4.2962   -0.244201    -2.92665    -2.60768    -16.3731
          0    -5.00574     3.63367     3.21443     1.10026    -7.79779
          0    -17.7905    -15.6981     15.9354   -0.492045    -19.0017
          0     -9.7656     -9.3567     10.1803   -0.208294    -4.97751
          0    -14.7633      -1.192    -8.40863    0.586669    -1.31394
          0    -9.39729     2.42776     5.69117    -1.16336    -26.1066
          0    -21.0577     8.91588     5.47238    -2.29339     7.45077
          0     -7.2979     2.09768     2.72794     4.40611   -0.965477
          0    -13.7187    -3.38499     3.14523     1.98746    -10.6734
          0    -5.25857     22.6854     6.86172     3.67925    -15.3825
          0    -30.7936    -4.80306    -14.3917     6.72888     12.5886
          0    -6.09076     3.01827    0.672104     -1.7524     -6.1106
          0    -13.6073    -8.02643     7.95816     -1.0562    -6.97497
          0    -36.8572     10.9963    -2.16737    -1.83146     14.3133
          0    -30.0751    -14.6066     12.2808    -2.17364     1.51854
          0    -19.4591     18.9758     3.87535    -2.49021    -8.54323
          0   -0.398445     3.17184    -6.39159    -1.50684    -16.4719
          0    -12.3072     7.03757     3.07437    -4.16558    -25.6691
          0    -19.8369     1.77771     9.24531     5.99066    -2.53591
          0     -7.8912    -13.2967     2.03578     2.04699    -33.4134
          0    -13.8874    -6.57193     -9.7098     1.11751    -25.2561
          0    -35.7835     -1.8818     24.2987    -1.49092    -4.99315
          0    -28.0901     11.8209    -13.8859    -2.72893     6.32243
          0    -5.30201    0.198317    -5.16863   -0.389168    -17.6886
          0     -13.328    -2.93572     6.58719    -3.79719    -10.3224
          0     -2.0047   -0.434969    -4.40196    0.436263    -4.37208
          0     1.03448     6.96291    -4.59758    0.867808    -15.5718
          0    -15.1929    -2.03894     3.27526    -4.68919    -22.9431
          0    -16.5629    -6.16313    -7.09484     1.13965    -7.09899
          0    -6.72722     13.8347    -5.49864    -2.21159    -16.4268
          0    -17.6927     8.55755    -3.04164    -1.68954     1.08785
          0    -2.25369     1.42466    -8.19337    0.794054    -10.2988
          0    -12.7197  -0.0256311     3.60787    -1.69372     -3.0393
          0    -18.7118     7.55325     -1.6869   -0.542415    -6.86044
          0     1.01936    -6.58422    -6.00091     1.87805    -25.6258
          0    -24.8506    -1.85326    -17.0633    -1.00381     10.7342
          0    -2.90895    -7.37523    0.262778    0.143869    -11.7549
          0    -16.1012     3.82977     -7.7585    -3.62671     -3.6536
          0    -6.32778     8.21157     9.45572   0.0551016    -13.7495
          0    -20.6334    -9.26116     15.8188    -1.91903    -16.9927
          0    -13.1991    -14.1371   -0.513777     8.96879    -19.4223
          0    -1.87943    -6.60472    -2.71246    -2.12015      -19.25
          0    -19.0901     4.79949     1.67468     1.06959     7.21118
          0    -20.0093    -5.18437     1.25695    -2.34124     5.25415
          0    -3.36658     21.6151     3.29805    -3.06437    -29.1441
          0    -7.14943     19.0045     10.1357    -2.08699    -5.28318
          0     -31.111     -1.5374    -5.41387    0.188826     12.8327
          0    -32.5122     4.37867      6.9984   -0.618291      -6.535
          0    -17.3097    -1.87881    -8.59141     0.91129     12.8964
          0    -19.0779    0.391845     7.14997    0.906793    -19.8187
          0     -20.304    -2.67331    -37.5205     -1.1506    -12.1671
          0    -22.8006    -22.8745     8.13971    -1.09703    -11.0229
          0    -22.7789   0.0244194     -15.775     -1.0878    0.554443
          0    -5.48606     15.6333     1.89389  -0.0338797    -15.3321
          0    -13.4543      11.549     8.77651   -0.766627    -4.21593
          0    -2.90764     12.3286     2.13045   -0.935565    -11.9028
          0    -33.6709       3.267     25.0601     2.43454    -2.82106
          0     2.33902     2.02929    -8.45802     2.93434    -23.4589
          0    -9.48042      3.4952     8.68531     2.33694    -9.43521
          0    -9.53488     -4.2344    -8.09768    -1.72246    -15.1244
          0    -5.08333     3.46822    -24.6975    -3.69236    -27.5928
          0    -13.0628    0.809886    -19.6065    0.261565    -8.08568
          0    -16.3164     10.3542     8.40023    0.723311    -5.49005
          0    -13.8296      6.5023    -17.1273     -3.1989    -13.7074
          0    -2.95435     -1.2915    -12.7019    -2.39903     -22.487
          0     -13.117    -9.85154     2.93987     6.94443    -4.01146
          0    -23.7617    0.718345    -9.82564    -1.55323     15.1924
          0     -1.1551    -4.40333    -11.3181    0.794113    -18.2032
          0    -26.3635    0.179801     -1.9629   -0.191486    -15.9749
          0     1.29068     3.37896    -9.55486   -0.449013    -23.1194
          0    -44.1982     17.7472    0.671934   -0.147068     8.98206
          0    -10.5662    -7.07088    -6.39849     3.99566    -14.2345
          0    -22.7198    -13.1648     3.30234     6.28904    -7.88135
          0     -29.759    -6.20935    -9.05991     1.89688     11.8051
          0    -6.83068    -6.55851     2.27595    -4.02656    -15.0608
          0    -32.8902    -8.37589    -7.37632     4.80495     9.39296
          0    -5.51394     5.09414     6.60069   -0.251317    -7.82842
          0    -10.5252    -9.66158     3.33031    -2.59251    -24.0487
          0    -7.20305    -3.13531    -13.7933     1.43372    -17.2826
          0    -21.8292    -0.73903    -9.81715   -0.104123     11.5289
          0    -12.6356    -13.4688    -6.30185    -3.61192    -17.7393
          0    -22.9721    -8.85122     8.47281   -0.942707    -2.78448
          0    -28.7744    -3.16036      7.4801    -1.51817    -3.67217
          0    -4.97188     19.0871    0.433697     1.21967    -10.1031
          0    -40.8534    -6.48425    -12.9503    -1.52041     14.0638
          0     5.40371     2.14357    -13.7007     1.14682    -23.9261
          0    -4.09372     -2.6042    -4.85923     4.15778    -11.6498
          0     -18.645     6.33105    -5.34585    -1.71021     -4.4805
          0     -7.5997     17.7425     1.23083     3.79212    -11.7613
          0    -10.7771     -19.318    -18.1246     5.08009    -38.8708
          0    -10.3559     9.44788     4.27482     2.59433     -8.0314
          0     -14.765  -0.0435751    -2.65977     1.74179     7.42419
          0    -16.4186    -14.6166     16.6642     1.09798    -7.12577
          0    -10.8801    -1.75169    -16.2954     1.06195    -11.2457
          0      3.6696    -2.72587    -9.50081   0.0778794    -17.5387
          0     -23.616   -0.234012    -30.5768    -3.35061    -14.8187
          0    -13.0726    -5.05976   0.0445114     2.04704    -3.23869
          0     -8.5694     4.10559    -4.03454     3.51579    0.220734
          0    -4.44282    -4.93316   -0.149359     2.51865    -9.73634
          0  -0.0310021     2.78864     -1.5012    0.381029    -3.40857
          0    -10.5566    -10.6475    -5.67946    -3.66576    -28.2723
          0    -29.5774    -7.00239    -9.09712     1.35245     5.86689
          0    -7.92385    -0.63812     2.89526     2.13346    -2.22304
          0    -12.4501     6.82245    -6.84902   -0.198016   -0.332681
          0    -22.7966     11.7257    -5.22646    -3.23965    -4.11139
          0    -15.2277    0.157946     2.18898   -0.143126     -30.122
          0    -8.78177     6.22354      -11.76     4.21866    -8.11421
          0    -17.3582    -13.3581    -5.11065     -4.9032    -18.3769
          0    -42.6001    -20.0623    0.150054      7.3202     7.35394
          0    -3.77255     2.77318    -10.1833     3.48732     -16.695
          0     -10.581    -4.36809     6.87447    -1.05417    -32.4267
          0    -27.6203     5.82208    -5.65291    -1.33491     13.4445
          0    -8.32893     9.11596     2.75743    0.961933    -5.99028
          0    -28.2508    -3.76612     -9.2419     2.41907     2.87789
          0    -7.16429     11.0812     4.58302     0.38788    -18.9473
          0    -16.0703     7.11819     4.96472     1.74803    -11.2715
          0    -15.9859    -15.0934     13.2666    -0.84417    -7.75819
          0    -9.09451    -2.04655     4.28306    0.159826    -10.9859
          0    -21.4634    -5.84922     13.5631     1.74303    -1.74813
          0    -21.1936     22.8738      16.077    -3.07076    -1.05078
          0    -18.3795    -16.2043     16.2048     3.55655    -10.9077
          0    -17.6745     7.64292     12.7096    -3.39659    -2.80757
          0    -2.72178     12.9932     1.65933     3.29996    -23.4626
          0     -7.4322    -1.99752    -6.27721     2.20548     -9.2295
          0    -7.58165    -18.3979    -6.42598    -0.65279    -31.3912
          0    -12.2319     -8.5971     -1.5668   -0.548564    -7.23822
          0    -17.1791     13.6416    -2.38451    -3.93531    -3.52661
          0    -15.2932    -3.44452     7.56134     2.60098    -2.53143
          0     -15.247     7.06662    -11.6178    -2.36095    -6.24177
          0    -5.86712    0.905597    -6.54142   -0.806551    -9.52464
          0    -22.0002     4.13217    -1.62445     2.33726    -10.4086
          0    -3.41549     8.86015     6.96035   -0.667318    -5.83347
          0    -12.8925    -2.73726     5.41041    0.427236     -14.269
          0     -9.1169    -4.29901    -4.75081    -0.31134    -12.7158
          0    -9.29789     6.00305     14.1812     1.63274     -7.4428
          0    -24.3531    -1.06621    -4.39002     4.52704     5.97218
          0    -12.2215     7.88287     20.2515   -0.269613    -9.22961
          0    -3.97489       1.612    -11.2656     2.20048    -22.3986
          0    -21.5541     -8.7958   -0.197541     2.91107   0.0550335
          0    -20.8289     14.0651     6.15128    -2.67732     -7.4423
          0    -19.0233    -13.7652     2.77992    0.420251    -6.00182
          0    -36.2241    -5.63533     1.72364    -1.68642     13.3273
          0     -7.2248     13.6584      7.7665     6.24114    -3.38852
          0    -20.1815    -5.83423    -12.8977    -1.48982    -4.65578
          0    -8.63585     12.3718    -1.91135    -2.96152    -18.9384
          0    -26.5603     4.31966     6.13937    -1.35564    -12.3138
          0    -18.5162    0.505208      4.1589     4.75676    -6.57636
          0     -7.4883    -4.22266      2.7083   -0.563859    -12.1928
          0    -12.8743     6.61385    -11.3757     3.10925    -3.05527
          0    -20.0964   -0.714739    -18.9513     -4.7375    -5.08872
          0    -12.7919     -4.4106    -24.7882     5.95801    -15.0714
          0    -5.36515     7.35294      7.6137    -2.06463    -35.4752
          0    -6.11093    -11.1874    -7.47941  -0.0801272    -25.6035
          0     -21.729     2.01528    -25.6872  -0.0715516    -5.46905
          0    -38.4547     -2.0105    -3.05517    -1.72969    -4.27467
          0    -11.1361     6.41204      3.9518     5.94915    -2.11547
          0    -12.4168    -10.8463     9.67943  0.00412223    -3.44462
          0    -18.8529    -10.0503    -10.9049    -1.05092    -7.47381
          0    -10.5008      3.7469     -13.762    -1.80544    -11.5606
          0    -25.3462     14.6209    -4.15457    0.770919    -1.04692
          0    -12.6356    -10.8424     4.12325    -1.04111    -2.13384
          0    -18.7206    -11.7034     8.65864    -1.81629    -6.10134
          0    -3.86338     18.3211     2.01685    -1.11285    -28.7746
          0    -12.2026    -2.81303    -2.21973       6.726    0.823334
          0    -27.4988     12.4821    -8.76513     3.30126     10.7159
          0    -8.18124     12.1038     6.59147    -3.36273    -13.8765
          0    -32.9767     1.13426    -16.3208    -1.19119     9.18481
          0    -7.56309     11.0883   -0.744869     2.86352     0.63629
          0     -17.022     1.87376      13.613     1.04324    -19.9453
          0    -6.33543    -5.08834    -3.09805     2.76932    -4.90193
          0    -24.6099    -1.20272     1.89816    -2.58372     -1.6489
          0    -25.7176     2.35197    -2.92612    -1.89971     3.85848
          0    -7.65534     8.57397     -12.493     2.01308    -32.5304
          0      -15.33     4.45014     15.1939   -0.969116    -6.96008
          0    -25.8259   -0.326148     16.7343    -3.34116    -17.7177
          0    -17.9673    0.675474      5.7595     -2.6984    -4.09308
          0    -14.9315     6.05939     4.62585     4.24293    -5.34288
          0    -12.0012     8.39091     12.9729     5.00754    -8.04956
          0    -19.3897    -9.14327    -11.3012    -3.38873    -7.79357
          0    -16.9037     7.43202     24.9699     4.80897    -11.3375
          0    -31.7194    -4.83426    -23.9104   -0.768738     3.70347
          0    -36.8265    0.752041     3.31604    0.728501     7.20879
          0    -10.3069     4.15922     6.54697     8.32235    -8.07099
    3.71768    -6.32758     -12.309    -1.32283   0.0660564    -23.0901
    2.68016    -14.3369     2.70871    -7.45202     5.86593     2.86979
    1.93763    -12.1732     7.32317     1.26482     2.24431    -4.77968
    3.81667    -21.0913    0.613813    -9.59292    0.286155     5.46435
    4.67607    -18.8943     1.17814    -24.3986     1.32309    -12.0668
    2.48249    -6.94085      -3.901     -10.674      1.7136     -21.295
     4.2856    -24.5889    -19.0749   -0.431654    -2.48292    -14.0836
    2.84216    -9.09498     2.09909     3.66707     3.50343    -6.41338
    1.23207   -0.239063     9.15958    -8.59358     1.31805    -22.8813
    3.54656    -17.5505     1.14008   -0.394875    -2.48963   -0.789567
    1.78644    -23.9918     10.5001    -13.4991     3.23214    0.693767
    3.04092    -20.6445    -5.27214    -5.28528     2.12861    -9.88264
    3.10292    -27.9218     5.17849     7.92236     1.70555       4.355
    2.73442    -9.12231     6.04903     2.74346     1.42806     2.26436
    5.01108    -17.8256     4.34926     -9.9152    -2.08626    -1.14558
    3.30677    -16.8972    -8.81534     3.97863    0.606497  0.00185748
    2.49099    -3.25517    -1.86736    -30.0454     3.35154    -34.5097
    2.73279    -24.8752    -6.77437     2.61155    -5.25553     -21.075
    3.92794    -22.9547    -4.43463    -6.99887     1.88734     8.96187
    3.08457    -13.2433      -9.275      4.1874     4.21365    -16.3412
    4.58086    -9.84966     16.5298       6.272     -1.3021    -13.2984
    3.26426    -16.4358     6.62955   -0.132584    0.262952    -11.5687
    3.37959    -18.0988    0.897511     9.39802  -0.0302851   -0.657987
    3.84529    -21.9591    -9.16176    0.323306   -0.305889    -2.72404
    4.68413    -1.02394    -1.03551    -18.0508    -2.66709    -34.5097
    2.55235    -20.8339    0.770477    -10.0883    -4.71631    -14.2909
    2.19722    -16.3923      8.1701     4.58941    -1.81267     1.03581
    1.14934    -15.1685    -3.27176    -8.33547   -0.419553     -2.4834
    3.47129    -21.7397   -0.597198     14.7138    -0.21889    -9.09783
    4.12618    -7.84611    -5.89888     5.55511     2.63052    -4.35592
     2.9038    -7.21642     8.47844     4.39087   -0.254654    -4.93129
    3.86996    -25.1831     2.53055    -17.8119   -0.751504     7.04262
    3.78734    -28.4901    -10.0517    -2.20931    -0.80899     6.66319
    3.62676    -17.4547    -3.84308     16.3241   -0.914809    -26.7588
    3.33421    -27.5944     8.00728    -2.79623    -2.55212     14.4647
    5.85853    -15.2697    -23.8262     22.2693     2.86249    -18.8115
    1.47218    -27.8906    -7.17729     7.07919    -2.66097     4.90389
    1.29474    -18.2249    -1.36066   -0.322618     3.30761    -3.95765
    2.96658     -12.513     5.79011     7.46165     3.53492    -10.5344
    1.56547    -7.68489     -1.3997    -9.58125     3.49302    -5.57299
    3.38096    -21.9223    -9.42111     22.8606     0.42062    -10.4842
     3.7227    -10.3346    -1.13464     6.50614    0.146507   -0.134454
    5.18094     2.86346     8.69461    -4.71923     1.34056    -31.4152
    3.59144    -63.7769     4.25257    -22.1303    -2.90842     37.2918
     4.5643     -26.257    -6.17757     1.12118    -2.62921     8.58619
    3.55571    -14.0271     12.2193     19.5978   -0.634675    -5.65113
     1.8125    -40.0352     3.98144    -6.40272   -0.568302      22.646
          0    -13.9283     14.7041     4.16147    -1.45456     -3.1527
          0    -22.0189     8.90341     15.3466    -3.89915    -7.51145
          0    -19.9964   -0.917825      10.756    -2.91558    -18.9199
          0    -32.5453    -7.97662     7.52287    -2.53931     7.03329
          0    -50.5753     7.97895    -2.21051     3.14455     16.1706
          0    -19.1133     -1.5584    -2.94286   -0.560927      6.1202
          0    -13.3615    -9.97487    -6.02969    -2.76235    -29.8672
          0    -15.0724     9.98801   -0.419146    0.865486    0.392734
          0    -17.8157   -0.647343    -19.5309    -5.90376     -6.9203
          0     -11.922    -5.44222     11.8563    0.518969     -11.575
          0    -6.15604    -8.04097    -5.69441     4.06953    -13.4581
          0    -26.3041      13.166    0.772251    -5.12043    -2.47467
          0    -8.64238    -4.31418     2.33464      2.0584   -0.192875
          0    -15.4429      -8.402     4.11003   -0.691909   -0.540806
          0    -22.0752     20.2492    -10.0568     5.55298    -14.5836
          0    -23.9159     13.9551     32.6924    -3.01144    -14.7048
          0     -5.4755     7.72268    -5.51841     2.79638    -17.6952
          0    -12.0569     1.92593    -5.90931    -2.14925    -9.51676
          0    -27.2017    -1.10586      19.396     1.51468    -5.80922
          0    -5.91391   -0.981656     3.47943     7.35838    -5.06341
          0    -20.5024     27.9226     24.5075    -2.53297    -12.7592
          0    -8.72401    -8.53831    -10.7275    -3.38246    -20.9748
          0    -6.29876      8.7438    0.643862    -1.52333    -8.12219
          0   -0.685012     7.67512      1.7046    -3.73611    -12.2135
          0    -31.5679     4.41179    0.290902    -1.86218    -4.52097
          0    -11.3561    -2.74543     -11.564    0.937842     -13.729
          0    -19.2761     11.7141     5.36375    -3.48086    0.505789
          0    -12.9993     6.57272     -10.131    -2.24107    -19.4641
          0    -5.59309    -8.35733      0.9321    -3.02882    -27.0895
          0    -23.1307    -4.74428     1.14155    0.967804     4.23714
          0    -19.1646    0.248635    -23.6087    -2.37237    -3.49268
          0    -20.6215    -0.10481     6.90529    0.635977     3.97533
          0    -28.1125     14.1967    0.818803    -3.11236     9.99934
          0    -20.0641     2.76928     11.3158    -2.65442    -3.95407
          0    -6.94312     15.7761     8.01085    0.779873    -4.92606
          0    -27.2252    -17.5986     8.95683    0.486047    0.961769
          0    -6.25886     4.16951     7.81244    0.655622    -3.99023
          0    -16.7807     11.6767     3.97302    -2.79005     -17.074
          0    -24.6241     15.4728     2.22792     2.40716     8.86869
          0    -33.4555   -0.842975    -8.55215   -0.764268     1.83771
          0    -10.1228    -5.09909    -1.89959     8.13112    -5.19256
          0    -26.5821     -1.4677     1.67852    0.661225     4.32853
          0    -16.9657  -0.0326975     10.6242    -2.18766   -0.306715
          0    -13.7983     -15.198     5.83994     3.33183    -12.8606
          0    -7.23326     11.3598    -16.2268    -3.50298    -25.6142
          0    -6.25728    0.870313    -0.86783     3.78523   -0.556951
          0    -17.7912    -11.5592     1.79203     8.28753    0.432273
          0    -8.19748     3.39715     10.1681     5.62995      -4.674
          0    -8.80498    0.674812     1.09745     1.11099    -11.7638
          0    -8.97809    -7.26198     10.5924     6.48287    -11.0985
          0     -30.335    -10.1323     1.09914     1.34331     -3.6827
          0    -15.2207     6.00116     7.36744     2.06752     1.86519
          0    -35.8459    -2.52958    -16.5851    -1.42427     11.6915
          0    -5.02566   -0.253971     4.15179    0.333427    -4.06662
          0     2.39307    -3.90864    -18.4219    -1.34456    -26.6724
          0     -15.761      27.041     10.5082    -2.58055    -18.9064
          0    -9.66805      7.5255    -6.79918    -1.78093    -13.9311
          0    -4.25416     -1.6854     5.24635     6.80872    -7.68613
          0    -10.6777    0.551857    -13.8697     7.27302    -3.77114
          0    -17.0824    -6.48635     15.1451     1.71223    -16.8295
          0    -20.0096     23.0187     9.24901    -1.90692    -8.52196
          0    -9.66056     5.87758     9.69288   -0.841851    -9.09749
          0    -11.2258    -8.96234     4.52144    0.491168    -9.49682
          0    -28.8947     7.05554    -7.87406   -0.816275     14.1843
          0    -19.0051     3.12654    -6.86986     1.92476      9.4747
          0     -22.234     25.1053     18.2118    -1.81295    -3.54772
          0    -19.0054    -9.01619     2.06623    0.928917   -0.920151
          0    -12.4078     14.2641    0.681685      -2.628    -17.3547
          0    -12.9042    -3.20905    -8.91548     3.03287    -34.7699
          0     -11.324     19.8535     15.9904     1.44579    -8.67473
          0    -18.6327    -7.95018    -14.1745  -0.0584796    -6.46298
          0    -12.1645   -0.504431    -1.77725     2.16327     2.67068
          0    -38.5828      26.577    -2.51318     3.62972     12.1503
          0    -8.36494    -9.28176    -5.40879     5.31732    -25.3466
          0    -3.94027      6.4178      4.0056      2.2696    -15.0902
          0     -5.0952     15.8497    -3.02242     1.61589    -15.8673
          0    -26.5082    -17.9765     9.37734     2.29062     2.15148
          0    -23.6798     7.11149    -3.54305    -2.42013     5.59013
          0    -8.86468   0.0347698    -4.01054     4.99832    -34.3404
          0    -14.4547   -0.300134     -5.2121    -3.34061    -4.29209
          0    -26.4917   -0.999336     -18.926    -1.56756    -1.30073
          0    -11.3749     -10.524     6.88486     2.22233     -3.1703
          0    -3.38873     1.13698     2.89691     1.01101    -6.30089
          0    -24.4943     -14.712    -1.05754    -3.03116    -7.90453
          0    -12.0895    -6.95465      4.8839     1.77963    -4.55706
          0    -16.7252    -4.73889    -3.31484   -0.934779     -2.5406
          0    -17.6016    -9.45944    -3.79602     2.91329    -1.96847
          0    -12.5167    -10.8978     12.4949   -0.730499    -6.75061
          0     -28.473    -22.7135     12.3472   -0.346844    -2.27268
          0    -17.2596     4.89597     7.15143     -2.3374    -10.0076
          0    -4.37388     3.12519     2.33646   -0.944738    0.803468
          0    -25.0968     1.86412    -10.3693    -2.14152    0.550663
          0    -17.2129    -7.48493    -1.39703     9.25196     -1.7759
          0    -14.8604    -13.9515     2.12222    -2.41807     -15.352
          0    -19.6337     9.80577     4.54336   -0.492183     2.41972
          0    -11.1653     7.32841     15.3152    -2.55301    -8.04109
          0    -11.4352     2.01094     7.23103    0.919497    -15.0396
          0     -7.4149   -0.954959    -18.9969     3.63176    -9.21969
          0     -22.594     7.35791    -5.82382     2.60294     8.79442
          0    -15.6013     4.35783     3.36891     1.29632    -13.0248
          0    -6.50445      2.5838    -24.9271    -2.88837    -30.5935
          0    -27.7254    -6.56413    -15.0211    -3.92473    -1.90062
          0   -0.503869    -3.25183    -7.68423    -1.42296    -34.5718
          0    -8.70696     0.94689    -2.16346    -2.58345    -23.4143
          0    -21.1412    -2.95369     19.1675    -4.06658    -6.89943
          0    -6.89718     5.47415    -13.1955     2.65775    -20.8487
          0     -26.313      15.095    0.288867    -4.33076    0.784244
          0    -12.6326    -3.41496    -6.66365    -0.36072    -6.88162
          0    -19.0552        9.98    -1.11279     1.41669    -2.70139
          0    -12.5237  -0.0194312     10.0158   -0.233751    -6.46168
          0    -3.11067   -0.456261    -6.95528     1.43123    -14.7738
          0    -17.4015     6.37745   -0.976617     1.04986    -23.3241
          0    -1.64796    -5.19629    -9.29904    -0.57611    -20.1575
          0    -3.79346     9.53352     4.59544     1.60779    -12.7334
          0    -23.2425     16.8784    -11.6673    -2.20783     2.93439
          0     -6.5022      1.7793    -9.09363     7.20693    -5.31642
          0    -14.3867    -9.24551    -1.61319    -1.41309    -11.5559
          0    -22.0905     -6.2738     9.60894     -1.0194    -17.8112
          0    -7.58441     1.14472   -0.586802     7.47815    -9.98087
          0    -14.9149    -6.89644     3.41333     1.81743    -9.89305
          0    -5.82857      4.6928    -4.78918     -1.1436    -6.99682
          0    -21.3712    -4.97039    -16.6268     3.91788    -1.22832
          0    -12.1242    -1.84934     4.66145       6.412    -3.45975
          0    -14.1497    -3.17602     3.53831   -0.935848     1.10736
          0    -20.1117     3.32251    -9.32313     1.68012     4.88703
          0     2.36072      2.3495    -10.0103   -0.261559    -33.9218
          0    -28.2071     10.3623     -1.4746    -2.15815    0.170415
          0    -23.3506    -4.61693     -8.2117    0.294342     1.42694
          0    -28.2775    -4.55088     -7.3039    0.474763     8.05968
          0    -7.39281     -10.241     5.39769     2.33357    -8.69498
          0    -20.4839     17.9361    -4.49442    0.408998    -8.60202
          0    -11.3839     12.7842    -7.23311    0.344222    -8.60032
          0    -23.4217    -14.9365     1.86701    0.737061      -2.978
          0    -20.9659     2.06501    -1.91292     1.15791     4.26075
          0    -20.8486    -3.56423    -9.19194    -1.42893     7.96848
          0    -23.4709    -4.88004    -3.47664    0.505742    -2.27143
          0    -14.0864     15.6245     4.59989    -2.33884    -13.1702
          0    -18.3804     10.6009     2.63252     -4.6773    -13.5923
          0    -1.40245     17.1116   -0.938468     1.02906    -31.4273
          0    -6.57546     3.44561     8.03315   -0.139132     -4.4423
          0    -17.1807      7.4448   -0.815501     5.64359     1.58872
          0     1.27293     4.70274    -4.46265   -0.715095    -12.4049
          0    -13.5868     18.5186     10.4919    0.255762    -7.31785
          0    -2.73051    -11.9798    -2.68511    0.783356     -18.755
          0    -5.96501     2.74178     2.51424     0.30649    -23.5936
          0    -25.7986     6.97262     11.2652    0.245773    -13.9955
          0    -7.09722    -13.4014    -15.5961    -3.72789    -35.5714
          0    -24.7309    -7.53727     21.6018      7.5122    -11.6962
          0    -19.4975    -16.2936     3.10341    0.214868    -2.99984
          0     -8.6057     4.99184    0.441165    0.148591     -5.2083
          0    -5.97065    0.548652    -4.47418    -1.47068    -24.1007
          0    -3.98464    -9.80327     1.69307     2.13139     -11.686
          0    -21.6992     11.3149    -6.28048     6.90065     13.7133
          0    -17.7973     12.1674    -6.91355     1.21533     1.34494
          0    -1.27424   -0.240258    -4.32453    0.889987    -10.4585
          0    -7.23905    -5.76886    0.609046    -1.28685    -10.9774
          0    -10.6042    -7.94395    -11.9897     3.57023    -13.7233
          0    -21.4512      8.1383    -5.25366    -2.05658    -13.9326
          0    -13.7014    -4.29204    -7.80785   -0.262801    -3.35898
          0    -7.82657     6.39962   -0.745042    -2.12422    -14.4319
          0    -22.7241    -3.46029    -4.65309   -0.782071     6.11947
          0    -17.5159    -6.32422    -9.74329     1.20973    -17.0375
          0    -27.0723     12.9329    -13.0977    -0.43842    -10.4253
          0    -22.1653       7.769    -2.46704     8.49286     0.33308
          0    -35.4997     21.7745     25.3668    -6.20683    -14.0974
          0    -10.4216     13.4502     5.74036    0.783455    -1.99054
          0    -16.1284     14.5326     5.58325     5.22561   -0.751329
          0   -0.434349     4.50111    -9.21434    -0.20965    -18.2759
          0    -15.0562    -3.18793    -4.08918    -1.45959    -6.76861
          0    -26.9598     12.2849    -24.3594    -2.89158    -2.98277
          0    -32.4648       0.635     9.57168    -4.28041    -12.6526
          0    -7.66431     8.60774      8.1816     6.96754     -5.0075
          0    -19.2932     1.07843    -15.6359    -2.91064    -1.44022
          0    -30.1369    -1.00803     11.5025     1.20504    -1.77116
          0    -15.3833    -6.43761     8.40584    -1.77015    -1.25441
          0    -16.9405    -7.67796    -9.26251   -0.149771    -6.96943
          0    -14.7844     43.7418     15.7043    -2.38607    -9.41035
          0    -21.6421    -2.78901    -9.16254     1.26786     8.06052
          0    -10.4829    -2.92164    -7.17757     3.47057    -13.8918
          0    -12.8216     9.91287    -2.23552    -2.14539    -12.5494
          0     -17.523    -3.05008    -5.88404     5.42715     4.83309
          0    -10.3685    -2.73282       2.029   -0.574429    -6.73018
          0    -14.2702     2.71929    -9.63598     1.46566     1.51157
          0    -7.83806     8.78371     5.73131     12.1057    -1.48917
          0    -13.1102     1.50041    -6.32997    -1.74398    -4.59338
          0    -7.17527    -11.8341     1.95605    -2.75597    -19.6584
          0    -12.2648    -20.2965     5.27388     2.12432    -23.6561
          0    -18.4122     1.22739    -7.50929     5.76402     5.21867
          0    -11.3753     6.73287    -1.94465   -0.943139     1.61169
          0    -10.5994    -5.41445     9.34811    0.156828    -22.6358
          0    -41.9296    -8.05855    -15.2234      1.0436     25.8969
          0    -21.5236    -18.8288     12.3976    -1.03962    -4.93778
          0    -10.9842     6.24488    -11.5763     1.01165    -8.60351
          0     -9.0815       2.778     -5.7877      -1.805    -8.01801
          0     -3.4371    -2.75703     1.41155     9.34577    -15.3934
          0    -15.9231     7.80265    -5.65184     2.14026     6.71379
          0    -22.6284    -13.3873     19.3638   -0.979203    -13.7473
          0    -16.6122    -11.6148      10.211   -0.669234    -17.7475
          0    -15.0595     -7.9985    -8.34077    -1.19938    -11.3556
          0    -5.69801     6.65185     3.95532     6.73955    -1.77805
          0    -25.3128    -1.25433    -11.0438     1.78196     15.0585
          0     -17.011     13.9275      13.117     2.77005    -5.32309
          0     -12.236    -4.62824    -5.32166     2.15327     1.11337
          0    -14.6589     11.2258     -1.3496   0.0917466     5.92993
          0    -17.5274     12.9344     15.9805    -3.07815     -17.174
          0    -26.7424    -16.3063     8.75274     4.18264    0.330658
          0    -44.2636     7.90379    -13.7915    -2.68403     22.4476
          0    -22.6914     -3.7816     6.93309     4.40697    0.742022
          0    -14.2046    -11.7789     4.30387  -0.0567898    -5.09147
          0    -2.99995     16.6262     1.97107     2.87175    -12.2448
          0    -15.6273    -1.29858    -5.44872    -1.02791   -0.217239
          0    -41.1623    -19.1576     14.9487    0.850484    -7.30177
          0    -7.48053    -5.24705     1.43839      1.5472    -12.0291
          0  -0.0764836   0.0449245      -3.524    -1.25472      -9.992
          0    -3.08425     3.82414    0.768508     3.79964    -4.07739
          0    -28.2596    -8.12751     2.52733    -3.45468    -10.4779
          0    -19.0328     4.41259     9.72335    -2.02103    -3.31268
          0    -23.8185    -10.1218      8.8095    -4.44603    -19.1324
          0     -13.898     8.42064    -3.32411     1.17247     -7.6012
          0    -15.4047    -7.84878     4.23535     1.25176    -4.66192
          0    -39.3087     -1.5652    -14.7235     1.77232     23.5887
          0    -22.2745     5.39828    -11.8531     3.08322    0.266784
          0    -10.3943    -10.0766     1.00074   -0.184571    -9.21954
          0    -19.3181     16.7202    -8.10338   -0.473265    -10.5938
          0    -6.44786     1.03902     5.21052     11.8307     -14.882
          0    -2.67542    -3.70477    -4.67448   -0.854985    -12.5527
          0    -3.95866     7.51545    -14.2815    -2.52282      -16.99
          0     -32.908     1.35831     3.21881     7.35336     11.8524
          0    -17.6827     7.34282     5.70985  -0.0209576     3.58873
          0    -13.1617    -7.94724     5.53399     -2.1386    -3.97531
          0    -10.3245   -0.127153     4.12242   -0.218071    -1.74634
          0    -19.5233    0.505922    -2.61007     2.93969     2.11229
          0    -20.9115    -3.51842    -6.08258    -1.10194     11.1861
          0    -11.1676     14.9958     8.54455    -2.66379    -19.9549
          0    -10.2435       1.016     2.38618     1.79425    -1.71449
          0    -23.1251    -9.93719   -0.935926     3.08854     6.15982
          0    -13.7229     9.38202    -3.62519    0.625486    -11.1218
          0    -16.0888     13.5025    -4.35935     5.86885   0.0670715
          0    -15.6334     6.17272    -1.03554     2.38253     6.01942
          0    -16.8002     4.41337   -0.725039      1.3884    -4.81331
          0    -16.1392     -9.9774     9.71988     1.78299    -14.2687
          0    -10.4727     19.1886    -6.31322     6.34046    -13.2626
          0    -6.88257     8.30452    -5.54533    -1.70729    -7.97318
          0    -9.27762    -10.8224    -3.01376     5.00395    -23.1956
          0    -16.6486     4.94018     4.89446    -2.31213    -9.34643
          0    -5.10186   -0.491959    -4.44563  -0.0358265     -16.719
          0     -18.164    -5.72639     5.47695      3.2778    0.900652
          0    -5.22574     6.88723      1.0041     2.71577    -8.88614
          0   0.0185486     1.36117    -3.08122     4.81962     -8.5723
          0    -9.47038    0.184146     6.78363    -1.41779    -2.79873
          0    -44.8556    -2.78455    -10.6821   -0.601493     17.4129
          0    -3.32779     2.79043    -2.41265    -1.49744    -31.3584
          0    -14.5292     0.99175    -1.72604       2.638     4.20457
          0     -8.7405   -0.640208     5.35532     1.56755    -12.9658
          0    -20.5922     12.0307     8.11875    -1.19001    -3.52265
          0    -18.2624     4.90505     7.09215    -2.55659    -7.13395
          0    -16.7802    -2.73562   -0.875324     5.56401     5.92487
          0     -16.353    -6.56776    -8.28074    0.248498    -22.9114
          0    -6.42975   -0.960981     1.18935   -0.982534    -5.10129
          0    -2.23332    -5.56049    -9.01532   0.0125487     -32.478
          0    -4.00283     4.10221    -2.89073   -0.638783     -12.739
          0     -24.442     18.3583     9.53468      -2.273    -2.43603
          0    -13.2502    -2.01149   -0.550826     0.97363     4.87347
          0    -27.9414     1.43547    -18.2012    0.713085     3.32149
          0      -28.08  -0.0603935    -4.09981    -2.31081     5.33867
          0    -15.7188    -8.88832    -7.77057    -3.58891    -23.0541
          0     -17.416    -2.10411    -5.91707     3.75003    -4.31403
          0     -19.939     23.3693    -8.57448    -5.01484    -4.81649
          0    -17.7178   -0.470435    -10.7964     2.71392    0.609479
          0    -3.82668    -1.77007   -0.781947    -2.58151    -23.9494
          0    -9.41438     5.04933     2.04873     1.62046    -15.9012
          0    -13.1985    -9.94995      4.5398    -2.64916    -13.4995
          0    -20.6744    -18.1541     12.8112     0.90931    -5.66468
          0     -13.332     -12.421     6.70303    -1.29846    -10.0805
          0    -17.8145     25.4079     11.1105    -1.97601    -23.7579
          0    -13.5896     22.4629    0.485517    0.398745    -12.1608
          0    -27.3052     8.06912   -0.821684     1.40687    -3.62551
          0    -4.06481     1.13403    -6.20639   -0.108748    -6.07489
          0    -30.1822    -3.18869    -6.50444    0.920177     15.5438
          0     -14.794     5.95435    -12.7909     -1.2806    -17.1682
          0     2.56129    -2.34236    -5.58508     3.44361    -21.1527
          0     -13.312     1.21209    -1.22221    -3.89125    -9.67727
          0    -29.8213    -3.49986       18.46   -0.763271   -0.107029
          0     3.48662   -0.397577    -12.4567   -0.757573    -31.1087
          0    -11.2671      3.3496    -23.2444     1.58786    -14.8453
          0    -10.2356    -8.89924   -0.144961   -0.474105    -15.3975
          0    -16.7964     12.9899    -8.13989    0.585072    -16.7255
          0     -13.872     6.46492    -2.14058     -5.6969    -31.2359
          0    -3.22183     13.4615    -2.97199     3.37498    -24.7437
          0    -4.56283     5.86233     5.47394    0.740057    -18.2616
          0    -11.0575     19.3423    -3.22726     5.43736    -8.26599
          0    -5.08887    -8.56989    -11.2728   0.0644926    -22.3254
          0    -1.60705     2.87418     -6.1878    -3.04092    -15.5948
          0     -14.948    -16.5004     14.5858    0.160758    -30.1925
          0    -15.3675    -14.8226     8.80883     7.30691     -18.495
          0    -13.5414     2.40245      1.5143   -0.151861     4.07818
          0    -41.5948      3.0532     17.9918    -1.46688    -6.61824
          0    -3.65918     3.41911    0.363973     1.59438    -12.1363
          0    -10.5164     23.1791    -6.13376     2.10378    -13.4699
          0      -26.15    -3.53237    -7.86934    0.970335     9.96259
          0     2.51819     6.92058     -10.824   -0.294496    -26.9267
          0    -10.0021     7.67101     11.7502     4.62505    -10.4993
          0    -6.93866   -0.338862     1.73351     1.48075   -0.136486
          0   -0.847034     4.90819     -1.7117    0.908597    -13.1255
          0    -16.6899    -10.0634     11.9479    0.430724    -8.37343
          0     -10.948     5.85191     6.60827   -0.857368    -25.8552
          0    -8.01487    -4.87441     5.53503     3.65241    -8.64023
          0    -12.9185    -13.5563     13.7297    -1.49397    -8.08071
          0    -11.2376    -1.65948    -10.9626    -1.36333    -13.7607
          0    -2.28733     1.10808     2.94798     3.66977    -16.4793
          0    -27.4334     1.65481    -15.6496    -0.47902     5.96342
          0    -29.3785     -17.954     34.2068    -3.94447    -15.0259
          0    -22.1951     19.7009     3.70215      -2.042     7.23426
          0     7.84388    -2.62548    -16.5355      6.2013    -31.7878
          0    -20.1255     3.04354     -5.2075    -2.67918     3.72938
          0    -18.4593    -6.04488    -20.1566     5.64245    -7.99114
          0    -21.7572     2.70308    -9.52976     0.85047     13.4258
          0    -23.9748     4.53242     1.54833   -0.462716     8.34488
          0    -10.0035    -1.62567     5.29409    0.670028    -15.9631
          0    -20.6185     6.55158    -6.41991    -1.34047     9.09784
          0    -15.5558     8.43783     15.4728     3.97526     -7.8653
          0    -23.8804    -6.38853     -1.5839   -0.402255  -0.0256899
          0    -43.8944    -14.1887   -0.475395    -4.13943     14.1104
          0    -16.1986     5.60343    -14.9563     1.91395    -12.7753
          0    -15.3508    -7.61937    0.586738    -2.99371    -11.5867
          0    -16.8308     4.94446     3.78439    -1.97806    -5.15149
          0    -11.0733     -5.3401    -3.83931     1.08642    -3.52048
          0    -11.7109    -5.36283    -15.6163  0.00940917    -10.6306
          0    -18.3847     6.35271    -35.6605    -5.82217    -33.7978
          0    -19.3576    -6.21488     9.01085     8.02405    -3.01062
          0    -29.0768     16.0031    -8.51285    -4.89819     3.26784
          0    -8.52635     6.05854     9.48523    -1.14873     -8.4721
          0    -11.9352    -4.67334   -0.397582   -0.276179   -0.343154
          0     2.03356     1.82989    -10.1593     4.38413    -27.4753
          0     6.00867    0.404711    -18.3753    -4.53238    -48.7615
          0    -25.6147     2.52067    -4.71148    -2.16371     9.25113
          0    -17.5413    -1.76458    -7.63981     7.74549     1.94551
          0    -19.9293   -0.648164      -5.256     1.45551     11.5299
          0    -12.3508    -11.5287     14.8003   -0.412451    -7.69083
          0     1.16228     2.53372     -7.7324      4.1441    -27.7144
          0    -9.63616     12.3176     8.34177      2.3337    -4.96131
          0    -17.4391    -9.66241     6.56558      3.7091    -3.92454
          0    -7.53307    -5.14548    -1.46955      1.8578    -4.63885
          0    -12.4849    0.210803     1.00672   -0.416985     3.69015
          0     -31.072     8.11853    -27.4937    -2.61877    0.976203
          0    -25.9113    0.984143     16.0411  -0.0871283    -23.5274
          0     -13.098    -1.83402     12.0599    -1.68776    -15.1859
          0    -23.1464    -19.9984     14.0806    0.844227    -2.57745
          0    -6.92876     10.3709    -1.99528     7.68693    -18.4599
          0    -15.6824     5.81925    -2.24212    0.404997    -2.68794
          0    -14.0661    -5.42739    -8.11008    0.746766    -1.56321
          0    -10.6884    -17.6086    -2.92206      3.4767    -32.6044
          0    -16.2028     3.33148    0.373767    -2.13386    -20.7668
          0    -5.89653     22.3364     11.2493     4.06275    -8.34129
          0    -18.8397    -3.82957     4.63927   -0.334034    -9.86295
          0    -10.1306     17.8972     4.12901     2.74292    -2.23988
          0    -8.23503   -0.609142    -6.20427     4.86046    -12.2071
          0    -10.0229     2.43115     8.98837   -0.905824    -9.04073
          0     7.36962    -4.02571     -20.011     -2.8655    -32.5609
          0    -32.6317    -9.89077    -10.1234   -0.814834     12.0713
          0    -8.73883     17.5409     13.7257   -0.174315    -3.80592
          0    -19.1216     13.4049      1.8634    -1.22662    -3.94567
          0    -21.4062     5.58575    -2.73605     1.41478     5.30759
          0    -10.1533     21.9538     10.9532    0.105845    -7.17106
          0    -27.7694     24.5472     13.9725    -1.98287    -4.04229
          0    -33.0249    -15.7343   -0.627147    -1.17949      3.1496
          0    -15.9004     7.02105    -1.59459     4.47668     7.11127
          0    -11.7247     8.38362       -13.6    -2.15781    -24.3429
          0    -3.94244    -2.68506    -3.03507    -2.31157    -14.0143
          0    -11.1865    -20.1273      9.2859    -1.64891    -25.4392
          0    -20.3998     9.62584    -5.11795    -2.21735     2.56867
          0    -25.5882    -27.5028     20.6769    -1.77699    -10.6315
          0    -9.80491     3.68475     2.25444     1.07409    -22.8402
          0    -17.6772     6.87626    -11.3143    -1.76384     1.59289
          0    -15.3986     9.09463     8.18594   -0.819946     1.04137
          0    -28.1119    -17.0743     17.3489    -1.04519    -4.61471
          0    -18.6289    -7.12492    -5.25799  -0.0184577    -9.70083
          0     -45.365     4.18048      8.0432    -5.14313     11.7716
          0    -8.87943     4.54857    -16.9833    -2.15507    -14.7814
          0    -28.2633     5.57197      12.425    -5.35765    -19.9172
          0    -21.7256    -1.24873    -8.75715     2.39847     8.39839
          0     -14.375     33.4736     14.1236   -0.594863    -13.2991
          0    -0.79593    -1.48927    -1.25608     7.38033    -17.6404
          0    -5.00362     12.3722     -5.6367    0.424883     -18.922
          0    -20.5982     15.8285     11.3603   -0.635015    -3.45935
          0    -2.42446     7.29734    0.316516    0.211152    -23.8818
          0    -23.0668     2.14118      -2.318    -1.45373     -9.0139
          0   0.0625764     14.8123    -1.92264     1.44867    -24.8239
          0    -8.37188     0.48079    -11.6287   -0.511886     -5.7805
          0    -5.27667     -4.9419   -0.264213    -1.36261    -6.38006
          0    -20.3108    -1.18601    -17.6446    -4.40691    -2.84493
          0     -12.214     23.1642     6.18518    0.985091    -7.95317
          0    -21.3077    -1.50096    -1.78138    -2.35614     -2.4559
          0    -8.41112     31.2373     12.2677    -2.44592    -16.4684
          0    -5.09618   -0.439803    -6.11391    -4.20174    -16.3082
          0    -6.66518    0.835913    -9.11407    -2.65526    -3.55563
          0    -10.2528     4.00023    0.109108    -2.30785    -27.1712
          0    -9.53563    -12.8903      5.9952    -2.15573    -22.0083
          0    -13.5813     25.3078     14.2461    -2.10595    -9.80099
          0    -16.5753     9.95443    -2.54463    -2.04957     3.42051
          0    -12.8463    -4.17965    -2.21049     1.57245    -11.1121
          0    -8.39445   -0.745849     7.99087     4.07897    -11.4786
          0    -16.2955     4.29348    -4.70019    -2.76728    0.110894
          0    -9.02489    -5.37835    -1.47558     1.34828    -1.49582
          0    -2.10315     6.63016     5.18105     1.24844    -10.2001
          0     -15.536    -4.91154     8.60192   -0.432934    -14.8889
          0    -9.76718      28.112     8.11378   -0.123181    -14.9074
          0    -12.5656   -0.804325     9.55512     1.46342     -10.808
          0    -10.9332    -4.42669    -2.90387    0.725597    -20.3238
          0    -19.1875    -11.8183     3.32701     1.35289    -10.0676
          0     -23.983     2.83526   -0.183171     1.53801     5.62636
          0    -6.49306     1.49135      -16.18     2.06121    -15.9325
          0    -7.09452     13.2319     11.0726     4.55514    -5.52434
          0    -37.4326    -11.9739    -14.7994    -1.96333     8.47403
          0    -4.99821     20.0988     5.85698     1.95336    -15.1705
          0    -9.34671     3.69122     9.75514      1.4571    -13.4395
          0    -15.8035      2.2922     1.35956     2.72979    -4.72521
          0    -31.5186    -5.42677     8.72393   -0.583438     6.66952
          0    -1.02743    0.860233    -1.71918     10.2609    -19.3774
          0    -15.6152     12.4521     10.1631    -3.12398    -10.4335
          0    -18.8937    -13.6131      2.5633    -4.28122    -20.4372
          0     -10.583     2.21572    -9.14267    -1.03665    -4.26033
          0     -18.638    -17.1883     6.61802     1.51092    -11.3783
          0    -15.9397    -9.29855     11.0691   0.0694233    -5.97297
          0    -19.8292    -7.29294    -3.86857   0.0247164  -0.0427191
          0    -14.0904     3.51156      5.7927   -0.662916    -7.96716
          0    -10.0188     3.48603     5.25735     3.65706    -18.5648
          0    -29.6818    -7.35828    -5.87253    -3.36592     7.03008
          0    -25.2245    -20.5329    -8.63391   -0.570569    -15.8465
          0   -0.484092     1.23037    0.512276     6.81376    -12.1533
          0    -11.9344      5.4048    -3.86966     3.28815     -7.1239
          0    -22.8171    -18.8828     5.48683    -1.85666    -9.07759
          0    -4.63016   -0.641729    -6.79841     5.20976    -9.69259
          0    -13.3319      1.7957    -11.1713   -0.220736    -13.5215
          0     -65.377    -26.5353    -2.32878    -3.69619     19.6026
          0    -11.8638       1.815    -2.83027     2.30951     4.90132
          0    -17.5624      -2.836    -6.67514     2.21657     2.23485
          0     0.66048     1.47558    -10.3833  -0.0434535    -22.1184
          0    -12.6754     10.0451      3.1162    -3.85486    -4.33022
          0    -11.2413   -0.151759     -13.353    0.813156    -4.59917
          0    -3.04511     8.21195       1.047     1.78906    -14.3496
          0    -18.7993     21.8449     4.77064    -3.37433    -14.9939
          0    -21.0079       19.67   -0.106391    -3.29112     -8.6715
          0    -12.2647     6.05261   -0.459387   -0.104743    -3.50848
          0    -4.54459     4.57981     9.28468   0.0465651    -5.76309
          0    -26.4154     10.4846     -9.3109   -0.289622     3.30411
          0    -7.96819     23.0878     3.81521     2.10729    -18.6611
          0    -5.47267    -3.95849    -1.44425    -4.28653    -26.5997
          0    -12.8273     29.7775     9.24771    -1.94001    -4.09155
          0    -13.3085    -10.1479     5.26328    -1.19536    -5.09213
          0    -21.7234     16.5744   -0.518464    -3.04949     2.54414
          0    -12.9454     4.31841    -2.68351     2.48892    -1.68496
          0    -30.1861     15.3596    -4.55222     1.78256     7.61134
          0    -19.2715    -3.64859     10.9737    -5.00295    -7.66351
          0    -25.1344     21.4887     9.80155    -1.20506     7.54716
          0    -18.1838     11.1979     2.99738     5.64111    0.887773
          0    -11.8175    -3.74536     14.5054     6.34388    -21.8752
          0    -13.8144     18.7369     8.85943     2.35743    0.354317
          0     -15.893   -0.133719    -11.5505     1.91035    -3.69722
          0    -4.00352     4.45407     6.24851     8.67127    -5.57117
          0    -18.0352     25.1343    -3.51921    -1.44671    -8.64964
          0    -18.6124     -16.936     1.16784    0.129666    -20.5271
          0     -33.928    -6.15499     8.26908    -5.14476    -15.8555
          0    -11.2475    0.370007     -14.283    -1.87744    -4.07795
          0    -8.60033    -9.15546      11.059    0.467007    -13.9345
          0    -14.8011      7.4509   -0.212385     3.27405     2.63446
          0    -5.33883     10.5414    -7.85888    -1.29903    -17.9506
          0    -5.58823     0.46285     -5.6586   -0.538177    0.498452
          0    -10.6223      2.2268    -6.98518    -2.37276    -7.45879
          0    -19.3067     8.83477     -15.154    0.520779    -8.74569
          0     -3.8381   -0.788971    -4.70963     1.63481    -8.99886
          0    -15.1877     1.61318   -0.422394    0.165661    -15.9958
          0    -6.28946    -12.1311     3.10418    -2.40671      -23.37
          0    -42.4447    -9.22315    -17.3405    -3.23665     17.8911
          0    -11.8227     1.58942    -12.6074    -3.15972    -10.6556
          0    -8.85261     5.98249    0.246942     9.43183    -5.93621
          0    -17.7192     5.44321    -2.19572    0.372297    -12.3669
          0      -7.888     9.16467     4.84608     3.46554    -5.58934
          0    -14.0562      3.7806    -8.25746    -2.43757    -14.5495
          0    -9.71729    -1.60718    -3.77341     6.51649      5.1432
          0    -23.6013    -2.39198    -10.7014    -1.14784     2.42482
          0    -9.66814      15.905    -3.37041     2.43656      -8.952
          0    -3.20216   -0.723174    -15.3517     -1.0052    -20.3211
          0    -7.86219   -0.854949    -1.47917     1.73469     3.21533
          0    -11.4867      5.3017     3.35815   -0.599571      0.9078
          0    -12.0198     14.9661     9.01418   -0.187412    -1.67427
          0    -25.2574    -5.56895    -5.41062      16.241     9.94541
          0    -13.4868     13.0507    -6.77234   -0.741843    -9.51377
          0    -11.7873    -1.49799    -3.32031     1.30264    -8.48504
          0    -10.4164     1.96028    0.202418    -1.64198    -7.82713
          0    -24.0951    -20.3442      11.326    -4.95382     -11.108
          0    -35.3614     3.55108     6.47981     -4.2739    -2.23093
          0    -8.35728     5.59469    -3.98194    -1.35992    -2.69685
          0    -3.64939   -0.444918    -13.0594     4.40306    -13.8377
          0    -20.3824     5.86976    -3.87321     6.59259     2.36605
          0    -6.70416     9.97234    -4.16302    0.303443    -9.41587
          0    -35.9285     4.15495    -1.02007    -1.36936     15.3459
          0    -3.26909      16.628    -5.10202   -0.490276     -25.211
          0    -7.44433    -6.50487     5.68278   -0.916872    -7.38191
          0    -16.3438    -2.25271     -24.801     3.48947     -19.925
          0    -1.10363     8.77826    -9.99728     2.89915    -25.2054
          0    -16.5388    -18.0139    0.338617    -1.86657    -22.0022
          0    -17.0518     6.35364    -17.0433    0.346928    -7.71186
          0    -14.8951     3.20134    -8.98614    -1.18108     3.17123
          0    -26.6337     21.6867     5.36147      1.3297    -13.2385
          0    -9.79003     10.9677    -4.83077     5.41944     -6.1714
          0    -15.2453     -16.173     5.13134     4.77131    -15.6265
          0    -19.1835     9.94155     0.46105     -4.7527    -17.2854
          0    -23.0592    -5.64579     7.78144    0.977295   -0.464766
          0    -24.1573     5.12906   -0.244158   -0.341809     11.0153
          0    -2.88753   -0.679774     3.63223     7.70107    -3.12974
          0    -19.0914   -0.155686    -11.3051     2.28335     4.24627
          0    -7.02188      7.7965     1.81801     1.21629    -22.9615
          0     -12.147    -3.96684     1.36122     2.02906     -1.2997
          0    -16.7783    -17.6247     7.68618      3.6133    -18.6772
          0     -6.6252     5.87088    -6.45646     1.41263    -23.4865
          0    -9.61607     3.04793     5.53325     3.30405    -11.7867
          0    -43.3442     5.38354    -9.96892   -0.647655     22.9398
          0    -10.6373     10.8009     2.76143     1.67169    -8.84856
          0    -12.7872     6.35693     1.21507     1.04955    -1.69723
          0    -8.78643    -3.31377     4.19624    -1.85407    -22.3841
          0    -5.75637    -6.90214    -9.18789    -1.33204    -25.4674
          0    -19.6305     2.55687   -0.101968     4.91334    -7.81806
          0    -12.9347     5.08223    0.893628     -1.8647     1.83405
          0      -12.15     4.63885     5.23084   0.0572594    -1.42328
          0    -21.8274     12.9023     6.67938     1.36458    -0.73745
          0    -6.37056    -1.05333    -1.50919     1.37498    -4.71745
          0    -12.1131     10.9854     5.04078     2.04023    -26.9684
          0    -13.2582     7.95689    -1.21048     1.96489    -10.9459
          0    -20.7519    -3.83966     11.5329    -1.03567    -13.2248
          0    -7.81166     3.81018     -1.2161     5.40438    -7.93069
          0    -12.4408     23.6001     7.47253    -3.21894    -8.43561
          0    -11.7136    -5.29684     2.59276     4.79765    -3.40336
          0    -17.1378    -3.72498    -3.57639    0.622659    -0.24456
          0    -9.43512    -8.59158      5.9544      2.1691    -28.7418
          0    -11.0018    -16.0586     11.7364   -0.722119      -7.817
          0    -6.09088     14.7055     2.74181   -0.518534    -10.5076
          0    -11.2083    -12.2103    -15.5188    -3.13328    -23.8211
          0    -6.22975     11.5097    -2.86459     9.74477    -6.25989
          0    -5.13584     12.6679    0.608838    -2.29637    -25.8417
          0    -1.50968    -3.57442    -7.86261     0.95688    -18.0792
          0    -2.34683    0.194875    -6.97489     2.54753     -9.8821
          0   0.0618998     8.19003   -0.211897    0.131579    -10.4731
          0    -30.9301    -4.81263    -5.22472    -3.11733     11.4131
          0    -2.49447     15.7097     3.56939    0.211333    -22.5827
          0    -6.29052     11.0128      8.9242     6.06692    -5.47375
          0    -14.4926    -8.25804     1.53052   -0.616948     0.60871
          0    -26.6073    -15.3324   -0.508209     1.22638    -13.2664
          0    -9.70721     10.5617    -5.24532     3.89329    -6.78458
          0    -18.2052    -1.29463     5.58955   -0.265309     1.66052
          0    -4.31398     3.97403    -6.93865    0.605863    -26.1031
          0    -16.0659     7.90397    -3.03662    -1.30149    0.595898
          0    -2.62934     24.6967     3.21612    -2.94019    -30.5257
          0    -18.5787    -10.9636      -3.435   -0.828081    -4.12413
          0    -6.44492     14.1194     8.99124    0.058182    -3.85431
          0    -10.4438     16.2551     10.7153     1.46729    -1.66135
          0    -7.75343     10.8061     1.76947    -1.24505    -6.94073
          0    -12.2574      5.7503     4.60819     1.43446    -4.29477
          0    -6.42391     -6.9257     2.93325     1.70879    -9.42704
          0    -31.4742     7.35671    -5.70879    -1.26887     6.48291
          0    -7.68754       5.346   -0.510725     1.96138    -3.01665
          0     4.41055     2.26092    -10.3688     1.10834    -17.1016
          0    -2.25794     7.35087     4.52825    -2.01884    -11.0303
          0     3.05223     8.49721    -5.84704     0.13953    -21.2972
          0    -6.65994     1.11223    0.309851     3.90147     0.57228
          0     1.91028     6.09804    -11.0536     10.8959    -20.6997
          0    -17.6412    -14.1605     7.38941   -0.596015    -1.21164
          0     5.73639    -1.92033    -17.1819    -1.24736    -35.9177
          0    -38.4977     4.06306    -23.3876     1.04238     19.3963
          0    -11.0546     4.46374     2.06981      2.3985    -9.37799
          0    -15.2638    -6.85867     9.60541    -1.46007    -6.58578
          0    -17.3155    -15.2326     16.0301    -1.67336    -18.4807
          0    -9.01049     17.1879     15.1442    -1.80048     -14.905
          0    -20.7194     6.75962     1.20666   -0.540027    -3.09146
