4.68333
   6.34
14.4233
15.2167
13.8167
  11.95
12.2433
  11.03
   9.75
  10.07
8.84667
6.75333
9.26333
13.5467
14.9433
11.7733
  15.86
9.36667
   9.53
8.14667
9.49667
  12.89
6.10333
11.7933
12.9333
16.0833
6.32333
16.2833
11.7033
   6.28
   8.94
9.10667
4.90333
4.60667
14.9067
6.77333
   9.14
  15.73
13.7967
  10.83
9.34667
11.8333
11.1667
  10.14
   8.97
11.9033
9.35333
7.87667
  19.47
9.04333
12.4467
9.26667
7.43333
15.6533
6.89333
   7.94
  12.47
11.9667
   9.19
8.48333
16.7367
   9.95
9.05667
18.1267
7.41667
18.9867
8.96667
   6.91
13.0833
   8.69
4.72333
12.1867
   13.1
  11.78
    8.6
   4.24
10.7133
   11.1
   7.96
  12.44
  11.69
9.27667
13.1533
  20.52
3.41333
13.3267
16.5167
2.46667
4.75667
10.7667
7.35333
10.9767
   6.27
11.8267
9.58333
15.1067
   8.04
1.91333
6.56667
  15.13
  10.91
15.1233
  11.77
   8.12
3.62667
18.9433
9.59333
  15.46
    7.3
15.3233
7.41667
8.64667
11.4467
16.5633
  10.92
9.94333
16.0133
14.0633
10.6833
14.5167
8.18333
16.2933
   7.91
7.96667
   8.44
8.80667
8.25667
9.92667
   7.96
18.2067
   8.23
   5.84
11.4533
7.89667
13.0067
8.01333
9.52667
   7.61
14.3533
6.19333
  14.54
8.73333
6.73333
17.5367
4.80667
15.4933
5.21333
   9.55
  18.48
   8.17
10.9867
14.3633
  10.91
   7.07
  12.83
  12.92
8.29667
8.03333
19.7233
  13.57
3.98667
  15.54
  10.93
7.99333
12.6833
7.69667
   11.9
   7.18
4.94333
11.2167
   9.91
14.3833
   8.05
14.5267
  16.39
17.6767
  16.45
12.4067
10.1167
  13.49
   10.3
  10.51
  10.51
11.2733
  15.82
  15.37
14.5367
   6.29
14.2267
15.5867
16.0067
2.36667
16.9533
   8.48
11.6933
11.8733
    8.6
6.89333
13.9767
5.99667
8.74333
15.0233
   9.37
5.01333
  11.14
11.2533
10.8667
6.45333
7.57667
14.7333
12.6233
  15.34
7.16667
15.9867
10.7333
16.1533
16.6533
20.5067
14.8367
10.6767
  10.19
2.79667
   6.56
  16.65
10.6167
11.0233
9.65333
5.75667
7.33667
12.7467
   8.99
   9.39
   5.32
10.9933
9.15667
  15.38
11.7033
6.91667
8.15667
7.89333
  15.14
8.01667
12.1933
18.8533
4.92333
17.3967
  17.74
13.3167
  11.58
  10.67
9.70333
7.88333
  18.71
   8.76
9.34667
11.1967
13.9067
11.7433
11.2967
13.2967
  11.62
   7.26
6.38333
7.63667
19.4733
   9.57
  21.12
10.1167
13.0433
11.1567
9.51333
12.5767
5.43333
  12.67
11.1367
   7.37
11.5733
  10.68
14.9667
   9.39
15.5033
7.61667
   6.26
12.3133
10.6067
18.6267
9.62667
4.57667
8.71667
     11
   5.52
  18.41
7.08667
   5.46
5.61667
    1.9
  15.21
  12.15
5.55667
7.17667
15.0033
19.9367
   8.81
  14.13
16.0933
9.72667
17.0433
   9.61
    8.1
13.7867
  12.03
  13.07
8.15333
9.32667
  10.17
  13.53
  10.28
  10.76
11.3367
   7.89
15.2033
7.89333
  12.84
8.32667
11.8967
7.38667
15.4033
5.13333
  11.34
9.68667
8.71333
  11.46
10.5567
10.9733
9.85667
  15.38
9.72667
11.9533
6.32667
  11.73
13.4567
   17.9
12.2933
7.38667
9.17333
12.0567
  14.35
17.7567
11.9433
14.2167
21.1033
6.67333
5.87333
13.2967
11.1367
14.9767
   5.95
   9.94
15.4833
5.28333
  11.52
  11.24
14.9667
5.75333
  16.88
4.86333
13.4333
11.4167
18.8033
10.1933
20.0767
10.7233
11.2533
9.97667
12.4967
13.5933
  15.74
  15.21
   9.92
15.8433
  10.15
  11.64
  15.11
23.2067
  14.75
21.8333
11.3733
12.5133
   13.4
   16.8
17.1067
17.5367
8.73333
  18.09
12.7533
20.3733
  22.97
13.6533
17.7767
17.6633
17.7433
13.6467
16.9933
19.7933
19.8067
12.6767
9.64333
19.1167
10.7233
  11.13
  16.58
16.2333
22.9733
12.9367
19.3867
  13.04
12.0833
  15.34
7.93333
17.1833
10.1633
18.8267
24.5233
  14.99
  14.82
   15.3
   9.18
13.7767
  17.34
12.4367
21.1967
7.39667
  17.11
8.39333
  11.37
10.5333
   8.05
15.7267
   4.47
7.02667
21.1533
17.3167
12.2567
   9.62
16.4233
   4.98
17.9433
  12.24
   7.76
   6.67
18.5167
11.1967
10.8933
15.5967
12.6967
10.4967
12.3433
   9.77
12.9367
12.8133
7.50333
11.2467
6.34667
  16.29
10.8533
17.8933
7.14333
11.9433
9.01333
   9.95
16.4167
3.89667
   8.89
6.43667
   9.37
    7.8
16.8967
7.64667
14.1567
4.16667
9.86333
19.4267
12.7933
5.26333
7.88333
  14.97
17.1333
9.98667
   8.59
10.5033
6.43667
15.8167
   8.72
14.6767
21.0833
  12.21
   12.2
4.48333
18.5933
  13.88
   9.11
11.0967
10.9533
   10.4
17.7833
8.36333
14.7633
5.10667
4.40667
  12.78
6.85667
8.55333
   8.89
7.42333
12.9667
12.9767
2.56333
12.7067
   8.41
12.3767
9.74667
9.15667
11.6167
8.53333
8.84333
  13.61
16.3067
15.3633
14.2967
13.6767
  12.24
13.2033
16.4067
8.30333
  12.24
    8.9
   7.19
19.1167
   8.58
    8.1
13.7967
5.89333
  11.43
16.9167
7.86333
  10.82
   6.49
10.9667
7.76333
   5.98
10.5133
12.6067
16.2433
11.8133
11.2967
   5.49
15.7667
  10.44
11.7933
   9.35
   6.99
12.4167
15.6667
15.2633
  14.84
5.70667
9.75333
4.80667
12.6433
8.33667
12.5833
  19.23
16.6933
  15.32
9.60667
7.29333
13.0667
   5.57
9.08667
11.4267
   5.43
   7.39
10.8967
17.9567
8.55667
9.91333
9.05667
  14.87
20.2933
12.7267
25.2033
7.68667
9.64333
7.83667
   9.68
  18.15
  20.64
7.04333
10.8433
15.4733
7.76667
  10.57
  15.54
   7.86
10.7333
13.1867
6.71333
7.70333
8.55667
6.01333
9.05333
10.2433
13.0267
   8.63
5.94333
  12.59
  10.77
   9.43
10.0167
8.50667
   8.22
   7.05
  14.09
  12.99
  10.22
4.79667
7.40667
11.5967
5.61333
6.88667
  16.75
  11.84
15.2833
  11.41
   7.54
   8.49
7.90667
21.2633
7.87667
4.65333
3.48333
16.8967
11.2767
18.1833
10.9833
8.62333
  11.38
12.5433
7.30333
15.5667
   9.48
   5.41
10.0533
12.1033
8.55667
   7.39
5.74667
9.35667
5.62333
15.2467
   6.14
8.41333
  12.48
9.48333
7.11667
10.1133
  12.56
  13.28
   7.66
  11.72
12.8267
8.94333
8.15667
6.91667
3.94667
   6.06
16.6933
14.4867
   5.94
10.2333
13.5633
12.7533
6.49333
16.0667
   5.67
13.1467
7.74667
15.6867
4.64667
14.4533
12.4667
16.5267
  11.44
  15.81
8.81667
11.3333
13.1633
10.7667
10.7033
   8.61
19.6233
  15.36
  16.25
5.03667
9.67667
  15.97
   7.99
10.7467
   14.3
11.1133
13.5867
  10.68
16.7433
20.0533
13.2833
9.35667
11.8933
11.1333
7.88667
16.5833
  12.65
6.30667
23.2767
   6.57
  13.79
8.61667
11.1167
9.66333
3.08667
   5.93
10.1967
  16.69
7.32667
7.43333
11.4367
7.80333
12.2933
18.8433
11.2367
   8.72
9.80333
  12.47
   6.52
8.68333
10.8633
8.26333
11.9433
10.3733
15.6533
15.2867
  11.37
  11.39
6.33667
  10.54
24.1733
9.81333
16.1567
7.57333
5.97333
11.3033
15.5833
9.95333
   8.75
6.18667
7.63667
10.3133
8.60333
   9.26
   5.55
   5.41
  18.12
21.8333
12.4167
9.00333
12.1433
9.98333
   7.22
17.2167
17.1033
9.77333
  13.09
7.73333
  10.23
8.99667
   9.86
11.4067
7.92333
  13.41
  10.71
10.1367
   18.6
13.6533
6.97667
  17.32
6.89667
12.1033
11.0333
  13.91
14.2167
9.34667
   8.05
13.0933
  12.78
18.0433
11.7367
22.2667
   9.23
15.5833
    7.1
11.2367
  13.75
11.6033
16.0367
11.3367
7.00333
   4.67
12.9867
12.5467
  11.84
13.8233
8.78667
    6.1
  17.37
12.5967
14.1967
    8.4
11.2467
9.77333
9.80333
    5.1
6.91667
13.4633
15.2567
10.4967
13.8133
  12.45
10.5733
10.6833
7.34667
15.8833
11.4033
  10.86
10.6767
  13.11
8.69333
14.2667
  17.01
   8.12
12.8433
   8.64
9.84333
10.0967
  13.02
  12.29
  17.13
6.10667
9.54333
11.8067
6.22667
  12.46
22.7867
4.83333
   7.54
9.61667
   9.27
   7.94
   8.29
17.8833
16.1833
8.54667
4.99667
13.9467
  14.58
13.3067
  12.05
7.25333
12.5967
7.64333
14.2733
11.4667
  12.47
  10.44
  14.03
  10.55
9.54667
5.19667
  16.03
15.3867
22.0033
8.05667
8.17667
7.40333
10.8333
   2.87
9.38333
15.3033
   5.74
13.7767
10.5433
14.4333
11.6867
7.71333
  14.92
   7.42
  13.45
    3.1
11.9067
11.1533
10.0333
   2.74
5.64667
8.64667
9.43333
  13.08
9.49333
8.41333
  14.46
  18.91
5.60333
7.18333
10.7467
   8.82
14.0333
  13.81
5.77333
16.5433
   12.4
15.1167
  13.35
6.96667
  22.64
   9.74
11.6967
  18.67
10.6367
    9.1
2.62667
8.49333
13.8767
6.26333
  13.57
13.7367
9.52333
14.2367
9.92667
8.25333
12.0067
11.5833
14.3967
   6.23
7.12667
12.6567
   5.24
  17.47
  12.08
  14.52
7.69667
12.6067
   6.78
8.91333
15.2067
   6.48
   9.91
14.4433
7.82667
13.9967
   8.44
6.10667
   5.76
12.8067
12.3167
7.34667
7.27667
17.5133
8.67333
8.96667
13.4333
   9.48
16.6267
10.7233
   6.52
8.95667
8.80667
8.64667
6.45333
15.9567
6.68667
   5.37
   6.63
9.12667
4.29333
   9.94
    7.7
11.3867
14.8333
10.7633
9.57667
14.1633
11.7533
  13.06
