4.02228
6.07227
14.7499
15.8211
16.2011
10.7796
13.6817
10.1343
10.8777
13.0772
11.4387
 8.5917
10.3967
13.0623
12.1935
9.92759
17.2194
11.6159
10.1984
9.30276
8.91643
12.0882
4.80715
15.5627
 13.566
15.8071
5.52175
 15.726
14.0807
7.01969
10.1508
9.93885
5.10617
6.97277
15.3406
7.09885
 11.094
16.3455
14.2561
11.9556
8.65159
13.8134
10.7068
13.7665
9.74244
12.7907
11.4832
8.79121
17.1572
8.42674
11.6552
8.69313
8.26218
 14.117
7.13174
8.50484
12.7752
 10.613
10.8107
8.44686
15.5202
9.78266
8.85157
 18.086
 7.0698
17.8626
8.74721
 6.7257
11.5462
10.1973
5.16903
11.5717
13.9471
9.38697
 8.5064
 4.2928
10.2657
10.3152
8.10899
11.4353
 9.5776
9.57814
 12.374
19.3176
3.50639
11.9853
14.9554
2.60685
4.57324
9.68393
7.06321
10.3578
5.72314
10.8162
10.1335
16.2536
9.15983
3.19001
6.07128
15.2177
11.0439
17.9523
 12.789
11.0319
6.85325
21.3649
 14.108
20.5308
9.04928
15.2308
9.76382
8.92594
12.7421
 19.194
10.1025
12.4961
17.1045
13.7117
10.8926
14.6457
7.79222
15.6048
7.85513
7.90334
8.45229
 9.0425
7.62095
9.88027
7.78422
18.9844
 6.2525
5.33371
12.2281
8.65053
11.9761
6.77929
 9.1547
7.59035
13.9711
 5.9751
14.7131
7.44414
6.76207
16.0575
4.30285
15.1178
4.89842
 8.1519
19.8305
8.48693
12.0984
11.2433
10.8025
 7.1347
 11.649
11.9179
7.13028
8.16647
20.5755
12.7001
 3.8841
14.3011
10.4428
7.57299
9.47379
7.00217
11.1445
6.64451
5.07948
11.6657
12.0104
12.6234
7.73629
15.6334
17.7233
18.3973
14.0783
13.1237
9.05877
13.4426
9.97456
10.5938
10.1985
10.5108
   14.9
16.5573
13.1255
6.26024
12.7756
15.0566
16.2915
2.32981
13.3747
8.68173
12.8148
10.9544
7.42477
5.81779
12.9181
5.88526
8.26925
15.6727
7.98858
5.23289
11.5962
12.0786
8.84078
6.08119
7.34387
 13.168
12.3243
15.0036
7.38069
15.7697
9.58968
 14.266
 13.126
18.9865
11.8087
8.80746
9.95997
2.68399
6.32347
17.1599
10.7142
10.7428
9.27389
 5.8582
5.83759
11.9535
8.59889
10.7444
5.35924
9.74436
7.75527
15.9075
11.1816
7.87916
8.08243
7.48321
13.9577
7.25867
10.3939
18.4677
4.97801
20.0746
20.0113
12.5282
 12.999
8.73414
8.41394
8.06756
 18.177
9.08215
7.50568
11.9346
 15.271
9.55053
10.9024
14.6492
10.3815
7.05334
6.43824
7.66877
20.7823
9.45757
19.8789
9.90228
13.6562
11.6288
9.30196
13.1096
 5.6849
12.8913
11.8746
7.40749
11.6529
10.5641
14.3646
8.93542
14.3191
7.63258
6.10308
12.5159
10.2239
17.1494
9.13055
4.68956
9.16004
10.0399
 5.8298
18.3889
6.28324
5.11019
5.24862
1.82861
 14.413
10.3503
5.63947
7.46823
16.2707
 18.474
7.42395
15.2402
14.9971
7.70053
17.8262
9.73079
 7.6128
10.6545
11.9098
12.5362
8.65369
8.36242
9.63664
14.8858
8.98548
10.7978
10.9874
7.18364
13.4207
8.22175
13.8071
8.44328
11.0666
7.51338
 15.228
5.41617
11.0643
10.5438
8.25713
10.6093
9.47105
10.8322
9.52198
14.6896
9.36508
10.6496
6.15288
11.0744
12.5569
17.8229
 11.901
 7.6207
9.49844
13.2879
14.6214
16.3225
12.2157
  13.32
21.6603
6.25678
 5.5818
14.1376
10.6808
14.8487
5.74287
10.6497
17.6426
5.05759
10.8639
10.3654
14.2657
6.03506
16.8557
4.87973
 12.126
10.5592
18.0568
  9.408
18.7826
11.3505
10.6436
10.1151
15.9959
 9.6537
16.7026
 14.453
10.5231
16.3129
11.1689
8.96937
 14.143
21.0143
13.6819
23.8673
10.7282
11.4012
12.0253
16.7187
18.1299
17.2287
 9.3679
17.1525
11.2769
20.6786
23.7825
12.6171
 16.034
18.7779
20.1648
14.3081
15.2627
23.6264
19.7877
11.4726
9.66781
16.3678
11.0789
 11.043
15.7192
14.3805
19.9498
11.7618
21.0064
12.0076
 10.785
14.6794
8.57878
16.2752
10.6307
18.4537
24.7878
18.2635
15.4957
13.5268
9.45404
14.0337
18.1337
15.2424
19.0765
7.45869
 16.863
8.35884
9.82005
  8.696
8.17045
15.0398
4.43719
6.79441
20.0786
14.6946
10.4649
8.70319
16.8592
4.42795
19.5576
 13.392
9.79524
10.2015
21.2338
14.6655
 13.069
16.4753
13.9084
12.1274
 12.308
14.1457
14.9161
15.3213
8.61907
13.4157
9.13651
19.2396
11.0341
 19.869
7.88832
17.9012
8.93696
11.4607
16.9805
5.48953
10.6063
6.61043
10.5547
7.62886
16.2543
9.64118
17.3402
5.12376
12.2918
20.5597
15.0417
6.48865
8.43716
21.0152
19.1743
10.9313
10.0378
 10.286
7.43448
15.8858
9.45145
17.8605
22.6126
 13.369
11.5365
4.23612
15.6617
11.4087
10.2961
10.0802
 10.003
11.9653
17.6392
8.28136
13.1255
5.28632
4.05383
13.5162
7.04392
7.27388
8.24318
7.00985
12.3277
12.3978
2.46196
12.2461
9.11216
10.2153
8.45431
8.95699
10.0697
8.43076
 9.0256
13.9013
 15.363
12.7784
13.6372
12.7928
10.9237
12.0732
18.1047
9.22496
10.6858
8.66397
7.17321
19.5143
8.98896
8.67639
15.4978
7.84133
12.0954
19.6976
7.82124
12.9778
7.04411
10.1165
7.92635
6.80955
 10.075
13.7877
16.2967
12.8518
13.6751
5.03894
16.4442
10.3094
12.9413
9.74912
8.07809
 12.318
15.0285
16.2178
13.2448
6.00359
9.81597
5.19771
13.0066
9.83485
13.1634
19.7989
18.4298
12.8086
12.5773
7.82034
12.4192
6.72999
10.7528
12.7041
7.12144
8.48613
10.3028
19.9619
8.28006
11.4574
7.75792
14.9731
18.1094
 12.142
23.5238
6.90049
9.68653
8.31445
9.61953
18.2539
21.3566
6.94727
11.1204
14.8912
6.98875
11.2641
15.1635
7.18009
10.4715
13.1669
5.94441
7.04533
8.82625
5.58721
9.71486
8.95989
14.2416
8.65571
6.82634
12.5956
9.42772
8.28635
9.54916
7.51394
8.67415
6.05091
12.7522
12.2594
9.47219
4.20364
6.96728
10.5187
4.86041
6.08375
18.1852
11.6668
14.1404
11.3708
7.08129
 8.4193
7.10512
20.5087
8.41035
4.68844
3.52257
17.0816
10.8054
18.1905
9.38925
8.67461
11.4074
 11.581
7.37474
13.5983
9.89057
5.84151
8.67481
10.8085
7.61032
7.22427
5.50128
9.45652
5.90422
15.5689
6.16634
 7.4693
12.4251
 9.1318
 6.3537
9.00563
13.6078
14.3331
7.22872
11.1989
12.6439
8.48003
7.28128
6.80696
3.53578
5.86634
19.0116
13.6972
5.63025
10.2503
14.0318
14.3404
6.97277
16.6807
5.57104
14.4195
7.02892
13.2646
 4.4654
12.0166
12.8971
15.4719
10.6827
15.2865
8.28194
12.3725
12.9931
10.1179
10.3982
6.81812
18.4771
14.3021
17.7248
5.14813
9.95915
18.4148
7.27439
9.35668
14.0853
10.7817
12.2402
9.35612
15.1815
18.9032
 12.311
 9.2341
11.2796
11.3249
 6.8292
15.6581
11.7835
6.10658
21.7293
  7.223
16.1533
9.77777
12.1262
 7.9364
 3.0383
5.85447
9.44605
 17.197
8.03106
9.41686
11.8486
9.17459
12.8078
17.1331
9.85896
8.75945
10.2623
11.7338
5.95778
8.80416
9.61485
 8.0301
11.4079
10.7818
14.0427
12.9131
10.4082
11.2092
 5.0806
8.52041
24.3784
10.7309
16.2222
  7.172
6.08967
10.8676
13.7825
10.8607
8.49582
5.47386
 6.1822
10.4117
8.24537
9.34772
5.32121
6.89714
15.5236
18.5006
13.0451
7.78476
10.3701
8.84438
7.22082
16.0628
17.1136
10.2343
 12.409
7.74973
8.93273
10.4732
10.8154
 13.526
12.0303
17.4563
12.0652
10.4226
17.8512
13.0485
11.6064
  17.36
9.90982
13.5529
11.1085
11.8191
12.8159
11.4165
10.0181
11.6375
14.9896
20.2716
13.4786
20.8161
12.1717
16.2383
10.1066
 14.587
 14.154
13.9868
15.8256
10.7604
 7.0313
 6.3373
14.5306
13.1227
13.2613
19.6147
 13.829
11.8321
23.6802
16.6311
27.1938
9.31369
 16.892
15.9144
12.8394
7.51785
13.0023
17.9579
19.9186
12.4826
14.6242
15.7473
10.6859
11.6452
8.72246
18.8582
15.4023
 12.502
13.6551
13.2692
10.6323
14.9992
27.9043
12.7536
12.2085
 7.9918
9.46853
9.15718
12.3342
11.7578
18.2242
 5.1518
9.52509
9.88766
5.96461
10.7007
21.3168
4.42154
7.64431
9.54429
8.01287
7.67659
10.9584
17.9332
15.1061
8.80811
4.94398
12.0676
13.0282
14.8376
 12.551
6.84863
11.9973
8.33042
12.7786
11.5472
12.2719
10.2794
13.3741
10.0906
9.06591
6.12354
14.7165
 12.996
21.0934
7.12544
8.48251
8.13534
9.02818
2.66874
9.77157
 12.753
5.86582
14.1752
9.13637
15.6453
13.6983
6.03412
12.7206
7.98765
13.5246
2.66592
12.0867
9.36292
9.87631
2.45711
 4.8141
7.44803
9.16453
13.5822
 7.7497
8.79967
12.8068
19.0674
 6.1564
7.45463
 10.932
8.58066
11.3004
12.7198
5.61069
16.0335
 12.779
13.7333
 13.137
7.36602
 21.043
8.41995
10.5172
21.3694
9.57407
9.23602
2.93035
7.61468
12.6135
5.96446
13.0618
 13.759
10.6873
14.5679
11.0528
7.05962
11.2292
10.9749
15.3662
5.96074
7.60519
12.5002
4.72495
19.5818
13.1461
14.5698
8.02076
11.9796
7.56445
 9.6883
17.3038
6.49481
10.6032
13.0014
7.44912
10.1008
11.9253
6.94152
7.85759
13.9301
12.5773
7.09264
10.4061
17.7499
8.74393
12.1493
12.7798
10.4265
17.2573
13.5456
 6.7656
13.3052
12.1124
9.76804
10.1956
18.2235
8.54368
6.54818
9.80885
9.72496
6.33958
12.0208
9.33359
12.2611
14.2042
14.1736
13.5069
 15.324
11.5448
13.0111
