-4.07075705417536,-3.74905377189382,1.30436344979139,0.194166205119731,0.00630033698754574,-0.00107567602800755,-0.00856257948781897,-0.00234537719763844,0.00178477847772654,-0.00210331327235749,0.000389379741978219,6.34159784820901e-06,0.000463187894505443,-0.000198901794746534,0.00118729646874399
-5.68515588592895,1.38800673925849,-0.229899045491868,-0.00401418700336872,0.0113932430137063,0.000526744477024962,-0.00611580922078735,-0.00214566931818159,-0.000885963645001244,0.00207089464046316,0.00202697891929016,-0.00061647931770318,-0.00170991655706977,-0.000359635646191655,0.000130042000447442
-2.64975809147279,-2.91947762251907,-0.244987461700071,0.0634479530197321,-0.00986533349759587,-0.000211670570153805,-0.00308796161288118,0.000965479916132732,-0.000542022592712627,0.000402349323630413,0.000891312857531423,-0.00201183597508334,-0.00132138952352325,-0.000787732292581833,-0.00070386015470774
-1.70822529927599,4.15998931542484,-0.300824362654963,-0.123372272754822,0.00174697732373334,0.000211608884548372,-0.00180914633174142,-0.00207367830703022,0.000235291206342813,-0.000248252433938777,-0.00161920601599592,-0.0020058677753476,-0.00102196028867257,0.000591808171958563,0.000214174073869816
-4.54364886785096,-1.27115991056381,2.71227379920761,0.165277720634291,0.00852885591319593,0.000541293885926234,0.00104945743626811,-0.000807291950135122,-0.000882687975207977,0.00294822426432132,0.00363091054713703,-0.000994770112635861,-0.00269527897931939,-0.00474433490394806,0.00208676849835976
-4.90245455404081,2.93622523220791,-0.408770751040573,0.399449584175806,0.00262160799440059,-0.000970653520581276,0.0152333881311466,0.00299716804622342,0.00133686440971274,0.000734413124253452,-0.00470378974176621,-0.00396885442722021,-0.00137555652371114,7.95355223639439e-05,0.000564652018517654
-6.01437396803555,-5.18161216785369,-0.309977207715629,0.286532244209643,0.0153486428755155,0.000276762944841027,0.00534191921596124,0.0106534558014577,-0.00038982460888613,0.000575750061040466,-0.00206498498698034,0.00022934989278899,-0.0063588045860439,0.00044787969739856,0.00569644725610671
-6.20392257037274,0.538858787423518,0.844528585120455,0.595464764528986,-0.000894933420469296,-0.0012179455194102,0.016022254612378,0.00682079082654271,-0.00117358319607694,0.00244736000109629,-0.00176440777186185,-0.00275767030490459,-0.00384091328066339,0.000939105642416681,-0.00203561791069547
-7.92018449832046,-5.94992051964914,-0.379576915961328,-0.0441233538482682,0.00572357096259387,0.00406755047817825,-0.0139625790054968,-0.0101265724195782,0.00237634276591755,-0.000799508525575397,0.00803150314084902,-0.00346987564922293,0.00350749317709193,-0.000320161203501636,0.0063812490395713
-1.043675452558,0.498185272352493,-0.175432732879989,0.0313113203350526,-0.0117109566323652,-0.00021162002247788,0.0017054731815261,-0.000813557572771091,0.000261420044881139,-0.000524016819509553,6.63907479530539e-05,0.000984223478305405,0.00107204554901695,-2.64112044615066e-05,-0.000156544807061728
-2.69354013260641,-0.764876067356184,0.378657068578398,0.278048212014513,-0.00599007727739437,0.000925132165950798,0.0119540798447737,-0.000867094763256822,0.00122603731395043,0.000634638844044423,-0.000206966185108921,0.000643314128129012,-0.000333963423153671,0.000460567264998617,0.000594681098055845
-2.94512918494009,-4.63692968559392,-0.700400818076343,0.0749220507121251,-0.0184674268813906,-4.83075080219434e-05,-0.00129620670548502,-0.00269164490866729,0.00168235995007743,0.000567414351604362,-0.00153493450564779,0.00145398762118664,0.00104277104936458,-0.000425222127757492,0.00161927062263082
-1.96042145512149,-0.487537804929583,0.694069455514704,0.026252509409931,-0.0183351075101236,0.000241225746226584,-0.00557431252648695,-0.00193076815114165,0.00112990624747726,-0.000219174767216839,-0.000594196179902893,0.00130409008383184,0.000939768591413776,0.000495645307935385,-0.000155908849586416
-3.05777662965732,-0.210182611295749,-1.23009746265051,-0.14357832435289,0.000517740007552998,-0.000930828281903324,-0.00361333545035925,0.00510346533354193,-0.00181273117468836,-0.000398452799622006,-0.00244269472044761,-0.000783741723248853,0.00258783825429979,0.00265923996923802,-0.00011423414701944
-4.42726434487366,0.212726222563483,-1.34056994945133,-0.126053324794064,-0.00235399186938867,-0.000224068947886659,-0.00848795281305016,-0.0014775640729785,0.00132101326186528,-0.00207715704251193,0.00133827829918321,0.000571754524191554,-0.00173367244108067,0.000710154129044492,-0.0014727229209339
-6.09504783315358,-6.8322442250928,0.276103300662026,0.206863789990724,0.014649435064747,-0.000264084148967142,-0.00406682001720273,-0.00805657057870234,0.00120674700293503,0.000542436257042128,-0.00417342323389129,0.00104642826632694,-0.00119373224076198,0.00175941517825497,-0.00480385716238308
-4.09610831429511,0.593927078056155,0.480419913832137,0.177790269806589,-0.00918094502082844,-0.00054989552978116,0.00456598631628373,-0.00210917656405176,0.000120537604015152,-0.000286333076136628,-0.00106488666672338,-0.00184704305938148,0.000120197213980804,0.00127547697842133,0.0005924531100662
-2.01196730470394,-4.0475971650472,-0.275332993769179,0.0115457240385822,-0.0186345801079306,2.18241607328896e-05,-0.00490579980481202,-0.00190551859584067,-7.98122209942343e-05,0.000303161283213325,2.32663915728204e-05,0.000694807238528729,-0.00143952865749416,0.000354738561712219,-0.000253771548257375
-3.91261269085632,1.48241854309396,-0.842861096173009,-0.0591288529045036,0.0049485422830943,-0.000146335898107183,-0.000922588225568418,-0.00332917241185162,-4.45768100642257e-05,-4.53854634839043e-06,-0.000276831968866781,0.000930367947529208,0.000972194521013467,0.00143146967740543,-0.002420386644643
-2.69418861341942,4.63781230733688,-0.538651064821917,-0.179301471951155,-0.0222389306989709,0.000191855371276326,-0.00984431464050893,0.000563755794390771,0.000905171695931538,-0.000480148489950618,-0.000913296798006549,-0.00118935687020887,0.00221496800182838,0.000188344204994988,0.000518635716867955
-2.78443043607735,-0.0136198173245263,0.386118558349554,0.156442629640481,-0.00564843102656414,0.000408871708512492,0.00188789859670142,0.000526064032547689,-6.71381035411282e-05,0.00100731137816589,0.00141206219641781,0.000279131815424835,-0.00122231298390985,0.000655307540249589,0.00105644029612496
-3.1469365513419,-0.838092692503557,1.10719840594374,0.160333786287385,0.00488843552920639,-0.000817168331966011,-0.000555808025835046,0.00167937732655653,0.000159940373969664,0.00201695929761452,-0.00127488159350893,0.00041968351037048,0.000462714424359688,8.84950172662487e-05,0.00038930823356952
-3.72789931506369,4.39180304617711,-0.856263342115033,0.0418966159551349,-0.00856456410560672,0.000423639198035435,0.000176546658176478,-0.00673304188317385,0.00099105458497769,-0.00030091696672198,-0.00140300821540869,-0.00223347369434115,0.00390673577334511,0.000227048017535971,0.00211693738038105
-3.82702381236954,-3.2601143054541,0.536776871839846,0.0589001658761439,-0.021615954300609,-0.000160728593533529,-0.00751635691739579,-0.00484426008390422,0.000600468995202448,-0.00029657640786914,-0.000920445507209024,-0.00163832896162043,0.000751049589041337,-0.00154426543854268,-0.00062828626990165
-2.24806577859175,-1.24301932989572,-0.244372403617716,-0.0381577209124135,-0.0220880702568488,-0.00012431962598633,-0.00740195655777238,-0.00114745195410824,0.000848285159647453,-0.00124280330844112,6.52516165691396e-05,-0.000198392450485775,-0.00115207595813144,1.34190261964264e-05,-0.000455175325439867
-5.44866240886599,2.26911440316481,-0.879772569403769,-0.11984765704446,-0.00985496331493584,0.000220854684101614,-0.00245260903399077,0.00434530121451422,0.00154866628547035,-0.00120191048409987,-0.0025323689265748,0.00125289945984957,-0.000640217287304645,0.000559443331181865,0.00100419719466046
-4.51962292428325,-6.98819478776403,-1.43861715998194,-0.0837330027618808,0.00377011891162592,-0.000315569531504608,-0.0181761159631684,-0.000390628427479954,-0.00044809339391141,0.000396054244154197,0.00359179325941772,0.00235444407397649,-0.00165182024815099,0.000560763402037861,0.000230550281807627
-7.38209694044931,3.08698592685069,-1.71966100970714,0.0263661515066605,0.0137820351730902,0.00330498299310448,0.0122389169057055,0.00512536860271626,-0.00103305879950016,0.000116410291693228,0.000315173588946478,-0.00479566708646798,-0.00440935231104135,-0.00122050456172338,-1.64389496332718e-06
-4.63791475759216,4.23560654166072,0.964967253140575,-0.0810255343926435,0.0097701978851645,-0.00091998362773179,-0.00847399187521464,-0.00224744620857639,0.000882563053181477,0.00238350938218873,-0.00266488947139189,0.00188388607654524,-0.00189814845921791,0.00153825293720187,0.00128413226360005
-3.09170641990949,6.04110271971987,-0.928795434090807,-0.145755083289172,-0.019253506203373,4.64247527315547e-05,-0.00115365684549932,0.000660619998449223,0.00131913566660673,-5.89349481242978e-05,-0.000630158446629925,-0.00136340325723454,-0.000515810873632108,-0.0001240415855948,0.000126648918553752
-5.62845682532908,-7.44371434916312,-0.255784662992082,0.0304397523982447,0.0165088816171671,-0.000931419734264908,-0.0104576163577848,-0.000554141833107791,0.000617652558442812,-0.000401213227824392,0.00436827492076027,0.00157702324326742,-0.00436642566515515,0.000186315727426402,0.000335641185491201
-4.43147338886089,-1.5347977526618,1.20360750768407,-0.0151797118138833,0.00742037781255451,-0.000749313198652407,-0.00802561346866713,-0.0010926593842568,-0.000836338511202745,0.000468469297434276,-0.00118076052890161,0.000494694730328725,0.000117201982063238,0.00223362229037747,0.00383825553483485
-6.02581236529552,-5.64634600157146,-0.573747197246373,0.226812183825666,0.0039532772487485,-0.00245929873652016,-0.00013398229770627,-0.000866793222483508,6.67584629597469e-05,2.82480795110727e-05,0.000810765297664863,0.00445220891971637,-0.00393026857374916,-0.00260805841054224,-0.00388470695258463
-2.55800405140537,-0.0155102988251327,0.508812755188398,0.210621587446275,-0.0310968915583603,-0.000643099950443029,0.00533204734318136,-0.00260450179577198,3.92012863461604e-05,0.000480195081129921,0.000103677095436976,-0.000104794736726375,-0.000307851889155221,-6.96664988287688e-05,0.00071463979457939
-4.77560125154437,4.06696377184118,0.901093466129102,0.138236526743424,-0.00252181030713871,0.000848615842267448,0.00159061019682444,0.038479513013934,-0.000702302551486813,-8.78616846747866e-05,-0.00353729466920465,-0.00201581576322531,0.000770594092170631,0.0037718021757671,0.000356058079493357
-4.91378890417899,-2.94582137019238,-1.11460419235187,0.351551488284961,-0.000171763954237261,0.000691285454959709,0.00224211496836689,0.012232118714245,-0.000240329055122821,8.74633205137348e-06,-0.000280975511849838,-0.00211217696362484,0.00174434685585707,0.00184757909168219,-0.00407961586668565
-6.46121744717145,1.67099760174162,2.30477577457422,0.240840676384905,0.00604998555976024,0.00103054275717929,0.0111199820952933,0.0419003312295814,0.000936392614645774,0.00210079182510093,-0.000459937567813478,0.00047113310468443,0.00115326209023111,0.00193322524167176,0.00157957291192393
-8.70544877072518,6.98217130693179,-0.516909059480146,-0.308258760091308,0.0181642455322794,-0.00399015508354345,-0.00931250498493954,0.0624070525472696,0.00323424404012008,-0.00419678505568895,0.00966859987272738,0.00402483967863887,-0.00396754019584576,-0.00688229218133426,0.00341677645729358
-3.57495813247504,2.33099538677399,0.988967576902286,0.127557471658374,-0.0130162962053491,0.000657834706309752,0.00673871541568927,0.0441572690765504,-0.000174233453477455,0.00059115000051788,-0.00109828546496937,0.000535735923843637,0.000632643691671708,0.00200781371048548,-0.00273988241235901
-5.6808052602835,-1.69307910234879,2.57301318336718,0.139155699134357,0.00479923932773125,0.00101327088567724,-0.00483167280273706,0.0605272202374212,-0.00123827917764424,0.00151932644548657,0.00326846139764713,0.0043580646879012,0.00176788136291708,0.00196222005391631,-0.00119808101651961
-2.41872231787581,-3.166170931664,-0.151212376873128,-0.02323450054879,0.00869733478508875,0.000335857725511157,-0.0123708942804042,0.0347451620866925,-0.00109488216765155,0.000202558481156709,-0.00129260265304297,-0.000427813476245187,0.0027030122366635,0.00248934982225519,-0.00174400785951439
-5.04714420508661,4.31150143878423,-0.383562447390999,-0.122422020668041,-0.022064399468492,0.000597321704944046,-0.0018716450810626,0.0401719577246914,0.00183330907898847,-0.000914829330866384,-0.000587502419134746,-0.00418423726175559,0.00237924271415735,0.00171982559080053,-5.99954077668982e-05
-2.49431186960807,0.136076821392609,0.768535138286073,0.160697991614608,0.0025856042376886,-4.23704481486654e-05,0.00558931921334843,0.0399723190130131,-0.000545544485515028,0.00069796780442787,-0.00104085185136036,-0.000435624252770516,0.00152846267370302,0.00191198124440214,0.00049376739351552
-2.73461642521211,3.76338268201312,-0.809744545003405,-0.0931715891596057,0.00289300298173886,-6.10876326179885e-05,0.00434851346082303,-0.000563013794650178,0.000323388508656244,0.000301106122375834,-0.000798526036783621,-0.00133011467815428,0.000595852684734584,-0.000426325453188566,-0.000757609552183498
-4.87601463353461,10.3914616700579,-0.150545640956822,-0.294886374047955,0.00595201424843721,0.000271219144901617,0.00667721268951762,-0.00263111053654433,0.00168166062627864,-0.00137976223071943,-0.00141835729929076,-0.00213004235667125,-0.000211961435476553,-0.00136265387021776,-0.000491184839875057
-2.21881681107141,0.624748702580865,0.608113420532126,0.0761230914216138,-0.00397849259066639,-0.000294859032177687,-0.00162525841583195,-0.00235379746123873,-0.000778554235088469,-0.000418407284601358,0.000195923321081198,0.000914190055113038,-0.00037926702667169,-0.000524740254329203,0.000739174284600853
-6.16184370489048,2.85108979418887,0.25316298720096,-0.0522123335622348,-0.00683855779683011,0.00170338219982708,-0.0015031767485932,-0.00680504893401683,-0.00101806702272212,0.00101604040104148,0.000189962926296426,-0.00382406280863822,-0.00301172026086055,-2.62764503369327e-05,0.00130845723611746
-1.67465083613755,-0.806179611323769,-0.141064751436426,0.0531267389469038,0.00427670289863609,2.99198653792978e-05,0.00127175052795599,-0.00522654754324934,0.00163462284487131,0.000798445847615768,-0.00041707207693701,0.00212788888421335,0.00181977281337779,-0.000702341260603076,-0.000510204633723719
-2.67432775932003,-2.11931150338521,-0.628166021855946,0.086805498739628,0.0062693262801933,-0.000929615365677216,-0.00206998864627297,-0.0041442445761426,0.00195363785407769,0.00122102715302053,-0.000407968034815869,0.00526575427337817,0.00184872997415526,-0.00145360375192651,0.00418509884791239
-6.43631542052174,2.89341673235812,-0.384098051910485,0.271472259299341,0.00877691397533454,-0.00157362321423818,0.0164087464695674,0.00153665982645673,0.00167371063876248,0.00495072284642445,-0.00658177715449528,0.00037697078412086,0.00450631633137079,-7.10443523753943e-05,0.00367893768579344
-7.216771797078,1.55425409469748,-1.0678410910367,0.0817378204397971,0.01913107923056,0.00130168555018301,-0.00983347066668198,-0.00146837835005494,0.00761053178822667,0.00370235124863601,-0.00695789588753124,0.0129495251520627,0.000782761079576556,-0.00493673200751074,0.00132704915707043
-7.05817556272754,1.43354939695226,0.824416535904156,0.256663705580591,0.0130239697405843,0.00199861400839143,0.00544061614229457,-0.0100763380205801,0.00631658361832945,0.00490013660818142,0.000934613197159877,0.0085731666861017,0.00811782386147579,-0.00532281434267836,0.00604568776544484
-2.61506922225209,-3.08311831058965,-0.220939925398604,0.13953349350928,-0.00133768225484981,0.00039095164397924,-0.00525582155414404,-0.0042273667172189,0.00227414687290017,0.00199486464491702,-0.00245984318698399,0.00450254991273893,0.00171504154250854,-0.00189702394378758,0.00455282792272859
-4.74899626055244,-1.35353847355481,0.722795166370315,-0.0157943909424636,-0.00279783662224318,-0.00066122316478203,-0.000208692098310045,0.00363235943886999,0.000940395351102337,0.00346501099583413,-0.00160303783005967,-0.00170421841922733,-0.000173179960091646,0.00220515012602665,-0.000471949525789705
-5.58639450221481,-2.0091754531983,-0.772305044867874,0.0452836088472341,0.00929818004688257,0.000505483976619123,-0.0111932709313161,-0.00214738406438335,0.0018551258951517,0.00218090195506077,-0.00440004934365103,-0.0021378478060379,0.00231893907213435,0.00505248844215048,0.00070465904218809
-3.25989070378672,3.05854031189405,-0.668269249064152,-0.155934171916516,0.000252458517925166,-0.000184647480287651,0.0641014063831285,-0.000850162777946899,0.00035394413359582,-0.000465109889434608,0.000208281298205237,-0.0029651635643753,-0.000173551766141973,0.000861701667649617,-0.00418977413247293
-2.50636834814566,-3.57196029179499,-0.692395921020711,-0.0203245982065283,-0.00445012699285291,-1.30754529752518e-05,0.0361297138271935,-0.00125590637642936,0.000461056053398212,-0.000386259962747769,0.000306249672277383,-0.0016613051105144,-0.000475084308396659,0.000856682876255547,-0.00330736995588875
-3.75589701646141,-1.929593228907,-1.22687330110321,-0.0165840159092554,0.00086498758980251,0.000491503424070599,0.0297901379356273,-0.00439864368079753,0.00152789901827288,-0.0005358359391036,0.00219581636409105,-0.00437178909587598,-0.000125474853624222,-0.000612787780628283,-0.00274021709677107
-4.82124608782728,-2.22742442787687,2.69646961784898,0.0906525074080394,0.00767854594858396,0.00142043285813074,0.0260788757418935,-0.00321714604674057,-0.00169334521001111,-0.00124232363283018,0.000949373943090006,-0.00254179851142949,0.00114435883426011,0.00388732962128357,-0.00377967796392054
-4.13698254513138,2.70890544455116,-0.854172540260249,0.0101509447455742,0.000878639432520553,-0.000457936578215386,0.0317963820082927,0.00204681370844125,0.00108715087308069,-0.000523553187219057,0.000870446140202581,-0.00146262955891483,0.000225792027435851,-1.31567940318242e-05,-0.00151312259286949
-4.46016110578727,-3.77802303416755,-0.340673726154445,0.268180564867955,0.00530844252512212,0.000410487890422132,0.0783943371842658,6.55668166852613e-05,0.00211182558507124,0.000976363011727881,0.000578979384406669,-0.00214828074496197,0.000680213431152056,0.000540248496686359,-0.00583076679432003
-3.46162035701377,1.97836563247148,0.57069121461243,-0.0443684679507409,0.00895113508308206,-0.000709414815212976,0.101542508477356,-0.00666757308093253,0.00347812053089063,0.000166906256422428,-0.00223467004999485,-0.00673901123111216,-0.00248540961245799,-0.00327402523549986,-0.00401428893151417
-8.77147325253484,2.13548251052782,1.28275692836759,0.206234595801609,0.0217112354610733,0.00127611046483147,0.0589094561319178,-0.00100062804058124,0.00917773576646253,-0.000554143571258325,0.00256833857573698,-0.00728199575943802,0.004304061314097,-0.00537291580087112,0.00681845668844839
-2.72155656376093,1.61348447427099,-0.407545286733147,-0.0440331735170724,-0.0154628162629051,-0.000625618572452471,0.0452373205251845,-0.00286002641030983,0.00313152081014575,-0.00168267965574092,-0.00351481053304652,-0.00245998216056906,-0.00380044604611523,-0.00349330514851601,0.00150799137140939
-8.79345182768433,0.391058122590232,0.968798534838063,0.585955152260501,0.00362184740933192,-0.000331657714813465,0.0230268471869026,-0.0100428342704751,0.00511011098161162,-0.00433376894579262,-0.000720066877054221,0.000467637314662964,-0.0134493340043436,-0.00687558224724701,0.00874541655530117
-4.74422453246693,2.02084545465335,-1.68324219305017,-0.184291005008112,0.00834880148111999,-0.002640187125812,0.00910195057673925,-0.0038252913115879,0.00292293174975368,-0.00391992045411743,-0.00434216038981847,0.00091540138040005,-0.00379511417041597,-0.00325654249855856,0.00340686489211669
-3.40555340073526,4.94123627522661,0.176259360741067,-0.0598199349265184,0.00210290425160269,0.000137604379320983,0.000191833535024185,0.000690463207326002,-0.000988200842581814,-0.000369382954215428,0.00300665622247593,0.000803221551039907,-0.000949122386358167,-0.000201451818090035,-0.000105346807537684
-3.8931322509288,2.5164244680082,-0.828708654337989,-0.170569870737337,-0.0121904437266582,-0.000306317430974316,-0.0107246460963047,0.00386167798445827,-0.00114890426442107,0.000328611986866286,0.000524719393642339,-0.00175038846551344,-0.000628158323004194,0.000920812354059619,-0.00162710479044514
-8.54127124627153,7.46345046912173,2.05017473920758,0.132918649765463,-8.34105469394283e-05,0.0032541403582108,5.5154266777132e-05,-0.0267652309288736,-0.00259440388362807,0.00298878252961011,-0.00190575604605752,-0.00731115191138593,-0.00153509508599146,0.00144297227574446,-0.00826610827478625
-2.12669515352908,-3.27010960325952,-0.525168910121652,0.0124569487434555,-0.0162055882779292,0.000317424716269306,-0.00631402371147213,0.000975606953463773,-9.28622769688563e-05,0.000682700010090536,0.000843250296785199,0.000804547412151651,-0.000494794715620778,0.00147359804385262,-0.0017682927001222
-5.24926965536262,5.22535516857308,-1.31861044730083,-0.213677239682568,-0.00733307743517929,0.00109363007955904,-0.0103254402015718,-0.000853699471251852,0.000574358117134855,0.000299405814231618,-0.000876007316792501,-0.00276113826047804,-0.00222671343822142,-0.00107100380262237,-0.000943360273730486
-5.20916400784302,3.25047026852843,0.0230840877549416,-0.00358037300456609,-0.0083918425329527,-0.0004314809562696,0.0338674533597441,-0.0134119641106583,-0.00475683510852298,0.00448652143080961,0.00623351463661057,0.0126638678621704,0.00155381242658829,0.00600277095658631,0.00583064823082628
-7.03664767155313,11.5090621109076,-1.66426431204096,-0.111926777498212,0.0122243484424967,0.00108931136862856,0.0412246613651359,-0.00960355867002559,-0.00463073415806515,0.00114812337356705,0.00321859319408471,0.00891111812423336,0.000766249489039704,0.00729330390921948,-0.000307020608891848
-4.01771463072975,-2.3804388015709,-0.248477058397868,0.150042591684134,0.0109202939085936,0.000212457784466998,0.0179355400127644,-0.00596633607988544,0.000157094364126766,-5.82533961211273e-05,0.00151683089946317,0.00367509142831899,-0.000113009139965213,0.00208740826944203,0.00322545576050839
-2.12340380088382,1.2910950988004,-0.228864618861672,0.0726690178255329,-0.011706966240966,-0.000224353951094379,0.01544726810689,-0.00552966348463524,-0.000620141045216454,0.000408322344790353,-0.000535962076444177,0.00234136309982241,-0.00190057075659404,0.00105237077673154,0.000821197929870259
-3.41290849053709,-2.81883433589018,0.938340449484653,0.0184138213237056,-0.0112445676671249,-0.000112359244563902,0.00858147869130884,-0.00724566737125624,0.000172321280467778,0.000929585375880722,0.00158926883336325,0.00431528182687686,7.59823936019366e-05,0.00177462741947377,0.00175542679235084
-6.31554324732786,0.169856164933492,-1.78155908285591,-0.109252221128089,0.014214851147769,-0.00127225521283408,0.0217382101552842,-0.0178463705212035,-0.00927796249072165,0.00259260584880708,0.00259144603427991,0.0142249982356111,-0.00355259535606965,0.0107517664361993,0.00669650292294246
-3.27769750434426,4.52460123752347,-0.0385502366422237,-0.0813231161846367,-0.0015496408774043,0.000948462108271706,0.022765739817622,-0.000474165981016255,-0.00418577638352953,0.00304064718433258,0.00360543890311269,0.00478186412259695,-0.000877522192429364,0.0066733631435627,0.00439337477317083
-7.67825116830267,10.5283407421766,-0.469314763873749,-0.252372558978591,0.0101425947230769,-0.00134855102613779,0.0112167736319378,-0.0054972144957538,-0.00337655588548955,0.00127736301876338,-0.00087526547761587,0.00967279175552889,0.00223278195342767,0.00478727829892887,0.00415022250380043
-6.52049146179538,-7.82271698168657,1.0058433177334,0.320217056180325,-0.000744703778664535,-0.00185402296439772,-0.00282534463695166,0.00966218233433104,0.000845794312735206,0.000582960711554182,0.00167974354519592,0.00304896158908017,0.000568054002621983,0.00168820232256583,-0.00213223381635988
-2.26273344005915,0.0155973014973655,0.0855398772250236,0.219443793828747,-0.000456799801020661,0.000172018455624189,0.00894967622633604,-0.000464724029565163,0.000918400661682768,0.00111301773022001,0.000138969698854267,-0.0014907819037888,0.00062482261084923,-0.0008916234989995,0.000211016569244353
-5.48388579771325,0.355459932666847,-2.02243424311263,-0.300322974213691,0.0130417966621686,0.00127470877057448,-0.0168147823579993,-0.00993132610188311,-0.00129288898959633,-0.000751995534479845,0.00131713910569204,-0.00331844198272147,-0.00213979647143822,0.00161604070500535,-0.00246359860037655
-1.77304898618899,-0.205954663622015,-0.568439940917203,-0.0617776622325443,-0.0341843133484697,-0.000330556843523778,-0.00128750494281742,-0.00322222024608932,0.00110840062945088,-0.000703546134613023,0.00110486396118452,0.000562260812429427,0.00010155767359161,0.000506218274643838,0.0016862383685143
-6.68252042254731,0.912700772443766,-1.3782051690342,0.0518788092177138,0.00261595222784041,0.000655671305181601,-0.00617016932027883,-0.0013069047020901,-7.65372173000549e-05,-0.00019011882415373,0.00912004520551399,-0.000419007179004321,-0.00197697384476606,-0.00242318374930873,0.00250715255777824
-6.07170626933069,-3.32344502502667,0.533327658259329,0.390182595499447,0.0097876600959597,0.00164723721826256,0.00303852534168922,0.00472984130102799,0.000926354768907154,0.00679104628049102,-0.0026016340207396,-0.000586288580123838,0.00304331020588871,-0.000483494922683886,0.00501871762463901
-3.55256032550381,3.11611669322251,0.758671298898663,-0.0124096746112237,-0.00527596422704365,-0.00027409666429194,0.00122998684178323,-0.00136037546853607,0.000163908874019354,-0.000879407210566637,0.000663746052213521,0.00321389372661629,-0.000746259279020829,-0.000160345859118301,0.000961549427378043
-4.01388869861609,0.70065445942798,0.22361954858551,0.279847285556127,0.00913246769875762,0.000164504007425421,0.0151259922584847,-0.00325012360273507,0.0013976456945146,0.000291784707362714,0.002569132369379,-0.00272373782681744,0.000530684002955285,-0.00319131927781458,0.00298940269849269
-3.21040060087512,-3.1096819436329,-1.04987044632607,-0.0478001639545534,-0.0013284420090515,-0.000761014940775377,-0.00479530706824652,-0.00406143104074509,0.00165676134148113,-0.0013792929894514,-0.00296541424949564,-0.00189559283269496,0.0021283486489082,0.00136896787803359,-0.00136834964221451
-3.30856331064317,1.34586747028893,0.45340027913159,0.0218494748736372,-0.0293105729421551,0.000448140541849609,0.00125662871111843,0.00385121065877344,-0.000287249098115092,0.000335821306562492,-0.000615412092870929,-0.00040056752206237,-0.000533963535117287,-0.00139785650171767,-0.00277649455195812
-6.6076745696726,-3.0456459722454,1.15177950295472,0.0993324514462037,0.0192031020809841,0.00135826120832326,-0.011331509921478,-0.0120367610923092,0.000456756865423627,-0.000687206408791875,-0.00278662327166436,-0.00161809293025943,-0.000946235708590645,0.00322804426236027,0.000432432362335435
-3.67429714240943,3.17552809694549,0.963808854420641,-0.0381658597962625,-0.0213135777162653,0.00146045527270781,-0.00456996699750465,0.00204421250919754,-0.000272038231638461,0.000980290572977896,0.00159008266724915,-0.00187924700637434,-7.7070906625679e-05,-0.000425456399109184,-0.000376901870908337
-5.60823957694646,7.46543559066597,-0.0466395975932871,-0.077957376189215,0.0114607137266701,-0.000290554183836874,-0.00641104728355092,0.000194398424841477,-0.00118336005694829,-0.0021482145659593,0.00368075456686376,-0.000920364813111246,-0.00157277485174028,0.000842818749187341,-0.000634732985965594
-3.4999333437174,2.29339391132739,-0.126966864020365,0.133752995264394,0.00481738460046953,-0.00137327479478006,0.000795716456437205,-0.000167275478485414,0.00259759323663755,-0.00128739114235395,-0.00248741105987704,-0.00235514639114119,0.00134313014387169,0.00140686935507702,0.00329082214286625
-5.03042756740707,5.31536777795325,-0.243538732435533,-0.168522264977314,0.00232326885326172,-0.00177362794063186,-0.00955329368263159,-0.00494449964684781,0.00194029659012931,-0.00204755163349297,-0.0004306933455068,-0.0023712132343109,0.00139695029419962,0.0010296344232086,0.0018905484347266
-4.20318390449008,-0.823092245677745,2.19751073338641,0.218314662222856,-0.0102111202603529,-9.95788927712635e-05,0.00459022587634383,-0.000453299673431325,-0.00110742976018279,0.00292270569243534,-0.000364578733989451,-0.00399250947951909,-9.65642506944034e-05,0.000251491807311317,0.000822039861989676
-2.7204529447744,-0.32920778137132,0.741313145900956,0.175763577904498,0.00582219440194336,0.000569557404149427,0.00426107176356611,-0.00391384008815692,0.000368259093273949,6.51797756190423e-05,-0.000763080743882395,-0.000951316424784277,0.000574887433651758,-0.00023671598243378,0.000882665218869398
-4.54591381650445,4.52551480285987,0.655213319970718,0.112076016622706,-0.00261580839516465,-0.000645442493656393,0.00629486150832908,-0.00409515360078273,0.000283635507191934,-0.00163997383909593,-0.00134791840567968,0.000711735607411104,-0.00181403649178914,0.000672440378286832,0.00121117707196225
-3.53713378659015,2.34826994368004,0.025986299649678,0.0578639274587407,-0.00138659188665104,-0.000740380340102569,-0.00178313965655155,0.00506510961429986,0.00175605162760806,-0.00228545722172233,-0.00330367677429987,-0.00134353720700112,-0.00130271356541531,0.00318470227802659,0.00295637568636703
-6.20714110427565,12.3542553064576,-0.603573571135372,-0.227368651315348,0.0139377328426935,-0.000995901033157902,-0.0016533534839734,-0.0047595871883887,0.00110720081235311,-0.000240632846545981,-0.00562441997338837,-0.00483077242120461,0.00154626079663945,-0.00172330198506171,0.00277171545208862
-4.52061936703286,5.36790516594194,0.283683753748641,-0.0630393230318654,0.00722726140787893,-0.000698055805286104,-0.00372686022012098,-0.000179684394911282,0.0023104457845618,0.000974532034689244,0.0023498538926323,-0.000224174197933847,0.000657789171246417,-0.00261154319256957,0.00349253910251455
-3.92801509987757,2.27714907723832,-0.487858922723957,0.0831914897654163,-0.0103968771320888,-0.000127127424160033,0.000843483237465566,0.00167382847013182,0.00273031094138163,-0.000238824413643773,-0.0017582768782161,0.000325531793688303,0.00056503045096331,-0.000554672149821343,-1.67093105388527e-06
-6.84406541470637,2.678920892155,1.53950483903377,0.301654391905338,-0.000778239450035553,-0.00314926370417857,0.00955797482130334,-0.00236105604331915,0.00113963555976014,0.000227228576883921,-0.0075451744934438,-0.00328320143945086,-0.000116006860974628,0.000282576370525997,0.00224974162086099
-3.17716964185554,-0.434945028831778,-1.05344656082947,-0.0974637468262199,-0.0250287231941603,-7.00398862763792e-05,-0.00214510851051924,0.00232365308458018,0.000281907650918891,0.000170124771826146,-0.00204693814608274,-0.000571494920466275,-0.00146913317578468,-0.000324638862755582,0.000392767332559385
-5.77198104535087,3.16405985658748,0.671919980703201,-0.00908785167840084,0.00301158233502161,-0.000526650227811279,-0.00798572786268327,-0.00354653520819333,-0.000325727620181066,0.00147477823038126,-0.00219798890231924,-0.00140317755051986,0.000845896568953593,0.00145220900611415,-0.0021657129475726
-4.9258090121009,8.49032763126782,-1.23846176405144,-0.214404034854062,-0.00227261150443877,-2.01563478297676e-05,-0.000601544101772611,0.00110646497871961,-9.38489320564572e-05,-0.00234732405230695,-0.00229948107285919,-0.00407214258699547,-0.0012966760250413,-0.00128802253425401,-0.00102729313448339
-3.49094927660221,0.716397565738998,-0.221895889807618,-0.12524822339062,0.00589145797058676,0.000414064859006326,-0.00597494571648265,-0.00473757304656204,0.00182810950260164,-0.000636538932713336,-0.00170725714557435,0.00023217104561397,0.000266133028972038,-0.000395249081160312,0.000834929717372096
-3.85184011910347,-0.909553767227056,0.0734274525595529,-0.096353130401675,-0.00297104515060636,-0.00014265785587281,-0.0158248364962337,-0.00174961831290222,-0.000122372909680229,0.000572532697080534,-0.0012981208751199,0.00170810367938778,0.00133952175134978,0.00081575149075469,0.00254333352797328
-2.41580076178906,0.662127622921017,-0.123261566904326,0.0736755583134387,0.00249037218018734,3.05781679899113e-05,0.00444186799196777,-0.00442935459569847,0.000275337786967383,0.000306625595855411,0.000346137421135069,-0.0010567499448384,-0.00046676347841411,0.000446243012676534,-0.000439327010649436
-3.16575222192673,2.6667140226592,-0.282725091977515,0.0974247146857777,0.00066492541419539,0.000114494349277255,0.00811632642048583,0.00200253740538735,0.000618612019682824,0.000869802624531673,-0.000104061451281844,-0.000945031432992252,0.000854520783271339,0.00101676016359966,0.00241608660722186
-0.945618112422815,0.508985241727218,0.0373130205236759,0.0676957962825424,-0.013001217769229,0.000427575703694776,0.00338782408536619,-0.000986422458133362,-2.72306083991092e-06,0.000660690705427547,-0.000691140708576321,-7.16340326703084e-05,-0.000461852350926201,0.000165404487490527,0.00120738989744485
-5.66547952579134,-0.446620184256619,-0.505290347672208,0.328319489064763,-0.00431800450187445,0.000221139900273648,0.0153187317264707,-0.00243119825129578,0.00400107372396805,0.00086152141318312,-0.000834557155489267,0.00169305033464935,0.00100283174659571,-0.000562159349065436,0.00175016170667802
-5.29357479967496,5.67510928925059,1.25895837102422,0.0603162377958713,0.0113354452662379,0.000985962807619583,0.00364825485507813,-0.00456033539952994,-0.000696563250564748,0.00577335677096449,0.00171006859579664,-0.00143320970960246,0.000556864532531284,-0.000575832451588703,0.00068545309341268
-5.1820875638539,-3.26441761322256,-0.753733000398313,0.0421769785518598,0.0119493754226713,-0.00105819871922808,-0.0141034104186721,-0.00143991665591051,-0.00176665508879552,0.00237602057888835,-0.00304412589006604,0.000550381121893018,0.00304044952768706,0.00251533689986491,-0.00204331800422345
-3.50160743502266,7.1097295104999,-0.766499946173907,-0.175383964366375,-0.00971546505933837,0.000272813769089387,0.00537007590827022,0.00194580749109639,0.000529486702886287,-0.000825849475121744,-0.00190610701470647,-0.000282009245038089,0.000654504883742563,-0.0007277312900997,0.000945839047434201
-5.73846241550943,-5.05079759068397,-0.521040998147884,0.0820334920434848,0.012370709624938,0.000427892753651809,-0.0142606191551004,-0.00515697790417125,-0.00239272050339852,0.00160800288273597,0.00112701869067775,-0.00487781590873466,-0.00198711521329214,0.00342067501383183,-0.00196374168215482
-5.24558303609637,-0.652850394337803,-1.38139705917844,-0.0150532882037934,-0.0166798121265277,-0.00114931307479378,-0.00687268120945131,-0.00103481388510234,0.00168673928600853,-0.00374626394001675,0.000655543263895398,1.11303134217227e-05,-0.000144305390587441,-0.00191091338738917,0.000238449168215359
-6.42647244605772,-0.453480934054543,-0.317967796017651,0.317872660123047,0.0165480807759213,0.00308472912283393,0.00134956587510321,-0.00890909884709455,0.00157174108567183,0.00131380445477456,0.00151280640415449,-0.00206587395318098,-0.000911537136798067,-0.00232683273080568,-0.00153131329187161
-6.19978922702301,4.76784347163238,0.369248082320263,0.190456247258151,-0.010626848380322,-0.000113305758419275,0.0121657425149645,0.000740751617409128,0.00102436144019962,-0.00347993010404848,0.00166639556771121,-0.00214415574127357,-0.00529311481049044,-0.00153038826450864,0.000295800076886035
-5.74125766320894,6.3610332515331,0.135158355312724,-0.231019527902316,0.0116783625323737,3.67666178209539e-05,-0.0173364705634648,0.00300218719357685,-0.000535205661003251,0.000295208587026135,-0.00210455962873012,-0.00196295938300055,0.000183307771330577,-0.000590558624635537,0.00106986107180344
-5.82945657487941,-1.7747052438955,2.03008276238896,0.361094554302095,0.0109849672858702,-0.0006347316471818,0.000224674084613839,-0.00200861995236984,0.000954903702092414,0.00189408091907407,0.00205902456835113,-0.000162377056161825,-0.00210373719194853,-0.00178305291046064,0.000327250270634297
-7.01987773754652,-1.29560245798159,1.06573621974964,0.0678230368641213,0.0106134419693194,-0.00146068614571213,-0.0090107016193202,-0.000232619425833185,-9.59128832864254e-05,0.00199055079592564,-0.00166333274961009,0.00127688919011214,-0.00400887207507476,5.25752617762252e-05,-0.0010160761992664
-4.58748211504967,6.64687714938955,-0.167128619403709,-0.0195135332611925,-0.0014493208360303,0.000482788881057494,0.000267679753968363,-0.00344921148581136,0.00052043921587348,0.000198920818984558,-0.0029230908648048,-0.000109960065717668,-0.00111885355909623,0.000204495262692396,-0.00297448898420774
-4.61095914149652,-2.98823449471451,1.22140394436398,0.0901294894947439,0.00597152213111713,0.000485418680292025,-0.00338489436158327,-0.00155307120330808,0.000153348715694771,0.00236068953907891,-0.00125624348235883,-0.00157594586263132,-0.00112236524056717,0.000471731200193034,-0.000806526031609174
-4.60321432266363,0.794809545824034,1.99152210192416,0.269594715583642,-0.00442070029429539,-0.000144510719687462,0.00912232292708282,-0.00187796907868183,0.00152905173274955,1.52157481221138e-05,-0.00358827021991524,-0.000878098750415799,0.00171752581591583,0.00107135027024579,0.00305148503838482
-7.8214125689947,-4.02162496867998,0.988900868895077,0.120374395178036,0.00547781827332803,-0.000709797866025259,0.00240331275570209,-0.0058738403038783,-0.0126079679865796,0.0030186065917408,-0.0023584280769419,-0.00545173489398837,0.00292446083623613,-0.00101247912798074,0.0070741934560084
-6.34350851560044,5.44923853503902,-1.4215458279241,-0.186934471092956,-0.0274669420110057,0.00158610454868253,0.0130376915456873,0.00669034362507814,-0.0138330419805027,-0.00923346629612853,-0.00678875446891546,-0.000179431567314588,0.012418861940753,-0.0146969045266723,0.00988470046457286
-6.13134416226622,-5.09367472968643,1.88307566348773,0.123841792906745,0.00973604407562174,0.000756802727831319,-0.011904436416739,-0.00558253773964432,-0.0026004985128977,0.000556108999254266,0.0022960481231717,0.0012901971044671,-0.00273336550014545,-0.00100894602947408,0.00116708601382076
-5.10887876792899,1.26108039878554,-1.18239706596975,0.0440049099851861,0.00554717873156913,0.00210975594322812,0.0180341281931627,0.00739503705015641,-0.00872342195666195,-0.00141540727172017,-0.00636683230706841,-0.000316332540638695,0.00258571883102442,-0.00668894395764985,2.12514853357981e-05
-4.0646865728534,-0.0343082935225328,0.0988336735411869,0.0970866933192782,0.00695290271287483,9.34389779961926e-06,0.0122556029536385,0.00308097140432593,-0.00989978336677988,-0.00383030286781585,-0.00669277522943053,-0.000463097909430734,0.00881878420844904,-0.00797234013656248,-3.5559605072159e-05
-5.08484075139852,0.658468260468318,0.262725662756446,-0.0644009660495117,0.00847482170567632,7.42835015160148e-05,0.00301346753755482,-0.000400363624668713,-0.0143541625893362,-0.00575625198931805,-0.00727540780830901,-0.000876648596691792,0.00481195343736818,-0.0116321012134702,-0.000500611961675172
-6.75900632699577,-0.477053889472973,0.868162701529095,0.372321743336594,0.00517369244462085,0.00100588173805862,0.0181075962649741,0.00569341336914945,-0.00670623442078112,-0.00152808373585964,-0.00204512333794089,0.00369186127740563,-0.00048490531453685,-0.00894613705406766,0.00151011498622164
-3.19008454234258,-2.65319579622042,-0.0406041868288103,0.0337403802041617,-0.0176213947318358,0.00050356353986551,0.00952695559769927,0.00475989796749834,-0.0108528294957449,-0.0038736576068401,-0.007002009528342,-0.00131745508243969,0.00285123993430068,-0.00824671673425306,0.00206834954507061
-6.60667220973935,-4.40197107387298,-1.53923957086197,0.176571675323458,0.0163813792023599,0.000833931375849614,0.00559194169328858,0.00870053759519918,-0.00326359210147758,-0.00162782703571545,-0.00866536119641942,-0.00272007501017896,-0.000617898352639188,-0.00201877345288359,0.00017036263608559
-8.0469555029292,-6.97019911110484,-0.156321033207637,0.169546460499502,0.00864446615774413,-0.00107187335981238,0.0245896101695903,0.00492527601309751,-0.0134934308929265,-0.0122478745956177,-0.0150573671695144,0.00646324740745193,0.00963273533349454,-0.0158804176712505,-0.000543335208069611
-4.18653317882533,4.92820084778418,-0.580036382772772,-0.118218840114437,-0.0163599218818052,6.3530312038764e-05,-0.0034410298599934,0.000962960773231013,0.000437664409879323,-0.00036738317122285,-0.000956404987129376,-0.00138614872889114,0.00194805481878136,0.000139034536818811,-0.00197882471275345
-2.7705966431744,1.20395002402815,-0.313716496124579,-0.0836029944059954,0.00390797154300778,-0.00051151591585611,-0.00408488875304338,0.00194418215136569,0.000218708282508622,0.000853354299031104,-0.00147272522011017,-0.00020001740461894,-0.00136620270191014,0.00174684625037561,0.00188070373512344
-2.21281474060285,1.57363543584026,0.253352304774558,0.0196724677044291,-0.029910292409803,0.000169880321848027,0.000597993054939164,-0.000993663153866511,0.000494558250716541,-0.000115968969401528,-0.000168984890994642,-0.000556550392490032,-0.00198183679189089,0.000982717278343799,0.00059107443649636
-3.94238520731739,1.49817463687243,-0.507234058753539,-0.0643692021480393,-0.0131805224522652,-0.00261642803253365,-0.00218272757943043,-7.35421111176866e-05,0.00116697057770209,-0.00255265513384564,-0.0031442694679462,-0.000633109551735678,-0.000465320304141482,0.00143135655769279,0.00174596266644854
-2.39919866587442,1.52985295231051,0.0194216215154749,-0.0480776309184684,-0.0019450872238931,3.56811795151311e-05,-0.0037894097521836,-0.00109095423762655,-0.000869981254605157,0.000876857217691422,-0.000965766808033072,0.0001742031049322,-0.00140093395670015,0.00273605172770581,0.00145558971823206
-3.33055472274133,2.22935276024727,-0.674444677274683,-0.104587989698114,0.00310873771564385,-0.000382403457300825,-0.0099589501444346,-0.00363523053783376,5.9806993146973e-05,0.0013937809755012,0.00190380717675748,8.82908963384251e-05,0.00345251741574042,-0.000332179531452776,-0.003497657153744
-3.85578239759737,-3.06492950049057,-0.521473776414346,-0.0618978992631415,-0.0305172457305506,-0.00088867541741267,-0.0134894416850168,-0.00679160512454047,0.000300818903012005,0.00249613877161956,-0.000469002618833274,-0.000359873656391432,0.00461485719026308,-4.8337716743289e-05,-0.00584725000234339
-2.30554832191998,2.08550639254341,-0.551988076265346,-0.0551876289796043,-0.00744282975075125,-0.000233840937226036,-0.00281965828092324,0.00033236297424179,-3.42362225596881e-05,-0.000330519390870216,-0.00106234322721371,0.00209847579202631,-0.000406273984729149,0.000549806099782079,-0.00252883513222948
-4.49758396504641,-2.36035930606489,0.493483365343954,0.215184854474647,0.0062198568212269,-0.000367230842154742,-0.00152399797964651,-0.00824512550028788,-0.000842095353043869,0.000438614801927919,0.00348642180106326,0.00224715194178041,-0.000770510974626326,-3.60627119883987e-05,-0.00271899449829976
-4.03536835448428,-3.00512638071476,-0.715959957087622,0.0402147091114394,-0.00124639278922285,-0.00102841407493611,-0.0110882567729962,-0.00317981628688144,0.00136754953780352,0.00185123810877283,0.000632548810136927,0.000882141990065956,0.00440371702224439,0.000572973096515405,-0.00375122208342138
-3.40665712219759,-1.1084718233053,1.75236848071074,0.150213404144749,0.00562120837120445,-0.000747969428208665,-0.00987756747122796,-0.00271693304608234,0.00170766024801203,0.00226340375168782,0.00272038958811714,-0.000553259207728153,0.00253838095518349,-0.00232212681420124,-0.00340625581899296
-2.98475055362188,-3.67753675498514,-1.03495808258925,-0.0509954165162415,-0.00288841051263827,-0.00175970560653649,-0.0143958457827735,-0.000718661559760456,0.00140986214731894,0.00205900963330682,0.00194767292050357,0.00249882174672193,0.00297169827961252,8.99699532380166e-05,-0.00539372450490545
-3.90497732655124,-0.846298651013427,0.702316885275819,0.386818844181681,-0.00845330311146431,0.000129841069618422,0.00775228579995692,-0.00128709530057255,-0.000421900844298155,0.00241440544650465,0.000643157160987607,0.00136669582720009,0.00152872609367059,-0.00173094942377522,-0.00254887115474125
-3.18900308924493,0.937743627283273,-0.668941539592798,0.00537723757350618,-0.00763560646000423,-0.000860733379022443,-0.00435690302226256,-0.00170882489450164,-0.000261745015036292,0.000162826076936773,0.00125036516568593,0.000491800732672356,-0.000762910138819928,-0.000347751487813414,-0.000752515053012199
-5.39011642556595,-1.39556234043889,1.98097819598848,0.369719766615397,0.0106424712677741,-0.00223364210309822,-0.00458241394465443,-0.0100503055900333,-0.00168890090504812,0.00203379315825651,0.00139852732601858,-0.000544154388546047,0.00310846310861671,-0.000724664509097633,-0.00958082340329093
-8.4794780018557,-0.631871297866978,0.31369518601472,0.0676138844434335,0.0223882322838878,-0.00339454846010904,-0.00577178222116375,-0.0100173725114086,0.0018893509463357,0.00834680352853508,0.000212152744437227,-0.00396671794985438,0.014037705957233,0.00188239358378947,-0.0062053798978556
-7.61140398154247,-0.375912983387275,-0.969405853335558,0.263639364762226,0.00420532523746266,-0.00232663529062741,-0.00803529981754912,0.0080476839359301,-0.00230818308016636,0.00322251053849311,0.0139983656986245,-0.00172181904441201,-0.000583675708442737,-0.00604041488177723,-0.0119997672880615
-4.83556802294356,1.16313560589384,1.35653375284262,0.307173289664142,0.011692454757709,8.60112174855494e-06,0.00601938967902096,-0.00725825212190712,0.0013560169988265,0.000534505848003742,0.00331966844343699,0.00253754969422212,0.00313169997386385,-0.000256646017616129,-0.00390846216338824
-0.942104847586206,-1.42367071000649,-0.260848561823289,0.0173085634296652,-0.00345682311092952,9.19676975181673e-05,-0.00375318999144011,-0.000601331571145529,0.000613890366158401,0.00037023562803774,0.000320850215255688,-0.000307668170885986,-2.42238179891621e-05,-0.000147690042701028,-5.44557055996314e-05
-9.22464341650025,0.278776885798557,4.68739522855605,0.291053234578591,0.0252251329999476,0.000513394067144506,-0.0156218509598498,-0.011943356975094,-0.000403779977600209,0.000830015331904712,-0.00238063583846994,-0.0086820356415863,0.00044510795005201,6.11670636839037e-05,0.000577157168472898
-5.16456190901013,0.0190042013985703,0.0918066842564105,0.21051002907228,-0.0125309467797872,0.000901555513084586,0.00443398913073856,0.00871664282170157,0.000468273084288273,0.00111722482820802,-0.00353993739120876,-0.000656333437539324,-0.00629321008731555,0.000328808254298509,-0.00247285972856832
-2.39548223805369,-0.761769617106314,1.00851579079542,0.171155000593109,0.0019345126567998,0.000143379167791739,0.000720963329128994,-0.000953638714682114,-0.000100062098532623,0.000416927001447416,-0.00128377991664439,-0.00077298549934329,-0.00018116111101122,-5.60622063907474e-05,-0.000874525115345632
-7.71114890259523,3.6187369262642,-0.680934574012525,-0.284381043139842,0.0126233243901195,0.000931514475780574,-0.00143780939359522,0.00384216624582339,0.00333971867938671,0.00195529005134043,-0.00466375701655619,-0.000109561108468538,-0.00817187588264521,0.00219358672905995,0.00340124949147877
-6.3751994451273,-6.07677377977052,-0.621030325966815,-0.0097823595785918,0.0193345153474799,-0.00164349219863292,-0.0127703519400177,-0.0029141599615716,0.00104497757769136,0.00156051152115692,-0.00213048556279822,-0.00259523385642349,-0.00205479575216475,0.00157858601878443,0.00381889352592789
-6.39956839897757,2.26025980440469,-1.31451423017418,-0.0465358740039881,-0.0194642900693852,0.00148155449665685,-0.00658288564779996,-0.0037273549781059,0.00204548141361462,0.00100911688210516,0.000161078633682027,-0.00033787943928989,-0.000392954530929246,-0.00223980855270979,-0.0018197978746515
-2.8705388101777,2.80867707809752,0.0787698679819926,-0.0858885955925836,-0.0092283282605885,-0.00026154931271275,-0.00231748549119694,-0.00590801222431324,-0.000104257458365687,-0.00106903348698178,-0.00150217370686378,0.000919001135921938,0.000799387591961634,0.00143482211898281,0.000664818563085114
-6.28902596670763,-2.02933501769954,2.59271416612316,0.126776350942557,0.0143699067168416,0.000854964530161063,-0.000632836324226096,-0.0035165079595056,0.000719479998524362,0.00202096744109777,0.000389343804756778,-0.00179842375873999,-0.000228214487712171,-0.000738648822794216,0.00202220209634705
-2.87834154512375,-2.66714810604773,-0.215148721049133,0.10930451888445,-0.0147271475935339,-2.00670557705324e-05,-0.00140698317455611,-0.00137608641087501,-0.000497603321945546,0.000497942330875386,-0.000371890661141066,0.00106722752322956,-0.000205646391301941,0.00174671877710613,0.00133174885862524
-1.37975415330184,0.5445453413968,0.388379986317324,-0.0100996111567834,-0.00322763374568891,0.000620596062905532,-0.00198043212970056,-0.00392139129901092,0.00082536712211588,-0.000529725313292794,-0.000395087859101033,-9.84949179337636e-05,0.000177258303428791,0.0011683135271742,0.00177715032129609
-3.90203583990266,-5.71610688871267,-0.696920693656516,-0.0731310923664295,-0.0138319429035017,-2.18750373102345e-06,-0.0193580915072652,-0.00185954078583277,-0.000820727762211055,-0.00145158421156527,-0.0014579296675204,-0.00106076758475087,-0.00294897714740057,0.00191068076694388,0.000369012454027156
-4.32903216549583,-1.17046047554798,-0.123666878058839,0.0573498991042744,0.00709907737014075,3.12048219398823e-05,-0.0031109526204768,-0.00361844179840583,0.00122778689136463,0.000323368621348935,-0.0023421603244108,-0.00044182686550442,-0.00296086064224568,0.000480014990182348,-0.000270079226739427
-3.74398296141734,-2.37391877655765,0.65450661940091,0.0841281369992181,-0.00915356395546615,-0.00106124819741894,-0.01391521403112,-0.0011109119683214,-0.000265206756930166,0.00151310920068038,-0.00117377906384932,0.00180120389658594,-0.0025254533369407,-6.66936448669787e-05,-0.00116392562873746
-6.21988118370629,0.0132339835521512,1.54032695638115,0.0653255368035686,-0.0286121292927989,-0.00158095083842915,-0.0129056685802495,0.00129308230167863,0.00220879473719054,0.000591352146483467,0.00317419481751095,0.00762684966740505,-0.00210815934452706,-0.000814407037374381,-0.00160579480786933
-4.22845665378017,-5.37989991308215,-0.0721994829587259,0.173223502026656,0.00438886694719006,-0.00109795686149004,0.00333400170405346,0.000302521132504643,-0.000612871934913679,0.000194863508219235,0.00073748737689829,0.00157350070937874,-0.00257780338993249,-0.000243761288814893,0.00105531712873646
-3.66989897389587,-2.21936608381189,-1.20690803218886,-0.00714976433775621,0.00336737811240828,-0.000240444891500873,-0.00346613729310738,-0.00448104776737333,0.0011508435393827,0.000205024400874321,-0.00138142225052127,0.000354118723150166,0.000422779271078334,-0.00118129382294389,-0.00169381816231761
-1.44523766371807,-2.1925110799972,-0.459586758613318,0.00474342190483943,-0.00683066485864996,-0.000149583279312039,-0.00735003496122119,-0.00266788869631571,0.000413782424086637,-0.000300420160231958,0.00022413270087544,-0.000485174847458838,-0.000874598996855968,0.000128335020707501,-0.000336539985782321
-1.4576711561608,-1.85128903707527,-0.201729548141264,-0.0288585335958693,-0.0202065520515586,0.000299346292023536,-0.00530947972351984,-0.00214572789149311,0.000332144083853761,0.000125708406895182,-0.000853886512264466,0.000140819944185713,-0.00212469305868502,0.000410718533434403,-0.00100182333386793
-3.18686779104322,-3.44305310073602,-0.503875605372492,0.257037548623039,-0.0279863820220666,-0.000143206344331289,0.001956324890261,-0.00188893254815381,0.000520586002260518,0.00133408009684377,0.001499554270198,0.00164433943614393,0.000454399885901245,-6.41005373507218e-05,-0.000669949992523466
-4.7648483246992,-3.41647797084231,-0.142898133734855,-0.0828607551899525,-0.0211275243187102,-0.000169434265468875,-0.0159925501634583,-0.00755835650298052,0.00235233026160721,-0.00101177890309449,0.00115084759585506,-0.000573837540458537,-0.000931034983558938,0.00148385698790161,-0.00341322850389503
-4.16233098889411,-0.283313642210105,0.216339506992426,-0.103292586996136,-0.0206255884752755,0.000806691550546588,-0.00565947467048445,0.00019465546626837,-0.000533377333695186,0.00106314777841929,-0.000161907078402369,0.000162419989971026,0.000734888232160555,0.000212510937371093,0.000612090353779544
-7.28488196890265,12.3021315807941,0.316884172138401,-0.235148731319746,9.31473809655837e-05,-0.00368876654849026,-0.00468588107119535,0.000843257677340936,-0.000457692638398382,-0.00313543182179731,-0.00618771173142081,0.00289916188394468,-0.00514137129694651,0.00219615492895831,-0.00167145444892811
-4.12435361535009,4.94203721474324,-1.11022504188843,-0.211625564780527,0.00820953653541281,-0.000498732119162542,-0.00293123653665543,-0.00370417928682596,0.00103272254235478,-0.00113581510346426,-0.0026156401536178,0.000977334334258363,-0.000895097689524599,-0.000721255259671145,-0.00328446936553629
-4.18688528263707,-0.289084782953799,0.11949629255311,-0.0316366857113943,-0.000712463235666345,-0.000868426597954409,-0.00589362078978221,-0.00664038367757561,-0.000944324068044673,0.00233583641950891,0.000976068934035373,0.00229210085058291,-0.000698144333077927,-0.000693993482178763,-0.000291143599425866
-3.4223330031767,-3.50340754728289,0.61127211861454,0.085294716592357,0.00913055815474276,-0.000230389858737752,-0.00916266638570795,3.99836614222523e-05,0.000829785133303193,0.000233057013582316,-0.00085373682088939,-0.00227268190412752,0.00140286603493081,0.0010610793529362,0.00164195397901356
-7.48150636065348,2.28741865373146,-0.19606594875561,-0.255545845840111,0.014075320909335,0.00291327722377672,-0.0207891824095719,-0.00672656099050374,0.00195082085275402,0.0013325599245479,-0.00728251197788085,-0.00178668311474019,0.00511181088238075,0.00563132972618612,-0.00323264719609862
-6.61739324589808,2.68935771837828,1.76316276406629,0.18186120264763,0.00975254061190564,-0.00140639130144173,0.00175235988159117,-0.00547848519209209,-0.00290554539993729,0.00346286067478987,-0.000878297741944668,-0.00188697146984518,-0.00300558720064819,-0.000680211811004824,-0.00257767279978353
-7.07932605802923,-0.487742687091152,2.87763790757945,0.0342519039930668,0.0048804646515129,-0.00272748921012475,-0.0176340386780773,-0.012161200531973,0.00119717341824464,9.78006473508147e-05,-0.00218745369858487,0.00291753646493138,0.00321636033948984,0.00246190373320265,0.00512931234426247
-1.64900451352546,1.06938336584235,0.0162833921308765,-0.0505534248225057,-0.0245059683817382,-0.000234524297107752,-0.000835043794212861,-4.02701665550744e-05,-0.000273388533845393,0.000192872264127575,-0.000667038254402652,-0.000336144473130058,0.000187011049390094,0.000983479168588745,0.00101851555487772
-7.11875260833118,-6.29448340840741,-0.538822378294234,0.11648808669457,-0.00158282419982062,-0.00171062015058587,-0.0127361722543775,0.00066487222840619,0.00171722423321124,0.000372739588580852,0.001314595155804,0.000939816194581128,0.00209133718235775,0.000589605634247612,-0.00209863883464619
-7.13524363019109,-6.21529807748321,-1.05960786132031,0.107497917126732,0.0194342489737245,-0.000658445572751177,-0.0183756144004601,-0.00497939856899528,0.00208810876973479,0.00136730132540907,-0.00552387212287655,-0.0031849327229575,0.00378043698713093,-0.00015716645365422,-0.00261038863836431
-3.5071457283292,-7.10255571794027,-1.06345091239986,-0.0101956398574518,-0.0021394361703634,-0.000861913498371682,-0.0148728001688124,0.00222593751023953,-9.47059374097759e-05,-0.000473543920877256,0.000211951497623075,0.000362959415993592,-0.000698914518582292,0.000768092385994112,0.000195646300681394
-4.30872808256756,-1.66294586925732,-1.13154939706922,-0.041395485499576,-0.000723101387698747,0.000248385874964068,-0.000864505815612072,-0.0101652589843642,0.000155688526834929,-0.000562850620608277,0.00235371164406071,-0.000444597059443483,0.000550616314217279,0.000287194159836712,0.00132198333068389
-3.91564877684291,-1.1668497778173,0.142451376846264,0.284074070462903,0.0124778138087073,-0.000255322002508333,0.00309864981049809,-0.000922221975728627,0.00147736273004024,0.00134397038363835,0.0025660614674507,-0.00191612760559688,-0.000666022264294595,-0.00238930382855914,-0.00205078250678579
-4.54924477682554,-3.47996405889489,-0.242143586810126,-0.0584427660794694,-0.00240674695615424,-0.000669368512924792,-0.00442706378924243,0.00212027830319791,6.67373091621653e-05,-0.00224049619456171,-8.43365177021214e-05,0.00352005480617343,-0.000452595224620601,0.00230077051358648,-0.000173147692157841
-3.73354069817029,8.13485794913206,-0.47556805649408,-0.17012298355172,-0.00216464498718328,0.000584446723757505,-0.00528772112438782,-0.000100628215246576,0.000800463437330096,0.000380345231892765,4.92404093793675e-06,-0.00266714179183077,-0.00167419030658137,-0.000898115625542465,0.00178070664773057
-6.60041114899908,-1.84980051357349,-0.229707800227857,0.0601938603547458,0.0123344153349129,-0.00135911769489689,-0.00599245382379706,0.000641266784350999,-0.00177491672179495,0.000836869474922772,0.00163401489485111,-0.00106792804307631,0.000249798207441031,0.00218666450636938,0.00129087508027265
-3.49236437902472,4.10082650956222,0.334199044296228,-0.00147020058251106,-0.00488913479824176,0.000936114468282625,0.00274179135222552,-0.00221785333746531,0.000408323988491974,0.000176396027183582,0.00038643888134132,0.002056153924653,-0.00173919128246411,-0.00159606880105432,-0.000682507019815764
-4.49673600053529,-2.29894430837803,-0.398303004053745,0.199118475479111,0.00959701987402609,0.000718685525085861,0.00619752887567848,0.000273640425230084,0.000629727384066849,-0.00136703533580672,-1.68471128459048e-05,0.00108642793730237,0.00091336722483213,0.00135080217536706,0.000440392477989914
-4.88939002971848,-0.479140256357724,1.38641459157766,0.25934720678744,-0.00349729288369749,0.000339395127245002,0.00345026530854337,0.00315754208433607,0.000802891335126513,0.0020692765238737,-0.000330520938540923,-0.00103895775704203,0.00142728180450012,0.000786522233265192,-0.000592509402488781
-3.92094227649639,0.531580270271564,-0.303075976182858,-0.133489345590458,0.0124587629607432,-0.000697263996470011,-0.00471039885249285,0.00136965320232576,-0.000736601265320601,-0.000735704278196486,-0.00240091434077755,0.0013574222117288,5.03610385452667e-05,0.000970261236345121,0.000257105327734494
-5.34804888768399,3.45760992215844,0.98114774593546,0.158543266206116,-0.0230168843293147,0.000460719476651087,0.0089231357742496,0.000568573503845077,0.0011713080626207,0.00181139554764848,-0.00301505670278277,0.00132127569531546,0.000859862456560014,0.00101630157306864,-0.00202210867262526
-5.58001451933725,6.2775673190164,1.22368866427536,-0.0160846206193305,-0.00703400525091687,3.23112342065022e-05,0.000473920448236081,-0.0099783578565682,-0.000614882645510871,0.00159604095803366,-0.000583597076084755,0.000798329089704339,-0.00262707423825732,-0.000825955603543831,-0.000287038247021511
-4.3465782112814,-2.17682704387965,0.478586258042685,0.10678579456568,-0.00230990530688813,0.000470644825780731,-0.00447821698800826,-0.00241044192722134,0.00160098597032557,0.00133091572412382,-0.000258206573477828,-0.00285632149491661,-0.000539470419525198,0.000438391971841933,-0.0013639171771228
-5.30969011069316,-7.59212344666949,1.04106223646242,0.0687050120624467,-0.00121170422239315,-0.00162966436948166,-0.0155401063750138,-0.0056799604177291,0.00144366359597033,0.00126300404701104,-0.000778297896479439,0.00332409823505243,0.00194283048947579,0.00344858880904322,0.000137136211121018
-3.84736286873636,-1.96039771194267,0.250007538158008,-0.027862334009853,0.000554289109766013,-0.000480069924006058,-0.00400689856792734,-0.000429394848419275,0.000541916053758271,-0.000624355678058,-0.000470008149973237,-0.000470692743710501,0.00116257665885318,0.000802752918461814,0.00194511956873525
-2.02648394338091,0.27631727673068,0.33884438470464,0.0169690988999964,0.00394265810349613,-0.000287433307636016,0.00474802740190935,0.000864354180065808,0.00034417256776926,8.81428343410789e-05,-0.000617195537631554,-0.00142116572355923,-0.00120267084218773,-0.000427475746592864,0.000696247471928206
-4.029316887923,2.88964057134155,0.434031222387766,0.131008264830905,-0.00229297207410266,0.000121918330977632,0.00213936335427486,0.00589813182150683,-0.000967580853430532,0.000220383247704207,-0.000884221639025006,-0.00123889224051177,-0.000912021382606159,0.00262446579332803,-0.000137149310597626
-2.79170113976306,1.21848525296387,-0.985089783406516,-0.147076784281503,-0.0100260329632524,-0.000502470300806368,-0.00726089681428771,-0.000643891183886657,0.0005467513944741,0.00073001752820888,0.000316607787833531,0.000601229125909015,-0.000130870552936591,-0.00142951915342003,7.34186021980445e-05
-4.51574540341605,1.82966454416555,-1.34950610484258,-0.21910354924845,-0.00869065952963552,-0.000420480272949143,-0.0120867061653142,-0.00395552605047454,0.00114357086670755,0.000112335751996232,-0.000419974655662899,0.00118474839864048,0.00102516184534395,0.000988539580743162,-0.0052556603139886
-4.86099042639469,-1.83535986614283,0.58680942347277,0.0457208559428177,-0.0205288336313206,-0.000656338221773703,-0.0159379899811459,-0.00294180183972566,0.000903320730014878,-0.000708573771792645,-0.00246198403895534,0.00054097366060945,-0.00297253308082187,0.000979034756209566,-0.00149215993394563
-7.24673934292836,8.82446226420358,0.708404755979341,0.0089613072237952,0.0198680975907332,-0.000550758588586366,-0.00874062747326545,-0.0105996168782875,0.00160485153756215,0.00221135236703612,0.000154612935917059,-0.00356148138078516,-0.00414015570122985,-0.00348369990213991,-0.000755886633670154
-3.12697976292026,-0.350314738315093,0.320945048343554,-0.0715394151662814,-0.00707366265627441,-9.29835137924686e-05,-0.00371532162983942,-0.00284432491070652,7.95632124238569e-05,-0.00144780290247614,-0.000449199747490269,0.00187926648616243,-0.00103499382329809,0.000738285066407243,0.00221781108483979
-4.41301372019855,1.40920926504276,1.80363954405569,0.159647804787844,-0.0130753716494903,0.000426876630768681,0.000506444829516055,-0.00486810078299644,0.000236253289377413,0.0024979012246961,0.00136234447766847,-0.000590562909784543,-0.000301340801300014,0.000871379593880759,0.000436510411239304
-4.35329593810491,-2.38196400447942,-0.0155549082201179,0.265097412609221,0.00937255275802282,-0.000946567878865355,-0.00399007436087411,0.00229460877922745,-7.27674296083282e-06,-0.00689881197261014,0.00265142972544765,-0.00607944222572218,0.00264612460806523,0.00334870752854391,8.08356631718302e-05
-3.30363182335388,-3.13524736032006,-0.220953839794028,0.0604670301865474,0.00609198462843261,0.000162152426370519,-0.0104345615855233,-0.00983482650357859,-0.000145256795367918,-0.00475082815714521,0.00232534198041694,-0.00512667305145729,0.00237358829852425,0.00369083259410812,-0.00157569187140292
-8.02953339959461,2.09870340576668,-0.605002441916012,0.0259751023083614,0.00603370245060352,-0.00112595613632809,0.00121281118455524,-0.00175833020967804,0.00284760457254602,0.00114778433412438,0.000304473696611933,-0.0104853988635205,0.00156404791312005,0.0032013203390414,0.00323348689309282
-3.93374937754656,2.76352405500429,-0.0471063709041692,-0.0349115313113438,0.00709298749399144,-0.000863013756659979,-0.00843997570361813,-0.00557712680598148,0.000852895082753892,-0.00811014739736049,0.00470195023636543,-0.00802314423469941,0.00198322952978883,0.00387142792208881,0.00153044450607386
-4.81287891583286,7.13712363858046,-1.16584881025767,-0.222754520698204,-0.00590446598878529,-0.00137296681059983,-0.00781085114371089,-0.000896295547556981,-0.00160385170339994,-0.0130805734337041,0.00717476585032817,-0.0128360212730274,0.00414867563307347,0.0065012119528767,0.00266268814423535
-3.3045319072282,-1.4531112672497,-0.329612191274695,0.260893925873995,-0.00992722744725161,-0.000645961553250148,0.00643220580048855,0.00278852225745076,0.000479963525363329,-0.00439555812904645,0.00275510573937654,-0.00516665076065684,0.000729025007393011,0.00296680858998055,0.00271523834462129
-3.62023389797092,0.0128886052817366,0.5314182874794,0.106642103132774,-0.00100868234735951,0.000829121197517939,-0.00178399308595437,-0.00193341631450583,0.000298689888821521,-0.000999093975984174,-0.000709372923894535,-0.00268349575519834,-0.00190583271685067,0.00176730808142928,-0.000527313616856544
-5.3480264923491,7.00128856679928,0.795730691129033,-0.0542163046787402,-0.0053107664787296,-0.000357586396575937,0.00308943969461939,0.000138853518825577,-0.000515037229550145,-0.0030125103165741,0.00227296459765981,-0.00223436062359282,0.00105869043112083,-0.000705737625693112,0.000403438319974553
-2.01780291681601,-0.239487753832916,0.0722045274762855,0.172008332677252,-0.00524630673769658,-0.000938311996851713,-0.00378471801278139,-0.00287887272920148,0.00044206832480606,-0.00542620443410258,0.00274711645630226,-0.00568276470959434,0.0039095286590379,0.00251032985154238,-0.000423812228762981
-5.35025884291434,-13.221860306753,-2.61431451663779,-0.052478255641874,-0.00236477082678962,-0.000627115896838029,-0.0167870243142347,-0.00983112519117714,0.0033698187839389,-0.00140504705643669,-0.00497757147080281,0.000792545259523673,-0.00297962920954617,0.00297784457852647,-0.00136480625306214
-2.07047762730493,-0.43338350807783,1.10588168483214,0.133224842681761,-0.0195123274385032,5.03584857449002e-05,0.00304924605738933,0.00691874920965891,0.00033395566499976,0.00117259413361234,0.000419006003780929,0.000490949177027806,-0.000103407267208804,-0.00028960148101996,-0.000131633960040154
-7.65369185174433,1.37449698153208,-0.286512918202556,0.0359446911657581,-0.0161922761339913,0.00107374130905565,-0.0129487205467716,-0.00759839097397792,0.00305514412788253,0.00112634348917992,-0.00205768835638435,0.000594215726009794,0.00675027842792473,0.00348228456738258,0.00160729253397635
-2.41752983044287,0.308688895753622,0.612209172496573,-0.0056023654525033,-0.0270682312043588,0.000259031250116726,0.0026742484582951,1.84006297298812e-06,0.000920697906315472,-0.00077600862307765,0.000638037715303471,-0.00033905776699193,-0.000667975713062133,-0.000114999539118803,0.00110198944937813
-4.26898627534578,0.224664032907456,0.175440974160231,0.0440708817311403,0.000944034377631497,-0.000219547466447188,-0.00290268417947432,0.0032765441391018,0.00177024404810179,-0.000712188692648104,-0.00220854470575406,0.00199051497553188,-0.0042075068513385,-0.000577675570902264,-0.00106379569222524
-3.8588854685699,-5.27063447012022,-0.692726781308253,0.0265332817719008,0.00252658662981233,-0.000330011422087304,-0.011207727261854,-0.00514239243754698,0.00133618732506965,-0.0013464474630982,-0.00129146322813239,-0.000752718758422338,-0.000301258423242512,0.00167721988914711,-0.00150098394329589
-4.22797896946669,-2.59977928853599,1.64851798036019,0.163563671556616,-0.00898557415825403,0.000957841993135299,-0.00793310154341875,-0.00915146983849913,7.58615462520167e-05,-0.00104950119015295,-0.00034334313317379,-0.00129753412056553,-0.00223504153447454,0.00185069733304231,-0.000447125914234507
-5.75200307741304,7.37769322261322,0.365534442472274,-0.167819798177931,-0.00619229628835052,0.00116003790991717,0.00267327095031555,-0.00374326758857716,0.00112341551867849,-0.000382295258764073,0.00146337077049238,-0.00320454760581712,0.00150686482446526,-0.000566246307704007,-8.83310682406703e-05
-2.20772507594106,-0.84856077350666,0.256675256913425,0.176846063361536,0.00215847866051245,-0.000573056814079245,0.00245297540469139,-0.000554448915069401,0.000369448171159696,-0.0013794284633269,4.88432283527923e-05,5.55004260523798e-05,-0.000945702280498283,-6.29424616418884e-06,-0.00079291035951303
-3.89800929816708,-1.77696766648638,-0.920688948316171,-0.130263067167583,-0.00486776970944335,-0.000849465613412244,-0.00763683546931403,0.00223468057450822,0.0017391400214312,-0.00036374199575198,-0.00202216705744911,-4.67932238646586e-05,0.00074481976693691,0.00135819138520671,-0.00191947507802519
-3.79249456745648,0.0753439582789196,0.359231420492478,0.183412975381617,0.00382229294931603,-0.000167857625258357,0.00631633988960648,-0.00137156826492716,-0.00144786300995923,0.000655897117874786,-0.00021498710737859,0.001149826218694,-0.00158770760794655,0.000813380580201652,-0.00098020468128938
-2.59614386217266,-1.72141713528925,0.128435472164623,0.179626440048894,-0.0157973445086001,8.77722885955635e-05,-0.00271098155119354,-0.000552725694680682,0.000885109006742464,0.000281283380241024,0.000595904547611363,0.000711019440903722,-0.00115646797430572,-0.00141747696568825,-0.00240729848815287
-3.77082792341128,5.69094095055736,-0.0718110852587279,-0.017083638998299,-0.00262372004523025,0.000740812056711307,-0.00145278269658067,-0.0045929723714132,-0.00064765474935864,-0.00106688702987103,-0.00352983616922451,-0.000959295458473866,-0.000221580359553493,-3.17698395054184e-05,-0.0022969825625114
-2.16258809011887,1.54839110158961,0.186247652148468,0.105904481389022,-0.0019137776219769,-5.13638698283891e-05,0.00587127474527025,0.000328794547528505,-9.35182056003888e-06,0.000497247003545193,-0.000311389496177722,0.00164636123564033,-0.00121460629674597,0.000280712992454892,-0.000130497131191805
-4.27162238996827,-4.08355330931559,0.337452156723206,0.233386281997981,0.00663617350041961,0.000100027416028899,8.17875365286386e-05,-0.000839056186331554,0.00073660372934104,0.00141068699085655,-0.00134791345432947,-0.00151098876892592,2.53930962508937e-05,-0.000430600921111081,0.00153613004662552
-3.53174039777496,5.40373389272885,-0.556924886095318,-0.0961559558939003,0.00441894167352998,0.000217964724513722,0.00588242267801826,0.000475740447756556,0.000919831253907071,-0.00183277500061682,0.00177082130841876,0.00226435112065734,0.000707790827270631,-0.000502308418655379,0.00143010057232376
-3.27889587904647,-3.78923949557161,-0.0141600758062447,0.11264842010544,-0.0181480826470099,-0.000682086391152908,0.0151823334876593,-0.00344404765734286,0.000413627182802324,0.00117039925027364,-0.000876625413789156,-0.00115100772074407,-0.00204230208006969,-0.000522443154943027,-0.00214836477898602
-4.25593961265193,7.79910694979204,-1.36204511394571,-0.236270268589815,0.00365613805136896,0.000981225619934507,0.0154827293714745,-0.00176072193966922,0.00122998226790675,-0.00054740258165654,0.00149252864909412,8.23607424967569e-05,0.00123213246729618,0.000867110499789885,-0.000111351813393874
-4.48957004429007,6.8612995380701,0.374338212603103,-0.13483442182689,-0.0150338681165051,-0.000511058117574501,0.0272808056438226,-0.00485831329359438,0.000592075635689711,0.000901839761340897,0.00128200671374838,0.0018892508350066,0.000802102730295374,0.00189254500513502,0.000557293095138014
-4.19770909954349,-7.1558706433725,-0.510590923242096,0.0642867092261437,0.00726509140798626,-0.00163625623682147,0.0137063277634637,-0.00437984881612396,-0.00124680760622315,-0.000193753146330729,-0.000853131001764125,0.00323224880106406,-0.00311297170590615,0.00336648893331675,0.000416357631326187
-4.04289520175452,3.51765558175868,0.976299619410114,-0.0811859226209199,0.00719147024945173,-0.000631712352230013,0.014215881129896,-0.00569257277906513,-0.000903381390688316,0.00137101131533895,-0.000829992208353028,-0.00258578100734752,0.00243944598994561,0.00139206078061861,0.00185909496679797
-3.69039307011282,-4.28884395354488,0.581354870759917,0.0945672126558737,-0.00406161686909163,-0.000114577917089872,0.0144480374175846,-0.00588504831684238,-0.000608692720532127,0.00283540178563614,0.00101600798276224,0.00160625529277152,-0.00077595365624227,0.00171755345244827,0.000399983604249917
-3.63470115238909,5.44489000308553,-1.06612569621597,-0.0847733712541076,0.000893609320383047,-0.00134597731374203,0.0420749110364433,0.00580630881829896,-0.00165458318166433,0.000884820327997994,0.000841254422097711,0.000525279455171277,-0.000403331733681753,0.00316147239973869,0.00496707827095248
-6.89531523781958,-4.65111129590549,-0.596478295000267,-0.0308344311025771,0.00735916310925435,-0.000184098259139826,0.00948496439541405,-0.0103955262462007,0.00127607877004468,0.000185167011514353,0.00123473040971087,-0.00121482757602898,0.00229781738242968,0.00187764948328963,0.00253365360811261
-6.60123458737938,3.46055467968601,0.0826969771316958,-0.0561385117065744,0.00755469086619226,0.00162768694266695,-0.00670075518346177,-0.00758665444850152,-0.000481282741800921,-0.000644407356195272,0.00100370639402427,-0.000221956879778694,-0.00522083414305354,-0.00235549851718739,-0.00673603602430189
-1.37390476839435,-0.798950702985196,-0.0235730136417364,-0.0212477797749524,-0.0112387401712535,-0.000318738764508477,-0.00428723669789847,-0.00118650137642525,0.000750799600931411,-0.000252855426283554,-0.000335539422074912,0.00055024918266844,-0.000308857018509507,0.000638044410920721,-0.000115661210323381
-4.62909899260795,-0.32976525011993,-0.125485609727748,-0.0463453239252803,-0.00688842799162831,-0.000391228589991248,-0.00215386320322261,-0.000739339796144241,-0.00382624013627397,0.00141545291190143,-0.00102382154476888,-0.000918204927051039,-0.00359727619654711,-8.46012824380999e-05,0.000179292379018154
-4.83350635976706,-5.76093154303528,-1.35549275741689,0.113435599599805,-0.00375851340202879,0.000341635132252161,-0.00372414501637337,-0.00269247348714656,-0.00108073455588499,0.000136610386152753,0.00581111635032208,-0.00513344915132616,-0.00399014549488478,0.00186461560104599,0.00182644272944655
-6.9476593948481,-0.383400414453934,-2.07497620497564,-0.216100079672223,-0.00320834693573347,-0.00116086105631072,-0.00984097794246629,0.00302350172975902,0.00176489724014253,0.000303293303961102,-0.0030781723735412,-0.00025847971166629,-0.00194745010308574,-0.000889981722730671,-0.000561291538244167
-5.31009847153785,2.6913348732912,1.74206700986195,0.0373146000005561,-0.0103235811183579,0.000257287448405179,-0.00811950915150207,-0.00238935629258543,5.23532776304786e-05,-4.96147905628804e-05,-0.0021804671343034,-0.000666828269992923,-0.00124466516898464,1.35987476775016e-05,-0.000373737222251773
-5.13897211808665,7.40148429126061,-1.54032176885066,-0.297853837575046,-0.000348718830752342,0.000532401467846697,0.00150801615634125,0.00261201699113279,0.00275091843490118,-0.00194166714291856,-0.00306165373809861,-0.000416598904694958,-0.00243876120529638,-0.000364466164670111,-0.000456760936390924
-1.24319037999156,0.164491350208968,0.015529268226859,-0.00424951943988275,-0.0106499242945781,0.000284397640444337,-0.00155978398471261,0.000607629048224012,-0.000179227017268577,0.000362709077400735,-0.000232921681262425,-0.00121747191254347,-0.000824113586707544,-0.000410697226632816,-0.000974150517374358
-6.34559379852836,2.94603961960813,0.728398781579712,0.367052171068712,0.0141308978356527,0.00200768517917127,0.0220989117130818,-0.00222571872748608,0.00268344214185001,-0.000356780640947934,-0.00272543819664974,0.00510219618528576,-0.00477754173477795,-0.00451908593859932,-0.00500854038662421
-2.03389915049115,1.23650245586994,0.516309677333373,0.00363846376937718,-0.0178268825874706,9.20044173167569e-05,-0.0043647912545805,-0.00124723738507612,7.17838223562686e-05,-0.000431606035273116,-8.16919437468328e-05,0.000980687669473238,0.000520206636119742,4.53421687739048e-05,-3.53249523547609e-05
-5.3425405499401,3.39669882828466,-0.7479603366602,-0.263307319437779,0.0122609150956617,0.000216305986066275,-0.0173048350791027,0.00154607100655497,0.0013281909279544,-0.000338638959132622,0.000101945677430424,-0.00265874558956461,-0.00150203635872155,0.000440231703748076,-0.000293933788250796
-1.43458203878137,1.26503520979026,0.119112200300173,0.022102666838278,-0.00215760476267795,0.000397893293857374,0.00479387786275754,0.00156873803038492,-0.000977308501383374,0.000142663511084395,0.000311305887521602,-0.00129747015046892,0.00067884309218648,-0.000184143282185529,0.000345651301432722
-3.5568752551945,3.16841588027647,0.808057982009538,-0.070810679880826,-0.006953132321801,-0.000701683818392725,-0.00588596442875978,-0.00278104461250834,0.000805735419606197,-0.000303856190067604,0.00112598471827709,3.87814394500655e-05,-0.00217651609308161,-0.00107485616135442,-0.00128736451454325
-3.93983871135337,0.520372097016426,-0.66670244712266,-0.0173035387483686,0.00220415059940836,0.000856961732589006,-0.0115264552975009,-0.00151619877288698,0.000202074943249366,0.000152111821593137,-0.00102024073476776,-0.000973128165234932,-0.001388859365589,0.000370221638215117,-0.00112518389294149
-4.8696117628068,0.524190421842767,-1.53533987695473,-0.141185566849958,-0.0296841455131134,0.000490026670497472,-0.00723838012102801,-0.00889129683896389,0.00058703604590156,-0.000812827650935346,-8.50203212272712e-05,0.00191921805885092,0.00197306966446951,-0.000833872485213474,0.00114567215965619
-4.48188792249745,-2.35617136728592,1.39638705372935,0.234196436145934,-0.00597796953093405,0.000689640101946663,0.00103164259960876,0.00309621877009851,0.000525203941408904,0.00332375807430764,-0.000629920153385703,-0.00297339351023239,0.00216720471088112,-0.000598789944743418,0.00245416766286213
-5.30093130810536,-5.14012604475278,0.444025837808397,0.123099857801302,0.00708770456488843,0.00110248150952214,-0.00554667435597588,0.00334745112461697,-0.00225664212470995,0.00259539092873937,-0.00278399780776798,-0.00112369741684382,-0.00161564888866369,0.00159426093591925,-0.00363807717696088
-4.25610706694561,0.942109085396505,0.651723642471103,0.168192658154011,0.00810977414707543,0.000263729461634742,0.00376891486941991,0.00292015960109339,-0.000766264256210879,0.000563053654186229,0.000936799747442055,-0.00191593603962196,-0.00199987232813096,0.000973436711282909,-0.000245753977703422
-2.17151090279743,3.38019295329625,-0.304923364127705,-0.060603119528178,-0.0128076364473456,-0.000227819149400783,0.00100598260735071,-0.00173724556987423,0.000289928189682659,-0.000362546456977461,-0.000256691570039957,0.000732345528445578,0.000687563847312833,-0.00131745130059004,0.000129344380822614
-6.33505382723887,0.196563157616757,2.22600949254587,0.347347641220589,0.0117312890777363,-0.00113020511701523,0.00394776677120567,0.00104992529725873,0.00154527662232644,0.00127140481035268,1.71391793843999e-05,-0.000441012877579225,-0.00466690730798104,-0.00149663734626832,0.000945328467440989
-4.33037976280353,0.915102263285606,-0.233634502294935,-0.0124213933254444,-0.000775716205203245,-0.00033472633347272,-0.00326858502412501,0.002308656580176,-0.000280858602713647,-0.000540641826377613,0.000880455271012532,-0.00252405506276131,-0.00186864700612389,-0.00224931999218563,0.00197084165851962
-2.34016506292939,-5.06018512210638,-0.594725009319008,-0.0273048609576645,-0.0108108836817588,-0.000236823721392483,-0.0108625963111765,0.00202523594541514,0.000332944967549881,4.31688422547623e-05,0.000214706910706916,-0.00223994307725303,-0.000856014118343873,0.00101496363496629,0.000317691144425292
-3.32802688883944,-3.05422387047653,-0.632800769473637,0.14748973769728,-0.000248981451692415,0.000134189876941637,-0.00378681850776293,0.00143926298814523,-0.000747514383411553,0.00112401618316041,-0.000676402057538097,0.000314296732814462,-0.00111602586731156,0.00188246303333592,0.000480107958141912
-2.36245373801055,0.674739887470945,-0.41500276110303,-0.105377467126872,-0.00448910138267602,-0.000428904614965583,-0.00846624651504559,0.000612277280309665,-0.00093459803645163,0.000266828265636052,-4.4152890632533e-05,1.47336361927579e-06,0.000564970750911858,0.0004249910896494,-0.000380972796129266
-3.06328288222118,-2.54464438931853,0.462232309161779,0.0885449571320625,0.00382236224577163,3.50273798745982e-06,-0.00388920151976568,-0.00235863727498489,0.000138053504125847,9.8678225010847e-05,-0.00112657851178494,-0.000735553638008421,-0.00181111566659101,0.00064847763820791,-0.00048415090949152
-5.97971940369665,-0.515143407626967,0.542790521151093,0.245643357030098,-0.00622787361209793,-0.0013714083912066,-0.0012662472994135,-0.00519475839942495,-0.00210730672421446,-0.00279609682910574,0.00514969805249744,0.00110892803925792,-0.00072910245862579,0.00258652203998603,-0.00105128876934504
-5.62501411478142,-3.56669182658161,-0.0187003156990693,0.304662194331293,0.0122252454287157,-0.00128638486082271,0.000921362762171702,-0.00304545373608998,-0.00151247576919658,0.000696113294128245,-0.00117318767844964,-0.000855981785642924,-0.00255354768611939,0.00213218371330114,0.00205384783988711
-4.35191838998348,-3.82797347863197,-1.23626587294629,0.155819699567055,-0.00856276960282537,0.000508877518509896,-0.00197037015887559,0.00440145098572717,0.00150347162160792,-0.000446848313017283,-0.000238663379010654,-0.00102794148910368,0.00040160843612529,0.00153344507930052,0.00172825877085717
-3.38981515354287,0.059522370933991,2.47715634753066,0.0842036777448985,0.00703414608240975,-0.000542576808706257,-0.00470582634093053,-0.00272253376678287,0.00142680908582177,0.000465408934643919,-8.73802463628803e-05,-0.000611029238116949,0.000629255122924216,0.00105758122657552,-0.00149435786543671
-1.78074377385984,-1.182576169596,-0.322392589946305,-0.064888208949045,0.00171644335323168,-0.000272496527155641,-0.00806563759891317,-0.000775117577395213,0.000950958641030146,-0.000523731385367794,0.00058335782401744,-0.000164272621651057,0.000764501730187233,-0.000260864813737169,-0.000465215239698698
-6.5523608536572,1.77632259262866,1.38638630663872,0.275743436332467,0.0150922578668304,2.37362919979731e-05,0.00204703616869112,-0.000147494666925281,0.00275701683403968,0.00186255054837443,-0.000288846791849108,-0.00216775045916605,-0.000174866226611846,-0.00119278653385812,0.00220029695275439
-5.20449217730002,-3.69629772986412,-0.425925420272222,0.210544894920562,0.000781990924062312,4.36536548892181e-05,0.00969095761896469,0.00029691937650139,0.000864246849082459,0.000104653197418013,-0.000147859222367425,-0.00296089280700497,0.000804732733534167,0.00084569654526959,0.000250962621225881
-4.13106086496507,-2.86986618493126,-0.020112488173435,0.0857611991755921,0.00495872319609412,0.000307036692685369,0.00106381196647458,-0.00189374495051667,-0.00156432158713304,0.00137885197077401,0.00138831136280495,-0.00156710903437934,-0.000496496558765925,0.000474957909225152,-6.64666681386298e-05
-3.86205672864478,0.203355655273641,0.45956372680678,0.147491637275996,0.00425679660741008,0.000231707878461899,0.00551523195801606,0.000127828868494784,0.00123124363785569,0.00100230259619018,0.000476071775681922,0.00202781061017937,-0.00179338473653746,-0.00128626886976584,0.00067970934081259
-3.88453906861015,-9.08060754332333,-1.93379312249119,-0.0693179708821931,0.0111479330996098,-0.001356590486388,-0.0140474159153286,-0.00286613067265702,0.00217417917235496,-0.00251503369574278,0.00094787487233203,-0.00081021926738047,0.00152711993884123,0.000796298015812168,0.00193155669277314
-3.25369331711387,-0.0301779251023016,-0.440382970171841,-0.007472382204765,0.00627352107625499,0.000419474085032924,-0.000325517949232721,-0.000785487837396319,0.00191343510013629,-0.000610993162968291,-0.00173626710092314,0.00191538733246679,-0.00117695526563253,-0.00162421845355353,-0.0012659168823586
-6.09012525321884,-7.79606950491411,-0.93077477724272,0.259445439720693,0.0166969081447044,-0.00178754548204709,-6.34431930340959e-05,0.00106139330450044,0.00274103229354088,-0.000914782346065838,0.00196146726194319,0.00045715778738202,0.0025632873712112,0.00120257459856168,0.00268846971164058
-3.29254932981121,-1.0322916958747,-0.47728400683032,0.175672062017274,-0.00313933998174714,-8.4608108876326e-05,0.00292563706787637,-0.00322343789202578,0.001364468145126,6.91744728140807e-05,-0.00199720786830106,-0.00135014520537966,0.00178186915638792,0.00146146516810661,0.00164638801580649
-3.54007756678434,-0.358767488044459,-0.249236008576721,0.0993152017465009,0.00743702458075154,4.09906326892459e-05,-0.000947564913371664,-0.000928849828269031,-0.000620876466894335,-0.000884681935335154,-0.00348236597360411,0.000697768941397239,4.11488408838493e-05,0.00102240357508545,0.000355414917595387
-11.5105953962696,1.51477088151216,1.32525860170613,0.179647478161173,0.0318095139961335,0.00292267155860424,-0.00494932249265781,-0.0114292712718858,0.00828799110135119,-0.0169503212682625,0.00181125383133067,0.024971601276433,0.0101361645249928,0.00581854608607651,-0.00896455074488747
-4.11389329805053,0.0764045849027112,1.35910152054393,0.277209323543815,0.00187031897183633,-0.000405080967502264,0.00461814961283164,0.00180217270469384,-0.0013944631484609,0.00148896098637632,-0.0004090477377602,-0.000916340433134475,-0.00166812589968401,-0.00250265091155243,-0.000747873876738955
-1.41386239363939,-0.684792635112986,0.260172448893851,0.0255304088290929,-0.00973651538275009,-5.84396437957756e-05,-0.00114908788181825,0.000757261199445814,-0.000354938107283503,0.000452380790087288,0.00065907581162296,-0.000411808457877863,-0.000194434360025321,0.000148513231041035,-0.000425770237907225
-5.66315408770668,-6.90768017423098,-0.780223938066808,0.0416986695204149,-0.00714058393152198,-0.000474211680338652,-0.00178466465413662,-0.000315689759341215,0.00363431102723159,0.00305240084429981,0.00243280561939237,-0.00071639826493527,0.00136956796818884,-0.00298868670767243,-0.000602238903188962
-6.24048196035739,3.15302950985117,-1.22765807922075,-0.0559783053521164,0.0112914460687159,3.31314438075664e-05,-0.0107419610599288,0.000958546664268192,-0.00131887468471847,0.00186410166155468,0.00180121566480396,-0.000288727487509506,0.00247160626669931,-0.000232886711707963,-0.000637538003345316
-5.16651097088644,-1.76261737145195,0.558908833421572,0.113270027173883,0.0018381668772052,-0.000521333352085542,0.00139122634500977,-0.00202905360956665,-0.00121966873526754,0.000455294116101334,0.00323272643135362,0.00184698619677661,-0.00384299784344021,-0.00127232846918722,-0.000861307979536713
-5.17355905358909,3.01735645645202,0.703214304936579,0.303007360231798,0.000641402535082892,-0.000454083305242935,0.00813764979932753,-0.00279477579699599,0.00247131155710719,-0.00094314684951629,-0.00273685385558334,2.36055849471851e-05,0.00139591703915227,-0.000800149133459398,-0.00145659140859885
-1.73621865647432,-0.672521550191969,0.925689030772658,0.0864673842538921,0.00475625423297367,0.00021603434527727,-0.00128704058196787,-0.000289936348604315,-0.00145941463800799,0.00135909781608542,-4.60205155224877e-05,0.000280918574221689,0.000250391841092233,0.000396931772099867,-0.000871892658520463
-5.54167608219203,-5.45993821532807,0.156152907935379,0.152550915002252,0.00150790462691542,0.000590766596812844,-0.00359313869057132,-0.00228923898785056,-0.00354714236873711,-0.000429640135515049,0.00472474132604216,0.00283699829239097,0.00173843980580522,0.00177316536451394,-0.00182236427520932
-3.86987065023126,-6.95884509164729,-0.59437668849551,-0.0217303896511634,0.012514681691752,-3.97445240981218e-05,-0.0104391544146074,-0.000898373170537602,0.00190212337755239,-8.88070849033345e-06,-0.00363422010711457,0.00171070947985869,-0.000703677724453625,-0.000332611957096074,-0.000104722508393853
-4.31520509043991,-4.9111059292485,-0.166420431886652,-0.0543637934775528,0.00842181934513816,-0.000448423139861649,-0.00946240024566186,-0.00332989706587886,-0.000364228276044913,0.00129931150180546,-0.000729919423543873,0.000152021192767128,-0.000103511917692043,0.00293526684253142,-0.000773020169627869
-7.97837366602214,-1.83836428823458,-0.195546923618258,-0.0540034574601255,0.0156687093790372,0.00201478218977926,-0.0199771987591394,0.00139061808409768,-5.84654935800872e-05,-0.00729572471821276,-0.0108338234063547,0.00124950029455631,-0.00506737185630477,0.00854567086837036,-0.00482271965257505
-8.04555325882822,4.1456168820118,2.89270778550488,0.0780126731630355,0.00947145870701336,-0.000431254554859345,-0.0059917080247629,-0.0051461044198279,0.000328866728791537,0.00342537303227025,0.000937297296878214,-0.00316494340676607,0.00217212343005242,-0.00205359097119298,0.00109243844344793
-5.23608843292483,-0.158369834947694,1.55192779206486,0.229918213255731,-0.0134690245860754,0.000724432148497916,0.00404295648470334,-0.000634611072886664,-0.000374413259568823,0.00117723780749824,-0.00190256642951983,0.003628205782753,-0.00289891036203789,0.00139821022123291,0.000845125964571799
-3.46696930042886,2.2884258863166,0.395691027356386,-0.00905788405188571,0.00854969057483193,0.000313454495593841,-0.00411347073759603,-0.00598156542334253,0.000949124607450108,-0.00021237586034915,-0.00033508084734839,8.3190373752403e-05,0.000309870989288493,0.00011073909167121,-0.000764808270903191
-4.08070565876804,-5.10538539811601,-1.26250664988393,-0.120253031621469,0.00781820746666158,-0.000415218692390515,-0.013115926115014,-0.00254471181163797,0.000564181159898545,-0.000628440399197544,-0.00278035262416215,-0.00181728487596927,3.54457785330747e-05,0.00209604420414655,3.9966139930044e-05
-6.39458731583523,-1.45585570959248,-2.25545679940987,-0.185715908309476,0.0122890237088604,-0.00234994259308812,-0.0133280282271879,0.00476342296647044,-0.000710097381194413,0.00173525974309309,-0.00111254822577637,-0.00160501452794529,-0.00182444614951607,0.00196497355831377,-0.00329190604784352
-2.91910631884692,-4.05614085255864,-0.451854444997218,0.0208331093542674,0.00468662579249468,-0.00048465231213382,-0.00955736725944351,0.000805928063918756,0.000452862667097222,0.00108811806071907,-0.000723763828357262,0.00194952095896617,-0.000748184448335153,-0.00021668442288325,0.000592380816538488
-5.64625424320759,0.622939917265082,0.269996536719254,0.211495382130371,-0.0367390855718875,-0.000877284852579406,0.00617909339895168,-0.00327580926788203,7.4881655818406e-05,0.000596442596489086,-0.00263987717357854,0.000396390480343681,-0.000100865113405801,0.00213517193178932,0.000559838973663651
-2.61744790884214,-2.06030910415646,-0.0680579259672723,0.116639721429642,0.000917690008804833,-2.7375780429125e-05,4.90970439955432e-05,0.000754345583133082,-0.000541677087210093,0.000599592140281314,0.000704378861243614,6.8774537837741e-05,-0.000973711519463364,0.000376223694353705,0.00081419563911172
-3.44320273342194,-5.76609855933342,-0.120696435193014,0.0938352113226747,-0.0221905984363944,-8.99872786307539e-05,-0.000822484965138681,-0.0023781923465826,-0.000145761674564934,0.000480614552755622,-2.7439772205035e-05,-0.000313906384889494,0.00175173152237403,-6.7206387967085e-05,-0.000803566308280566
