-116.791059512957,231.910356059248,-35.4373330194491,77.4715471934842,-90.3762156492519,68.4529881886459,-1.51973206115515,13.249752492855,-19.6336464238482,104.070585447501,-5.93407789442339,31.1855649897051,2.07825394069844,-233.506639406495,-1.77630505023186e-13
-70.6948043916535,-102.563059316228,60.6673081176307,91.4838761007175,15.0599349465729,36.8305930164707,14.4869252151798,-68.7079637176462,-60.9457247601899,1.13813503848228,-55.3182745590305,-31.3961873817415,23.5295337093513,121.819469630159,7.17856336675731e-14
44.5125485302837,-26.342140309393,75.5595066293812,236.15856979323,12.240511014988,64.5368117815817,25.7363684616012,-25.1443431713299,-37.0403932239836,7.76939943176694,66.7126638809968,-14.4745528879408,-51.8919260271153,-106.38235329388,-107.058916278098
15.2938269376875,48.7383510125115,19.8057480346289,-134.312319712155,-25.4649463134501,-26.0823330788514,112.416506416342,36.2123476220205,-89.9368906354436,23.4668804872517,37.9847438167703,42.2119771431625,-8.73563274478875,-77.1911544249919,80.967904068337
30.3904090626732,-316.699768279002,13.6340230785354,42.1683577362135,15.7007372670169,94.8970662513207,13.8512715767928,34.287687407358,96.1375656597577,5.16652544511469,24.1312431126617,-35.9099370215574,-10.6406086961818,113.801181582026,5.33479896882815e-14
-68.0044585757566,-10.7308123848032,63.3154264259763,113.236763176106,-21.7513136571773,1.01306517719125,-9.7153692231893,-18.9926599687177,-57.5291668471224,2.66134068545207,45.1342708810884,0.22879956441441,21.5989923768805,87.2506111864545,-3.04077540397779e-14
-109.837126038538,78.9424348799388,-30.2698169488206,183.580674562055,106.547125300188,-61.9996280377942,11.0148994325531,113.630868638066,-186.78425801983,-46.147599004197,23.5863095296023,11.4829240287085,-20.9964912454116,165.517288370968,1.77746896055403e-14
-167.667781843551,-60.8223366865831,-23.6207139894359,-62.8278331078753,-14.7421577630693,-6.61276758289956,34.3513819950062,65.4007401083908,104.519885810311,-41.0603551353565,5.76186333418041,-5.0718335285823,26.5391793764806,36.0766822434297,-76.3073620020441
10.5613357548273,208.19419285419,16.9780039391166,61.1674693630573,-34.2957793189938,30.1314145328702,12.4259881563157,59.1056322502662,-61.9884223107058,5.83173234244127,-55.757069951179,-8.41153860230743,-27.73731542625,20.6567094499802,7.86589396386488e-14
-116.186596555997,-191.684412758701,105.459126046449,48.6501714583316,111.33081859204,62.9481976695764,138.439469423893,89.0732642086072,-51.9255243233217,-46.6646947851601,-38.5667974626871,18.3769341622514,-2.2378182293525,5.44255990119024,-6.78834019270087e-14
-313.037760888415,-41.580127926402,187.0714873101,-159.970002284553,-64.2743055298138,29.5225215469879,25.6377923778181,83.5556040801219,-38.4434893671318,-35.8500920407043,-40.2653543020644,-64.9188969033455,129.996288472096,-10.5727691396804,-2.23533124755874e-13
-21.6619910111047,49.2550570666124,-23.4677705095637,90.6308130620976,56.5088772494412,39.7006537385802,45.3179803936703,-184.844683224734,131.87238093301,17.037069875414,18.5532889867036,-30.4904234914854,41.224735186929,27.0712237180415,2.29912270543397e-13
135.901311828762,-147.193101900509,-0.797412820786974,113.455425530135,-887.901935731315,64.8849374572043,-18.4866773501102,-7.78884478018572,107.440001330572,-45.6553888719464,-33.8538850867617,64.8096264158423,-31.5167839924035,-31.0426924306984,1.46592414733125e-14
-31.0734396782624,-67.6636064931345,29.7549553254866,137.407276510853,714.883773778854,52.2095231145024,-115.450732409663,53.0290743763916,-42.1429485669731,28.0853336763547,32.4401731647493,-67.4184501489204,-16.2734679526568,-38.064899595228,-4.64626998377755e-14
43.2737053255386,-1.08781121369677,-75.665569024722,50.7179572178078,-91.5428382021132,-7.8812356452383,55.4100430113092,115.159708631236,-49.1695732352643,9.62638498657325,7.57202354172581,104.433905534703,-64.9299068841661,-36.6802322187371,-2.02305796278258e-13
-110.198982641095,139.453524717865,82.6139654546777,19.0169837232931,-890.237417700873,-45.9721786729059,159.337347893767,-137.160454291131,96.8909973876318,-46.3570242861361,1.46405079901683,-12.5790452412247,54.6589085136217,-105.550004319953,-2.60635106563316e-14
-225.639603709953,8.2104293953591,18.8223005788633,92.4708511221109,737.156084044426,90.47392380777,9.89640098878691,-8.83963618212626,183.29230634935,6.14904628622521,61.8040093729306,60.5871484213777,-19.0462692509103,-28.9636786032159,-1.46974754663262e-13
42.8862614080652,120.916867291934,6.71246099825882,-90.6468667778616,561.861144142657,-15.2687159080853,54.9833844398378,-23.4570542645084,-31.4652734275563,-110.579635818609,16.6016861325874,11.411838781669,-70.8821276189507,-71.2497274753152,-2.50623132283678e-14
-135.413681011564,-228.623405484102,-113.54696447636,109.765238676423,-875.337681316954,172.142286583947,-33.2662379912024,105.422995072259,-22.7913138817973,36.4338685667758,18.6150262233893,41.30933986682,-153.12675278058,5.56345018500948,-6.16291234342754e-14
237.157992594919,-9.04652088381072,88.7242723154811,-118.417396408872,291.873661071778,-58.2840771293042,-126.869094092742,75.2181173895447,123.188971250379,-14.8572481311802,65.8389527155381,32.0240177930968,79.8352028684302,3.72094401969265,-107.739717613709
-35.0301184807661,26.4162742306316,63.5314455409833,180.911841442403,223.218675205789,1.4758673294018,-5.98197648057403,-21.2316473122446,-87.5243882264448,-65.262341722555,-30.3438982646354,19.4056109386177,-2.21611359636049,118.638691064487,3.58810126112182e-14
35.4800617896217,129.558655137013,82.4080633304789,-261.958492390479,-762.731082626516,58.494202381097,13.1458310367179,36.1831494099854,47.6386703768457,-35.9852189697954,24.2399110261294,-4.02654529333733,12.211657893512,-0.377490325183329,-1.20954674893751e-13
-35.6453287639354,-28.1268695574604,-108.9817095493,51.8995197636941,562.624111372148,-54.9925458089452,-39.3831109885027,-90.5453106400661,-90.6260574239247,56.5651308954582,3.1789271551188,-25.0583343298994,-84.3511468935643,46.697483373042,94.1663326364277
11.7240644872384,-72.2642686856953,60.1559991238067,-41.4057003968351,-641.9983698563,-77.7888512564941,-4.68846902819439,-21.7859175599396,-112.373667701933,-4.91036842468131,-2.25364651626722,-7.61516583432306,70.4071276015966,42.9643474415468,-112.090276942176
-3.71867651242997,155.480328676601,-99.3281915468116,-168.864533516612,974.063897352634,-12.3821667830067,49.4382376400932,-81.1661631279512,42.3087453629384,66.0233718709938,-31.2400878233198,44.7625077451116,57.2962570047299,-5.52170754784362,4.4341071548349e-14
95.2521312902027,149.855534144702,134.715855599131,-78.3355507339817,663.832733669241,25.5356518248207,74.0773221272911,-8.95806030670761,107.711433882508,-60.2335470879588,-3.61419863791969,29.0968999387121,39.9991114382631,-7.23484025712721,1.16602552156068e-13
-49.193126510256,-162.04677746349,38.5515892203538,-68.8871060189694,930.886488394816,-22.9902738781715,46.801655330143,-15.0942334488989,8.02869701135042,-36.6467850029351,36.7803639777974,12.7317987882387,2.72637883747583,-12.9470470500326,6.9508317293231e-14
93.7046831595491,-69.1372252949941,16.2535007601814,-9.06436442375887,845.895494617856,-43.4461232413175,29.031219874019,-49.75091650932,-64.5280194697575,-44.3197113395239,4.57546378721462,1.66524205955539,-5.36894548033859,69.6435691347829,-1.13556913312441e-13
16.6117155990383,-34.4621145246259,-28.9366626371835,-88.6741061582698,-224.333381742196,-6.62172292375127,-6.13096714421684,1.18560142861071,-23.4280663290321,-38.4861337108411,32.4256557249501,-38.7337765178548,-1.03076052654293,15.3355650466853,-8.38914461331016e-14
-22.5059408537253,-55.1261909764668,-125.012144714517,-60.31135714728,353.641787955375,-40.884451501062,2.24496514050687,35.4754835977678,22.4888327946137,-31.4261933080425,10.6999993322873,114.806451742759,35.9366870187911,-52.9983081051188,-5.44609975535512e-14
95.390285830723,51.1930689642997,-70.9691308327523,-8.56882279163567,1110.43534078689,23.1798653382955,-13.8232049396154,96.8315490771269,59.7831454201067,-13.3821339055675,-39.7486206935716,-30.4917629618611,-53.3245274743597,-84.8554305941541,-1.7537429684251e-13
40.7062969742327,1601.81435469724,48.753261723663,-58.1234738486395,676.939910926581,75.7953337230724,57.2221303792,24.6030970329458,-40.9244178321675,-89.4978050098764,-30.794760961992,-50.6191312918458,37.4916964807414,-274.840781981119,-1.09734882925287e-13
-64.7837706270021,-371.700398567762,-150.680563757783,-300.207341448606,-33.070237375274,52.0259436432545,40.919430390024,3.59004826604025,81.3213716531225,48.0640463342398,-24.5189149737113,51.0570900849524,32.8965458647616,-51.7638419209984,-1.88137692252595e-13
122.400741420325,-1246.92475698412,-42.6040453369679,114.638221902557,27.8481507920181,-24.9079552661085,-26.4902180923592,49.0822319079243,-42.6185075932103,63.9332373724799,59.7453043893022,10.0875928049516,83.9273881591713,-32.6337615499619,-112.009040967499
40.8763483773424,1020.49703347865,25.3585588969546,288.193848620856,90.794909155565,4.16169309309198,57.9007825788843,-14.8988007891394,48.6666310288046,68.8417425375818,65.2062105603542,88.0550982526049,-31.9170233348763,34.1766758588251,-91.3935371116819
-112.223122439247,2105.10366876958,-5.17607212198392,-129.180920590192,52.9143817143752,12.0271090722149,-19.2997195891639,-50.5553969751072,-74.806761599682,-9.52082529956578,-37.4507212540776,47.3052870883594,-8.07104730602046,36.0506529493726,-4.41876915653139e-14
-28.3086406143362,871.71960094624,6.90952795844298,206.675174743733,-22.2742624675557,77.0492653834068,-14.5168420790471,12.8647832088719,-54.6523725347276,46.2701184594394,62.3287311872623,-91.7134583622266,-45.2368771056907,-34.4326912930931,9.53901527678792e-14
-61.6253801449738,-1440.98595407627,73.1855752991312,-386.655464677555,3.22258179241185,-83.916157661687,84.9315275690261,-70.488775973144,54.7054876607711,90.1147823393136,-2.0963926369478,-68.9444074785835,-36.1167698075649,0.40430400036154,5.85113166806465e-15
-69.0407884964386,1170.53868848041,36.4013686549933,-138.260031609921,83.9030939076125,32.9822323413453,73.4278759605607,131.13389872893,-74.416506528726,-8.22386308334242,-11.5360984372076,23.1776718566718,94.1102702321914,-165.363241581893,6.04197911162995e-14
-187.481437178549,485.039657334905,71.2296787349624,81.5082186885527,-42.8287861859986,58.2108038939696,-12.4808234059983,-75.1141918413269,-40.9097173512936,4.74467489027756,18.3800342369755,-16.2812810947716,20.7666752572396,82.0721600111665,181.898688176521
-34.4645085992899,-1373.27720737245,23.0344218741253,-2.79372150509702,60.371034992361,-56.9627949518165,-51.6171271174406,-9.00288549186134,4.85106320755248,10.2485249573367,-32.929600195797,1.96888473673353,6.12847876690034,-36.5470662560129,-144.382057246178
25.4806354808806,1222.80420652247,-110.795333761671,-74.4967465281269,-31.4368155391824,-18.5501186657259,-1.22057579838297,30.3953204006457,-90.1211224492859,4.15123972912449,8.25767091703654,55.4429180211321,-10.7749062940948,-111.879841281902,-5.65652184042866e-14
-13.5900498830995,528.019810042907,-20.755429653775,-126.630868011612,10.7122644428934,342.224254481275,46.8701497072844,84.99285785184,43.0405385272328,34.9706796954616,-16.3870005483258,36.7360259093122,-11.2295442001109,110.596375219517,2.63759496568481e-14
-94.8176462744169,402.366279920632,-19.6256989979348,184.284954076581,36.0112151855254,605.868276655752,-22.9880300108615,128.227164367802,63.9961703503309,-108.730736390936,-24.4996922428541,32.067866238186,-22.5308984954908,109.153259504562,-107.009911414716
51.3369968342244,2402.97681332494,30.8064460717327,106.017820723537,-24.1720028977735,-407.634075706255,-94.6083817435683,104.046537407493,106.371986778164,63.2999884699651,66.8884862701363,5.25868770657923,-30.4125996059119,60.17089522787,-1.88518538173342e-14
180.992799922589,-158.117760472177,-82.2874678529941,-34.5654358385949,30.8076563812916,-601.464860849523,-133.084870365509,-60.5581844786839,11.9452562296567,-58.6482744690069,47.56390966365,-105.205263390195,-3.12180587761068,51.2791497822766,-4.26727722402137e-14
-51.75421532883,148.283174354129,-46.5795608083687,167.887150292355,-79.9101372825615,460.449374885259,-46.0415108364444,-11.7150271175938,-34.600256537415,77.573588469245,-73.3466005935276,-83.9393036363082,29.8297478269864,-22.3527728332225,1.07050545812677e-13
-44.3839914733065,111.183539176557,153.115578395155,39.5225420105758,55.6379960604452,-564.706289271449,83.0470264895568,108.811945097133,125.12375742548,-77.536731110944,-34.7467474696335,8.96893369115471,18.4178330068553,-90.399590174779,100.801761066252
50.6988532302972,-80.7300267471671,41.9001843421393,62.9355279383644,28.2712270331778,-280.431010111312,74.1694888026297,-37.583621263092,27.6030664444957,-24.485881101502,-2.08912179156558,20.9956104045987,-33.9926198700711,30.5868501175175,-8.18271048015806e-14
58.8815680743208,20.9579345485044,45.4596600037348,224.950848538181,-22.0524893323494,-551.653059276834,-72.1576587223494,51.499996947797,-22.6843437099822,7.43369514931747,37.1973421970422,67.4744704728462,0.218642645881485,20.0148805785042,-1.49284139601805e-13
-11.0676300105019,-45.6988489752836,65.6077288337048,56.524798284751,-13.4406794306123,781.352040305597,63.8571952844346,-164.100797372435,-56.2678007467851,-3.8344059056342,12.0538674392371,31.8886687475703,-71.2869006289265,79.5812123968096,9.76430434243107e-15
-58.4737698099372,65.1827303910259,11.3269735721947,-160.747324038062,77.9318643338743,-431.716997425188,88.5341516799976,-86.6293738635319,-33.9838554819664,-77.7988890347951,-58.5970682747506,-0.66524911011047,6.04576897949265,65.4546383413118,1.76845367039192e-13
-69.9206136613156,9.42419235421312,-120.005802854253,-113.254824567279,-27.9121503874818,-321.177837928881,-3.60748988846916,18.5841647589367,120.582103339961,-26.0272851624392,-34.2990905014814,44.8227445188064,-94.0776016728081,-117.447166746322,-1.09274680409756e-13
81.2801856207287,123.595492226492,-74.1410663690646,21.0043440001588,17.9077669498109,-654.553002431268,-83.3194737853947,5.7690126132582,5.07422308033586,28.773621717385,-2.42844133394036,6.28805045515905,18.4870074887214,45.3172718567018,6.80751648002973e-14
23.2186878054444,-21.3315656955476,-41.0338971844554,-42.9988690991901,78.8179120452729,999.494644832909,-56.8354922594763,26.5848567173028,-9.68936741291196,43.4908561379662,93.1619715094647,7.31928858208094,54.1815895454544,-4.29091318245551,2.97727804533317e-14
-162.105936882808,39.0749515615022,-38.3154102787261,263.713687660028,-17.3821606145076,792.525296826197,-35.4496547711375,-42.43931710982,-40.8503869116617,-45.7532828791974,83.4572465477057,-95.5410232557402,17.1858140487742,27.2684265786814,-134.724130558482
-16.2300723486791,-6.56372270310575,-53.3697255333955,52.0274348563797,-5.98631770137472,13.2241739564764,-190.52785849221,9.44344072185945,-41.0666164652678,91.7842489951839,41.6326242318928,-7.93487345816348,-8.88439795938424,10.884348144373,-6.181468819244e-14
-34.4372250190575,56.1629386180107,43.4555228853028,47.9108358130254,-26.699005216789,-46.5410467701397,125.279578427408,-37.0592712520254,-91.1436605526566,24.8545098382838,10.2656988559366,50.4314865287427,-20.4470818795607,-229.467983407291,2.13637385293549e-13
2.97750925048882,-134.574095408855,36.2024256964202,-224.941222587984,43.2145260879173,41.5420955494924,-88.660211684845,-26.1665550398943,-15.4121881589018,16.9516990830228,35.4589174422294,46.8208895677501,-145.061926341238,22.8058580653315,4.58378141979313e-14
-75.3319781849448,-60.4521417831271,-39.792971250693,-99.9252011421625,-51.5505473460826,-2.13232739432949,42.4045266137767,56.7219328151131,87.7608570915833,67.8426132535112,-57.1174940126768,24.1361472026444,-48.2809529334749,78.309125114215,105.916938820822
-23.8707874203144,-30.5824461088616,22.0472213070551,-28.6035416954492,-0.637895320831592,-4.43213898055799,16.4603909709042,122.960602783664,146.777559731738,33.8370991076756,-8.03593300016285,-26.4352535454304,1.86637676366434,-117.743613944145,-7.40958356119501e-14
-80.581811800971,-41.2838636047088,-35.6017346689589,-260.061331459089,28.7565282127468,20.8753314003635,-57.8623099421623,-34.8903727645029,19.9685627797758,-21.9223300667821,-86.8648470389157,68.5152981735542,27.7317426999947,29.3685543585725,-78.4263869940145
96.5910882526702,1.33280314350186,-119.007259836722,92.1999723272541,96.5453710644098,-81.8130512888767,43.9469119917319,37.6018362300789,50.1158091411246,-28.7556205117054,26.3582737614176,30.1636359331789,2.13613048731873,138.853248777313,2.20725771351565e-13
-102.122686654479,-100.366713785431,109.845839625893,-72.5644397792092,-2.23630294495872,9.81798827164341,-5.88558329565635,269.205968731056,-33.8907231742214,28.0222266669427,-65.4329370328154,-10.3434682136215,-6.10613339184379,16.9936184380657,1.33269606624603e-13
-35.721420436705,143.364514051351,129.655077468818,-282.258127441736,-35.7818011028451,-82.9647461990722,34.1680194061535,-80.0793448301281,26.6551562478722,103.267960425157,-21.0163685915755,-40.7060160047102,-37.8775499102738,0.906901631646322,-1.2077677535842e-14
86.3219016347914,107.746793522763,-90.3230275254166,16.9460635887155,-28.9193523096927,-22.926706615606,29.9100870460746,28.6151095814208,-45.1353124830966,34.765524295545,-16.7253408983632,35.6840642738024,-41.1212815948745,39.4248331559419,-132.280129392268
136.943235478938,121.158741409494,-74.1218306574736,17.3154329824303,-76.9121116560489,59.9816309610391,-8.49088584219055,103.011738585201,-138.75253070231,59.2201298917703,19.1871549352856,32.0580276078665,-60.4915487342437,-21.1450497529171,1.34457996383656e-13
23.3462391353978,-86.6199627725382,19.7711751026776,-76.4087053625173,-65.457800605492,36.1676206841118,-46.2655314179707,-22.3608056231437,-5.52001256708437,-19.6573755858628,-49.1250133387094,-60.6667753361376,-22.7611005367219,51.5581676459844,-6.10955892095191e-14
-5.80058334846082,-132.938932581531,137.632204905047,49.7792830330288,90.103572343332,-21.9463496225568,7.95229663939157,-16.5285636631956,3.69509411806296,71.2331357484643,61.0113062888306,13.2034089867384,36.1724714110915,-9.33358356198872,-105.458640730272
-38.4361373680265,-66.2014981349889,-57.1101590058943,84.777592679963,36.7016373041826,-20.31667251985,89.6017099481964,7.32694283769863,17.1031472674741,-66.0817255161706,47.5720890005753,-9.42048665144219,-99.689991393955,-666.40002767057,-2.01491994138662e-14
32.9861835409409,-231.879820797828,-39.5541092893037,46.2715136769615,-14.4306005549524,10.9244637882517,-61.1958203465344,37.1320679339967,-7.98854956528993,-63.6240247016458,-31.5335899521476,2.57845752026747,-31.9116514197184,-871.283436914813,2.7106290536629e-14
-6.79976304966833,-134.546522606893,267.74129333402,11.7990752475574,1.30412325829093,62.213050634508,-15.7746782293272,138.896025662326,122.295255057523,31.2879636246607,-2.77761741085305,56.0122305047737,-8.55575365629111,-248.41645257709,-124.547136659446
-171.150678948768,-104.806940438747,22.9907793224238,129.389813327546,-58.6385034539178,-31.6428773847896,35.1001329184944,100.464073683682,-21.6920541365761,26.8568477194627,51.4580641402242,-53.2566032673196,64.2743276859341,-660.640407316923,1.53765028305466e-13
198.356815363847,113.390697002005,-151.732735097112,-112.657364611265,-13.9584812825627,7.37270594546743,-55.2706452862928,-7.17292808129508,-41.303896933374,-1.14054594451443,-87.665008761816,-73.0568157611465,-113.992158152475,22.273145279249,-1.57073680662072e-13
44.6098843589504,-65.3232781789047,14.6058782792025,-1.17133069917148,-12.0645093472092,4.3069283718243,72.9116715555586,33.9124826313751,-47.7905867872605,20.9865781210631,45.7896242013119,-78.735908965209,30.0037815873911,-561.806752610514,78.1314190575801
-39.487963150064,74.8475384731282,-121.408439716618,111.122579760107,-32.8941426362942,-18.4810748573634,31.0073946540661,125.067216336404,25.5842809441062,30.3788213244635,28.1569838023908,6.54465629690493,-24.0775184879975,877.796331622258,-1.16033085577445e-13
1079.82856106073,-235.743116880711,-5.97603237034456,-109.05582509647,37.475009795967,-62.6430367489576,115.950305138757,5.78944048917061,-37.5636311485478,102.491515709862,50.3852625513966,-8.23364557301026,-24.9201162988809,109.096820574593,1.59423898699784e-13
-1538.24491548651,-55.0020815014786,40.7710195827181,151.987182772319,131.282855810159,-24.8562328109848,-29.6490288877281,9.66166319246383,81.1777343221258,-42.8314952396879,1.26585023053202,76.9283312727384,4.41126653054345,21.4674076788287,3.56948373743062e-14
541.216613292207,-136.347184140702,-140.238039906395,41.8834549583505,-53.7948602176305,48.5122155903733,81.7828001718337,-71.9225968566879,130.068434464601,-7.47518165660905,17.0681394620077,75.007625524893,-55.6833977862876,-30.3721668517158,-3.56834993446844e-14
1288.67113678413,-24.1876436754598,45.3782107520641,97.7365751643693,92.2930523923548,70.671297732729,72.6154951584442,82.41500716816,-73.2440338727243,-21.0966471920024,-12.8836274448248,-30.2978303234477,-47.0977650071805,120.632194636017,-3.17444713468654e-14
-2647.57339199217,-48.3021886421124,-101.453116595966,-60.8788462391789,40.2100876098059,55.8345538443159,-0.946141095794982,36.9606663761892,10.5785480287586,4.58968716111401,-1.00282864619728,-6.48695513986435,-40.6781840982579,-42.7255752679549,-3.37324294132911e-14
1559.63793843201,-19.4531533309599,160.706114899971,72.4861758791775,7.49570996809249,42.2389299305817,85.7863423171698,-121.609045776619,-134.732186274018,-25.2239526618245,55.7542751939511,66.197118755731,-60.619709049924,53.4338648183962,160.286916390959
697.78188822718,25.7566369192132,-23.2615245626241,38.7596238906916,-5.33663874881064,26.1167638356808,-59.5071579808481,35.3315825935416,-58.8913253712593,21.1973103306724,36.5702572956312,2.87936417088669,-12.0419484685815,8.38673171291161,2.41219385774704e-14
1904.83547830814,85.1812622399593,-41.0890410974521,51.9934700812892,86.1998143529967,-18.6498932088468,18.1091603548761,106.260281646126,-80.3565049555226,10.0241786445426,52.4007911816489,-22.5477977193302,79.7723543093161,-174.156827400361,-6.02019976339267e-14
732.057260230092,79.017108229384,72.6412902841894,54.3477172619967,-9.06747801751946,-1.44302472257667,38.8066309084325,-77.3548132667698,76.8761811713069,14.0006135207403,-10.3613347000176,28.1437283936669,15.2622943299926,-10.4756399782516,-1.01428847872736e-13
1153.41254574736,-26.3605373187995,-90.8200966651636,-46.2421138502809,14.956200824206,97.1203466112815,-90.9419612120994,-29.262618423035,67.0167190958968,76.6118904656997,-56.3474803578947,36.5603373453425,32.3799971112206,10.8123009435244,1.27702043724618e-13
1681.3019774465,45.9264921963113,-121.841788131353,-4.77279151178026,-63.3458065652958,55.7264966597605,2.72358606167575,-20.3311832264641,117.473503125866,-21.3224617277256,-57.6391440102651,-123.89398411629,31.9107546638265,40.0753815423004,112.002462341721
765.49753374926,-86.6160769931836,-79.4715213543576,-72.2684723417911,93.4705704699527,40.7909406020143,36.003004617695,-53.9791826542848,-31.4899222580541,9.18078192500511,26.1675247392872,4.8190256998577,-38.6915977418635,-116.764111112284,-6.12653458753396e-14
57.8224814769201,21.4144202633659,31.7680216037406,94.0208343230021,6.31801672280648,-101.230077909227,53.0669241277492,2.30164271737531,11.9523158132207,-9.11482598058468,31.8834193862371,42.0776130017591,22.2164148324346,125.952954544449,-1.6284897312192e-13
-1531.2138131964,-37.197627242648,-22.595592644603,-134.027531869348,-23.8614401707451,-15.4411246537042,-13.0391073885755,-79.8851940849703,-78.870425096247,32.9062553891853,-61.9605687113572,14.8145152713439,18.8183684313484,-58.6132280255005,1.88452860118171e-13
-1089.14230047819,5.56910405157332,-15.1341728085969,128.357837201317,-69.6258522774254,96.6308673176547,27.4017016927548,102.099075024348,-116.351205360083,-6.27531665712335,36.1954037712645,-3.08174680563758,-84.4720387368399,-99.6207307200824,-8.29461262208385e-14
426.238876484728,141.469320182096,51.8694668024579,160.873694084869,-30.2955279631965,9.79836082947187,-59.2134617946567,-14.3369151506232,-119.900324841559,-28.033411999781,38.5707111233498,17.5857604059136,62.2365494236615,10.8114941088605,145.21995931011
-221.90530311958,-59.8100065775312,-55.9824640399145,-26.446207100396,7.29240918556046,-36.638972339177,17.9091693529348,24.6771186493386,-2.22320217867158,38.347759092445,-26.9571592040826,45.997563341887,-39.8711289695209,40.0166033383161,1.17168442902023e-13
-1277.0292854008,-60.7559932188013,-62.1111395498438,84.3381602867455,-18.4186907248978,-73.4081899855267,-25.1541901977921,-112.348162716619,-75.1251980912712,40.7361786079301,-12.2604682985823,-59.3737694553615,26.3814816498488,-29.6623583193903,137.183134496469
-1804.3007932419,-167.0078558214,-58.4916696289751,18.5184842499362,-104.165708604695,3.35125719735603,26.9810785929006,-166.1002564311,-12.6494266209867,33.0480147311857,11.3443770441521,-24.0799010878982,5.8830149435762,-119.243446039877,-829.256367997801
1045.86804254692,141.89083045341,-18.9430116256578,72.067773330072,-15.8519056216889,-10.0058425261237,48.5561621740441,55.5302207002488,-134.833220727387,42.7329296280204,3.15822507693612,-61.3671048095048,-39.8194271534083,-148.279027146262,-162.969168222976
39.8482069706198,-41.872530218195,62.5624111314942,-28.177385379101,25.3284678814072,9.99476732365206,60.136576030997,45.7928869677615,154.30380869088,-88.674001783079,-15.750098843828,-43.1413287004476,37.113390512081,-23.8580972246558,-476.675968436871
-73.3955949525591,222.055257042391,17.06866992533,64.0764815284238,23.404050029841,-71.0617784026386,-55.2689052511473,36.8175511859968,40.38615178286,-26.9889635455418,25.7162589301509,-61.7066385156263,-33.4976054922635,-87.9641375134962,827.311057706307
-155.859136198475,183.217891984312,49.3948320813965,120.848298456774,-14.1329672447908,94.5540363079715,73.5033001151924,-55.1704132293902,31.870133467478,0.433521958258477,-17.1008437829238,112.322508073741,3.32139244126403,-5.546757033795,-908.094974262779
57.2661137061405,-141.852034377894,-38.1045473126028,67.176858541543,106.590850581455,20.1433980771863,77.1418529528643,90.4665790511157,-89.0330034604009,16.456985931576,-13.0284769353732,-19.7556760308787,62.0189163735596,64.2086913901532,5.38765449208909e-14
93.3493811289097,-28.5777662175544,86.0900276617349,0.415707534542852,-70.8633847974966,3.29909150956707,-8.66452382795736,40.0770513035473,-27.7339373987852,23.1513316453509,50.7665316720177,39.9488112708687,-74.0500331199428,-134.140931020985,6.75196327604659e-14
7.56978966648602,-174.168485964933,-87.9303642714489,-4.52167515012296,-19.9609859085012,-125.249738196846,54.1755279588749,-134.296092067346,-122.749770900452,-32.3892042867053,-20.0570326841527,17.9731899095405,60.5615846908716,-101.370585178771,-1.61454726774474e-13
301.175855978152,-54.0380719535121,-16.6406265014279,21.7732911673602,21.6586105840441,-65.3597671801933,-30.1536460517722,101.775028109601,114.218359702919,-40.2386581127951,-18.9369455907902,-4.19995225287291,45.856486867095,18.9423946234875,1.82790417752496e-13
61.9392025443993,34.5651731796833,-95.9089895297239,-111.912713373911,48.3758757660898,68.9112119639925,5.26624376300049,4.64907464846124,-37.4221030197342,-66.6168220946603,29.6825067596879,-13.0424877732306,17.9807574858923,107.443006888747,7.00306984302261e-14
-46.4549691660683,-113.309001084631,-67.813963156439,19.9630433162482,11.1840931677232,-72.8334558122404,31.4628399189992,-52.5691509453645,-42.970224883156,-40.6536580199471,39.703091425472,-53.3431504278626,-4.47754565810923,-4.51406630886888,-1.98523901670287e-13
-12.3194736075858,-185.131769864501,-12.311979479784,-40.3676985179146,80.621033188201,-30.7440882642874,44.4926948321713,62.7103406156138,-31.8664915300401,22.7787443136917,-48.319961772867,20.1879198863061,11.3736050483247,-47.850900693265,-2.09587006357768e-13
-60.77120206017,-35.5271052903451,-3.18015771018908,-1.60253755554963,79.2766084332482,-93.0688522196247,-21.0955623288336,30.7655077874921,2.37642245373778,61.7190093180471,-23.5286457324245,-42.0579311488794,-38.3338728246926,130.647188843115,5.01750930282182e-15
4.14602710949178,-2.84604794840036,73.9310043935233,9.68749913113962,32.0069163928008,-0.536976073828147,28.8688137034876,7.74651129121501,36.7269774436613,91.3217315363665,90.1738369100572,5.36797599345715,-51.3806506543153,0.713059592906246,-1.18366017742895e-13
14.7335954635417,-11.8433051159321,33.7438512187869,79.3853831705251,-60.3021871664366,-69.8003406642051,-82.6740898536674,121.04327873403,23.9302627057005,6.76790433485614,-12.1731209312336,18.8976463318757,-40.772326542315,35.6254018758517,-1.44228659302741e-13
-59.8755959638905,21.523058135919,-72.6571978962959,-9.36912161926626,102.718972218037,-30.794547282216,-56.9747138024972,14.7994161635404,49.7671251065117,-91.7937353456778,-7.00520934531792,-2.01402823744288,-2.30890606263794,51.915257326721,1.52964276509378e-13
-48.1007527374949,58.2862069979353,-18.1566134544713,-23.233566136875,15.1918173721692,-70.5120598290404,-27.5457373292536,90.7695662490571,76.4839123672678,19.4521625878334,-29.1562729962263,52.05790124321,-1035.88537854372,-126.430819692097,-1.97807967859975e-14
-116.000972165551,61.5747304683809,-32.1036109955085,-64.3042593071384,-107.745015798809,38.7309506414848,86.2586848071716,88.2615055290919,-11.9860041902548,3.78613128063171,-23.9139804050726,39.1208593993736,639.478230402948,-14.6403501817361,8.58398979908829e-14
-52.2854243765406,-65.8522211379647,59.3464502195387,-150.848987554741,-23.3191683351054,-17.3992768355982,-8.13674062692109,15.2535606864794,-7.51871486861292,65.1812936061688,-21.208649902734,-21.3262261412618,655.785668856401,63.1794334293041,-2.25522358671425e-13
-25.3085514811808,24.9384387288552,-31.0439363915434,-24.4945101102695,-78.2029950247231,-55.8136132570629,38.663829085249,212.338647347006,38.2623318103034,-38.7313754909782,-22.5747599831231,-9.34569581956419,88.9526843059497,-30.997434423742,93.8941410554294
109.171665347102,85.8912318958658,261.448582326868,-93.9722657676113,39.9491976946005,-113.991426151953,-62.0223304700728,67.9567540747772,22.6448149966529,-40.4212096808635,-32.504776080781,44.4870945011622,-342.439543206915,103.281764152898,119.644910043069
-82.5797694188932,-190.816731920268,38.7191846278158,-106.576316046295,67.249768096953,-20.4825080142666,73.1345739417212,-73.6602252803648,42.5016617094114,-84.8203401861382,63.9587983418767,2.80879828274809,-739.566483345936,71.4204954483589,180.285936413268
116.18650818873,84.262946003115,45.5636097518542,-45.5173265361205,-5.55945115394243,13.4177430086874,129.092508187106,58.8622804905024,-71.7414440384633,42.7054878182275,-7.34972688781114,50.8127602523264,-422.202653573555,163.644015679982,1.99755534919936e-15
137.403356167814,-36.0164169133653,38.4166978690382,123.727330238374,-5.68571386392299,41.5862348137466,-5.66077531178943,-161.209030161131,164.401949235984,-0.685796360568679,-17.4573435486843,5.711808723611,-603.298659165583,-60.9693302206911,119.896782069631
-37.6339774494455,77.0983134218769,32.1524186435518,21.1453526380274,-7.71625191415931,-53.1744664532697,69.4601735071879,5.93173247067294,105.943286917888,78.975826529503,-32.7817142470798,40.8819195720929,-662.753083217862,66.4786861653375,-1.330484281376e-13
-46.4482432885158,2.48853439436771,95.7354835505628,175.20624775467,59.7524228270461,56.969272485471,84.4867111993792,-27.833541315571,197.176953035862,7.47713528213537,-61.5040810002039,-16.0676969284651,302.41992227605,87.1538418054502,-147.806415042093
-54.2019957043009,-15.4161978903606,98.5160129575205,236.066474528752,-4.47272072453711,93.3943023732944,140.01732949201,-31.5389624734057,44.3479772433188,-14.8297449433325,-50.5271970599435,87.6949755492977,-12.1823626403845,110.560731560707,-1.38117353931481e-13
29.9156135336883,86.1591099632725,0.0308601404697382,-7.95714940383625,-89.9356074351426,-29.0548942955599,-26.4254253163652,86.1765835217316,47.1579512105141,-79.5723597709067,-23.7469150262536,24.4636311953761,-26.7983248968612,-100.253836348897,104.519306809638
-69.6508193500877,-10.26634218249,-18.4503425313948,-160.521949816154,67.0708032899016,104.904879639961,18.8895881546716,20.3066584954368,-93.3731412469681,-59.063938668573,-17.8231094762396,-14.4098673579942,-32.6650787546097,-3.82452061938047,1.13312839387946e-14
87.9057350705301,-131.222091401303,3.36033599743076,32.2672177021152,-55.9625051509993,-83.2986624669219,-47.2555010762421,91.0630517986198,49.6832815624827,-43.7388751211319,35.0493480792425,-527.539673217372,-13.952392779749,131.750732548188,-1.05398353387759e-13
19.6842867328012,-146.321817099425,-5.9637900808499,60.6784656638213,-6.63489410527662,-5.59838834896493,18.0997720500641,34.8767525567173,-2.27450078899246,-8.21515705745252,68.6025012991195,-694.377012678386,44.195341118912,-56.1656873760088,6.12860670744058e-15
-13.431941619691,-33.9696673617317,-62.7018529944663,33.3155154903974,-49.264883063486,0.157924486536434,6.14794126898122,92.0264504554117,57.6215398496543,26.4925304792419,-40.5420442384608,-368.664335549458,-22.5066913400602,20.2322366980104,1.48321768911313e-13
107.403838047672,-129.756954762382,28.0856775930467,7.49352934958834,10.17766908953,11.2113268228679,-96.7160905759435,38.0502268461382,47.0820295576596,9.73638629634544,29.4385501471424,726.403563649709,-3.79971585407729,46.788088201444,1.72821781258078e-13
-58.9201720542052,-43.8328028134035,-64.1608355228432,-122.320294933292,-18.1809992575868,-20.2297725666494,-74.4925336560943,-18.5014000803244,-106.366683995188,-58.2863415283447,29.072414052944,497.894969083393,-41.8387138928807,107.859921407587,-1.29300338728558e-13
-2.92886419059353,-42.5230198826503,-17.5408246800927,1.18641682606183,32.9329311130194,-28.8242115323928,-64.4901114012277,21.0159212042996,-26.9285498352224,18.0724991140821,64.1716762045196,190.433552826661,-27.0368177182918,117.714173781099,-103.678410336975
6.03579700988643,-56.9885068342176,87.7275507377506,-46.331651642536,-40.4492744438771,-16.5983319233389,25.3228067417904,58.3350527682018,-0.334863795961699,-92.8969476354931,-29.6642160087731,791.642649726557,100.178248690063,-89.148267110104,137.221175164897
151.991757839907,-158.192201923505,108.050714927612,-119.312743827737,-22.6696267981111,78.8332111338507,41.4364099716877,10.0972895632845,-22.3263932388171,18.0994590221576,-54.4697617840464,-311.253452004002,52.960786403058,-36.32124113347,-1.90103036374955e-13
-72.4483157133437,-116.877691719658,17.5930639687565,66.4036534446299,-25.693049680019,-99.5875551340321,-64.1781190951151,-90.7626690499078,96.0557604126257,5.67305730942317,35.7100826292878,283.587385479895,-22.4841047479379,9.16740105814608,-1.36457389017427e-13
88.3719130211557,-69.3449392434629,2.60007012411135,171.897493411846,68.3251130484469,43.4284698087268,-187.831672950153,-135.11349626592,10.068074010562,37.992346401752,6.04967588490543,316.902652115777,-14.7662027723057,113.038929806959,5.04624011787635e-15
-128.002363206664,99.7069628056185,49.8707300404084,50.8473396941966,61.992085009556,-92.7523674510082,12.7028206528734,-118.640301823871,82.8241660658355,209.719507286268,7.43674986206213,347.070168308167,8.1501024682577,51.4108630560207,8.53456153828712e-14
-19.1325888888968,164.153120107952,-43.1869532318587,102.813354273699,-33.0282832322232,13.6171792944077,36.1511351436404,56.3758308801988,35.8529604416897,-45.2394359972977,38.7223131460333,-7.09999235732242,-49.7736049414728,-17.6185128713138,2.96594446175098e-14
115.449931441075,317.202517613801,-57.6578733650241,-146.551070532501,-34.6239660825288,-75.2807234365055,-88.8196156740685,-34.2533406354434,-99.0584304219743,87.6595593332252,-6.786149221583,-4.77207717930042,-33.0866912534546,-59.55846319072,-123.105804635486
43.8952406702534,221.284710696281,32.8136520476135,-10.9938769715955,60.9905822510346,5.87055214485044,60.0308827008299,-104.467350673033,53.372444721218,-2.35814033871366,79.5503172126045,51.059024872697,69.3931917218187,70.8305480169757,1.58718892537804e-15
83.7081025246436,72.0316884958096,-152.054167062734,-12.7684474516908,-70.0946674324099,-33.8149918620546,-43.3899951730289,-95.3812134550874,-5.45703670023936,-86.4196391928764,-13.1598096288421,33.852759775814,-44.5947132801051,100.579316157199,1.4827172438131e-13
-9.97530622789732,76.6433855351737,110.925437980159,-61.3658629270608,104.915108145653,-16.7435737460906,-108.454278247317,37.8274092351761,-12.5927419586306,-15.1821915985636,-415.312113950079,-1.40375449851631,0.912878407011121,-55.0226290928937,-1.41431396428841e-13
-51.7189610685391,1.64095124556274,-60.8958914954343,-66.9987449605432,33.9306469561716,28.5865731343381,-75.3535353310839,11.0722220852297,104.988781706399,13.2320788312,375.341552723671,-8.42946069532991,-38.4822626112537,53.1642008144326,1.25098208657318e-13
-39.6643167250278,-260.178324763645,-111.971679594537,214.100758448704,-30.3984095008869,-5.9012067088317,-23.4124609261888,1.35372666526425,20.4354306192459,34.2996626144989,315.202162238424,7.60423548853588,32.0051909823517,91.3416389050645,-1.3524467176005e-13
95.5534626731588,122.877695719512,71.0695061722491,-35.9953762563565,-20.9399374506112,67.0083389649823,89.3080600078384,-7.54778115866879,-4.82070946567423,-61.3143934597865,463.584970391971,-68.2863604612545,-61.3173838483123,23.0088462432523,4.09344173267069e-14
-269.563698338159,23.2741630115807,65.1835990021754,21.8568632556381,16.7553706153112,17.4783164557687,-15.5871901578006,32.2923625651139,-52.5511360619195,196.960231389867,-62.539052718354,7.56388274887723,-105.994470231715,4.43648411120813,1.10652610438041e-13
27.0479224666624,227.013091595109,-91.2181678715075,-79.9343370158266,-73.2876725955208,-18.5543466948888,7.58536204431186,58.310004707949,39.142417329402,20.5462379566514,851.538501837474,-7.95768772220294,9.31279525762417,30.0550688489221,-2.16764654745467e-14
79.726759671495,39.9282668441839,-76.2121928560085,-11.8380216304319,-158.852143543822,-14.9494838712563,-32.1069309574966,-69.4715852497783,76.9547446832175,-66.4777490848066,-725.069137988756,69.8737670027184,-22.0667972419169,92.0298058516444,-159.124111221493
-43.5838014656484,-93.0866518781939,98.1963069622963,243.135044643038,-77.7845666487662,4.23865884961317,25.1467164476097,-19.0602859278127,-30.2917181890517,-56.0956858769331,640.220957648501,27.5873111244372,-5.89381566939625,-22.3328820816634,-6.62189384370499e-14
-87.4089515058297,132.435263513107,41.8950362770266,135.627415062566,45.4392818516433,-27.2108034525729,-57.2413385261192,-113.610699058356,91.165830248608,-37.8263146580435,593.765086019323,-6.57263543667088,-40.730597251306,63.2643236803929,1.35633134381563e-13
150.719880668707,-39.8964454904557,122.499954970569,-115.301854596134,50.7948622608514,53.2249798074433,58.413312591097,36.3660072016717,55.9738976245636,-34.5075874597968,-376.850372646706,-6.58193114290941,-34.7395027425338,-31.1056347119021,-4.70968519731355e-15
-171.040789428266,168.352999142368,-60.2772871816778,14.2789797035814,-1.74786808813175,71.1341204199361,11.7135540436416,-121.327051133643,37.6898487172986,-93.9405909516859,-477.075560994556,-71.055715486698,-54.1741346458331,-241.367998315095,-195.681883283141
30.10413638238,142.671168878934,38.5100015284975,-230.774942537591,109.144962688797,23.966190937881,-7.17816884478166,-165.124650217559,56.2866439513632,-3.84338377007028,753.035956151874,16.9367148688746,-45.6826218220768,-2.88842601432719,-1.81412824707751e-13
-50.1079276263413,21.6798221155421,22.8454240602329,-26.5302050396202,-72.2501028150442,23.1426728070676,74.8961441180093,53.5715338772491,-160.748652678323,-5.3932992896096,440.57909555351,54.6678471792697,61.9932839826015,-10.609521367458,1.22047124519407e-14
48.2498845129926,-58.4061214316114,33.1252484301305,49.8451504210158,-13.7951119978331,-48.3564221486514,-57.0032577660164,16.6121303726329,-149.180323603739,108.431785785942,-480.305224481151,25.3512764548166,-10.7727196928532,58.3131845080396,1.42725575314647e-13
-62.6249627671559,47.2304967565539,-87.0726527993679,2.39564677653052,43.4639205647094,-32.7402881951016,22.8124801943805,28.5715092539626,-122.721463761935,79.4600551712229,40.8739280653267,-13.7091939149083,17.5065207274454,90.3182283091566,-116.420047596953
-44.3491884553996,110.497697198592,-63.6402632045695,168.827548455004,9.17931190420369,-88.1099616590142,35.4758801662704,35.7869375287698,17.5853133082896,48.4151142656238,-251.091506851525,-13.9467672438622,26.5967158882126,-37.6760410258618,-1.40744890913824e-13
-103.831592611032,-36.161061081799,61.8284255913983,-1589.48748552633,14.4623994184176,72.5835119648836,46.147534621456,-102.248191339981,-73.7030101726126,39.2920649743357,-427.749200377182,-14.7276617240907,18.1402456536148,112.826080550133,-133.97341208316
70.1095543822442,-177.315158921765,-50.6780907816553,-1120.33874626942,18.2208114318481,49.3466472567717,3.28303609466149,158.184159478559,69.027538251232,-14.1638854348778,12.5302507963001,42.6943099466826,42.3285570144369,-6.16977461327177,7.17261010248523e-14
-216.079578035324,-61.5087566761658,30.2176693670368,-2203.04154718176,75.0675360408316,-9.9907237454608,16.1283519725504,-14.4069339032686,-29.0178977504081,44.4331280126295,16.546053102889,2.35310210107852,-33.410172072629,69.5832708956307,1.2966041698198e-13
-13.9848045543641,-99.6836010097257,-35.3012200626217,-184.368189493573,137.283618680605,35.6179216963104,32.5854647935789,26.7057200213037,47.6804246471568,-83.7522727604648,22.5140890474394,-22.7366905524269,32.1389495655535,-38.2747510238888,-1.54995833652755e-13
11.069757519605,-51.7688308056418,-18.2359397564928,1672.47170269597,17.4907060853012,-90.5498476330019,64.5481071152933,-22.5302595089889,75.1870539789016,-12.7009585632664,20.9443829330217,31.926464219634,41.1377080810233,26.7473652581798,191.133491733082
169.874932868078,-10.1725281509555,53.5358451480725,-741.522858348866,60.2517592975569,2.93447776363046,29.5849437162132,-119.239074198759,6.22926625359765,53.7282039086455,50.150271429174,30.2897526514232,60.1004057771159,85.416027782798,-98.7801635265673
-65.0345495482244,-125.396297865359,6.14955710897124,535.981622964609,11.2983622362598,-50.506896634652,11.9966945329329,13.9705162547336,-40.2467584919364,38.0791493200938,-1.88922410412994,-42.0797996836681,26.9014974807304,-53.9732298322291,1.85177856049377e-13
-64.9961640541323,-118.216832270458,-85.0813583562098,1655.21958347204,81.9057011823002,16.0017680931341,100.201321791531,-85.6323502564724,-23.7058976734557,45.5232401636762,2.17044904322557,18.6795962124029,67.1730713547779,-80.0940567648823,-7.56646882643608e-14
82.7372549575851,94.9282223129429,-6.81039405318092,-1593.56358217182,-98.5468220385154,-13.8715553302203,81.3769400437121,18.3909279361582,60.4222645959421,-66.7981535739994,69.8038105433268,19.2676564624846,46.1266453301681,-32.87822870754,-1.41429822522847e-13
3.76605373158187,-118.259019312942,33.9807366210652,101.995323805736,10.7159060579818,-4.10383306662064,-47.5221670851048,-9.40489757975515,-28.7110083735035,0.972004916725665,-38.8618984706578,-10.3655355802833,-5.24799434911184,1.16216771018076,9.58729585742842e-14
-157.207579257948,112.415336918594,54.0621318544457,63.0681499977306,-3.6501062054568,18.3620011219285,1.55392772902971,73.1922452247969,1154.85181333091,58.6704683574728,43.0156831112094,-16.8242260901773,-3.77624696051068,-36.5145479237005,9.79563003357575e-14
-154.794684899806,114.935414578892,-44.9514934525219,-110.778895383686,26.2970793743987,41.1744814204403,51.7603293401103,33.8835267354648,-757.64132270456,61.6562000905883,43.6208790811306,81.6170953990683,-12.584036095018,-7.15466346231055,-1.02024602982926e-13
-18.9276628488827,-80.310617400803,-124.383218370567,111.320069709368,-64.3193311448238,-114.743083503939,-86.3734629487489,-9.02083847047188,-514.660179369888,-124.285787777418,-85.2605949535101,-39.6559974343773,-41.3293703781856,-39.2515951560426,1.73313522143e-14
-223.595173508698,106.944204168954,11.0800500212118,54.7461768457284,-54.9840435344869,-123.67976971023,-4.32673997258499,-46.5502631033383,-1035.06430460629,-40.4876204782069,47.424510208862,-23.5321210940407,-31.3793611983776,51.8786983358929,-9.25668252587286e-14
-26.5837357270303,-1.97682044343601,-3.65362208324028,-8.0736783443129,46.686131185033,-67.4311862146781,-16.6347261762194,109.932091659159,780.03660273453,-24.0991917861281,-21.1352766030291,-17.8032918892444,-82.6528967769517,57.1070595342739,-1.33401617400811e-13
80.618211981679,104.728230745415,60.5554115850778,13.5381571706079,-18.0200898210238,-8.15149887052748,4.35731587949438,147.487177114741,-117.333114993828,-36.7696263942983,16.8651784406567,-35.9131823595617,40.879991959226,49.3966022477267,6.96857375180876e-14
48.9964249284405,-123.681989951854,-47.1894694814371,15.3982941337985,-34.4107837672927,26.7134679172071,-24.1205678401998,27.4598167994112,60.419414227158,50.7775697901491,49.1217416934452,1.26889134003782,74.62399265679,52.5998151952817,1.17788047805127e-13
48.8471980139511,-7.48539275150682,84.4738991320702,38.92935541696,-33.8983789089878,-14.9186341793022,56.8255428965274,50.6883765706694,-58.0242662326168,49.2343652458476,73.4438464454696,-56.1656057654902,-5.88271196628302,33.3306895798398,1.14258518191692e-13
56.1750678844802,45.9241967139649,-98.0164487948958,-17.2597213127157,-17.6392605194825,-39.0150425386056,-119.361680381332,150.517220187239,116.502204683608,-13.3470913098629,47.5278305947334,-2.84751568353506,22.770329228941,-249.801796436002,1.11709805497747e-13
-3.37283874977847,-116.300927714586,-100.815307414093,120.262200000807,12.5974234762612,88.4457412966351,70.0820277996666,-68.2701818654435,0.123540256035769,42.9174357900159,-9.87011356992479,-9.22162794357366,-51.9655916268065,-33.155705682065,-1.8825754140498e-13
148.170277973982,68.2016480008835,167.551432092172,10.318733389492,12.098899344317,-100.203309239544,22.5869637177159,-67.354723764448,-46.5222599686666,-37.2108854329856,-44.1457986065396,-12.6237655421262,-21.268997360623,-84.4570163417462,-2.09179264203014e-13
-9.12259247113751,-60.647713558568,-42.9880542405015,94.7356052733736,-86.3723432632085,-11.3208320974565,-66.1529495592096,57.3560489576418,16.0632996633798,-9.00381028727323,-7.32933803396196,-77.4833540811828,2.65818911884646,-171.155548604314,-1.68540790569609e-13
65.2180882548265,-2.76615899101805,22.7586340924855,-37.8507014522734,-10.4489560960949,34.4674805844668,-86.5932526639651,20.2775448195144,-64.2434387739761,-65.2649164303102,49.5662930924754,41.4395912235474,-15.9598913207753,22.9490480548755,-1.4118561861165e-14
32.2563315135295,-3.74178792492336,42.8507487007872,-18.2206842086451,23.0008618785242,-29.1165162426805,33.4646119472833,28.2383666950399,25.47354264412,14.4087217853466,32.7923468040167,-27.4651674686984,-56.4430057328145,-143.880217930888,-108.857928459568
4.91412285713618,142.589661167699,139.085951801241,-225.198924979937,80.4958759318517,-16.223213481453,14.3355470570331,-44.9561436696011,-122.672945654794,36.3859496345086,28.2134984614068,84.1618434758735,-24.1984415832862,-10.1393834356051,-183.152544891122
39.0148682720297,-139.190726467352,-7.17604975869236,3.08698967998607,38.1748414054314,-21.0335574774177,34.9885948530839,67.8242170388509,38.3423005257237,-6.90122590898721,-8.92063498981405,6.54608251672818,-74.5056592482861,21.3350385218233,157.698498827107
8.06659869015571,54.698037026632,52.3758820839281,-48.9989910325611,-5.07562235271625,35.8764927161238,-101.170161623347,-95.6376608522565,72.9302922904864,30.4078439090278,-19.0169592005972,-11.05280502395,-31.0054275339976,-69.9101323331561,-3.57617229407011e-14
-51.9625726319283,-142.012175761851,58.9986581046429,-6.75338902616482,-28.0345081582071,44.1227250335992,17.1913916715216,60.8098308505373,30.9377728182426,16.2264416491794,-15.0675112845311,116.318440199171,74.5579073641027,14.7558245279817,2.12860462707664e-14
-69.1403491041543,209.695483713796,-46.138997351404,-41.7259528293747,14.4183754818218,-68.6819928763851,1.54494911380289,-55.1917737257098,65.4281115107056,-67.4059330977356,19.2731387067344,-74.8468635265838,-66.9221407947981,45.1697185812835,2.07223446976958e-13
10.2059598930628,70.8540642294206,67.6004929899306,-55.0994184966772,27.038362870211,29.2116049417275,-2.16182586621508,-62.1289531910785,-75.0433562461183,10.9698558629327,74.4344152336352,-44.0484147586065,-102.860480196585,-48.3800781991944,-2.95236103648708e-14
187.310644642039,-60.7247330049452,72.0759677687715,15.805785458064,57.4419411534325,-14.7945887224083,21.4753421974381,116.302642830481,-36.8915294554595,55.0641046842434,24.3513085491446,106.085949868441,-12.5577369326581,-25.3188462433142,-76.2983256584432
80.1312587155892,-46.4229822847498,4.01630401332564,-59.8701042444853,-61.921910487473,-109.880564789869,9.76373822903718,-113.437029752364,-180.827276798942,-94.2927415269364,-32.6628199710774,12.5877514245958,-55.5931485921437,11.838824731908,-2.97029035627145e-14
76.5935982089731,-114.917974997747,-33.4741002648202,-75.8290282172397,59.495584821619,132.85621019356,34.9390216314789,62.2568102073186,-9.80870078572227,-69.6269206807801,13.3143551363053,-13.6866849835474,7.87090286981968,-89.09327781282,135.439001661407
-136.460914553967,-28.2059847924278,-129.901557224822,-186.307163665862,-7.82490620065096,22.2486810269369,29.3574340959367,-104.450159487677,105.458421590451,-409.439587647422,45.1726636079477,-18.368896000656,4.62667059377401,-86.3448376568882,-8.84646885456406e-14
125.868129020253,-52.1427358762907,-66.1917759642725,-160.83963590668,13.7862460092896,102.596079773526,81.9261836567249,-107.341361547803,39.2070267731648,640.501691123144,-52.9083947413439,28.960010485985,22.9705948980211,-134.267284991882,-1.18076481848449e-13
-83.4788240321956,69.0777061659287,86.0949306451209,-35.8301313351634,-74.2042342534672,-1.7533968785089,39.9833529200181,13.1953347831353,-69.4032631113595,-484.967176135012,47.7510215349635,33.985085632356,-48.3684149245683,-95.5876580262578,-1.39811115576601e-13
14.369603813476,-3.4059176265381,-11.5121332740733,69.2169758361638,71.0151816524869,62.4136112477365,-42.9370732308862,-149.636699014251,-62.0425179575997,-1029.40266677131,-11.38989499801,-14.7818897836511,-9.77642789699429,69.9124655959413,-1.28199247212696e-13
183.388577269403,-118.061886480694,-0.510277887231272,-49.6427059948749,-59.4840871235741,-6.24816524072005,-62.4318149511437,-43.8304643919872,-21.5964658507411,689.370447000767,-34.6414562955596,-11.8478867445969,-33.2841966166624,-4.86678590382887,7.48634844221705e-14
37.0753884909381,-200.440038794599,19.4680535504313,144.46700090551,92.5933424957574,-60.3992624495238,8.46747684973051,18.3877668197531,107.772837338082,-333.960623447359,-50.1583480951638,-28.6991602489184,10.3920193756134,27.8904449001071,2.79781108305277e-14
49.4513793841569,-10.6345243947171,-1.22042701343203,-67.871231023806,33.7889013135619,-19.9733456387148,23.4661655827147,4.27569689615306,-47.1114950969895,-384.429646584432,-29.0302154974912,89.3602163288273,-65.3935994917078,-79.5109102865035,139.224195255365
87.009673213306,90.5883330459407,65.8533860307238,-66.4816413598999,52.8956776573382,40.2708422212956,9.23060033414482,-13.8298912565057,54.330325733647,-726.827376167067,-34.5197495676552,-18.2461043144008,12.5045423486189,27.6415088768044,121.898624789715
-146.990971893281,63.2505364952797,-124.992105636589,-48.6720295116343,53.3498808622553,-143.799445388889,-93.3124287986719,-131.625106372842,0.905010731916414,399.979964668097,11.8167305238543,-81.2601731615975,64.4792393805957,-1.47218023515136,-225.20202989463
120.049083734664,328.004975766236,-59.1656077371618,-118.982177203415,-42.4079838156847,-139.700284690391,15.8887943320333,47.3632745061831,34.7837479960193,103.722875370821,-71.7296808339642,-19.027383340008,-31.3447300796919,-20.376691511711,2.69117691819762e-15
-66.0862919724548,-22.2937885637945,62.2006258497462,131.561667776594,143.637695359168,-81.9918217800931,7.80282036717828,-17.9106842636023,89.4413907230638,507.47038246664,9.65273531927138,15.5675730162348,-39.0097263895308,-30.7016795371593,1.09550139438089e-14
-0.0425413101868996,30.4924992609025,55.4413184318247,-53.9529998314285,-15.7205936315287,-22.1184569874927,-22.5922686239234,-72.2157861479109,52.4211500364934,-774.52524250717,-27.0424014322773,-16.3469954799761,6.82864170623787,-13.4150443538743,1.26758792842807e-13
206.164565919492,-263.21424662425,-83.548444540778,-34.3304174981173,56.8261557280556,1.2874682393245,-60.3113268687401,-205.83053086492,-38.9307487249025,-674.892094116466,10.3710975907214,56.9206824548264,32.7712562956519,-35.6444535385161,117.254083309854
-15.1636033991976,-0.613956993909423,44.1041991854285,140.401431974988,-54.75151332534,101.457784642938,-3.14715121096901,-121.792366650955,-77.668704222943,-248.584477811609,-58.896204336733,3.17856300623283,-0.137695622959237,-83.2830102265321,110.872642639801
-94.1086540165281,-8.00238256161617,41.9753631752506,186.052479745986,33.7467711530842,87.4943886637833,71.9672059865804,-16.7111200055858,-132.482954527673,265.293605330271,-71.1602119060424,13.9082740651295,-2.63431864116358,0.334703803231091,-2.23104012816588e-13
-60.5157674010655,162.058330732098,20.0543845826317,-177.230277836682,-104.090303152071,87.9978304860841,-17.6847769980666,176.369183463304,-101.918085887878,473.231377771494,86.123877170345,-17.8679311153632,34.5333540460709,35.3615575663091,-5.50480797484553e-14
76.739072842359,-34.4371486434005,-38.7670030381714,-64.8954326021324,-71.8581196852327,-24.6150646918728,20.193439020101,4.56605714614466,-70.4150261933322,-11.8051632044054,-107.464605184705,0.881007607265391,64.8369536164544,16.1765419103639,79.4103070277254
-87.9862194340936,-13.2643748245741,2.88326427479736,-66.2165237583939,57.4956517637656,-90.0653022762825,0.0443740017809942,-71.8499895391328,-5.97514289071166,8.32442548837243,15.1727563997696,-41.7068356156075,-23.4980249907117,-29.7885523297077,9.87625950856871e-14
22.959792860883,-140.884442607675,53.9026237780735,-7.24772201266722,-19.6047497497735,-66.0937738751483,-11.6348620420692,164.908678782706,48.7604007400318,-54.6620148429525,-1.39693895511338,53.8693993517052,-12.4869841004386,135.133492124305,3.78822674551295e-14
74.5053327096509,67.0681684638048,47.4359585262405,32.0800109915656,66.3495257774546,-35.0251583625479,-33.3977668424468,-40.409711821503,7.0817157704608,14.1914213605645,-17.7622227013834,-32.8876075725427,-44.4475907993239,12.0466229528033,-3.60483173262422e-14
149.686319751436,-77.1884793822768,-45.9587946276137,-295.982676490517,12.9653589286009,117.88265961393,-29.1065983987806,21.9679506013983,-86.5657143830887,33.5084198670807,21.5122473206959,38.3712764492356,-55.5321757586868,-31.8849678780537,-2.05827337131521e-14
60.9543296386637,39.7186341139507,-98.2423413795807,-38.2432427157231,-3.82293036773359,55.6558646600946,-124.105063406049,17.5330413450192,-4.79024648608469,-42.2889125083154,-73.5224138177836,-42.1584157507318,-8.25897608834981,-70.970210586591,-1.10245387740636e-13
71.4631890379797,151.418321126967,-84.6947502259123,-63.2923284634499,20.1057533557795,36.1281309193222,14.3882042614447,-86.0037423848937,-81.5920117194414,66.1716858460791,-66.0689165352468,31.4160244066745,-16.4943224592154,-6.99231277877864,-96.4488637744167
-114.57974009054,-158.392202282489,-15.8138936221921,-46.8542417715405,58.7696826257879,24.7654316891573,59.3478019295271,-0.511401735862302,-66.6721137098622,-66.3811305995861,21.8735163248106,-48.3741019784892,41.1850931984411,-166.661165950259,-7.97601610974399e-14
-153.496258188206,-29.5744451600624,49.1248812103459,-141.560389470843,39.9212954474738,7.85816430570165,-15.5154650301641,-108.502119722189,29.03041652621,-44.0263390863396,-7.87370971448433,-68.4696818540721,-4.14932813383566,-66.8997941681633,-1.18075418133651e-13
127.108133782194,-202.840731513075,50.0182277068051,108.990501372841,55.678366360558,-55.2727121367799,16.3376225378666,-64.9212566970089,43.0104348680545,-24.5078262622778,-0.101114854644327,-2.80621810149455,-10.0998687470753,112.478750253781,6.12136349992466e-14
-40.7732738597088,153.056926936478,49.0660034323336,-115.809607810067,80.1174676082323,-43.0526131973135,81.812255990556,24.8437766234369,2.38169299242076,52.2964211209184,-11.5972810982182,3.05314493051193,27.3995729836483,229.118172469613,-8.56386863457856e-14
240.325116996912,-0.276603028873415,4.05138103975199,-85.8173238657715,66.0081918035498,9.89110105976462,-34.4089198931965,-59.9075330004962,-126.235662300749,33.8628302752747,108.874026088488,-33.6412648708234,27.9631524244073,-79.3993303465901,6.81145616641478e-14
66.5929649400016,101.523626444786,-96.1134551903036,-19.4812865834891,27.0525545897054,-20.3745855487562,2.25733869067678,55.22144871548,-146.62604487961,40.5637776560564,32.3552537597731,-50.6588658874047,-2.6191299980037,28.2268155768451,8.96483269873463e-14
-213.954329858866,15.1675235163106,31.2860119441905,-194.527832633931,116.758455665862,-81.2626217905191,16.5140916730009,31.3124342328806,33.2187504377081,-8.68226080121751,16.3423395500848,-8.62544592905398,-1.06967905949778,3.35842459994785,4.32450720333224e-14
-125.574666174758,-228.107855233974,-13.2592378359538,88.4149139464515,55.578283141547,15.5076558583113,24.5103872509659,22.3799218697486,-25.4100747611074,-69.9615079783942,9.34198430053375,50.318014097247,30.9318671337121,46.458818439838,2.05417459935466e-13
-15.8454113682621,159.669700856347,65.948168816223,14.4082507806222,19.7942428064856,-4.4717704085229,-29.6821150769977,-38.3615391872672,-31.5271058343405,25.9428949212066,31.9159396834268,14.4883205113537,-0.780954242871038,-65.9479060740426,-116.204088762375
-110.015825919384,284.530800145466,22.7813662584302,10.118489753428,-34.5155575656171,-66.9825187949946,-46.5846081071017,-86.467431790672,-34.7243440362606,21.0291710168372,56.3275490843974,-5.44260308335711,-5.10246577239984,134.422880977825,2.3443429723335e-13
-247.088415527899,68.5011118578862,-45.2442760786761,14.9018687679314,-35.96169475762,-70.4588434462268,-37.0661416383511,-27.0161618426595,45.36830495158,-83.5395463388575,26.8896197772372,-47.8805437159009,50.7361133887592,18.4095159233092,1.83444221547365e-13
-144.933901341338,-76.8940230186018,3.57245655545017,-100.972348157384,90.4917961405536,-71.0491386701134,-14.8649270014231,90.5635692024348,-39.0710299897971,-2.90949658466771,57.3143447690009,4.05423851025349,-1.24783582846127,-43.0938884782914,3.53404429111627e-14
83.7551663991305,52.2589016299491,-43.0535835841905,66.1089291547158,-43.2951374303149,-70.2070081185759,77.5868846036312,-74.867397385575,-3.31713228579241,102.485880939795,56.0245784805684,35.687246702037,95.4784679946828,-124.129433400328,-3.43583321373553e-15
63.3245006220394,-64.9065934106191,31.8438421760177,-288.656163562474,19.0483994392894,-86.087498553053,-79.799952697847,4.8101604983916,10.2235799841119,-7.30709226719097,-55.4744939565844,-26.0072379435272,-51.4958739370667,-25.7342539193653,1.7104827435682e-13
-80.5382544126706,-241.926273470358,-22.2486655976797,-14.47266422212,7.17189378753663,-74.6914281506164,-59.9366666555663,18.0612132969009,48.0543668029154,50.5061446046698,19.4234528318645,4.06522205514187,-14.7616750690424,50.925698175201,5.01086913582122e-14
-32.2145876048487,52.5926830554784,-92.1600578218135,40.331506066783,-68.5273096009852,-91.0322939202516,-61.237425496651,-26.727430953374,-31.1610666388199,-6.15143813780482,23.4246085221451,-22.9899657840033,39.852854773654,-144.30691043148,7.14102393096754e-14
45.5465429849294,-56.3515351960233,-81.2516402906785,-19.5121327098285,-77.4524161937023,-42.2326380544262,-100.029080586158,1025.45906962364,-12.36702789098,33.0927218259316,-20.2269419364857,60.9254989708395,-38.0309790745591,58.3718234389143,-7.6926412673836e-16
23.3718845027866,85.3669830278801,-167.772158335886,41.705666801946,3.90085459422024,148.548091231588,57.6850675046937,-595.453226458539,-175.158684019812,13.1511126370305,17.6884516432536,60.3575155543859,63.235308856771,88.6305164525658,8.64922934997667e-14
40.1748828759845,-60.1860826964686,-100.257259862192,-0.187622295881042,25.563850327831,-50.7355449046872,-16.5816143178479,-395.125490059035,7.885142344475,17.2216665137983,-33.6881892128589,-48.9017914536732,-19.595886566776,-116.369187920781,6.77310768742215e-14
-51.5478007793106,-11.0286922787892,-10.1768774068404,-27.5734713156716,32.8994251372472,40.38145272563,51.4240092077337,900.76904994835,-47.1801764883266,19.1034152306198,6.46999036228044,54.3951538857706,112.216593108194,-132.556168912966,-98.0496550391973
80.1962169200485,-27.7918680613663,74.5381747092785,-47.3912133113651,-11.5489354722154,47.9893691961195,-24.2040430893094,-910.642286268766,-30.4813819814578,39.2268469867322,26.394333455657,-1.98298865828039,-15.704003164855,-94.9780759776175,2.24566716017532e-14
-81.3764380957371,113.254238713705,44.3327695583723,27.2714020432467,-88.2797927321002,102.911732805034,-42.3578240688827,428.809315299856,69.6730982088437,-31.9313655821975,-30.499856289417,35.9373894969726,-55.694155926895,26.8421564730608,-82.8312157311153
12.3761533939552,-69.3582298143576,80.9412147315407,33.9093938724395,17.5384438695572,12.0917134393051,60.2325585529605,1254.77078521414,-51.4392671036819,26.5567189990479,-1.58371916562681,18.7776569698459,7.22989500588773,-72.7644014329856,2.22117159359616e-14
34.4556204885033,106.927965209976,4.15241440201648,5.47092816664297,20.9823558520972,-7.96168373911354,79.5561887992443,-53.2048777754991,82.6985866606208,-15.8681970214974,86.1437822672159,79.9428069092789,26.3910969118795,28.0225409594026,-1.24448550925261e-13
11.4400204157009,-140.424589703674,69.8575104686622,-74.583769427676,46.427872546056,76.5630077946122,-0.828410640514965,-1296.45735374729,-39.9892286799471,0.290475469627806,-95.736556321118,-28.3734384429231,55.3550060267395,-145.829720389103,2.01398186414133e-14
-128.720021593234,0.0427281132037696,15.0480322823559,-11.7300903038008,43.4669510935734,101.87948577691,-33.1567924313826,-47.3517836288784,-55.3238584738859,57.1463049682804,-5.56500046937568,47.3782415851193,-114.363048175039,-106.781687353123,3.89183997200898e-14
216.538412401154,-206.038662768915,90.5135642100374,-11.2525686213858,5.34624136858663,27.3701422988064,39.1511517157097,-101.957051227311,67.0542487182475,-57.6467075718113,-60.2840320249023,34.5374643246167,-25.6610921918525,-14.5769612044536,-1.79394971122677e-13
62.0827106535881,-25.0331645513491,71.0921593320698,13.4716361957773,-29.076858120695,9.91286942429717,-33.7272327202317,19.1825433707654,-123.336124362068,-35.0567603471313,25.9760974024268,1.88372226716801,-80.5470216532465,-61.8492396859939,4.11105014978873e-15
-66.9488564228186,-62.5693526813582,-16.751447029997,-312.993121755636,-11.6334428573104,65.9118378864685,29.7525899951435,-8.23518574319354,-30.9969682353469,59.4193960971886,-86.1070872459631,11.2653782355951,-33.1491261976935,2.63544343527442,5.18933916545101e-14
-30.5828069873483,38.7934318210396,-174.142101692544,-204.825209161349,24.6929858194655,-165.344847133142,-2.85899123008668,-60.2484532719079,-29.4907902041818,-15.7402297044958,-24.4409193005731,-7.74440647102495,38.4093618262709,-45.4095242169747,-6.10421502027942e-14
91.2895647309486,-10.0169802708468,82.6734198367113,-79.7234253427995,83.1482668471222,11.5501946213712,9.77666556336961,71.9512822781291,-3.38870636046043,29.6069183145212,-1.4462541825386,-6.71068117723589,7.26170638813795,-19.7798487920468,9.08662471708238e-14
27.3989083448675,59.3054358047117,80.2885509817671,-147.701514143212,53.947207677411,-10.6298687953277,11.3636747593225,43.1758515121617,-17.7146667535672,25.1807184959884,-15.0256764169364,-12.1940659270554,-23.6969182491183,75.8630711672228,-9.73944167382078e-14
3.94449176822976,-40.9112348078687,-33.4693622133094,-39.8143859367066,-3.06306804579452,-47.3492338423124,-43.7049212407219,-36.9996316805234,-74.4904608165528,37.8859281630797,95.990465225314,-39.3262387123772,-3.40989818702668,-28.8535521411096,5.12753403242733e-14
-23.4313698961583,-172.705495531514,0.362158547375117,-39.4745279928008,20.8165145568279,135.223026164869,-61.7744543947333,-6.42250598872493,84.4764527637363,53.0582421040601,48.0072998664746,53.9230964240623,-64.1354125362718,14.6476078512342,-165.320954478834
362.782342925579,-105.898758392489,-645.717736484898,72.9863967468986,-68.0531974106522,1.89695028398433,100.650694684946,5.63230104735048,43.3569804676546,54.1126803967014,65.6730617369089,56.922605739588,-32.9424048224196,-63.0568581225581,-1.96676441994922e-13
82.9912717583506,56.3231175858064,-1160.32569412941,-47.5959807268459,-30.5071779943828,49.2859967046666,43.8971762948532,-100.339387872003,-23.3799708714152,-41.332805738603,-28.4956104321256,51.9713132993544,-64.7406044644935,11.9254396275142,1.29621452510319e-13
82.5742931532544,216.227812165138,469.493471929076,74.4970689819286,-108.114875846155,-14.7829653480821,27.2976456101226,-54.348827611569,-37.8992689147149,30.4267451540841,-98.6742184533284,48.0167088098875,47.7642946649444,37.4382424001001,-1.16078298777011e-13
-74.6803432189511,-22.0254578883722,-1080.95698826231,26.7830092786959,127.792734432734,-32.8792732504773,-73.7849464126599,129.603735221891,-92.4650335016397,79.5467428910068,-44.227343144982,5.52746792710457,-7.1518871921326,-3.51893136874755,113.383933135905
64.3488992887958,94.2030016404844,-1566.36106410241,146.926904513295,67.9111121591488,-35.6277168728357,115.628002224571,50.7155641826701,-60.5598507969373,-0.695420849460713,-2.6540868432471,-83.1630740505575,8.38210867850587,88.5397765040764,136.766360295186
-76.6341406619998,227.505212162454,774.86258941489,96.7746905417376,17.2593583717852,68.2305847627622,-23.1678353874473,-68.9673188167833,-28.7899593235247,98.5318102538728,-29.3668521620272,-51.6299099144835,-5.54146932797781,130.633259540153,-132.840067146232
72.6058378524967,-153.503733809802,684.826034674446,88.1359431195319,-62.3820510467472,96.5584863219204,-23.2068776310331,51.7056077623465,39.2263361104548,-13.7538602845018,55.1575577058473,38.752683202671,63.8591779768153,-74.8480186524372,9.38282307633337e-14
8.51230865543727,25.0708823684539,-1529.06913349943,97.3125501464559,-13.0302678028553,-4.80741949954609,47.798334967533,-19.3933457869972,-44.4083468628869,-10.0880768558092,43.5796837195153,32.3216787635321,72.1487130459583,-47.5700980979725,-97.3972480926616
81.0225558817167,91.5402543020637,1007.09744521516,91.4049267174986,96.4624181713976,3.63973717526126,-8.63826346139251,66.9873997834,16.290873158836,14.6500621939454,17.8166911449973,-9.64052421712959,-66.9527939549651,41.8604037097224,1.55549152255797e-13
-31.1720944383406,142.560975140942,-868.330063473794,40.1664969829039,-19.1135723306306,31.1884546483794,8.94487634082852,13.1994197196421,48.9923207730718,26.375547692152,84.1589423777888,-34.8512729164683,-84.0039764385662,-28.9176141911805,-4.40932485715837e-14
0.707005105900523,261.09551201284,-1154.17264024875,-144.587917882184,-84.4015776817118,52.3832207231984,-116.027313935364,-17.868243582797,14.4812662031996,40.2425923610939,-24.9533031551084,-9.56759984123559,90.879300912665,19.6614346850727,1.31594990406318e-14
146.394348407946,113.667741391811,28.1075906072855,111.082988268619,-60.5041081501587,-39.7730307132159,-8.04827390869021,90.1657025657966,-17.1846189060123,-15.3648824688029,65.7851998948526,31.0451485145918,-95.7800984313485,-25.3705486823819,-1.11427972219458e-13
13.6459968133351,-12.0384526473788,38.3465433084196,9.56990233221464,-14.2318205886657,-17.482359423674,-55.8133779161714,-65.9767092551509,57.3559983008902,-10.2453885636714,42.1083994403194,98.1164194956822,-81.9854265351343,-17.7326986422376,-1.41751465431075e-13
-155.486624690438,80.6961077607615,-2.7592693642206,-15.1394973259958,-62.7101132658127,-35.3419086922533,-1.91197881559328,-23.0647779243655,31.2781381365661,51.0130686811964,14.1463086768702,10.3006461649869,-47.9900712981067,-180.572769592277,2.00105557648216e-14
58.2455427550926,-75.436575962356,-6.71484899303651,68.35545858757,22.5303293563135,-8.71779450626144,-43.9185122625827,146.044340605701,13.404688327134,-29.6000555516407,-21.2791995426517,40.4759142993141,5.05906943146304,-98.1996085212166,-153.998680849836
83.1412774222557,-46.8611398238303,7.50599189113376,-12.0105322065792,41.8760836114686,-87.3559051561106,-13.43302482114,-85.0257018079754,-115.199822218757,-9.43170533913141,-26.8690199743728,44.5553463243516,18.3845534686425,-207.828135293598,-5.24323617991799e-14
45.3611021054912,-89.9630043448913,-102.595732449184,193.698777223654,11.843155309798,-61.7003802194485,-16.8717555619154,-81.0084284379494,27.0444260620953,-7.94841334781844,-67.5711427288686,24.4421628904464,-130.747244052933,14.7269910143283,-8.50177566455065e-14
0.525185104630524,-24.3563819056685,-16.950895595598,-29.5562239028622,94.1229550250776,133.52010547595,655.583269034127,-130.867433932066,-27.2809547592867,-79.9257210045626,18.4584341898868,-10.446158265501,33.6836137462905,71.9340630516149,7.40290649896794e-14
19.5034812078228,-86.6627367932094,-34.1184139675707,-36.1368865665572,-67.5413706576959,-118.412245666802,-751.940325827517,-52.0789247788448,94.7328663734835,-56.6099962658971,9.87518217273702,95.8651583679786,15.9219205520968,36.4427760376452,-5.39805958513712e-14
14.7183799885403,-19.2170284840465,-10.0595385729702,-2.22110935238726,-32.3872430557347,-36.5659585031949,733.947791121522,113.324648215882,45.1569743739382,82.8544980832589,22.763742498247,17.6902317037462,-101.208554296554,-72.0786693727479,-4.11705985774535e-14
-59.4856752268992,-257.03301251659,83.0950529230036,-152.42265675045,-54.1487860950621,29.568642857944,-596.749568947228,76.9740575725879,123.187386495084,-10.1479706252007,62.7560026739162,15.7013894750968,25.7796730532153,-37.9420853191943,-143.641347328407
1.57668091678539,-62.9163468501471,-35.3072220908143,-68.1099264817025,52.5900672028789,82.9314024299089,-254.836008705872,-181.702005448237,-18.0028841752015,-77.2967957306189,14.8863770705597,17.9515523887814,28.9036177065591,23.119780466338,1.87588694196235e-13
-24.7731682799282,-79.8645937760275,-21.4763592115249,121.266209236376,-72.0862628580506,42.1425730424212,1245.1660225564,-18.9345396597406,141.630597366498,-86.3386740368152,33.563141438851,-11.1290751186818,22.1150236429406,82.6978880611302,211.682584023545
70.9264799036335,-112.589499277565,2.05330682486406,53.838957571958,26.7705665024548,-22.3768943516235,838.588186857895,-27.4663659602056,-61.7491803641795,19.13889291403,2.24851578703265,-2.07953366886094,13.7119398347308,-94.9976366745039,2.91454500947779e-14
161.657348030052,-210.565778425479,196.520426824667,-184.692450300339,-16.1749895242839,10.7682554010503,129.12973732333,18.337768344358,-23.3988344582238,-5.92826737747817,-43.1841491010561,22.6880820796165,33.0582384886438,-0.912930842232665,2.74383195368848e-15
144.381554246811,54.1588766259245,-86.6072004003012,-62.3229018441269,-37.143868522238,101.389512041847,606.992172385668,40.2613967612749,104.020535312879,5.63854464250869,1.36879912758153,69.2566473300887,5.16780779432433,16.8742347360311,7.27689012909201e-14
35.4056383898847,-70.164934871023,64.2589525199628,80.4711832274678,-15.376909597605,29.7730643745684,-876.150292769461,-29.4863044579682,-106.856387852753,-33.0708910826561,-40.8545534626677,26.6215476014994,-19.498682378298,-14.9379157144777,7.8114857659834e-14
-75.2490739713764,-91.7793468156899,-82.2527523967188,177.647175361407,-44.9889162917049,141.595697871962,-1630.16858614595,-36.6357948800554,-60.3106402611699,28.7654075452044,1.60838751114403,-43.1198820126637,7.53814480834926,-54.7291222068188,-161.164315055158
30.7200993465821,-50.2460330095871,-97.7423378606055,-70.9155310312974,-35.3486418881891,-7.51684931995583,1.3760139468635,-118.994756141439,137.131273019204,-24.2725945132702,-27.1896008322265,-104.704503812151,38.5032503616335,-60.3412972550297,2.01826418331237e-13
-20.7084425323532,-15.5543397736354,60.4464822943854,116.362107078392,-34.0560831977568,44.3273063696614,-679.208984165615,46.9578641140633,-26.5215855990098,9.36176742943991,38.2053743190655,-32.8316645434914,29.8484262111152,-40.9944464944019,-1.1819563261108e-13
47.2576005208442,65.5428500013714,24.8477686147993,-133.478518291839,-74.82635281121,-115.181181167187,-653.807664743312,-98.7068493302135,-12.4438904725898,2.06183285815985,56.3576666926621,21.5429618586622,-82.5101475636459,22.3434268364987,2.67848004683798e-14
-0.713364022664256,-19.8058906460062,159.989557903441,-15.6249350209516,55.9028001813284,60.818755618072,-630.702251570016,27.6867588736167,31.9996473838714,61.1687295223148,-26.9623449963063,5.71459470231947,61.5219816904727,29.544387889853,111.274596709957
-8.73616803148925,26.3064575793225,42.5278812273257,-146.957373238186,-82.0982248511134,-87.8243069915748,245.377813315371,-40.5605406859822,-36.04990769611,-33.4701893254183,-17.04746550973,-11.8006102651027,22.0661174675592,-193.815234500379,-1.09252791587147e-13
80.7966237024048,112.658599225123,-35.6761976664093,-99.3808198762721,-15.9387832629936,-91.0484436909567,-47.5609236392397,-14.1425348925582,-75.944779330555,-23.3665882286994,2.38474570647733,-85.394983127564,15.7497104981443,-139.354019580615,5.66669083127522e-14
122.411192256829,196.579432060454,-23.9589815710953,5.51670675776388,-21.2241221316911,-14.6131813858973,45.8093681982048,-20.6963593811662,38.8505982678361,-40.5618848224368,3.76119438514964,48.8386164546995,9.43507452454664,97.4855329125762,-7.56284697281536e-14
54.6576883427318,-42.0301931509908,-25.8322460516467,32.7843926789848,-56.018603960345,64.683012195033,81.0635535672008,-75.7567074522958,-97.3931171164542,104.340332421821,-29.4943663568451,30.9798239682373,-36.9581354104876,11.1104513392612,1.0296582727545e-13
55.9154500582537,-76.5454527638533,-93.7631660664961,7.65319209165138,0.778540867877313,-53.6156942673777,30.0437452692693,41.1667158374215,-50.7634251825576,38.3033122980929,37.534018888486,7.82907538482656,-2.05449318221942,66.4634626707715,3.51806137648677e-14
199.213607782059,232.836847686105,-33.6922306947445,-64.2192066303956,-56.8630238473964,-52.8255079287943,67.6011883532028,-89.9565258379664,41.8024206193899,-61.7093827900929,-20.9158192522811,-21.0725506932509,-10.3018280678448,15.0787527946157,143.346798642631
-222.197990097191,-29.3858570631412,76.8019196803721,87.1570170697849,-24.4344694991327,-49.3669741695565,-2.69377879577351,-18.3075860315706,33.0065530647697,-4.11735485341361,44.7761946544923,-65.8795195707513,-31.8797469998875,-25.3989802407031,-2.57417828671293e-14
-124.724520393307,-96.337030675519,46.6397604332668,175.505497860678,61.1585041850864,26.9498843242831,-96.6381365323341,157.508426564267,-34.1409967826222,32.3087883473982,38.9776038635261,-13.4200442497808,-9.50275870200163,112.741619803954,9.61536175480416e-15
-244.790205122646,-59.2440170114537,99.8947205277128,-242.998964219654,49.3185950272001,-3.54061453602178,34.866612838304,67.5330779649818,-15.6985742009425,8.5991511354022,13.9757649961962,-2.81959173662811,-15.2588938474924,100.114840805233,3.1479618822287e-14
-139.150539723719,238.823922009148,12.3694243343659,-26.3312294393036,-112.653787885029,63.1521790045727,190.314300486503,9.98260253523701,29.4606268651671,57.5272107638774,-10.4616527019182,-44.4713036889829,-49.681312867654,-11.1385685838386,4.96744668792096e-14
-131.543844571741,110.737602657337,-56.6416851883551,49.6010233123988,37.1734521717419,-49.741170439844,5.9739502179812,-53.6915749085371,26.6756005905707,-6.94907109114359,-83.9001764240405,113.382154144307,-2.35215952460679,10.0317646014439,-3.72597746928224e-14
-50.6940718836878,-110.763814395619,-6.21094713690672,195.951892699638,-2.24165779767468,50.9157151646521,-5.56937157257586,-15.289534312932,-11.6902709255767,-87.1002249802117,-16.0015477326121,44.0147707671035,-18.4823059183223,-16.8568377550611,-103.17741822331
287.425956968782,-11.5829331952411,-135.443977947633,69.548162488716,-27.5649745433419,-46.3801940244829,-10.2863551212621,-99.4102913295081,63.4948990070679,-116.533657458318,13.6117599858572,-95.7098353470851,29.3729440354221,84.1608682659211,-6.10021721979443e-14
-51.0157656703063,21.9821280414467,25.8744803356825,-122.543569352081,87.204532301608,60.2394968715326,-49.6478370778944,-82.3893242175658,-79.1097975049151,137.454781444129,12.6009011130805,-13.5484323752246,7.04920707027268,59.8056351865626,1.75762661578927e-13
-23.7910342332496,18.6442546302748,79.7100280072747,-117.171941813175,-59.1151558259,40.7098835849374,94.7460060271817,-17.6008883352901,54.3136602650915,-10.6427680781643,-3.65859117117824,67.0710878267846,9.20221893750356,43.8228387876953,1.40827826097184e-13
-37.1670759770803,124.641281172323,104.232191597043,82.5395350525814,-20.6757757651017,-36.0391532625259,64.9359773734005,-4.83850448262314,6.67331675094356,-19.0229633047738,-7.10435785162915,-7.49286451730382,4.78829058263102,93.5397011578368,-89.6730074166019
-198.052050021065,98.9285342774059,-20.2996203177999,-221.372292094996,-59.6139739412924,8.52756619495648,-79.7891894304322,-176.714800545413,25.0359766377429,-28.4578321429887,-16.1385402738844,-31.154453917436,-103.707250665117,-49.687851397754,8.71254062902017e-14
157.836847175607,44.3412918921018,-199.775740584857,7.59811049672053,11.3624714857424,23.9368982610565,3.16536765047317,80.09936723961,-84.4630989105219,-74.477469823208,21.1418754045017,-55.0098149633899,18.6556064025569,38.7250833185164,1.68346764168093e-13
5.62310540787689,-188.447618790431,62.5345983836381,65.5685793661613,-49.3049525114903,-37.3269690783389,130.15388166671,-82.8647000583499,11.5081419687939,70.2536743701124,10.3162726402754,42.8899327793523,-16.5345055391009,107.841143877998,-1.95096199029236e-13
84.9528039980676,-77.6083363912781,161.029329935627,-18.4212625481386,18.6533290895967,52.9043384798975,0.938695063860204,-88.4621668013034,10.0903932333241,57.3037329709101,79.1769314419435,-51.4852273401585,46.5193697444472,-54.3777667221329,4.86669793666001e-14
-78.7451970537619,119.114655349767,-12.599120896186,-3.94557919912052,-50.9083882946945,-5.34794326909506,-18.3812552758933,16.8095066491878,61.1473388720918,18.7076188745473,32.0105418088644,-29.235724295979,-72.6176662741475,66.8251659532192,-7.86913162919485e-14
-42.1808761862284,-41.1203295573533,-86.696286452251,160.548773878049,-88.6686505802807,-42.3834399310468,73.7393841376118,167.030636162945,-130.831625539261,48.0590078991592,13.9063339098698,-63.0586564192846,-11.3453839262279,59.0441029352174,1.32443262612914e-13
-125.075655375673,-42.9520590075838,115.022136906853,50.8417135112499,-35.5836617787224,30.957848298179,74.8601495104253,-32.8096389669326,145.665814589135,-30.2988872539631,68.5594496448246,53.1722075173652,11.6827602487278,-10.0949905561164,-1.56126985692503e-13
-56.7766460028843,-103.617907187987,37.8840238952841,150.239459208053,-29.1809193817572,65.8885792634647,49.4014256800334,48.3226244932169,93.9606426655911,83.9373548912181,-4.70330496399205,32.3226486044932,-31.7937043280042,103.876273817804,-1.19769408287345e-14
