3.99496
10.9431
 12.188
8.66255
12.5682
6.08066
6.64083
12.7585
9.89782
6.78589
2.66692
9.66716
7.51207
9.59531
29.4173
10.9002
3.87565
10.8698
13.1095
16.2844
11.3414
7.19632
4.62654
5.36289
8.19947
9.74613
 6.4981
7.76707
6.31559
18.0758
10.8627
  16.42
5.22812
8.50589
19.0899
6.70411
11.9477
8.36931
8.83214
8.99501
13.3312
10.5879
10.1498
10.5567
6.95277
10.9415
12.1853
8.19726
9.42679
11.4714
6.51801
7.21481
5.72769
 11.356
16.1929
10.5358
10.9865
9.17429
9.92422
6.75926
9.13818
5.58591
6.73989
19.0264
11.9327
3.99926
12.7165
10.6153
15.3913
11.2483
9.66207
2.32476
13.8565
10.9165
8.43121
12.2503
7.21867
16.3673
12.2817
9.24129
3.99841
13.8981
11.5626
5.55539
13.4344
8.26931
13.4945
11.9237
9.13972
12.3922
11.1218
10.7902
9.06587
8.75403
10.0212
6.92012
13.7198
11.2704
11.2855
11.0072
13.3099
13.1533
10.1593
6.36528
10.5714
 13.206
11.4501
14.5429
7.70233
6.72044
10.9774
11.9281
 5.6031
14.2811
10.3891
  4.727
10.1405
10.9809
11.1398
7.49445
5.10214
13.8993
12.4745
9.07634
16.4492
12.3631
6.21751
13.3794
5.60973
 3.9655
9.36001
16.6479
 10.166
12.4351
6.97138
8.09383
11.0529
10.0563
10.1698
10.9274
7.21059
11.9897
4.75182
5.50494
4.05627
7.65056
7.30003
5.89476
11.5351
8.83146
   12.7
8.15153
14.7813
6.41356
7.26376
 8.4408
6.64271
4.67301
15.7272
 11.365
8.69763
10.2237
5.50351
4.55505
10.9131
9.93464
10.0459
13.7228
12.7628
17.6545
9.06076
5.85922
7.63671
14.5415
3.64149
12.3231
5.91378
11.3743
20.9272
14.8308
12.9363
5.15098
 13.915
9.02162
20.6618
12.0754
3.06791
13.5609
16.5119
8.98303
14.5547
17.0904
5.39382
15.0376
9.29943
10.9489
11.2065
15.0898
9.97762
5.06063
 8.1566
8.78378
12.5235
13.3136
12.4214
8.94424
  13.89
13.2026
 19.627
 14.591
9.20797
2.68093
12.0625
 9.8604
18.0149
9.15546
16.0488
16.9072
9.64565
13.2309
10.1877
21.0955
10.1277
12.9617
8.79004
 4.4927
10.5231
 8.9673
7.36817
11.0341
13.4798
8.16725
9.80836
8.37124
15.7757
10.4573
12.6376
 6.8998
8.51376
16.5314
11.0342
16.8048
11.5123
14.2033
 7.2236
17.0118
13.4626
16.6299
15.6871
13.8404
16.1823
5.25851
8.43761
7.01497
7.07491
 10.698
8.36879
8.46326
17.6806
8.05951
13.0245
10.4238
8.97224
9.80598
14.5818
5.38024
12.0331
7.41169
10.2754
6.52098
8.51563
6.79677
8.69362
16.8851
 6.8386
10.0203
7.14481
4.42838
 14.243
7.00904
 14.269
5.15171
9.84256
16.8497
8.46073
11.7777
12.4049
 13.628
 9.8613
 4.3696
 13.396
12.4488
 7.0163
 13.948
 6.2146
2.82009
6.81741
9.50006
14.4372
12.4027
 10.724
12.2086
6.83103
15.2955
6.53667
12.2026
14.7332
9.86581
5.34963
10.9301
10.9653
7.14919
9.65368
11.5288
5.60108
13.2635
11.5614
6.55891
15.5531
  13.48
14.1314
27.9375
12.6082
5.92462
 10.977
6.33084
11.8729
9.99815
13.3884
15.1796
9.06495
7.87021
8.27116
8.33432
8.65076
3.88054
10.4113
16.5927
6.54071
9.43165
 10.846
12.9091
11.6909
8.24713
6.64854
8.61025
19.4325
11.3554
16.8179
9.70658
16.7735
17.8523
16.4653
13.1019
12.6414
11.6436
 16.924
9.45501
13.9358
8.13579
13.3144
14.8848
15.5948
14.3126
6.43977
 12.921
13.5314
 17.922
17.7724
10.7216
12.0122
18.2184
21.6467
11.6511
3.95126
11.5409
13.9487
17.5446
13.0242
13.1627
 7.7859
 4.3245
6.25042
8.63273
16.1129
15.2481
11.0273
13.1989
11.6892
20.1892
12.5246
8.92206
11.9867
10.8422
12.8969
 13.027
19.7176
8.62745
15.9545
15.6379
6.20204
8.53584
13.4234
3.90674
11.3496
7.84779
7.78801
9.24333
 18.942
 6.2802
8.86833
5.08559
12.6124
5.40488
20.6192
16.1701
12.8099
9.83475
6.45513
14.9067
12.5307
12.8037
7.78418
16.2176
6.91768
13.3977
9.30728
15.0333
13.9606
6.76467
16.3136
13.7523
15.3268
6.84481
22.4998
 6.8791
13.9959
7.65022
19.8802
11.8965
14.0617
17.0936
9.18433
18.3622
12.8353
19.0745
17.0351
 3.8602
11.9879
16.2389
10.3311
13.9368
21.4717
19.4909
13.1934
10.8801
22.0328
6.17906
7.62564
8.85786
 3.9936
13.0875
16.4248
15.5657
13.2695
 13.256
8.22969
14.5666
7.60448
7.39339
6.66606
8.12455
9.07497
11.5541
9.83615
9.27942
15.8022
17.0915
13.8496
8.73744
10.4383
13.5996
5.54297
5.52928
15.5739
4.64659
 9.9493
11.5707
9.58514
10.7002
17.9908
8.57408
11.6477
6.46741
13.9349
8.19918
6.31551
14.0667
16.1808
14.3655
14.6407
12.4462
7.24103
9.99235
10.4869
6.45861
9.52681
 21.245
7.83633
17.0829
10.3564
11.4761
13.5643
9.29426
8.51209
5.53659
  10.17
16.1848
9.35753
10.3452
19.3468
5.39544
12.9886
 9.7423
15.4926
3.57923
8.71707
 5.8168
7.77867
9.33878
6.25977
13.1015
4.30413
8.26868
7.86926
8.66438
12.0601
5.61363
15.8599
24.2586
8.94244
9.69408
5.74251
18.3233
7.34042
9.27891
20.7772
9.91588
11.3352
19.0877
9.90785
 11.265
10.0675
 10.671
6.56739
13.8481
 8.7799
5.06539
10.6388
10.3753
9.50022
16.4063
6.07646
15.5565
20.6577
15.8351
 10.642
8.67514
 12.378
13.6321
27.3855
10.7279
13.1106
10.6681
 13.214
28.8811
38.6803
24.3486
45.6533
32.3884
47.5197
59.3912
29.0572
 24.455
5.86534
32.3682
23.0533
26.5558
17.9223
46.0619
20.2291
37.8354
21.7338
18.6638
37.9774
22.1152
24.3639
46.5826
27.5075
66.2792
26.9487
18.3043
20.2469
35.3587
25.0344
28.1785
22.0095
15.3774
24.1875
28.0588
30.6556
37.7069
33.3246
36.6584
21.8735
29.0566
20.9843
19.7413
22.9136
48.5324
37.7863
33.1123
22.3572
7.57789
10.8615
17.1137
11.8925
9.23705
9.01049
9.33477
11.7271
6.09136
12.5648
10.6576
12.2282
6.93234
4.04845
8.14274
13.2678
5.59755
9.94419
6.79215
 19.871
4.56101
12.4159
10.4458
14.9751
17.7458
5.08095
22.8313
10.0356
9.69602
4.83651
5.45766
11.3259
9.49035
6.89261
12.9211
8.53468
  9.516
 10.676
14.1251
6.47403
10.9269
19.2203
7.11129
10.0872
9.66163
11.7752
5.11428
8.75202
13.9722
12.3975
7.54431
16.1185
14.7567
6.55799
5.87063
11.3912
8.73781
11.9411
12.1886
9.90559
7.13614
10.8122
6.81324
12.6639
15.9621
 14.001
7.81687
19.0436
10.6609
6.23989
8.89812
4.80586
12.7713
10.3869
13.1194
10.4083
8.87654
13.2339
7.42264
9.95658
11.0062
6.79807
10.6195
5.98217
 13.547
5.45016
13.0032
13.2837
6.71243
16.2007
8.51557
13.8012
16.4197
8.15559
10.6629
13.6043
18.1525
10.3128
13.2009
13.2175
13.6463
 13.882
12.8664
 14.669
10.7076
19.3591
12.1876
16.9775
10.8937
11.2163
11.7705
20.5931
16.2179
10.5328
9.21436
13.6487
4.94344
9.35105
5.12437
3.74138
12.1018
4.97457
19.0434
9.70402
15.3946
 7.0748
12.9039
6.27637
10.7431
7.99413
 15.973
9.12394
12.3746
11.2225
8.02945
5.72437
2.62304
12.6048
11.0337
13.6165
8.22659
5.61468
3.82219
6.95269
19.7148
9.51369
13.9715
9.77753
14.6412
9.79587
12.7767
9.59603
10.9941
 11.601
14.3966
12.7969
4.93691
10.2885
9.82782
8.49125
13.8836
11.6467
6.82682
12.4831
3.75761
6.72879
5.62349
7.68285
9.81556
11.5294
15.5208
14.0835
7.24863
19.8894
9.90794
6.68549
8.54251
7.88135
14.4023
7.81299
 12.285
12.0581
5.88395
8.29916
10.3601
11.2217
9.22012
 8.2405
19.6234
10.1873
 10.373
14.3712
12.0704
9.70151
 11.238
5.14366
16.4816
13.0433
8.83988
8.22475
9.61057
9.08266
 14.611
9.02737
8.72115
  11.44
6.85831
7.12312
7.69984
14.1247
10.1862
 10.374
5.64865
5.75538
7.45021
18.1046
3.55911
9.13615
7.70813
19.1183
7.83832
4.44407
3.22643
6.93456
9.84208
 9.2427
6.68401
13.2485
4.75745
3.63634
5.87368
10.1896
6.44469
19.0874
 7.5272
11.3242
6.79142
16.7101
11.1864
 7.3837
 9.1398
10.7406
9.60555
5.85158
2.58781
6.55171
6.32965
6.13976
15.4741
10.0308
13.6813
12.1847
11.5747
4.29035
14.2131
9.77278
8.86504
13.0816
10.3512
11.3501
13.9373
9.53127
8.91664
13.2323
11.6154
8.50502
14.2009
9.42864
10.5232
5.80823
15.0979
6.67197
10.9703
13.1186
16.4273
11.7069
8.15178
4.86586
9.79323
9.36178
6.96292
9.35187
7.90276
10.3007
16.7012
9.75533
6.42286
8.33175
5.60972
14.2122
9.39794
6.22397
 9.4683
10.4486
4.90065
11.9322
8.68788
17.7504
 16.235
17.7114
6.19406
16.9726
 5.7352
16.4828
15.5791
14.3846
9.07626
16.7497
11.3402
13.9236
 12.264
12.3094
13.5991
17.8435
14.0908
34.1696
16.6209
17.9746
11.3142
13.9122
6.41313
15.4439
14.2144
7.36616
14.5223
13.3205
8.33936
 5.4377
9.69996
13.2553
11.3309
11.0871
7.86297
8.31813
10.2396
12.5129
5.51164
 6.5265
7.70208
3.56216
14.1295
6.84651
21.0753
8.31836
16.1902
10.8384
9.21644
8.02064
10.7284
6.38538
5.08496
6.97359
13.8074
10.2036
9.03433
 10.477
13.4176
15.1098
8.33481
15.2432
9.00356
6.71462
14.0229
11.6366
11.2338
12.5066
 17.323
11.2468
13.7623
12.3315
10.6195
5.51426
7.76865
6.02155
9.58611
13.7417
8.32514
