3.99588
10.9401
12.1846
8.65365
12.5696
6.08083
6.64193
12.7697
9.89796
6.76874
2.66318
9.67272
7.51702
9.59543
29.4173
10.8988
3.87426
10.8805
13.1102
16.2955
 11.338
7.14736
4.62768
5.36525
8.19795
9.74518
6.49995
7.75994
6.30943
18.0567
10.8652
16.4286
5.23174
8.50411
19.1045
6.70302
11.9492
8.36844
8.80839
8.99693
13.3294
10.5863
10.1478
10.5575
6.94648
10.9562
12.1828
8.20905
9.43263
11.4813
6.51613
7.21058
5.72501
11.3542
16.1789
10.5364
10.9879
9.17358
9.92605
6.75998
9.13784
 5.5807
6.74074
19.0321
11.9359
3.99919
12.7283
 10.624
15.4075
11.2197
9.65417
2.32411
 13.865
10.9225
8.43132
12.2469
7.21854
16.3702
12.2653
9.24606
3.99908
13.8883
11.5375
5.54675
13.4291
8.26289
  13.49
11.9205
9.12422
12.4018
11.1091
10.7774
9.06019
8.74795
10.0208
6.92173
13.7089
11.2663
11.2635
11.0029
13.3091
13.1779
10.1645
6.36474
10.5551
13.1961
11.4272
14.5361
7.70491
6.71975
10.9786
11.8891
5.60488
14.2755
10.3838
4.72741
10.1321
10.9388
11.1414
7.49669
5.09384
13.8892
12.4648
9.07614
16.4632
12.3639
6.20636
13.3751
5.60058
3.96512
9.37358
16.7072
10.1664
12.4401
6.97537
8.08034
11.0513
10.0573
 10.146
10.9259
7.21481
  11.99
4.74302
5.50133
4.05728
7.64907
7.26822
5.91612
11.5074
 8.8292
12.6983
8.15171
 14.785
6.41214
7.27447
8.43958
6.64374
4.66225
  15.73
11.3337
8.67416
10.2103
5.50354
4.55455
10.9472
9.93466
10.0581
13.7285
12.7493
17.6592
9.05488
5.85309
7.63985
 14.503
 3.6402
12.2976
5.86921
11.3743
20.9103
14.8541
12.9179
5.15672
13.9147
9.02273
20.6603
12.0819
3.06686
13.5615
16.5318
8.98018
14.5486
17.1015
5.39199
15.0466
9.29882
10.9503
11.1978
15.0506
9.98609
5.06072
8.15517
8.77552
12.5741
13.3084
12.4296
8.94264
13.8741
13.2041
19.6332
14.5836
9.21054
2.68069
12.0349
9.86537
17.9683
9.16869
16.0505
16.8873
9.64535
13.2257
10.1801
21.0897
10.0796
12.9629
8.79373
4.50261
10.5243
8.96187
7.37014
11.0348
13.4644
8.13326
9.80024
8.37074
15.7733
10.4424
12.6313
6.89684
8.50807
16.5269
11.0326
16.8074
11.5238
14.2039
7.21511
16.9923
13.4518
16.6122
15.6768
13.8147
16.1646
 5.2566
8.43155
7.00725
 7.0733
10.6961
8.37038
8.46867
17.6703
8.05557
13.0171
10.4246
8.97191
9.83211
14.5201
5.37691
12.0294
7.41289
10.2523
 6.5254
  8.513
6.79226
8.74974
16.8782
6.84014
10.0157
7.14559
4.42664
14.2241
7.00026
14.2598
5.17911
9.82426
 16.819
8.45871
11.7741
12.4039
13.6293
9.83124
4.36887
13.3843
12.4529
7.02068
13.9648
6.21274
2.82103
6.77956
9.46886
14.4009
12.3953
10.7223
12.1846
6.83353
15.2948
6.53635
12.2121
14.7337
9.86519
5.34492
10.9293
10.9642
 7.1358
9.64207
11.5228
5.59865
13.2627
11.5433
 6.5535
15.5518
13.4641
14.0703
27.8819
12.5949
5.91647
10.9769
6.33015
11.8834
10.0123
13.2281
15.1871
9.06567
 7.8724
8.29469
8.33234
8.64715
3.88434
10.4121
16.5843
6.53758
9.43109
10.8486
12.8916
11.7031
8.22322
6.61415
8.60641
19.4261
11.3577
16.8183
9.70193
16.7437
 17.854
16.4724
13.0922
12.6508
11.6304
16.9189
 9.4389
13.9501
8.13268
13.3115
14.8744
15.5643
14.2982
6.44045
12.9249
13.5359
17.9243
17.7861
10.7221
12.0161
18.2202
21.6326
11.6409
3.94847
11.5436
13.9518
17.5396
13.0265
13.1667
7.77631
4.31978
6.24663
8.62863
16.0587
15.2098
11.0287
13.2194
11.6711
20.1868
12.5084
8.91289
11.9901
10.8407
12.8814
13.0224
19.6961
   8.63
15.9703
15.6322
6.21354
8.50688
13.4201
3.91073
 11.347
7.84417
 7.7952
9.24147
18.9407
6.29509
8.87007
5.08698
12.6366
5.41044
20.6205
16.1515
12.8139
9.83072
6.43052
14.9143
12.5422
12.8081
7.79295
16.2186
6.92274
13.3971
 9.3058
15.0318
13.9587
6.76455
16.3206
13.7516
15.3173
6.84492
22.4889
6.87904
14.0125
7.65131
19.8726
11.8803
14.0498
 17.079
9.18442
18.3322
12.8406
19.0609
17.0167
3.86108
11.9833
16.2377
10.3267
13.9468
21.4667
 19.506
13.1948
10.8757
21.9913
6.17891
7.62524
8.85092
3.99313
13.1088
16.4303
15.5586
13.2702
13.2666
8.23745
14.5691
7.59642
7.39537
6.66254
8.11374
9.05607
11.5537
9.84147
9.26569
 15.791
17.0951
13.8564
8.73819
10.4385
 13.604
 5.5417
5.52945
15.5795
 4.6465
9.93312
11.5703
9.59572
10.6941
17.9896
8.57717
11.6177
6.46765
 13.924
8.22439
6.31338
14.0559
 16.199
14.3421
14.6399
12.4534
7.23577
9.99286
10.4953
6.46385
9.52311
21.2708
7.83063
17.0857
10.3578
11.4676
13.5609
9.29213
8.50881
5.52512
10.1863
16.1837
9.35749
10.3436
19.3456
5.38282
12.9861
9.73736
15.4934
3.57376
8.71689
5.81451
7.77664
9.32719
6.25217
13.1019
4.29913
8.26493
7.87708
8.66112
12.0618
5.61392
15.8319
24.2447
8.94315
9.70339
5.74707
18.2883
7.31668
9.29108
20.7867
9.90997
11.2968
19.0862
9.90502
11.2511
10.0697
10.7598
6.56711
13.8482
8.77757
5.05914
10.6321
10.3758
9.50052
16.4041
6.07685
15.5622
20.6516
15.8121
10.6391
8.67417
12.3763
13.6617
27.3921
10.7329
13.1071
10.6703
13.1909
  28.84
38.6237
24.3591
45.6505
32.3814
47.4855
59.4224
29.0089
24.4238
5.87096
32.2467
23.0048
26.5462
17.9169
46.0183
20.2264
37.7788
21.7409
18.6725
37.8398
 22.097
24.3518
46.5351
27.5064
66.1812
26.8709
18.2952
20.2067
35.2594
24.9812
 28.173
21.9375
  15.37
24.1448
28.0097
30.5412
37.6684
33.1994
36.6394
21.8219
29.0182
20.9197
19.7159
22.8293
48.5156
37.7563
33.0555
 22.353
7.57847
10.8588
17.1097
11.8926
9.20655
8.99358
9.33486
11.7231
6.09671
12.5409
10.6749
12.2203
6.87236
4.05275
 8.1407
13.2687
5.59511
9.94848
  6.793
19.8706
 4.5613
 12.442
 10.456
14.9685
17.7443
5.08099
22.8112
10.0381
9.69797
4.83937
5.46153
11.3021
9.49777
6.89334
12.9265
8.53674
9.51996
10.6743
14.1195
6.46078
10.9282
 19.252
7.11093
10.0891
9.65812
11.7789
5.11214
8.75243
13.9709
12.3898
7.54165
16.1292
14.7702
6.55732
5.87069
11.3905
8.74009
11.9447
12.1917
9.90413
7.12958
10.8141
6.81591
 12.668
 15.971
14.0105
7.81467
19.0402
10.6649
6.23603
8.90324
4.80504
12.7602
10.3982
13.1172
10.4089
8.87405
13.2255
7.43774
9.95827
11.0061
6.79839
10.6204
5.98206
13.5396
5.42992
 13.011
13.2854
 6.7066
16.2122
8.51939
13.8256
16.4415
 8.1548
10.6625
13.5917
18.1631
10.3174
13.2009
13.2323
13.6495
13.8587
12.8745
14.6456
10.6923
19.3505
12.1859
16.9452
10.9144
11.2138
11.7703
20.5898
16.1935
10.5197
9.21396
13.6362
4.95154
9.35046
 5.1245
3.73603
12.0878
 4.9749
19.0271
9.72336
15.3922
7.05532
12.9057
6.22451
10.7347
7.99972
 15.963
9.12069
12.3164
11.2046
8.03028
5.69701
2.62979
12.6328
11.0357
 13.617
8.23156
5.61146
3.82255
6.95387
19.7214
9.51109
13.9217
9.77747
14.6383
9.79237
12.7721
9.59653
10.9963
11.6169
14.4058
12.8076
4.94017
10.2588
9.81751
8.48659
13.8878
11.6471
6.83208
12.4711
3.75972
6.72252
5.62427
7.64078
9.81705
11.5257
15.5218
14.0808
7.25351
19.8884
9.91659
6.68482
8.54712
7.87909
14.4065
 7.8129
12.2879
12.0236
5.90952
8.29478
10.3593
11.2294
9.21671
 8.2406
19.6226
10.1875
10.3711
14.3615
12.0712
9.70388
11.2415
5.15277
16.4809
13.0508
8.83838
8.25316
9.61628
9.05719
14.6235
9.02491
8.72513
11.4349
6.83644
7.14084
7.69497
14.1207
10.1886
10.3248
5.66246
5.75423
 7.4552
18.0287
3.56383
9.13305
 7.6953
19.1192
 7.8341
4.44381
3.24101
6.93144
9.83954
 9.2435
6.70635
13.2135
4.76086
3.63576
5.87858
10.1902
6.40512
19.1143
7.53567
11.3077
6.79056
 16.711
 11.193
7.38603
9.13324
10.7343
9.55465
5.84389
2.58804
6.55809
6.32703
6.14541
15.4573
10.0108
13.6309
12.0056
11.5639
4.29848
 14.213
9.74457
8.85906
13.0901
10.3953
11.3505
 13.931
9.53621
8.91054
13.2046
11.6141
8.50385
14.2058
9.40962
10.5116
5.80529
15.1256
6.66795
10.9695
13.1197
 16.312
11.6983
8.15005
 4.8724
9.80397
9.33558
6.95961
9.34282
7.88596
10.2997
16.7061
9.76152
6.41851
8.33099
5.59078
14.2085
9.39877
 6.2251
9.43493
 10.454
4.90082
11.9321
8.68783
17.7536
16.2393
17.7135
6.19079
16.9295
5.72558
 16.506
15.5523
14.3895
9.07669
 16.749
11.3421
13.9359
12.2505
12.3202
13.5986
17.8624
14.0932
34.1612
16.6147
17.9729
11.3098
13.9134
6.41321
15.4373
14.2136
7.35991
14.4989
13.3138
 8.3309
5.43686
  9.701
13.2514
11.3349
11.0866
7.83254
8.30082
10.2367
12.5122
5.49915
6.52695
7.70137
3.58117
14.1297
6.85493
21.0777
8.31909
16.2042
10.8528
9.20665
8.02118
10.7177
6.40242
5.03131
6.97356
13.7861
10.2033
9.04652
10.4679
13.3927
15.1428
8.33221
15.2447
8.98408
  6.718
 14.013
11.6292
11.2518
12.5098
17.2433
11.2333
13.7443
12.3236
10.6236
5.50809
7.77029
5.98917
9.58757
13.7396
8.32533
