 1.17593
 1.01479
 1.13419
 1.11078
 1.00081
  1.0573
 1.00732
 1.07818
 1.00492
 1.08538
 1.13832
 1.05089
 1.17196
 1.14171
 1.01742
 1.05275
  1.0338
0.907939
 1.03116
 1.22677
 1.07453
 1.05266
0.938863
 1.04022
 0.96768
0.856494
 1.09901
0.959405
 0.95368
0.879686
0.982259
 1.00071
0.981806
 1.04958
 1.11188
 1.20517
 1.00273
 1.06134
 1.11397
0.924064
0.814689
0.959084
0.944654
 1.01738
0.930419
 1.02041
0.960528
 1.04111
 1.02964
 1.01251
0.956863
 1.07192
 1.01031
0.785458
 1.11873
0.972873
0.996453
0.996275
 1.00161
0.882555
 1.08703
 0.93604
 1.03173
 0.94609
  1.0134
 1.05465
 1.01494
 0.89484
0.937189
0.958689
 1.04108
  1.0627
0.859973
 1.01374
 0.95681
0.960217
0.885876
0.959106
 1.02523
 1.04446
 1.14604
0.981141
 1.14477
 1.03792
0.973801
 1.00455
 1.06242
    1.19
 1.02478
 1.14655
 1.13909
 1.12458
 1.24019
 1.26035
 1.01299
 1.16116
 1.23228
 1.03724
  1.2475
 1.01285
 1.09535
 1.30968
 1.08784
0.878391
 1.07111
 1.12437
 1.14196
0.975569
 1.12599
 1.02504
 1.01122
 1.01655
 1.20895
 1.07219
  1.2309
 1.25943
 1.33925
 1.16793
 1.12469
 1.02908
 1.19584
 1.27624
 1.17455
 1.09254
0.951196
 1.07977
0.975452
 1.07545
 1.17985
 1.07493
 1.48714
 1.41277
 1.17531
 1.26724
 1.21802
 1.11524
 1.17117
 1.04976
 1.16595
0.844319
 1.17174
0.887976
0.952546
 1.03243
 1.08721
0.948231
 1.08522
 1.17305
   1.008
 1.09169
 1.09789
 1.02658
 1.03411
 1.08229
0.970608
 0.95311
 1.11329
  1.2277
0.995283
0.928923
0.946492
0.880457
 1.00768
 1.07514
 1.18149
 1.11544
0.827979
 1.11289
 1.12415
0.940563
0.966205
 1.00448
  0.9781
0.978387
0.947595
 1.15248
0.940396
0.864569
 1.05091
0.916482
 1.08025
0.919714
 1.25104
 1.05709
 1.10853
 1.04402
 1.01852
  1.0396
0.951341
0.935679
 1.01172
0.962418
0.939097
 1.00305
0.920312
 1.01285
0.959487
0.875817
 1.09998
 1.03948
 1.03616
  1.0176
 1.02138
 1.02129
0.895364
 1.09274
0.999429
 1.10909
0.887586
0.975134
0.997014
 0.93717
 1.03363
 1.01485
 1.04783
 1.04512
0.871928
 1.03706
0.967229
0.921807
0.982111
0.909888
 1.13126
 1.13791
 1.05259
  1.0416
0.947427
 1.07419
0.998426
 1.09947
 1.06834
 1.02262
0.999471
 1.08005
 1.09119
0.973133
 1.09665
 1.12684
 1.11942
  1.0947
0.959431
 1.00354
  0.9929
 1.06849
  1.0035
 1.14926
  1.0208
0.979962
  1.0129
 1.05509
  1.1414
 1.02542
 1.06813
 1.10435
 1.08486
 1.14636
0.975895
 0.95542
0.982122
 1.01242
 1.09752
0.902574
 1.07759
0.992777
 1.05162
 1.11415
 1.09897
0.985402
0.937937
 1.09961
 1.08834
0.944261
0.905495
 1.16672
  1.0533
 1.12255
 1.12303
0.877344
 1.08905
 1.06813
 1.00036
  1.0705
 1.02183
 1.14582
 1.21403
 1.14309
 1.27116
 1.15819
 1.19082
 1.11344
0.996146
 0.94159
 1.08922
 1.03348
 1.28165
 1.05561
 1.00192
 1.17175
  1.0458
 1.15819
 1.13399
 1.13186
 1.05903
 1.09896
 1.23982
 1.24764
0.949697
 1.01377
 1.04114
 1.16285
 1.22174
 1.01731
 1.15801
 1.14212
 1.08627
 1.15042
 1.15584
 1.06657
 1.25356
 1.15919
 1.19363
 1.01258
 1.07363
 1.16608
0.919204
 1.34943
 1.19013
0.979917
 1.03909
  1.2477
 1.34426
 1.06726
 1.16514
 1.30942
 1.24958
 1.10116
 1.05355
0.978744
 1.14371
 1.22031
 1.02468
 1.07001
 1.34748
 1.17233
 1.05307
 0.95503
 1.16053
 1.10152
 1.27888
 1.34738
 1.58729
 1.23935
 1.16966
 1.40607
 1.11399
 1.11884
0.921371
 0.87181
0.892949
0.949943
0.980913
0.962616
 1.05018
 1.03377
 1.03177
 1.06949
 1.08075
 1.01843
  1.1662
 1.00415
 1.09328
 1.16023
 1.02585
 1.13301
0.967946
 1.06306
 0.99433
0.845773
 1.08636
0.903434
 1.13011
 1.10876
0.996687
 1.04452
0.896574
0.922528
 1.04003
  1.0318
0.927659
0.956666
0.958764
 1.04112
 1.02758
  1.0652
 1.10541
 1.02944
 1.06587
 1.13691
0.936116
 1.02635
 1.16278
 0.98378
 1.00862
0.938432
 1.05209
 1.02382
0.996783
 1.14824
 1.08874
 1.06723
0.945745
 1.09779
 0.87545
 0.98963
 0.97727
 0.96654
 0.90033
 1.06763
 1.11755
 1.05845
  1.1728
0.825203
0.972036
  1.0377
 1.00322
 1.69366
0.971971
 1.01567
 1.07416
 1.79798
 1.38939
 1.17321
  1.3335
 1.34794
 1.15519
0.984678
0.979202
 1.06122
0.900501
 1.11961
0.972797
 1.01669
 1.05332
 1.02707
0.931164
 1.29596
0.991161
0.888729
0.934923
0.874568
0.846236
 1.00847
 1.00778
0.851614
0.979713
0.946053
0.854774
 0.97021
 1.08641
 1.03071
 1.03486
0.986964
0.912789
 1.09309
 1.17223
  1.0001
  1.0394
0.967338
 1.01901
 1.21078
0.926991
0.964697
0.876243
  1.0023
 1.04465
0.943256
 1.05264
 1.13695
 1.08888
  1.0499
0.918516
 1.01115
 1.03459
 1.13677
0.985873
 1.00762
 1.12961
0.933735
0.999509
 1.21366
 1.04848
 1.02704
 1.05036
0.928484
0.945034
 1.25034
 1.02079
0.998584
 1.01535
  1.2042
 1.05211
0.834984
 1.00065
 1.00343
 1.20248
 0.92307
 1.02287
0.866342
 1.07738
0.998258
 0.98479
0.985179
 1.01748
 1.18244
 1.09185
 1.08583
 1.06228
 1.11811
 1.16777
 1.32177
 1.14816
0.923533
0.899433
 1.08777
0.938896
 1.20471
 1.15731
 1.12978
 1.29277
0.973294
 1.02071
 0.97897
 0.92326
 1.18244
 1.11447
 1.14418
 1.04268
 1.18669
0.849277
0.914926
 1.01479
0.987563
 0.96657
 1.13649
0.965595
 0.95206
 1.00802
0.930724
 1.13353
 1.05281
 1.14034
0.981499
0.929545
 1.22137
 1.15312
0.989287
0.949862
 1.02475
0.788998
0.952141
 1.03062
 1.07852
0.915608
0.957269
 1.14567
0.968158
 0.99131
  1.2194
 1.30712
0.898126
0.883243
 1.12298
0.904366
 0.99659
 1.07269
 1.25112
 1.06529
0.975445
 1.08438
 1.02077
 1.10789
 1.10887
0.914444
 1.05767
 1.12013
 1.00772
0.986666
0.975271
 1.02361
0.924196
 1.16844
  1.0065
 1.04379
 1.07085
 1.13754
 1.02934
 1.17581
 1.06526
 1.03836
 1.08261
 1.19976
  1.1235
 1.15421
0.982761
 1.20561
  1.0019
 1.08044
0.917511
0.965743
 1.02421
 1.11655
 1.04804
0.838755
 1.03071
 1.29266
  1.0006
0.984138
  1.0979
 1.04899
0.923819
 1.05045
 1.06849
 1.03209
 1.17599
 1.03557
0.861094
 1.21311
0.942694
0.951715
0.992488
0.992496
  1.0356
0.901366
 1.03165
 1.11794
0.940244
0.961691
 1.00994
0.999946
0.914034
0.959562
 1.07867
 1.03155
0.996992
 1.12864
 1.06336
 1.00382
 1.02821
0.967368
 0.93919
 1.12873
 1.07016
 1.03006
 1.02938
 1.08734
 1.18821
 1.09195
 1.06568
 1.00849
0.981199
0.936235
 1.03425
 1.02432
0.964224
0.941042
 1.06841
0.992658
 1.02525
 1.06371
 1.08509
 1.00469
  1.0041
 1.29748
0.945701
 1.13094
 1.04266
 1.14928
 1.25654
 1.09219
0.893165
 1.00168
 1.16244
  1.0789
 1.17999
 1.06914
  1.0943
 1.06582
 1.43504
 1.41798
 1.08151
 1.00161
 1.10558
 1.25878
 1.25007
0.991434
 1.12277
 1.35481
 1.33809
 1.11861
 1.19616
0.985366
  1.1187
 1.08063
 1.18422
 1.25633
  1.3211
0.985236
  1.0711
 1.30868
 1.20488
 1.04878
 1.24421
 1.04749
 1.27078
 1.17463
 1.01481
 1.21631
 1.07099
0.933397
 0.89604
 1.14129
0.876318
 1.07661
 1.05558
0.994131
0.999173
0.935369
0.920077
 1.07257
0.875492
 1.21385
  1.2321
0.994992
 1.15127
 1.04666
   1.161
 1.09227
 1.11961
 1.60953
 1.19067
 1.51952
 1.55042
 1.40951
 1.46036
 1.57366
 1.47525
   1.313
 1.14918
 1.22706
 1.25307
 1.62661
 1.48529
 1.38365
 1.03659
 1.22089
 1.20195
 1.13322
 1.17529
0.995573
 1.02618
 1.03135
 1.03383
 1.05458
 1.06229
  1.1052
 1.00846
 1.04003
0.917368
 1.15004
 1.19161
0.988324
 1.37712
 2.61806
 1.57021
 2.29645
 1.10874
 1.24776
 1.13191
 1.62679
 1.82188
 1.51396
 1.18289
 1.52438
 1.14042
 1.58847
 1.40428
 1.28899
 1.28918
 1.35211
  1.4615
 1.01243
 1.02257
0.870496
 0.84942
 1.14833
0.837383
 1.14893
  1.0339
 1.02559
0.980787
 1.01096
 1.23945
0.977986
0.969685
 1.02235
 1.05915
0.922703
 1.16248
 1.25896
0.965194
 1.13752
 1.03975
 1.05118
 1.01676
0.894572
0.985874
0.926972
 1.03442
 1.10437
  0.9217
 1.08209
 1.00565
 1.09242
 1.08998
0.954014
 1.08028
0.925991
0.996831
 1.00887
 1.04436
 1.05021
0.875888
 1.15143
 1.10535
 1.00043
 1.15498
0.870074
 1.14216
 1.07897
0.852594
0.981621
  1.0293
 1.05327
 1.04188
 1.02524
 0.89132
  1.0024
  1.0453
0.986331
  1.0127
 1.06509
 0.98274
0.958428
 1.00054
 1.02434
 1.09264
  1.0863
 1.07205
0.900524
 0.95963
 1.07516
 1.03721
  1.1045
0.967933
 1.11501
 1.04673
0.953072
 1.07821
0.898627
0.916922
0.981924
 1.12604
 1.06691
0.977784
0.892025
 1.02082
0.938992
0.977549
0.867507
 1.06129
0.926141
 1.04494
 1.13037
 1.03053
0.906556
0.995383
 1.05779
  1.1152
0.863737
 1.09715
0.982342
 1.12606
  1.0547
0.981441
 1.07704
0.941718
0.856134
 0.93646
 1.15795
 1.00743
 1.08924
 1.08334
 1.02206
 0.96933
0.844187
 1.02826
0.986033
0.990753
 1.00455
 1.11521
 1.03572
 1.05399
 0.98667
 1.06421
0.943998
0.907034
 1.06505
 1.38239
 1.20497
  1.3204
 1.49803
 1.46481
 1.10523
 1.25493
 1.14222
 1.36111
 1.49033
 1.47913
 1.35212
  1.1215
 1.71491
0.947353
 1.12004
0.889046
 1.00944
0.942954
0.912143
 1.15162
 1.12161
0.948507
 0.98547
 1.01057
 1.04615
  1.1244
0.969589
 1.11608
 1.04302
 1.14205
0.998077
0.909886
 1.06039
0.783312
 1.01202
0.985688
0.880579
 1.01148
0.943125
0.979875
 1.06856
 1.01821
 1.10194
0.931282
 1.10932
 1.13253
 1.01263
0.911376
 1.17343
 1.02576
0.888407
 1.19903
0.985395
 1.00916
0.896586
 1.04102
0.985701
0.978028
0.948364
 1.05462
 1.00975
 1.00045
 1.05764
 1.03627
 1.18783
 1.03801
0.989423
0.977116
  1.0484
 1.01154
0.989853
0.853182
 1.05068
0.845547
0.955189
 1.01627
0.954466
 1.14376
 1.14059
 1.04802
0.901433
 1.03182
