 1.08148
 1.10835
 1.24698
 1.06764
 1.29648
 1.13696
 1.03146
 1.15789
 1.11979
 1.22252
 1.09888
   1.008
 1.12628
 1.14483
 1.12753
 1.18109
 1.04023
 1.04028
 1.18533
 1.03874
 1.12404
 1.05168
 1.26723
 1.10503
 1.22397
 1.02288
 1.04147
 0.90471
 1.17851
 1.03971
 1.01639
 1.16606
0.945654
 1.27046
  1.1638
 1.21352
 1.13266
 1.00083
 1.15871
 1.08305
 1.24005
0.980967
 1.17964
 1.13997
 1.11577
 1.17567
 1.21484
 1.31413
 1.21525
 1.17119
 1.16657
 1.18129
0.830541
0.994722
 1.24006
 1.18861
 1.23443
 1.25053
 1.21389
 1.17288
 1.10102
 1.10009
 1.04377
 0.96802
 1.31743
 1.29246
 1.21778
0.899885
 1.01249
 1.07203
 1.19132
  1.0231
 1.10395
  1.2048
 1.16131
 1.12892
 1.09824
 1.04065
  1.1611
 1.20368
 1.25819
 1.25478
  1.4153
 1.11585
 1.30567
 1.09553
 1.34123
  1.4088
 1.12735
  1.2398
 1.52621
 1.30669
 1.32461
  1.2544
 1.11713
 1.27254
 1.49917
 1.20499
 1.17588
 1.38429
  1.2804
 1.21819
 1.41961
 1.17842
 1.17094
 1.36112
  1.1072
 1.31305
 1.02288
 1.03829
  1.1999
 1.17026
 1.15151
 1.22383
 1.09549
 1.21235
 1.02556
 1.12677
0.968947
 1.10516
 1.14684
 1.06567
 1.07889
 1.20016
0.967194
 1.21381
 1.03042
 1.15694
 1.18545
 1.25393
 1.36046
 1.17503
 1.03836
 1.16176
 1.07928
 1.12313
 1.11011
 1.19912
  1.1173
 1.18989
 1.14969
 1.21431
0.999846
 1.05265
 1.04271
 1.03148
 1.15471
 1.16159
 1.07011
 1.16281
 1.10004
 1.03411
 1.16454
 1.06975
 1.45783
 1.00246
0.953402
 1.16461
  1.1227
 1.33919
 1.04379
 1.06473
 1.10328
 1.16845
 1.06477
  1.1262
 1.10847
 1.30052
 1.04602
 1.15815
 1.17819
 1.07419
 1.02587
 1.17932
 1.16627
  1.0963
 1.01383
  1.2014
 1.01941
 0.89918
0.987479
 1.21403
 1.07374
0.996786
 1.18015
 1.16055
 1.07925
 1.17723
 1.14664
 1.31367
 1.01009
 1.18485
 1.09992
 1.24055
 1.02979
 1.10887
 1.15103
 1.19636
 1.02419
 1.27161
 1.07848
 1.89068
 1.64795
 2.03761
 2.63398
 2.54566
 1.68686
 2.51146
 1.74867
 1.46521
 2.09117
 2.14415
 2.25389
  1.7998
 1.62656
 2.51764
 1.16574
 1.33096
 3.07595
 1.35038
 1.08736
 1.29697
 1.19095
 1.02771
 1.21525
 1.59605
 1.20648
 1.30477
 1.42682
 1.47683
 1.31706
 1.59808
 1.03305
 1.22354
 1.17373
 1.12369
 1.22844
 1.27772
 1.50172
 1.19736
 1.23719
 1.30702
 1.06231
 1.04095
 1.02504
 1.17533
 1.24622
 1.05315
 1.22177
 1.21788
 1.12607
0.948068
  1.2349
 1.10869
 1.18556
 1.18711
 1.05358
0.958172
 1.18539
 1.19602
 0.98968
 1.00514
 1.02459
 1.15959
 1.23352
  1.2684
0.973262
 1.12506
 1.11962
 1.12725
 1.17519
 1.16261
0.977546
 1.19144
0.966323
 1.00229
  1.3535
0.998342
 1.16805
 1.18732
 1.08706
 1.15291
 0.98688
 1.12202
 1.15403
 1.13545
 1.16108
 1.00942
0.978248
 1.06918
 1.11687
 1.10393
 1.06686
0.988723
 1.06621
 1.15823
 1.23975
 1.02429
 1.36711
 1.04904
 1.19624
 1.18623
 1.07137
 1.27785
 1.12656
 1.39451
 1.33008
  1.1686
 1.04511
 1.28565
 1.37543
0.969229
 1.35033
 1.35009
 1.20159
 1.06444
 1.08663
 1.12914
 1.04711
 1.25349
 1.29913
 1.08177
 1.29008
 1.33366
0.992901
 1.07519
 1.05276
 1.02478
  1.0613
 1.24232
 1.19125
 1.38542
  1.2747
0.995973
 1.21186
 1.11698
 1.29232
 1.37551
 1.05612
0.962222
  1.0746
  1.3187
 1.17743
 1.06404
 1.00514
 1.05688
 1.10484
 1.04894
0.984333
 1.33036
 1.00876
 1.20189
 1.29382
 1.20829
 0.99334
 1.05658
 1.09017
 1.13666
 1.07129
 1.11858
 1.30726
 1.16037
 1.09273
 1.09163
 1.18744
  1.2041
0.991333
 1.02113
 1.07736
0.976643
 1.03237
0.956234
 1.22333
 1.19856
 1.05837
 1.02399
0.929472
 1.15556
 1.16724
0.910651
 1.26449
  1.1636
 1.44973
   1.637
 1.38973
 1.23174
 1.75886
 1.48693
 1.14439
  1.3333
 1.20032
 1.31871
 1.08686
 1.74908
 1.04624
 1.19892
 1.27408
 1.54493
 1.19522
  1.1876
 1.27724
 1.64594
 1.19488
 1.22195
 1.20616
 1.52035
 1.38987
 2.21139
 1.29352
0.819002
 1.15698
 1.04615
 1.05841
 1.03625
0.938866
  1.0066
  1.0037
 1.23748
 1.06119
 1.07936
 1.09548
 1.17697
 1.11164
 1.15497
 1.10099
 1.01183
 1.09861
 1.34599
 1.00411
0.961489
 1.13305
 1.18062
  1.0639
 1.07054
 1.10261
0.975637
 1.18066
 1.20622
 1.19685
 1.09244
0.951752
 1.03964
 1.30867
 1.13584
0.960693
 1.05691
 1.14329
 1.17704
 1.22641
 1.23029
 1.09744
 1.09269
 1.14184
 1.16082
 1.36055
 1.53244
 1.09765
  1.1367
 1.16801
 1.22066
 1.00955
 1.44789
 1.37542
  1.3471
 1.22982
 1.15433
0.947946
0.996524
 1.16999
0.972668
 1.10932
 1.31547
 1.06794
 1.29278
 1.40393
 1.12296
 1.13658
 1.26437
 1.13687
 1.21067
 1.14375
 1.09166
 1.12488
 1.16218
 1.24823
 1.24217
 1.20488
 1.24036
 1.14756
 1.37744
 1.25484
 1.30479
 2.09085
 1.32876
 1.98255
 1.75048
 2.07477
 1.34382
 1.42524
 1.09746
 1.13576
  1.7742
 2.02286
 1.64252
 1.06129
 1.52767
 1.48532
 1.43862
 1.15984
 1.03289
 1.39232
 1.05056
 1.43431
 1.60351
 1.19508
 1.33315
 1.47641
  1.1116
 1.57898
 1.40119
  1.0864
0.982058
 1.13276
 1.03745
 1.20906
 1.18721
 1.17178
 1.01403
 1.18078
 1.20036
 1.05079
 1.28685
0.995413
 1.07998
 1.25353
 1.03572
 1.15405
 1.29471
0.974115
 1.11792
0.927614
 1.03037
 1.22493
  1.0594
    1.17
 1.03388
 1.15384
 1.29314
 1.10945
 1.08021
 1.20302
  1.1594
 1.30791
0.966669
 1.18578
 1.07323
 1.75278
 1.05482
  1.3569
 1.19073
 1.24713
 1.18893
  1.2378
 1.25047
 2.01035
  1.1766
 1.30374
 1.20316
 1.49043
 1.35158
 1.33311
 1.42457
 1.57837
 1.06197
 1.00417
 1.25161
 1.01882
 1.08362
  1.2372
0.996968
 1.08433
 1.00019
  0.8648
 1.23988
0.992953
 1.04826
0.942526
 1.08792
 1.21357
 1.37933
 1.89437
 1.70729
 1.72195
 1.09721
 1.12189
 1.09371
 1.54719
 1.34026
 1.50949
 1.44162
 1.19069
 1.52972
  1.3073
 1.40204
 1.15379
 1.10645
 1.20182
 1.07779
 1.13836
 1.13265
 1.03204
0.918217
 1.08004
 1.10658
 1.10109
 1.18257
 1.08516
 1.22948
 1.03132
 1.35027
 1.03951
 1.31363
 1.20228
 1.04498
 1.07206
 1.06019
 0.99527
 1.02504
 1.02083
 1.05014
  1.0932
0.974289
 1.47673
 1.27305
  1.4059
 1.28208
 1.49753
 1.17206
 1.14971
 1.65078
 1.42064
 1.79327
 1.35586
 1.91156
 1.15064
 1.31437
 1.31632
 1.13254
 1.06171
 1.07997
 1.10819
 1.25531
 1.17938
 1.13961
 1.08072
 1.19143
0.984533
0.976545
 1.04432
 1.15665
 1.14726
 1.08464
 1.05751
0.979151
 1.07169
 1.08652
 1.06875
 1.07138
 1.10287
 1.17187
 1.17109
 1.02759
 1.14156
 1.09088
 1.19142
0.967924
 1.09199
0.945503
 1.04573
 1.02654
 1.12934
 1.03148
   1.194
 1.16855
 1.10318
0.980695
 1.14327
0.987365
 1.17374
 1.25556
 1.13877
 1.26252
 1.13561
 1.16002
  1.1876
 1.09017
 1.06854
 0.97742
0.976479
 1.06431
 1.03469
 1.37767
  1.2939
0.995929
  1.2316
 1.23682
 1.07859
 1.07413
 1.11298
 1.04079
 1.00862
 1.05042
 1.22359
 1.37172
 1.29971
 1.41134
 1.19018
 1.33785
 1.35386
 1.24635
 1.40906
   1.524
 1.31549
 1.02323
 1.38298
 1.22802
 1.09587
 1.17872
 1.25404
 1.13348
 1.27298
 1.06961
 1.34136
 1.15232
 1.08899
 1.20633
 1.02052
   1.067
 1.08723
0.901158
 1.18531
 1.01451
 1.19691
  1.0571
 1.04178
 1.00907
 1.14309
 1.31993
 1.07678
 1.09027
 1.12927
   1.008
 1.02023
 1.03288
 1.12997
  1.3416
 1.14346
 1.08362
 1.18633
 1.18875
0.977778
 1.12783
 1.30212
 1.17346
0.925715
 1.06077
 1.19165
0.949321
 1.00638
 1.01542
 1.10577
 1.01253
 0.96922
 1.08534
 1.18121
 1.19227
  1.1856
 1.15643
 1.28896
 1.06135
 1.21862
 1.05578
 1.20075
  1.1927
 1.11314
 1.14568
 1.06955
 1.05138
 1.14673
0.995404
 1.06147
0.953286
 1.10844
 1.08667
 1.12842
 1.08398
 1.12605
 1.33958
 1.77828
 1.65074
 1.18112
 1.45144
 1.29891
 1.46113
 1.35616
 1.59825
 1.66853
 1.38049
 1.05198
 1.28347
 1.79487
  1.4062
 1.73382
 1.83381
 1.17254
 1.40095
 1.49194
 1.43626
 1.37698
 1.34087
 1.63288
 1.15761
 1.36773
 1.84656
 1.10014
 1.20063
 1.18324
 1.09877
 1.07435
 1.10903
 1.16396
 1.11578
 1.33173
 1.12701
 1.56422
 1.09112
 1.37742
 1.48448
 1.36139
 1.25339
0.954783
  1.3552
 1.66355
 1.21213
 1.23161
 1.28694
 1.07289
 1.13414
 1.19679
 1.04314
 1.14957
 1.19676
 1.14485
 1.03571
 1.37156
   1.286
 1.30951
  1.3069
 1.03706
  1.3883
 1.16386
  1.0604
 1.23031
 1.34714
 1.23015
 1.30645
 1.00965
 1.04674
 1.52681
 1.16824
 1.19286
 1.14212
 1.10415
 1.08121
 1.20093
 1.16786
 1.19269
  1.0884
 1.16314
 1.38833
 1.17061
 1.14793
 1.21007
 1.26692
 1.28369
 1.30103
 1.12876
 1.36474
 1.04789
 1.25881
 1.17438
  1.0751
 1.08801
 1.23641
 1.26335
  1.1589
 1.16938
 1.18657
 1.08593
  1.3233
 1.10127
 1.09493
 1.18997
 1.20844
 1.10385
 1.11587
 1.15594
 1.08545
0.980066
 1.01718
 1.06705
 1.02981
  1.1939
0.979302
 1.03085
 1.32894
 1.23888
 1.17045
 1.10312
 1.06845
 1.00413
 1.17028
 1.07417
  1.0753
 1.34599
 1.25636
 1.08283
  1.1824
0.978306
 1.06545
 1.26388
 1.27471
  1.0516
 1.17379
 1.15386
 1.10558
 1.05136
 1.13434
 1.06562
 1.19916
 1.28904
 1.32538
 1.40169
 1.14905
 1.43849
 1.19678
 1.23604
 1.74994
 1.19921
 1.20501
 1.59508
  1.4499
 1.46848
 1.26757
 1.28807
 1.22045
 1.29642
 1.20711
 1.15175
  1.0846
 1.19569
0.988459
 1.13744
0.932947
 1.16231
 1.05706
 1.31225
 1.23869
0.912911
 1.15863
 1.13068
  1.0796
 1.09345
 1.04491
 1.35477
  1.0793
 1.08208
 1.07825
 1.29572
 1.13285
 1.01453
  1.1553
 1.18893
 1.11714
 1.00714
 1.23105
 1.09883
 1.06575
  1.2426
 1.05658
 1.12263
0.990782
 1.01142
 1.19462
 1.01657
0.912613
 1.08072
 1.22397
 1.00787
 1.16714
