 1.04887
 1.22104
 1.24293
 1.06819
 1.28441
 1.07695
 0.99926
 1.14662
 1.07826
 1.21747
0.987978
0.986239
 1.08447
  1.1376
 1.04638
  1.1979
0.991292
 1.06785
 1.08711
   1.068
 1.12583
 1.06647
 1.28826
 1.09998
 1.20947
 1.05717
 1.01209
0.982275
 1.25556
0.985295
 1.01659
 1.14738
0.948147
 1.22446
 1.02916
 1.16877
 1.11834
0.964768
 1.15371
 1.07086
 1.17807
0.979289
 1.17011
 1.11662
 1.12215
 1.15787
 1.19143
 1.30747
 1.15215
 1.22186
  1.1091
 1.23614
0.832586
  1.0007
 1.20354
 1.21033
 1.19938
 1.22303
 1.21443
 1.16215
 1.08577
 1.11024
  1.0643
0.973719
 1.35532
 1.18864
 1.19608
0.893474
 1.00273
 1.06589
 1.18692
 1.01329
 1.11277
 1.31655
 1.15569
 1.12711
  1.1851
 1.11081
 1.21972
 1.20755
  1.2567
 1.35515
 1.40212
 1.12342
  1.4685
 1.22519
 1.33689
 1.69849
 1.11811
 1.18994
 1.66735
  1.4295
 1.37726
 1.45081
 1.16257
 1.32812
 1.61602
 1.19744
 1.27249
 1.56113
 1.57739
 1.27986
 1.58388
 1.24621
 1.27357
 1.45175
 1.06044
  1.3106
 1.00542
 1.03181
 1.19399
 1.16686
 1.14861
 1.21942
 1.17634
 1.22526
 1.02694
 1.14168
0.963816
 1.05023
 1.20193
 1.09735
 1.07615
 1.21044
0.956708
 1.19837
 0.99203
 1.14497
 1.20827
 1.29718
 1.33734
  1.1747
 1.04717
 1.18367
 1.00882
 1.13313
  1.1284
  1.2535
 1.25151
  1.1706
 1.14519
 1.19868
 1.04627
 1.02292
 1.13719
 1.02592
 1.15359
 1.19174
 1.10425
 1.14865
  1.1064
0.992811
 1.16575
 1.07833
 1.29918
  1.0016
0.958612
 1.19379
  1.0836
 1.30274
 1.04339
 1.10504
 1.00919
 1.16373
 1.06768
 1.11084
 1.18954
 1.28386
  1.0274
 1.16145
 1.17291
 1.11016
 1.01349
 1.14215
 1.13339
 1.06922
 1.01735
 1.22295
 1.00189
0.885258
 1.05275
  1.1496
 1.03381
0.995604
 1.10881
 1.22617
  1.1259
 1.18365
 1.11123
 1.25607
0.954889
 1.18484
 1.13392
 1.17471
 1.02204
 1.10468
 1.16417
 1.23971
 1.03241
 1.34233
 1.09663
  1.8797
 1.67378
 2.04453
  2.6657
 2.61836
 1.74008
 2.57959
 1.50198
 1.54718
 2.27036
 2.37071
 2.11079
 1.80852
 1.69092
 2.47987
  1.1978
  1.3581
 3.24872
  1.4067
 1.12875
 1.24099
  1.2666
 1.06023
 1.16173
 1.82533
 1.22444
 1.38723
 1.48294
 1.72218
 1.44985
 1.68291
 1.10841
 1.25301
 1.27324
  1.1395
 1.26007
 1.32472
  1.6913
 1.20409
 1.36065
 1.26366
 1.09665
 1.02559
 1.06124
 1.12163
 1.24638
 1.03079
 1.21033
   1.271
  1.1089
0.954684
 1.22679
 1.11122
 1.14367
 1.10274
 1.09754
 0.96839
 1.13657
 1.25691
 1.01428
 1.06713
 1.00388
 1.16133
 1.24055
 1.36411
0.982079
 1.10963
 1.18697
 1.07735
 1.15708
 1.15775
 1.05255
 1.17405
0.955658
 1.01233
 1.41352
 0.98979
 1.12117
  1.1815
 1.06057
 1.14081
 1.01873
  1.0862
 1.14914
 1.10743
 1.11044
0.988729
0.977562
 1.09369
 1.12283
 1.09736
 1.06779
0.974833
 1.10477
 1.15935
 1.38482
  1.1999
 1.75929
 1.07162
 1.28873
 1.63134
 1.18457
  1.2208
 1.24444
 1.39419
   1.507
 1.49564
 1.18663
 1.34533
 1.69438
 1.35992
 1.14288
 1.66505
 1.27526
 1.13119
 1.27576
  1.2719
 1.47309
 1.42352
 1.61478
 1.10789
 1.53002
 1.49804
 1.37689
 1.18861
0.995999
 1.15673
 1.41467
 1.44788
 1.28112
 1.60061
 1.64116
 1.13311
 1.40209
 1.11101
 1.31796
  1.6209
 1.05083
0.963188
 1.06258
 1.32576
 1.13024
 1.03978
 1.05927
 1.01455
 1.13087
 1.01518
0.975977
  1.3816
 1.00467
 1.04336
 1.26043
 1.17357
  1.0023
  1.0981
 1.13118
  1.1187
 1.08498
 1.12323
 1.24364
 1.13438
  1.0918
 1.08055
 1.17372
 1.22394
0.958187
 1.11519
 1.09611
0.974742
 1.06603
0.977788
 1.22126
 1.11706
  1.0049
 1.00323
0.969518
  1.1057
 1.14759
0.925746
 1.26014
  1.1342
 1.70594
  1.8397
 1.45675
 1.28168
 2.11079
 1.67074
 1.34435
 1.48881
 1.35496
 1.59877
 1.22571
 1.89191
 1.11512
 1.28836
 1.42209
 1.70465
 1.28345
 1.26869
  1.2933
 1.83682
 1.26399
 1.43062
 1.21415
 1.82422
 1.44814
 2.79594
 1.48687
0.820575
 1.13747
 1.07048
 1.05667
0.996826
0.973287
 0.98656
0.991993
 1.21921
 1.05489
 1.11815
  1.1138
 1.21107
  1.0722
 1.16961
 1.09661
0.953712
  1.0956
 1.33922
0.997437
 1.02688
 1.15278
 1.06849
 1.06559
  1.1474
 1.13206
 1.04673
 1.25306
 1.28411
 1.20506
  1.1188
0.962182
  1.0776
 1.29861
 1.07121
0.967942
 1.23236
 1.19971
 1.25555
 1.56196
 1.37405
 1.24597
 1.12229
 1.19795
 1.42407
 1.59026
 1.89969
 1.25931
 1.32825
  1.3738
 1.43165
 1.04834
 1.80828
 1.44636
  1.8529
 1.43774
 1.20941
 1.08146
 1.09502
 1.29674
 1.12181
 1.12308
 1.93516
 1.47729
 1.82817
 1.58974
 1.35977
 1.31674
 1.46593
 1.27522
 1.06764
 1.26087
 1.21508
 1.21699
 1.32099
 1.43279
 1.34862
 1.45009
 1.25726
 1.29751
 1.43531
 1.65175
 1.31217
 1.85662
 1.28073
 1.60928
 1.59903
 1.66092
 1.25171
 1.25544
 1.08668
 1.09836
 1.53069
 1.72079
 1.43016
 1.08121
 1.35477
 1.33912
 1.45047
 1.05287
0.925068
 1.24302
  1.1713
 1.28739
 1.47605
  1.0978
 1.27908
 1.35182
 1.04906
 1.37541
 1.16394
 1.08643
0.979086
 1.13695
 1.04892
 1.18543
 1.17533
 1.17707
 1.00307
 1.17195
 1.23896
 1.04398
 1.16992
 1.04347
0.982365
 1.25952
 1.02691
 1.16078
 1.22206
0.974389
 1.15048
0.964729
 1.04515
 1.19361
  1.0436
 1.15638
 1.03467
  1.1511
 1.28383
 1.10418
 1.12578
 1.18193
 1.16307
 1.28391
0.952502
  1.1168
0.980361
 1.74912
  1.0135
 1.21803
  1.1848
 1.27751
 1.14972
 1.25978
  1.1793
 2.03253
 1.18675
 1.23303
 1.21156
 1.46496
 1.34035
 1.34629
 1.38015
 1.56297
 1.09268
0.987456
 1.17081
 1.08298
 1.09242
 1.25144
0.997599
 1.10084
0.990062
0.866476
 1.20895
0.952553
 1.04263
0.930702
 1.07821
 1.19754
 2.45155
 3.87733
 3.82882
 3.70983
 1.10937
 1.29429
 1.75399
 3.04036
 1.75119
 2.46362
 1.84206
 1.76133
 2.09863
 1.32097
  1.3894
 1.21328
  1.1144
 1.20024
 1.10069
 1.25628
 1.11441
  1.0354
  0.9254
 1.09866
  1.0415
 1.09334
 1.19008
 1.06763
 1.23487
 1.00548
 1.32356
 1.03158
  1.3386
 1.19928
 1.03476
 1.15819
 1.02375
0.984824
 1.04204
 1.00573
 1.06176
 1.15221
0.995524
 3.55388
 3.05326
 4.74731
 2.63225
 3.15155
 1.76419
 2.75441
 4.66214
 2.40382
 4.22243
 2.84472
 5.10459
 1.86603
 3.42287
 1.27793
 1.07872
 1.12334
 1.06131
 1.10709
 1.30409
 1.16104
 1.16504
 1.05655
 1.16625
 0.97348
 1.03314
 1.02984
  1.1598
 1.14389
 1.07865
 1.04685
0.964868
  1.1221
 1.08862
  1.0384
 1.04856
0.929039
 1.02871
 1.24082
 1.03605
  1.1268
 1.08365
 1.16643
0.957813
 1.18307
 0.94036
 1.03117
 1.05359
 1.13727
  1.0281
 1.19007
 1.19151
 1.10029
0.970646
 1.12979
  1.0174
 1.15773
 1.17543
 1.13326
  1.2147
 1.13357
 1.15635
 1.24025
 1.09854
 1.08887
0.986494
0.976301
 1.03038
  1.0566
 1.25609
 1.30564
0.940304
 1.15921
 1.18633
 1.03968
 1.16746
 1.11742
 1.01761
 1.05746
 1.03321
 1.23269
  1.4047
 1.28504
 1.44737
   1.282
 1.38046
 1.47305
 1.23331
 1.40146
 1.52192
 1.45556
 1.01306
 1.37521
 1.21388
 1.14773
 1.21663
 1.28086
 1.23463
 1.24404
 1.06427
 1.35994
 1.11864
 1.07671
 1.21627
  1.0338
 1.05906
 1.05814
0.906122
  1.1888
 1.01228
   1.185
0.967643
 1.02769
 1.07773
 1.14078
 1.32995
 1.10635
 1.12703
 1.09947
 1.01899
 1.03227
 1.02424
 1.25414
 1.29632
 1.14109
 1.05948
 1.17887
 1.14981
0.967396
 1.20441
 1.26972
 1.14442
0.913346
 1.08114
 1.21164
 0.94841
 1.00835
0.984686
 1.05532
 1.03635
0.981646
 1.08933
  1.3013
  1.1809
 1.28743
 1.13158
 1.25118
 1.04592
 1.21976
 1.02163
 1.19514
 1.17247
 1.09659
 1.14039
 1.02599
 1.03019
 1.11543
0.992736
 1.13668
0.941809
 1.08111
 1.13442
0.958381
 1.18043
 1.13926
 1.26794
 1.79599
 1.53958
 1.12137
 1.34169
 1.34399
 1.36629
 1.13903
 1.41032
  1.5323
 1.21112
 1.09883
 1.19432
 1.50927
 1.23457
 1.60666
 1.45312
 1.18925
 1.30335
 1.25188
 1.30835
 1.23429
 1.30332
 1.49775
 1.10469
 1.20026
 1.64727
 1.08469
 1.13787
  1.1305
 1.10536
  1.0826
 1.10788
 1.15303
 1.06199
 1.22219
 2.15339
 2.98486
 2.07672
 1.97764
 3.24066
 2.36363
 2.28063
 1.27773
 1.94384
 3.79344
 1.64936
 2.74262
  3.6746
 1.03656
 1.16617
 1.21322
0.944418
 1.26597
  1.3401
 1.43089
  1.2296
 1.53503
  1.4908
 1.65866
 1.44963
 1.15827
 1.51898
 1.57659
 1.19845
 1.43378
 1.50304
 1.26711
  1.7798
 1.09243
 1.15265
 1.76767
 1.43786
 1.58966
 1.28858
 1.13007
 1.22498
 1.41597
 1.14546
 1.32944
 1.28189
 1.42278
 1.74169
 1.38348
 1.21134
 1.34762
 1.31403
 1.38032
  1.4239
 1.35345
 1.73611
 1.00405
 1.56147
 1.59067
 1.09526
 1.26613
 1.22016
  1.7018
 1.17763
  1.5324
 1.49967
 1.12808
 1.31922
 1.13961
 1.14423
0.933702
 1.22955
 1.11855
 1.00283
 1.40225
 1.06516
 0.99017
 1.01713
 1.05384
0.988184
 1.10668
 1.08252
 1.02274
 1.27061
 1.17381
  1.2502
 1.07629
 1.02708
0.957178
 1.21029
 1.06718
 1.04439
 1.34914
 1.30164
 1.08146
 1.14519
0.976322
 1.08942
 1.24784
 1.24897
 1.02022
 1.13247
 1.11638
 1.13231
 1.07138
 1.09717
 1.11832
 1.22932
  1.2605
 1.29307
 1.39064
 1.19775
 1.34425
   1.149
 1.20666
 1.68955
 1.15874
 1.14593
 1.53641
 1.51288
 1.37502
 1.26537
  1.2706
 1.18484
 1.27282
 1.22637
 1.16369
 1.34085
 1.17516
0.975524
 1.13812
 0.93354
 1.05421
 1.07462
 1.17941
 1.17541
0.928666
 1.17816
 1.13197
 1.07447
 1.06209
 1.04795
 1.33826
 1.03418
 1.10425
 1.02149
  1.2806
 1.10468
 1.10991
 1.16407
  1.2084
 1.10892
 0.98983
 1.25703
0.994983
 1.20195
 1.14074
 1.05615
 1.10909
 1.08095
0.973925
 1.17888
0.992909
0.892337
 1.21918
 1.20603
 1.07849
 1.10445
