    -0.12896
  -0.0781873
  -0.0340625
  -0.0339998
   0.0763702
   0.0208694
 -0.00719442
   0.0672492
  -0.0649725
   0.0763334
   -0.110371
  -0.0343752
   -0.111233
    0.126236
  -0.0670863
   -0.113836
   0.0508266
    0.019213
    0.145169
   0.0110909
   -0.114887
 -0.00401552
  -0.0659089
   -0.056674
  -0.0033759
 -0.00695345
  -0.0419258
  -0.0500843
   -0.011597
  0.00638936
  -0.0217713
    0.102815
  -0.0337131
  -0.0246326
  -0.0725155
     0.02973
  0.00258969
  -0.0205539
  -0.0681229
   0.0136271
   0.0722021
  0.00587308
  0.00956364
  -0.0515145
   0.0282551
    0.129062
  -0.0776699
   -0.111054
  -0.0771758
    0.051722
   0.0617739
    0.056586
   0.0299761
   -0.016603
   0.0373443
  -0.0141866
    0.213446
  -0.0325307
  -0.0382466
   0.0154664
   -0.113156
    -0.11582
  -0.0250324
   -0.117319
   -0.188886
  0.00513632
    0.122173
   0.0459771
   0.0232282
  -0.0278429
   0.0022001
   0.0201864
  -0.0126003
  -0.0395411
     0.02333
   0.0323908
   -0.130479
  -0.0811967
    0.223619
    0.187275
    0.109975
   0.0855635
   0.0983486
 -0.00540527
  -0.0542484
   0.0973535
  -0.0169384
   -0.101659
  -0.0925464
   -0.115581
  -0.0710769
    0.163625
   0.0594362
   -0.142436
    0.130241
   -0.212102
  -0.0946882
  -0.0441541
  -0.0920915
   0.0766856
   -0.106897
  0.00512885
  -0.0468765
    0.076799
   0.0715533
    0.104515
    0.039102
   -0.151397
   0.0682617
   0.0318081
   0.0275876
    0.040203
   0.0192454
   -0.150207
   -0.101839
  -0.0755187
  -0.0120656
  -0.0210559
   0.0180777
    0.144005
  -0.0108387
  -0.0753512
   0.0799212
  -0.0534339
  -0.0554218
 -0.00236689
  -0.0393087
   0.0962615
    0.101916
    0.110534
  -0.0483085
   0.0162865
    0.120042
  -0.0349314
  -0.0175632
  0.00873235
  -0.0687069
    0.132382
   0.0495211
   0.0110749
  -0.0606746
  -0.0499127
  -0.0440408
   -0.039677
   0.0247218
  -0.0455944
   0.0206332
  -0.0152013
  -0.0232571
  -0.0541929
    0.107221
   0.0937737
    0.104291
  -0.0678409
    0.136457
 -0.00877834
    0.107395
   -0.156933
  -0.0914209
   0.0504996
   0.0637528
    0.139536
  -0.0460328
  -0.0104391
   0.0548231
   0.0384255
  -0.0222518
    -0.17032
   0.0475446
   -0.085808
   -0.100667
    0.164905
    0.070017
  -0.0167225
   0.0229778
   0.0289362
   0.0532244
  -0.0721215
  -0.0185406
  -0.0236277
   0.0395986
 -0.00818557
   0.0677557
  -0.0272888
 -0.00774263
  0.00926943
    0.078133
  0.00417586
  -0.0133761
   0.0531531
    0.129131
   0.0558856
   0.0527908
  -0.0145481
  0.00427078
  -0.0265119
   0.0735729
   -0.079638
  -0.0654168
   0.0725539
   -0.018326
   0.0606455
   0.0431495
   0.0270334
  -0.0601176
   0.0570973
  -0.0169898
 -0.00794676
   -0.042241
   -0.083641
   0.0301042
   0.0649275
  -0.0227288
   0.0224212
  -0.0878142
   0.0160495
  -0.0719438
  -0.0280454
   0.0358486
     0.03686
      0.1178
  -0.0340965
    0.115896
   0.0699142
  -0.0567464
   0.0585966
   0.0575636
  -0.0588403
  0.00904001
  -0.0375777
  -0.0451067
  -0.0876791
   0.0383549
   0.0100235
  -0.0220419
 -0.00737013
   0.0365179
   -0.045884
  -0.0192011
    0.117728
  -0.0168114
   -0.218506
   0.0122404
   0.0302162
  -0.0439515
   0.0488653
  -0.0284252
   0.0200041
    0.137183
  -0.0514934
    0.118157
    0.174038
   -0.114536
    0.220949
   -0.134392
    0.134212
   0.0760376
    0.360746
   -0.188116
    0.221348
    -0.12438
   -0.176279
  -0.0618476
   -0.257715
   0.0661519
    -0.19161
   -0.140631
    0.253982
    0.117519
   0.0873664
   -0.196071
    0.278251
  -0.0792083
    0.128646
   -0.247577
  -0.0978262
   0.0228763
    0.261561
   -0.209908
     0.10699
    0.119499
   0.0318181
    0.148083
   -0.246593
    0.140214
   -0.198711
    0.194827
   -0.125517
   0.0613962
    0.180182
    0.123999
    0.175526
    0.234939
  -0.0946552
  -0.0807582
    0.031318
  -0.0123075
   0.0227462
  -0.0558686
 0.000830325
   -0.023904
   0.0854938
    0.106598
 -0.00513521
  -0.0141245
  0.00687199
   0.0180651
 -0.00508478
     0.21445
   0.0285149
    0.113001
  -0.0340872
    0.118365
  -0.0436318
    0.023879
    0.025536
  -0.0219307
 0.000368305
  -0.0630469
  -0.0230439
   -0.103597
  -0.0171409
 -0.00570138
   0.0517472
   0.0181934
  -0.0437841
   0.0141036
  -0.0239077
   0.0823775
    0.112509
  -0.0711997
  -0.0200493
   0.0774467
 -0.00189897
  0.00853435
  -0.0298726
  -0.0176843
  -0.0332805
    0.111405
   -0.197378
   0.0728908
 -0.00711917
  -0.0373868
   0.0587322
  -0.0756454
   -0.054191
   0.0679077
   0.0255695
     -0.1638
   -0.112629
     0.10979
   0.0680224
  -0.0153612
   0.0593632
  -0.0880084
    0.085657
   0.0179039
 -0.00542834
   0.0909461
  -0.0362865
   0.0101545
    0.125621
  -0.0430645
    0.112391
  -0.0128389
  -0.0651016
   0.0503885
   0.0535829
   -0.107277
   0.0935292
   0.0752229
 -0.00434215
  -0.0985585
  -0.0171799
   0.0332937
   0.0108024
   0.0156756
  -0.0404522
   0.0394605
   0.0371153
  -0.0783506
   0.0846912
  -0.0487762
 -0.00669983
   0.0397314
 0.000174712
   0.0872275
   -0.106947
  -0.0299572
   0.0876433
  -0.0262237
  -0.0424336
  -0.0891336
  -0.0379771
  0.00434596
  -0.0199092
  -0.0698957
  0.00739136
  -0.0291501
   0.0884937
   0.0342722
  -0.0183222
   0.0521322
  0.00660145
  0.00291659
  -0.0359614
  -0.0965507
  -0.0419471
  -0.0822774
 -0.00754859
  -0.0056785
   0.0500688
  -0.0558975
   0.0698668
   0.0929704
   0.0115167
   0.0352247
  -0.0927969
  0.00765859
   0.0203857
  0.00993718
    0.107495
   0.0327446
   0.0852616
   0.0226688
  -0.0383664
   0.0152722
   -0.098249
   0.0407727
  -0.0932108
   -0.052399
  -0.0431328
  -0.0343392
   0.0589684
  -0.0260118
  -0.0487634
  -0.0163244
   0.0478402
  0.00196872
  0.00671849
  -0.0621064
  -0.0622661
   0.0223964
   0.0303295
  -0.0150293
   0.0200647
    0.105866
   0.0229369
  -0.0284408
   0.0189273
   -0.012721
  -0.0144027
  -0.0449582
   0.0239928
  -0.0158056
   0.0483076
   0.0929474
  0.00551637
  0.00520242
   0.0707766
   -0.056979
 0.000223871
  -0.0647058
   0.0980672
   -0.123487
   0.0144067
   0.0216394
  -0.0258053
   0.0316939
   -0.115487
    0.011817
   0.0322591
    0.107968
   0.0155254
   0.0563739
  0.00341357
   0.0116501
   0.0179873
   0.0332358
   0.0147264
   0.0271311
   0.0437507
   -0.124009
 -0.00322478
  -0.0268864
  -0.0744417
  -0.0207036
  -0.0127219
   0.0085315
   0.0104554
  -0.0552486
  -0.0776751
    0.014203
  -0.0543639
  -0.0384361
  -0.0314397
  0.00992274
   0.0871131
  -0.0373442
  -0.0658259
   0.0188848
  -0.0469084
 -0.00388148
  -0.0316365
   0.0430636
  -0.0614851
   0.0990325
   0.0842092
  -0.0636919
 0.000441252
 -0.00216944
  -0.0372305
  -0.0765452
  -0.0249705
  -0.0543328
   0.0930364
    0.111269
  -0.0626061
   0.0237718
  -0.0119782
  -0.0740812
    -0.13179
   0.0615419
  -0.0317304
   -0.041217
    0.018112
   0.0589667
    0.117317
   0.0229651
   0.0724484
  -0.0172087
   0.0806651
  -0.0468358
  0.00921563
    0.124367
  -0.0191084
    0.124625
   0.0100682
 -0.00734612
  0.00155268
  -0.0230677
   -0.101666
  -0.0351049
     0.02165
  -0.0958667
    0.109754
  0.00233486
  -0.0714323
  -0.0517597
   0.0570995
  0.00434345
   0.0570491
  0.00578878
  -0.0654998
 -0.00745686
     0.14356
   0.0358097
    0.018516
   0.0186908
     0.11046
  -0.0163632
   0.0479142
   0.0227671
   0.0430431
   -0.135334
    0.067214
   0.0258325
 -0.00760421
 -0.00922648
    -0.09944
    0.021103
  -0.0295762
  -0.0221878
  -0.0646217
   -0.100722
   0.0735462
   0.0323044
   0.0610846
  -0.0299135
  -0.0349732
   0.0460097
  -0.0719823
    0.080756
   0.0990994
   0.0608555
   0.0882297
  0.00303593
   -0.154166
  0.00585523
    0.127496
   0.0694994
   0.0700569
   0.0400353
   0.0819089
-0.000675435
   0.0502929
   0.0522012
    -0.10829
   0.0587178
  -0.0173489
   0.0150166
   0.0832037
    0.109755
  -0.0715663
   0.0554128
   0.0358935
  -0.0603088
  -0.0278865
   0.0100004
    0.046975
  -0.0233067
  -0.0132393
  -0.0105299
   -0.119817
  -0.0137841
   0.0709674
 0.000756568
   -0.113607
     0.05788
   0.0781609
  -0.0257502
    0.107434
   -0.131272
  -0.0530199
   -0.143673
   -0.126546
  0.00968617
  -0.0465832
  -0.0467831
  -0.0422301
   0.0274081
  -0.0250513
  -0.0700704
  -0.0452935
    0.160225
   0.0403774
   0.0266095
   0.0680236
  -0.0161971
   -0.052058
    0.086683
  -0.0681811
  -0.0486289
  -0.0521746
  -0.0513863
   0.0231089
   0.0637471
   0.0207033
  -0.0188241
   0.0186241
   0.0114275
  -0.0915539
   -0.091419
   0.0151191
  -0.0141872
  -0.0731062
    0.109758
   -0.059778
    0.119993
  -0.0354474
   0.0361742
    0.136278
  -0.0447648
  -0.0828302
  -0.0639112
  -0.0110248
   0.0152593
  -0.0277238
    0.137563
    -0.10359
   0.0129118
   0.0162925
  -0.0138101
   0.0675215
   0.0837481
   0.0411856
  -0.0542655
   0.0696565
  0.00395457
  -0.0169163
   0.0897504
   0.0208894
  -0.0047426
   0.0721103
  -0.0251934
 -0.00345747
   -0.122337
    0.077828
 -0.00715005
  -0.0599533
  -0.0333194
  -0.0483757
   0.0751297
     0.11232
   0.0690925
   -0.105658
  0.00338484
  -0.0919959
   0.0812971
   -0.128884
   0.0543874
   0.0440953
 -0.00077536
    0.103851
    0.123451
   0.0323877
   0.0353953
   0.0635197
  0.00826931
   0.0804074
  -0.0265828
 -0.00145176
   0.0426854
   0.0237082
  -0.0375507
  -0.0492928
   0.0491157
  -0.0715454
   0.0182052
  -0.0098992
  -0.0178754
    -0.06261
  0.00503819
    0.116812
   0.0453391
   0.0532092
    0.130542
    0.124181
   0.0267053
  -0.0912685
  -0.0606788
 2.33655e-05
   0.0565289
  -0.0191751
  0.00971103
   0.0857186
  -0.0852318
  -0.0369123
  -0.0473495
  -0.0287724
    0.109569
   0.0519479
 -0.00789137
  -0.0411619
   0.0497729
  -0.0192557
   0.0257758
     0.04923
  -0.0233771
  -0.0182717
   0.0711304
  -0.0535219
  -0.0102891
  -0.0282748
  -0.0425627
  -0.0568961
   0.0670083
  -0.0378856
 -0.00178963
   0.0727181
    -0.12969
  -0.0810572
   0.0419124
  -0.0217191
  -0.0275224
   -0.012191
  -0.0252302
   0.0562888
  -0.0916601
  -0.0316243
  -0.0236883
   0.0385399
  -0.0120972
   -0.137288
  0.00219669
   0.0756062
     -0.0659
    0.103852
  0.00726157
  -0.0190179
   0.0772651
   -0.135673
    -0.20598
   -0.392892
    0.235636
    -0.16106
    0.141083
   -0.175055
   -0.219865
    0.299207
     0.48023
   -0.173918
    0.482927
    0.422449
   -0.151324
   -0.255737
   -0.277138
    0.309774
   0.0744897
    0.263655
    0.214832
    0.328636
   0.0840343
   -0.102163
    0.274443
   -0.203392
    0.360997
    0.123898
   -0.180981
   -0.123048
   -0.324526
   -0.156238
   -0.125337
   -0.129154
   -0.276828
   -0.214253
    0.280391
    0.418551
   -0.355229
    0.219997
   -0.320666
   -0.298565
   -0.331815
    0.253595
    0.175187
   -0.118884
  -0.0817824
  -0.0245155
   0.0644352
  -0.0163988
   -0.145077
  -0.0599052
    -0.12893
   0.0876217
  -0.0132567
   -0.111948
   0.0614863
   -0.020128
  -0.0523575
  -0.0332877
   -0.164478
   0.0504864
  -0.0576122
 -0.00265775
  -0.0452034
   0.0290072
  -0.0291227
   0.0122461
   0.0197799
   0.0504072
   0.0585246
  -0.0136674
   0.0438799
  -0.0100453
   0.0470383
   0.0397247
    0.119391
  0.00215872
   0.0679698
    0.158283
   0.0522578
  -0.0122514
   0.0300652
   0.0871798
   -0.073306
    0.198538
   -0.119277
    0.051707
   0.0584642
   0.0663337
  -0.0924394
   0.0478375
  -0.0338382
    0.107346
   0.0924243
   -0.122003
   0.0714696
   0.0910988
   0.0381193
  -0.0863129
    0.199327
   0.0869118
  -0.0190355
   0.0190826
    0.141569
  -0.0221357
   0.0445963
  -0.0780158
   0.0405499
  -0.0783403
   0.0143897
  -0.0429549
  -0.0310519
   0.0364965
   0.0599808
    0.032739
  -0.0011736
 -0.00173169
   0.0475018
  -0.0463677
    -0.14627
   -0.119652
   0.0419869
  -0.0867395
    0.042781
 -0.00700714
   0.0379562
   0.0701693
 -0.00508713
  -0.0133737
  -0.0479874
  -0.0623281
   0.0164945
   0.0341303
  -0.0384853
  0.00241372
     -0.0489
   -0.123867
  -0.0104166
   0.0359953
   0.0349325
  -0.0211091
     0.09352
  -0.0659026
  -0.0254171
   0.0373556
   0.0340408
   0.0837355
  -0.0242567
   -0.013564
  -0.0413119
  -0.0567142
   0.0928048
  -0.0782524
  -0.0198483
  -0.0786962
  -0.0543713
   0.0939261
   0.0878055
  -0.0136916
  -0.0836974
  -0.0444034
   0.0427026
   -0.141993
  -0.0731414
  -0.0834754
   0.0482899
   0.0308758
 -0.00927863
  -0.0399085
   0.0458632
  -0.0617847
  0.00286079
   0.0281711
  -0.0812527
  -0.0800083
   -0.108937
  -0.0743942
  -0.0524234
  -0.0560174
   0.0735288
   0.0662412
   0.0782657
   0.0844195
   0.0100774
   0.0598133
   0.0130647
   0.0655169
  -0.0220814
   0.0209846
   0.0234085
   0.0808307
  -0.0598291
   0.0584859
  -0.0378033
    -0.14403
   -0.023682
   -0.139185
   0.0593746
  -0.0836078
   0.0629301
  -0.0648759
  0.00234009
    0.151911
   0.0066951
  -0.0453622
   0.0365949
   0.0306989
   0.0274146
  -0.0464214
  -0.0512605
  -0.0388347
 0.000781874
   -0.036239
   -0.104703
    0.106427
   0.0484616
   0.0789119
   0.0948739
    -0.02897
