-5.73259643731334,-2.72895428981917,0.0352285714871171,0.0708734756673722,0.0595907422507748,-4.08905295425915e-05,0.000727950618727041,-0.00192071736654953,-0.00628289872121213,0.00253264140930303,-0.00104400744102652,0.000847498918803669,-0.000110905568146194,-0.000230111431798651,-0.000646527565646786
-5.94667232657764,-1.50010406056335,0.545621124407124,-0.054542722118703,0.0392987501428373,0.000444857930804952,0.00272779712348138,0.00583927644863944,0.00516650856915906,-0.00020751558777406,0.00208861711213262,0.00192623948753511,-0.000692033026153596,-0.000161879472754999,-0.000589190881659165
-3.50044304198678,-3.83930109705408,0.102740713047355,-0.0511579336958237,0.0248323497380652,5.857524983937e-05,-0.000294644693135095,-6.46074718046098e-05,-0.00324847842728729,0.000299671861281628,-0.00114057663614466,0.00109697771315947,-0.00193417698535068,0.00207630546769935,-0.000192293437499428
-6.68873696775179,-4.94385345881251,0.0664280873296619,0.170475943103743,0.0998929075658339,0.000464953899998892,-0.00161296330536235,-0.0022925116982421,-0.0119573479568772,-0.00168470974652821,5.77332319289349e-05,0.00283673857462554,0.00476390403001478,-0.00188516526123682,0.000959450150314064
-3.73891626417971,-1.86427413365849,-0.396362587296472,0.0396730302251547,0.0378538298542938,0.000302524996540044,0.00125307225039208,-0.00267336037155417,-0.0106348388123529,0.00124631187240982,-0.000747633041525928,0.00161795477483216,-0.000739101554241568,-0.000737761138859012,-0.00112647516466528
-4.53732036105493,1.69030699180489,0.151563308474116,-0.110503648884779,0.00127717226841441,8.48777856620805e-05,-0.00485494527219669,-0.000629082128729741,0.00278622510418038,0.000796533314074777,9.41694184445849e-05,-0.000601202037504433,-0.00217222606473196,0.00204512381054285,-0.00039497843292337
-4.21794522213499,-3.3803162211702,0.0173543530406238,0.0492578431363599,0.0633431624252192,-0.000320226813764379,-0.00172056275822781,0.0006486111744996,-0.00577625803556369,-0.00456110106688594,-5.07374518074905e-05,-0.000776392772903749,0.000732272356500106,-0.00113663964635085,0.00146735742833586
-5.50370053835251,-0.735250093153925,-0.606175115593239,0.0162249524224031,0.0468749212517975,0.00166272186663215,0.000342191567099904,-0.010655357604542,-0.0124198996172649,-0.000606892578265357,0.00064065603629519,0.00214598152706773,-0.00302270499044498,-0.00164507124646774,-0.000991886227923122
-6.52083015013993,9.74033904673023,-0.451192950398391,-0.121595524612671,0.0153551539232502,-0.000689624917919041,0.00290186707918199,7.80718935960172e-05,0.00142280717597127,0.00124538260879775,-0.000490136626502341,-0.00174044932993823,-0.000450161948546847,-0.00263617593090347,-0.00110937969185954
-4.29581790898543,-0.138484281285558,-0.816157839412702,0.132274138890117,0.0661401303492409,0.000670216280621908,0.00253277057335581,-0.00387952693846657,-0.01781496478359,-0.000726769000016312,0.000136153291733601,0.00112719579571058,0.00559005480035191,-0.00300107304721337,-0.000152927426457783
-3.22106930499599,-1.33871314828972,0.179252800809975,-0.0122591048616778,0.0368868472566101,-0.000437100865433434,0.000381588016557073,5.78911903097899e-06,-0.000918662980290554,0.00095886678554405,-0.00138089211388118,0.000552152724482339,0.000347989162568531,-8.07142841507944e-05,-0.000182512041099417
-2.1868457824369,-2.79236095917303,0.344959742660041,0.050384667524302,0.0330077832561823,-0.000817312481318545,-0.000577294991309325,0.00260795342638603,-0.000187486714529744,-0.00264259999987514,0.000239489761336638,0.000518085335418649,0.000615852543852946,-0.00133108510956828,0.000473938843941003
-3.26328855675942,-1.72207673387584,0.134550962860416,0.0399942670619265,0.0310266526470435,-0.000475301671613006,-0.000676356132178672,-0.00213112891658111,-0.00204461881289567,-0.00245079934252881,0.000157427541797618,0.000389470063568407,0.00108875170793377,-0.00144490952888093,-0.00100525843760711
-3.12214917850115,1.0754475852346,0.182940050320326,-0.0188435776225892,0.0223342203513961,-5.9588642932367e-05,-0.00123031890419252,0.00456828451351098,0.00368974017146671,-0.000591029177118742,0.0013694419056655,0.00165536382201855,-0.000241749365360828,-0.000227206582627469,7.7973836014478e-05
-3.8297347626035,-4.26344320130642,0.330193584132617,-0.0809583543906758,0.0369834201796884,0.000926060386867954,-0.000567502003528105,-0.000658245037513321,-0.00127824649053941,0.00144183092164762,0.00039381238363346,0.00058288201286181,-0.00273528612439179,0.00199387002950077,-0.000552418896640638
-5.81752854171742,3.65100005761625,0.287307842796928,-0.0740330615625272,0.0149042649171268,-0.001173527882758,-0.00109613058941985,0.00316029046798581,0.00199866015409974,-0.00234475428737523,0.000812970691991764,-0.000155546130607432,-0.00234243565367826,-0.00110209058537411,0.000382521308709056
-6.79930282279443,6.00182098026321,0.063701632534492,-0.0379096634776501,0.0187572528466894,0.000122716094627459,-0.00431226892108785,-0.00211743479136784,0.00259872375686592,-0.00248007229848586,-0.00187563067854639,-0.00188669212969759,-0.000219453269738034,-5.72171113642713e-05,1.1436043280166e-05
-2.8316391240049,-2.8785820646024,0.331955094470023,-0.10204755150537,0.0190883906830151,0.000203773870212549,-0.000815644994777307,0.00123604698722156,-0.00305362824963075,0.00184143785746747,-0.000479227409119303,0.000740449501454008,-0.00311681035528999,0.00404634896609719,-0.000954273460391255
-2.09529243841418,0.933706559899738,0.0416196684236424,-0.0612364353371777,0.0290107775948456,0.000482538602597676,0.000759352799257073,-0.00283233529384584,-0.00111447367099548,0.0188900442919597,-0.00114280327006278,0.000812920330214676,-0.00167032904605623,0.00110706808413552,-0.000866031767326491
-4.60413583110975,-4.40881460097172,0.419537423494049,0.0667636859010302,0.0753652909156989,-0.00112051145053196,-0.00156816715503007,-0.00577110576341311,-0.00122593445525415,0.0247486501809798,-0.000354110941332138,0.000676111053933579,0.00112391399168349,-0.000986279579636561,-0.000648185366495512
-9.68570652163306,6.86792869974826,-0.316430777787842,-0.112399603521145,0.0332293763452189,-0.00127082565229031,-0.000795824625839386,-0.00392277178608922,-0.0131205189175881,0.0481956735340754,-0.00483492469986614,-0.00376861627358361,-0.00463255627820585,-0.00309412599196679,-0.00665658475980037
-4.70975009274187,-3.42390551630217,0.378088237946362,-0.0362906148409115,0.0291974471775664,-8.11483180411802e-05,0.000496615310768902,0.000240533039283805,-0.00427799596113353,0.00720928324282923,-4.54112994369452e-05,0.000214105816208637,-0.00115704834589129,-0.000403198558782186,-0.00195495291457621
-4.68544677542597,-0.949599291155177,0.189589300121611,0.0349036984608261,0.0605860661434863,5.66747376264971e-05,0.00287642584011164,-0.00273881508600049,-0.00603417552264683,0.0145481010037613,0.000893107801028944,0.00247143122493065,0.00123440293870707,-0.000167239669044006,-0.00198076225500002
-4.95930902865977,0.0770826384683998,-0.090773699112505,-0.0540223547233767,0.0346720548779754,0.00130507390146338,0.000941602158201806,-0.00820388923818077,-0.00589037426614031,0.0392870860373601,-0.00171844498751044,0.00304119583111722,0.00220088359280966,0.00189748233360284,-0.0041819345890821
-6.28713033043723,-1.21168910850246,-0.100956038810607,0.0816430261304357,0.0507335923343874,-7.57004119143423e-05,0.000837141741992088,0.00315542050144832,-0.00939916852786466,0.0270033849060122,-0.000414391094677585,0.00192257119397286,0.00280079149699642,-0.00188317234430892,-0.00415007114186436
-3.7768169755955,-4.97767402027708,0.486485016175869,-0.0896842506098164,0.022583025760107,0.000219666173712923,0.000752487483744956,-0.00133815282133828,-0.0012962404737729,0.0230142697590609,-0.000677195957099315,0.00158602150303015,-0.00224040071700907,0.0034383214362839,-0.00244061300383118
-4.3545601545195,0.70916313775988,0.359084619003086,0.0203008471128508,0.0413828261811789,-0.000379199564505424,-0.00664063694162943,0.00253742552663374,0.00160929800558112,-0.00501927755739528,-0.000584629098574063,-0.000395013790379189,0.000226181933940885,-0.00232290380885669,0.000398423885655347
-7.10713325958235,7.15804474595396,0.0198589384590455,-0.127567568860037,-4.29317173796197e-05,-0.000975781671673874,-0.000322488557484934,-0.00696891906078248,0.00461470033292244,0.00367444796127998,-0.00102819936376667,0.000815744808368912,-0.00316214164965158,2.77664228406296e-05,-0.00117403683406714
-2.87514441761464,-2.69967635018672,0.281900921788575,0.0239289237231878,0.0392344004865799,-0.000124089831945335,-0.00145957312733532,0.000543014376075935,0.0323709896936221,0.00153115409713798,0.000976692470049626,-0.00103712173169624,-0.00112918976761762,0.00133338134047422,-0.000688390254737956
-3.48028222498356,3.43973304934089,-0.284832404939976,-0.00321972483023432,0.0221164079304459,-0.000395013010818432,0.000738550662123522,-0.00296958700334718,0.00554751995798426,-0.00150973021011966,3.92765626174671e-05,-4.03296113698336e-05,0.000689691575938309,-8.98501429449939e-05,-0.001238538808302
-2.78915996020757,-0.0928303346533536,0.237397443175272,-0.0646203364446701,0.0164964845714395,-0.000656618818195957,0.00156517580215704,0.00134054269507926,0.0316465972709928,-0.00053101117706899,0.000328585683644554,0.000594541431376964,-0.00069726606651632,0.00362475804576375,-0.0017291392193076
-2.67266894316557,-2.17254583256727,-0.0855214044488257,-0.00291464031518952,0.0305789160677599,2.73728593414443e-05,0.000138411478540123,-0.00319033742699019,0.0167926331935321,0.000983744943447146,-0.000104180040148911,-0.00083030232434542,-0.00134318788772771,0.00263806756618295,-0.000649108638395459
-2.69822177743235,1.91939581079008,-0.384500709248793,0.0371779705146374,0.038387514159639,0.000243222842748864,-0.000113431704399187,-0.000807002799442491,0.00585589777088558,0.00141132932206838,-0.00128692346922666,-0.000499721771823097,0.00269434778461233,-0.000349684691546046,0.000294333960542512
-4.16934399730426,-1.44266687311378,-0.209425821458548,0.0695418352847737,0.070543483896373,-0.000983959477624153,0.000107956041585599,-0.00112348063704241,0.00608940683203151,0.000173120936174912,-0.000882683541505335,-0.000690981173082059,0.00277687687010367,-0.000457320880736211,-0.000131253083643908
-5.35828674468176,-1.75817499355982,-0.239007832535087,0.145311252571549,0.0667978999932416,-0.000969428566914584,0.000204195090881303,-0.00699853885842445,0.00251783154565523,0.00105279325242061,0.00069827168312051,-0.000985919280041424,0.0024741546437119,-0.00272721011565223,-0.000105621121979104
-5.64944091426708,2.38646896118525,-0.479234376295145,-0.0187037235390357,0.0366858688278923,0.000803004760973313,-0.00184245916887636,-0.0085378382326905,0.0100466939046157,0.00111023019659398,-0.000421549860185733,0.00161494576814335,-0.00127266594101449,0.000659038069310901,0.000260920486994213
-6.08614331612011,-1.71661460595055,-0.290200565054351,0.0425566745829742,0.0603266161871425,0.000591207859822773,-0.00268972242342122,-0.000121171854291891,0.02719989482005,0.000484416329085264,0.00062859847803647,-0.00110594506631231,0.000480343881837816,0.00153389234895814,-0.000858795165320791
-5.46020953118038,-4.3659299665507,0.474861471777084,-0.0365724186257149,0.085370878175596,0.000690156798538695,-0.0014291321062439,-0.0046653794635287,0.0108691973868488,-0.000243608759372488,-0.00153086744933368,-0.000878521569147298,-0.0037329617958381,0.00255741425819533,-0.000241460065475046
-2.7933928096852,1.11733066672267,-0.704642090140179,0.105146728724403,0.044286126867047,0.000696537834468108,0.00565414066395955,0.00031855335031672,-0.0107958970502181,-0.000264078991099051,-0.000657331781769895,0.00238635133127164,0.00420277026214582,-0.00231688898166578,0.000485283627534165
-6.0098134982159,-1.13937310183021,-0.626000622250689,0.0970426593332704,0.0725508596043848,0.000368201477299851,0.00697372873935826,0.00107890880023373,0.0459369354296358,0.00573164873296789,-0.00180944854878316,-0.00196993845407453,0.00160556373539545,-0.00068485038787379,0.000203540520350609
-4.10230376449093,5.49871600726523,-0.141961326490803,-0.0394189851355668,0.0221346329806966,0.000524879982473496,0.0101198815857682,-0.00806532220698864,0.0216587262329385,0.00172276027009928,-0.000231424485716159,-0.0011956269749153,-0.00174360202198677,-3.49213290212341e-05,7.90051040297457e-05
-6.67274040747817,-3.04347688307831,0.256086201578306,0.0473448019309078,0.0564710500518671,0.000204591204560167,0.0237443162472696,-0.000316915039657495,0.0169127003534603,0.000823610628696653,0.000476588189922982,-0.00221044024349966,0.00250731900293164,-0.00316289535383382,-0.00223700409387466
-3.93387990287168,3.05016215241653,-0.29938012770671,0.0135639404665649,0.0358550293152177,5.13649096219689e-07,0.00182350486049603,-0.00256392291224503,-0.00529506493456387,-0.00128933402242934,-0.00171619403036883,1.45973308437773e-05,0.00031686485367752,-0.00204018808371733,0.00040054983014792
-4.99256452455189,2.91642554661406,0.354402618319128,-0.0867787605247352,0.0255491634218016,-0.00053033209090256,0.0131701231448242,-0.00107133982639869,0.00583254218209142,-0.00296803004837116,0.000564259196062464,0.00128992345734465,-0.000857273265636708,0.000354862752781866,-0.000882002462846335
-2.7303290629757,-3.22563058063344,0.30741572499943,-0.0688624102974065,0.0287959046728552,0.000710715191847934,0.0105857918418683,8.21169773105592e-05,-0.00250190140265163,0.00143576306669058,-0.00109467450706734,-0.000599240778233969,-0.00310987761530187,0.00232250293348558,0.00030509539534405
-7.66486261184767,-12.3786677608478,1.01734854474995,-0.0892969266814265,0.0790108726739332,0.000716599369271306,0.0255972850913235,0.000101315735137786,-0.00534167978505006,-0.000693160942929848,0.00172735038110814,0.00289767472002282,-0.00181845908987099,0.00181290467522168,0.000236086924267142
-4.35134413135566,-0.878553662019936,0.311478200040277,-0.0279662482449988,0.0334186274842881,8.6393253562004e-06,0.0123796445128674,0.0060376426396476,0.00440109813812382,0.00321746406770483,-0.00164939844808864,-0.00147036632255641,0.000426683500404662,6.96942798230738e-05,0.00189813656788878
-4.98631799300405,3.14007320825959,-0.424891035588175,0.0349175726522987,0.0350675123360179,0.000543416112388211,0.0045905036673798,0.0036841453280674,-0.00640298273816481,-0.000685400979548804,-0.00218373572638377,0.000332502023557424,0.00241552359444496,-0.00236817783590786,0.00128306424854779
-8.31485030542486,13.1224422866248,-0.374155131341344,-0.0895771105599351,0.0124275031690581,-0.00039529508059432,0.033257080943522,-0.00471699262803119,-0.00347307322082919,-0.00609062124755744,-0.00319107161066345,-0.000961402099687918,0.00512075666836476,-0.00543935850211108,0.00358177034162891
-7.33032857352581,-6.93631538320914,0.543680394230359,-0.0076582940197534,0.0926554031806811,0.00143960945036048,0.0138479896047951,-0.00144299252217819,-0.0102505335919406,-0.00671448793043432,-0.00238435400994826,0.00218506921433558,-0.00890868152743035,0.000329143870784417,0.000368106129477356
-4.16555765163878,-0.493070773177522,0.0940049032512803,0.0684227348687492,0.0350290541321279,-0.000508468345176274,0.0152787483744971,-0.000165727851539504,-0.00305710426891094,-0.000193813016368597,-0.000790765702663968,-0.000177237391358925,0.00252553729154324,-0.00277402342643567,0.0010419069925239
-4.75905444199533,7.05911921253665,-0.589493043468286,0.0156294537241931,0.0149594408099336,0.000481439391899149,0.00844851383088435,-0.00922637481796548,-0.00350778307827236,0.00308180693186931,-0.000935630658269616,-0.000366726610668094,0.000695487288692296,-0.00348241469452339,-0.00063892535568777
-2.25981783611372,3.63814370538642,-0.0992359809160094,-0.0318704253957416,0.0245001341802396,0.000576097790084187,0.0160680818521998,0.0276577911512693,8.0826650124675e-05,0.000983334776252262,-0.000667241842072437,0.000308370690444118,7.01790935933422e-05,-0.000179182886634231,0.000863048216858745
-2.55090315254361,-1.00306702497681,0.0106513753666027,-0.00185010602568364,0.0274311660730837,5.05437791650695e-05,0.0096151591345667,0.0276382992671767,-0.0017750870691763,-0.0013832677820177,-0.000804856736283199,-0.000300132220392635,-0.000815997488546025,0.000578905742314876,-0.000785010221118281
-1.82638254376483,-2.49266128349964,0.254116078035933,0.00248725426431076,0.0215793801535932,-3.89767550520326e-05,0.024832788415487,0.0205848089562588,0.000117024521910589,0.000224282732092545,-0.000569159993442968,-0.00144233631345065,-0.000740543746883194,-0.00145322350465484,0.000490837521533885
-6.09017736393148,-0.288815268176889,0.319951594917484,-0.110251534108893,0.0196608639032995,0.000125279756325611,0.00924004590712088,0.0179959172502696,0.0053718766004891,-0.0034900795601484,0.000242185384858708,0.00131977848325576,-0.00020175847950069,0.00138429989977522,0.00178388499228522
-5.27632920358991,6.55538383682452,-0.22869859065954,0.0017826470705904,0.0277454096540207,-0.00163415143468411,-0.00196792870585204,0.0301007964633891,-0.00168679992143701,-0.00339926561970051,0.00120678747513177,-0.000195579960432901,0.00243371544542839,-0.000135160332897215,-0.00154654314288431
-3.33005411572633,0.356844010438919,-0.438676174185988,0.0529967331920231,0.0425370427192649,0.000261146034307316,-0.000836498112902657,0.0440381112110503,-0.0120138251968494,-0.000811649812773331,0.000299180641526828,-0.000161069739732195,0.000815457780964513,-0.00149901807925895,-0.00106219917413915
-3.54108175073197,-0.894281773002346,-0.206109835585084,0.0720130389262141,0.0467203342931934,3.39147129644667e-05,7.12410807610366e-05,0.0185473665709696,-0.00527084546341202,0.000110261858965518,-0.000986586652072471,0.000782269928781925,0.00194030460598,-0.00184847147152928,0.000348044895145188
-3.21426555550934,-0.859919343646531,0.280929622602714,0.0476397679388949,0.0381842224212019,-0.00100470004577301,0.000750405488593008,0.0337367724917087,0.00347208481327316,-0.00401117408444725,0.000117801647891887,-0.000375249888180346,0.00165130263971213,-0.00234645504653369,-0.00094231441464728
-4.4217670297972,2.80321685706655,-0.22943164605434,0.0361875952055542,0.0368235954964374,0.000437789055188592,-0.00163151620575346,0.0502270763251441,-0.00348508663207992,-0.000290296839444251,-0.000160079940252846,-0.000615389944208759,0.00041039526186262,-0.00243410136537719,-0.00106682460644375
-1.66888463062791,1.83443634791802,-0.00039430144672819,-0.00408128315879495,0.037286628907727,-0.000396036917124302,-0.00231383428711476,0.0262119377987284,-0.000484047086634484,0.000901841039835385,-0.000116182138660789,-0.000593078279434549,0.00129533864385085,-0.000663816126318814,-0.000124987115682067
-1.76123830873933,-1.00395452314484,0.179833806033655,-0.0360287023687299,0.0207955855149129,-0.000144511211206061,-0.000317548176926362,0.018974606675386,0.00184603362625221,0.00237363575905179,-0.000781537193945452,7.66095634221054e-05,-0.000654955548614674,0.000986330050765649,0.000276589764627971
-5.49571827000664,4.80238148303313,-0.36832375410535,0.041137552667114,0.0427713138294694,-0.0012937124684759,-0.00181150765518316,0.0620760263978411,-0.00617983992165714,0.00070932108682257,7.87829014230581e-05,7.36755316986049e-05,0.00162192041233214,-0.00254161242269715,0.000461841937166605
-2.90854516577539,4.60169903122436,-0.533421861531243,0.0227202592671545,0.0309795547161197,-0.000314960783509309,-0.00110956348060332,-0.00330419049561806,-0.0074942828447894,-0.000523364077895093,-8.54100939657197e-05,0.000135003324984657,0.00190792842125345,-0.00101321143508314,-0.000638427991603292
-4.32036537913613,-2.47830708825131,0.293796301202878,-0.0377163049664901,0.0519982858657371,-4.02097556069783e-05,-0.00412959060936703,0.0494820820960592,0.000665007741475538,-0.00119775200784906,-0.00103795697241319,-0.000330727331839965,-0.00236241596146781,0.00181472034630851,0.000364258802902106
-2.52074959376765,-3.3264113896235,0.260135303593225,-0.0582118997801867,0.0150650369474136,0.000853188741174219,-0.000520939057039007,0.0568853811523732,-0.00240515349489969,-0.000347794044527019,-0.000700544306364327,-0.000255224019218719,-0.00167939942019647,0.00153400299941751,-0.00112069881320317
-2.05712220782898,-1.51211571868971,0.156985582613268,0.00746738678272564,0.0394787388965648,-0.000286138991573805,-0.000330084108056886,0.00112042221711131,0.00157406539680492,0.000269634998058061,0.000165392485345915,-0.000353464027463197,0.000806758823518102,-8.29866182643499e-05,0.000553635867528303
-4.26091415618036,5.25113156344284,-0.188398005826439,-0.000957310041265957,0.0233802315234832,-0.00065389293969522,-0.00163439337442898,-0.00139003806481047,0.00133388491598415,-0.0031723982694428,0.000561427870835723,0.000263010237990956,0.00139471056373646,-0.00258077326912969,0.00043520320622872
-8.61788002719879,-7.9307933077771,0.614517836509138,-0.0951924234557906,0.0819366489930055,0.000948591857641178,0.00171741318792235,0.00209498336984034,-0.00353819094011951,0.00174345872765331,0.000549941551106691,0.005168838636489,-0.011457756904521,0.00790840181909469,-0.0053076047833801
-5.20576282000407,5.6138626919447,-0.719825748213062,0.0178257187761784,0.0441405942304484,0.000164811811020052,-0.00100503812577804,-0.00565623139135243,-0.0137192366179537,-0.00162285593394622,-0.000120378137792376,0.00104099284750862,0.00167107797281232,-0.0023311919077233,-4.85947860797144e-05
-3.90836361924794,-2.81526528549874,0.136232498538662,0.0444003458534948,0.0850965261690486,0.000596533687908748,0.00289028261680855,-0.00364272937197126,-0.00914884257876723,-0.00903868010510986,-0.00113330644212729,-0.00256358860931537,0.00202678657047127,0.0030716177328734,-0.0109873912120529
-3.63842195852128,-3.08911666987741,0.0164048882642483,0.0611915423392181,0.0948229913657419,0.000508469934307662,0.000754217166871469,-0.0035102567402193,-0.0105202889673666,-0.00763318315905074,-0.00154113833789683,-0.00319938893631658,0.00168046923647242,0.000436415024014555,-0.00705612366320961
-1.88745491705661,3.64756529102976,-0.0900893622948031,-0.0341010166504842,0.0226198624215162,8.7802637406285e-05,0.000836779480249251,-0.00621469574368674,-0.00273368619853355,-0.00677557370827082,-0.000684053389803641,-0.00274514654708817,0.00142881184385054,0.00202872845368524,-0.00604535179906435
-2.83918077349952,3.96834083922372,-0.0136150765743589,-0.0503605530581739,0.0116236250307693,8.35497746374131e-05,0.000583221878414125,-0.00417073132091725,-0.00347691054615228,-0.00938651104285054,-0.00150792092304003,-0.00343899209827106,0.00128067847430738,0.00258852569095037,-0.0073119680535446
-3.05717801924551,-0.187378136187489,-0.369147072392819,0.0398758576551173,0.0387661839922633,0.00021174832778916,0.00435804853911539,-0.00281867813632327,-0.0133298868650429,-0.00589916275883535,-0.00093856711812148,-0.00230858153188372,0.00115069720237914,0.00182993402807011,-0.00643438733982948
-3.77956665640392,-4.08279213317112,0.249659944357914,-0.036439270564507,0.0427410841317327,0.000794583786116421,0.00289530973098777,-0.00150682279895679,-0.00851921712363976,-0.00398401290668916,-0.00119338819789626,-0.00375897899186476,0.000410653239757659,0.00353009105226939,-0.00788226149129226
-4.64660867539291,-1.524964485483,-0.1076564666868,0.0214158434639199,0.0461661291928962,0.00025007269348806,-0.00095475741815224,-0.00332215174174533,-0.0142153859363337,-0.00509710088891084,-0.00245989955603629,-0.0020264525081044,0.00422078911525558,0.000725922283814299,-0.00730344037274668
-3.29893143984184,-2.53592044524811,0.14027883770892,0.0133272982682824,0.0270292736975346,-5.57770543177925e-05,0.00357731117032563,-0.00428063719178003,-0.00764703948165274,-0.00776223770475214,-0.00125916436742243,-0.00274896647563246,0.00134612400548651,0.00253419090548751,-0.00742477210373127
-2.16784619886347,3.56829259793173,-0.201908470446802,-0.0109276684941893,0.0115817444835648,2.9289477758295e-05,0.00171530865991928,-0.0045717252748729,-0.00703430595446715,-0.0118376423699247,-0.00129839354166361,-0.00357268278730323,0.0030695331270227,0.00227838694405101,-0.0101645127043621
-6.53708889399369,0.586319039175354,0.228984932638318,-0.0217933037520398,0.0428880212027404,-0.00113160463533116,-0.00374305802343673,-0.00727833996767138,-0.00106589497442747,-0.00104357872652117,-0.00142734189525696,-0.000156168274703838,0.00257918674513612,0.00101965631464316,-0.00166819931119168
-1.43640494828126,-1.30858564744785,0.102040399049977,0.0174999803820988,0.0391893843148017,-1.05007041180403e-05,0.000601960442174107,-0.000867067249927272,0.00052340110540328,-0.000827272221249676,0.000420763727928027,-0.000227879840466585,0.000268000541516697,-0.000372637770206228,-0.000313803677542
-3.39809186057571,1.11064151545042,-0.183629441704164,0.0299327988815966,0.0434666485931212,6.43509744228916e-06,-0.0016277268418377,0.00200837351327452,-0.00395624784567851,0.00183232648147799,-0.00113464459127902,-0.000498427683115146,0.000276123962667112,-0.00149823011324751,-0.000319255314144063
-4.05147752835823,3.76078311564116,-0.319020045243869,-0.0086247799742917,0.0437777169699677,-0.000214114911688434,-0.000583770278458505,-0.000381797741952718,-0.0063200049201557,-0.00179876808966206,0.000107056881037279,-0.000590094240731298,0.000471857229658466,-0.00172452995264383,8.44290590044262e-05
-6.5252043882874,6.17866502330242,-0.413484755626536,-0.0678354199419074,0.0185204592147456,0.00127223926342061,-0.00405543245828247,-0.00429401064268327,-0.00180207335988245,0.000945552123304421,-0.000309452827242248,0.00147292682482972,0.000814973755659363,0.000215416694440409,3.33595440786007e-05
-4.39983757990459,3.52158497533822,-0.224967757311011,0.0131362453018963,0.0193036952532482,-0.000500828156411377,-0.00228166127968087,-0.00464468053573213,-0.00379522524292205,-0.00158528696261014,0.000672697649463679,0.0006502524400173,0.0022836040256869,-0.00142606990556292,-0.000241651709541942
-4.51599011620418,-4.57391845284071,0.388365376353163,0.0857744215349202,0.0577047907904844,-0.00090383844182335,-0.00120768490667115,0.00149936383206566,-0.00119744077474361,-0.00249112138263822,0.000194335753771558,0.000998054685346572,-0.000557914201802094,-0.00259036243407544,-0.000666024917300016
-3.12795021677413,-0.451358993698232,-0.0135528356163,-0.0377812698375055,0.0310709910438109,3.47583417083756e-05,-0.000537949174551984,0.000938544335111224,-0.00351815531941729,-0.00101990164568454,0.000333614652836809,0.000591042253604052,-0.00173909495481773,-7.55053777097366e-05,-0.000747033950225056
-2.40377614222957,4.80414103494741,-0.179220110020028,-0.0319227458709727,0.016947704763432,-0.000535436361530929,-0.000301547760386669,-0.000654535180440927,0.000218971401551211,-0.00105641203381945,0.000165016095060893,-6.98601973547333e-05,0.0011553895452904,-0.000360582605136965,0.00091771015856679
-4.86130868542431,10.5652028169048,-0.36612481338968,-0.0967610740993151,-0.00859921742730982,-1.0701103350546e-05,-0.00295984814381028,0.0024242810642683,0.00166673414172402,-0.000163920348462658,0.00187536883012338,0.00234024395549621,0.00105975522340906,0.00148065390026512,-0.000569741880145189
-3.90286353912374,-0.151640981915805,0.313792603174697,-0.0750626725275053,0.0289315613019946,-0.000358415679719981,-0.00332169182180213,0.000965294760902739,0.000471829241929075,1.85921223976011e-05,-0.000517662540318849,-0.000122984306017584,-0.000937831051553676,0.00179916841237273,-0.000602321451598833
-3.83498754763746,-2.62445836450327,0.228728499220932,0.0213412414506063,0.0447398705431726,-0.000831619488366251,-0.0029420419286011,0.000688334295927787,-0.00125715285977369,-0.000780445682401925,0.000402539582123593,-0.00101098352555464,0.000519905576552924,-0.00141560673301334,-0.000738556212494272
-4.34883364167625,-0.0156743324369135,0.472291712891866,0.00237985263432721,0.0291222307168593,-0.00125504360169587,-0.00246434742433221,0.00305935065673788,0.00577615512972328,-0.000697914696225472,0.000348389889029602,-0.000103180341057086,0.00162680271381947,-0.00157571660478231,0.00027190270312071
-2.31611393668733,-0.854479575631657,-0.137808350656547,-0.00982510494802384,0.0512211115773386,0.000440989485225663,-0.00091685373372352,-0.0021608578804111,-0.004674827958046,0.00270139067741514,0.000362479733859327,-0.000558356369671625,-0.000209428951683611,0.000783952805147011,0.00083952382941238
-6.27686506239408,-1.96257997340636,0.426491973058353,-0.0368691105651305,0.0308032729779793,-0.0013822935892166,0.00192486922625566,-0.00545159151919783,0.00386374583029863,-0.00691806418998105,-0.0013384621241581,0.00292860871462919,0.00186777581958254,0.00236011612058765,-0.00231263487468757
-2.71211092900597,-1.10805794686563,-0.105034482676022,0.0384262182278365,0.0283024875406637,-0.00014597055204354,-0.000228266721331019,0.0010994075080777,-0.00653949848812054,0.00165114078691459,3.28592132794678e-05,-4.72111078896165e-05,0.000391705808830855,-0.000261898173237257,-8.48712739704428e-06
-3.57477178642789,-1.49356126335903,0.0902513156374918,0.0119327593037577,0.036965564528405,-3.25963170152799e-05,0.00245553362127647,-0.00231868079410563,-0.00581045494171906,3.75923668999817e-05,0.000448033086166519,0.000590459698645364,-0.000549216901945211,0.000184478336455638,-0.00138081465203856
-8.609505560428,-6.6275676363642,0.213019191147327,0.0949382948032357,0.0850691614794018,-0.00289402954123134,-0.00239471040429891,-0.00116872184218619,-0.0103691292826099,-0.00322154026326778,-0.00210677141744597,0.00133132762362667,0.00490181650568062,-0.002252214269836,0.00174915664646147
-3.17844456556481,-4.68227058813165,0.427396960322452,-0.0945663339071571,0.0167532911465728,0.000736267498659584,0.00163509727754132,0.00165026286481375,0.00102444726585474,0.001958318747498,5.29060438821837e-05,0.00104172073671064,-0.00385261034872621,0.00271117696241221,-0.00108505856302243
-5.88678158987971,-3.43416786656491,0.677633461698727,0.0297897742848723,0.0513605407168771,-0.00206711556817243,0.000308514202228161,-0.00109844161180593,0.00381569327214896,-0.00806973001521028,-0.00112717509479289,0.00102250462120425,0.00245686714670899,-0.00255300989749236,-0.00173738834151237
-5.31104237315145,2.89093036923921,-0.323676393558346,0.0603709954543017,0.0341828151631519,-0.00108517202116378,-0.000883497449668345,-0.00188597737928644,-0.00329740348130868,-0.00304047543209783,0.000307625765038484,0.000596292685096013,0.00341579807440654,-0.00359424037454421,-0.00134317135696872
-2.80955862292053,4.05835812017482,-0.418070087610795,0.00761671276893317,0.0310378576785487,-4.47635527671489e-05,-0.00164427934414158,-0.00363380862901183,-0.00503100026781093,-0.000185975745247205,3.9581114255762e-05,-0.000118826911805936,0.00198623402526096,-0.000607845305512566,0.000266192297262678
-4.25213088382271,-1.45573947820007,0.233007302878665,0.0599029164504188,0.03564329007112,-0.000237181004994738,-0.00197050021800236,0.00218087051480786,0.00235549816824095,0.000319300772420461,-0.000750551017453316,-0.000327115501633129,0.00112730861487032,-0.00241689130401965,-0.000710658799252141
-4.23895566549446,-5.29554970621845,0.534977220235679,-0.0141037315366356,0.0355738918211447,0.000679497887441361,-0.00226980145867017,0.00211852406739712,0.00305504448673592,-0.000679885217767717,4.59010044974693e-05,0.000668995221882835,-0.00233880923388019,0.000536891038437542,-0.000874149578215754
-3.95365154368116,0.172149698604677,0.147339038061094,-0.0689685159947588,0.0323393181765158,-0.000227004826078334,4.3499337455554e-05,-0.000842046003897726,0.000782447805201736,0.000237831261944446,-0.00155405592968933,4.19008878648436e-05,-0.0021123038180472,0.00114351166995422,0.00133370365631741
-5.05830215869469,0.198864087916249,-0.861856145814237,0.109561631841211,0.0821941504218441,-0.000287581629864132,0.00260606901687076,-0.00433514458886005,-0.0190622779411947,-0.00214859952729146,0.000766735812843484,3.19628570473538e-05,0.00200934973872218,-0.00289391939054484,-0.000609730185726465
-3.808526556415,1.34327316032602,0.298962022734217,-0.0663301940214945,0.0176471733540488,-2.5683050253738e-05,-0.00032850948864502,0.000308347781197442,0.00405339674593541,-0.000313056782655435,0.000764983953546462,0.000538630702569368,-0.000719569839026983,0.00120605165786933,-0.000255374452307913
-2.71857247163204,3.8442955578167,-0.0329155693370018,-0.0473021417727889,0.0339372109514211,-0.000140811926679177,0.000129989410569179,-0.00277043898733975,0.00357789438541472,-0.000310095292329543,3.27553147649581e-05,-0.000434324983246255,0.00104697661576939,9.04459792842959e-05,0.000361290734700957
-5.34448828613497,-2.96544278639231,0.270266816343264,-0.0236109605661807,0.0505820509702056,0.000162314934193118,-0.00215129035370312,0.00050261105461068,0.000379444821100112,3.15609198976853e-06,1.86057329825481e-05,8.73056440744424e-05,0.000555987870355557,-0.00123467307125304,-4.23543511281956e-06
-5.66666703193739,-3.9740182620102,0.746852963976985,-0.0258984747106085,0.0464096709972915,-0.00137443424945847,0.00225859712561708,-0.00440374310267108,0.00512944941391417,-0.00275374802950959,5.73858033279878e-05,-0.000145223423100199,-0.00263649231959885,-0.00129465083139463,-0.000882897772657786
-2.1047493770692,0.0656954815209167,-0.0838496882360535,0.0395329842609624,0.0214842675608145,-0.000695125168121599,0.000385161354652504,-0.00272437478391354,-0.00244544570114022,-0.00183944669553876,-0.000175280692883572,2.73167637241884e-05,6.27622369762044e-05,-0.00177930779685531,6.12681423935069e-05
-5.69122209803305,-4.99059167254631,0.257584873492668,0.0438974023405708,0.0736810739775893,0.000382614368873423,-0.0024473333964878,-0.00290719737522022,-0.00604858496249139,0.00102142324208628,-0.00249483679194361,0.000850724843835934,0.00191844136211957,-0.000949587683929999,0.000774481817995168
-3.31363110581005,1.91306675887679,-0.0702555342249259,-0.0314610920926677,0.0381151847839605,0.000168453657716963,-0.00265943539851259,-0.00381605714649179,-0.00480997631261612,0.000285993731397101,0.00416770881214129,0.0012187313897191,-0.00108744953124416,0.000451569425851753,0.000695211776728782
-3.42113753133372,4.39384355898835,-0.153801956253601,-0.0582537282215786,0.0106311004686311,0.000229290442093523,0.000865755385436897,-0.00873520031280226,-0.0031117528196967,0.00141629468876162,0.00398004149638526,0.00210468205696671,-0.000925739545926192,0.00037836951629049,-0.000863668052035764
-2.29063356924047,-3.37898921981027,0.305891332671669,-0.0735989844284858,0.0164902803360267,0.000111064164342334,0.000240867977435579,0.000870131230917861,-0.000435980794335778,0.000481688037895736,0.0022293836292196,0.00170734214707382,-0.00364361543752569,0.00297152241372982,-0.000911634422358329
-3.5072557010426,7.29217388960005,-0.0527855688038105,-0.0719285000873105,0.00540682619584753,-0.000502983842425693,-0.00440220891096127,-0.00586748130161062,0.0055125369811253,-0.00284841851530973,0.00603258246622786,0.0026417395572442,-0.00137970342581047,0.000878547638437934,-8.57692165623099e-05
-7.51290110278033,-1.17906128016392,0.67657245003672,-0.0821096443034259,0.0534435394198315,-0.000662640420054859,-0.00321628927192276,-0.00421995024209575,0.00230694291196675,-0.000503018822362794,0.00684571042364104,0.00551216116829075,-0.00224081562459226,0.000242421467163286,-0.00161640321965521
-2.22210908968531,-0.562227131213197,-0.176638386382446,0.0374288320581815,0.0353334396728762,-0.000359908953677885,-0.000982411084058096,-0.00554575547457583,-0.00664275864958155,-0.00259370836502355,0.0027091552346519,0.00180541886448474,-0.00023391277119506,-0.000139927591896604,-0.000938948014555894
-7.17029613672165,-5.55574538662529,0.919970827070498,-0.00668855714469644,0.0467423196042495,-0.000997590301047298,-0.00634577224524512,0.000810940910751103,0.0051138491565634,-0.0062015916591919,-0.000295159112274843,-0.000697311743578995,0.0026474485766515,-0.0032103534523962,0.000340153985964267
-4.03129360310726,-0.858334165575006,0.209773579152339,-0.0495805894014049,0.0380605837551113,0.00046776975765934,-0.000905701924250598,-0.000601806988993323,-0.00240973394788,-0.000430919152532858,-0.000607818702788967,-6.95113910260926e-05,-0.00104730610458833,0.00216708596816082,-0.000440159950411718
-4.56409370830612,-2.44995526772203,0.432859776212041,-0.012137362389639,0.0421836595893713,-0.000159658508919514,0.00174395419037868,-0.00125199317346206,0.000874202511266475,-0.00373055271690888,-0.000222284286546881,-0.000197045975201404,-0.00124830934138234,0.000865110053306596,-0.00213125177073981
-3.63691566595134,4.15528161937146,0.0684870046854104,-0.0880615985342885,0.0128325170330882,-0.000169857641921887,-0.00240208743366154,-0.00153158645836613,0.00154371858163056,0.000254380137179919,8.39246949978357e-05,0.00134371138313094,-0.000223543482491815,0.00192419057751885,-0.000129502564786362
-3.33624205180994,-2.12926744900868,0.0526316357825923,0.0371951027420687,0.0431905962809387,-0.000143388041702528,0.000573726197431802,0.0016458102481753,-0.00339502990931243,-0.00195800661029533,-0.000356842495530303,-0.0012842708422812,0.00231324805543802,-0.00211174363152338,0.000954765167331649
-3.98849971156873,-2.45119212406057,0.297017956113143,-0.0246167140547384,0.0332729505066427,0.000159524345622177,0.000362799473743425,0.00261874955039779,0.000553527301560311,0.000479538066351345,-0.000913861692713454,0.000480032665500183,-0.00175355632956353,0.00228007229265894,-0.000415841105860102
-5.9985304752557,-5.85263689518233,0.800586691890587,-0.0297780772809986,0.0487054604711681,-0.00145323881405765,-0.00305871390737181,0.000848179498743505,0.00466998591023449,-0.000878775683309913,0.00174961674074891,0.000938255228539159,-0.000878774285421285,0.00058678601772245,8.23355991667584e-05
-4.41256297795896,4.4230922908848,0.174938401989131,-0.0324172665622135,0.0110453903265004,1.18474688404419e-05,-0.00533979366295307,0.00361785063539954,0.00463467371413605,-0.000484181585404285,-0.00279234752314213,-0.000598048434249599,0.00141679073379916,-0.000694097174673035,0.00114505597535195
-4.16006610905675,-1.23959754892905,-0.189790606110226,-0.0129814209426001,0.0411361923922802,0.00120791558053179,-0.00413952043026705,-0.00321834792328707,-0.00697601215747535,-0.00083294500450166,-0.00357701851367225,-0.000515667485517788,-0.00479869027067563,-0.00173019702649251,0.00157037640516118
-2.50444168139569,0.555034275319459,0.193330878068979,-0.027273933011268,0.0241753068130337,0.000246821786617361,-0.00585621583426244,0.00166331813748084,0.00173020828047219,-0.0028215453398487,-0.00579279661712435,-0.000831050532178969,-0.00444917442754601,-0.00106318813172349,0.00234249346529578
-3.55704218061005,2.77243460825532,-0.0355800197263609,-0.0265784825749072,0.0118493922963007,0.000224536449144831,-0.00685361554373992,-0.00484591083448933,0.00447077084030037,-0.00303128339963084,-0.00342900002485035,-0.00101203700939373,-0.00358856879628923,-0.00111304966421109,0.00219863012332571
-6.74572809984224,0.513060668281628,0.314051127839806,-0.0815422988381239,0.0240057964219142,-0.00159231879881936,-0.00627845795500279,-0.00121075814715446,-0.000331220021523585,0.00258731577636624,-0.00376176754814379,0.000333842244507464,-0.00324043394597735,0.00111454588100765,0.000798913904698271
-2.32631536792392,-1.57100683813677,0.10688745275698,-0.0156898023789441,0.0242069683553374,0.000830941329018211,-0.00295179006456322,7.84234131402978e-05,-0.00187787930961314,-0.00296226847955159,-0.0041345620033423,-0.000434424479165419,-0.00409521119575622,0.000207647113434998,0.0010947605319174
-7.95579034024607,6.49583086266277,-1.00154633947828,0.0325361420249806,0.0427307334455456,-0.00017802195456805,-0.00181849920144274,-0.0124151593586164,-0.0158311507625714,-0.00672870787179056,-0.00455388593228424,-0.000214537192527015,-0.00441181817338734,-0.00184920863776438,-0.000590208411286543
-3.41362700191489,-2.98224230245331,0.169218383534526,-0.0465875796528466,0.028388596387083,0.000263559865407675,0.000678616025850309,-0.00244374775176198,-0.00264066057165943,-0.00255724994917861,-0.00175827100081721,0.00223915740859717,-0.00257099484576212,0.00183547072917436,0.000645636614607976
-5.23951270915913,-4.18683711701123,0.511802129539273,-0.0250789836195122,0.0516559699547737,-0.00111236055425476,0.00313939998545663,-0.00219595574645371,0.00025914883820282,-0.00078444214822553,0.00207746532230171,-0.000470573075951867,-0.00351537973844295,-0.00212341045759197,-0.001063210965812
-4.85943606540577,2.13218349053877,-0.219438945027096,0.0700862493152155,0.0440741195653995,-0.000629054278066849,-0.00560252189757301,-0.00399872237296538,-0.00332165987122298,-0.00092632471732521,-0.00406045615285683,0.00041757004478504,0.000359417334653136,-0.00404944351649586,0.00296787731873531
-6.26813709936389,7.02674891066749,-0.388293700966373,0.0162097173631533,0.0389189694720976,-0.000807507713217864,-0.00392411692804835,-0.00479584651912662,-0.00311368447983541,-0.00424169189255087,-0.00151397984903934,0.00113355307154651,-0.00204317093609701,-0.00198577451581043,0.00220395936692422
-4.87847598050878,-1.74200973036843,-0.334745706525886,0.152358711389859,0.0944953357794763,-0.000959111746793168,0.00142992003643292,-0.00417807329456388,-0.0101781288285942,-0.00129471625627417,0.000654802024541165,-0.00064536726352465,0.00461759199562916,-0.00581643515062769,0.000863543305101607
-5.16531607781232,2.84339581528357,0.159113872116484,-0.0585927421045021,0.0122410765703707,0.000247400717905731,0.00110480010633435,0.000589355156388174,-0.000692976111507975,0.00239318694911023,-0.000424571106429289,-0.00101930789991533,0.0001952756283331,0.002712373877976,-0.000412049507877891
-3.15581291141046,-1.85774214831549,0.0890315618745633,0.0485852506314781,0.0327847562921443,-0.000204523394019654,7.52419415487903e-05,-0.00163839087426388,-0.00217849778664825,-0.00280966839090648,-0.000301216046718418,-2.67236779201372e-06,0.000647307708486339,-0.00206077111398358,-0.000506779308869838
-6.27326117181164,-4.41865393601138,0.125064725004407,0.0484328495327286,0.0668763206253706,-0.000119281428150453,-0.00155485153499101,1.62610165994762e-05,-0.0102293030597113,-0.000874742760305334,-0.000356558031722492,0.00238848958726033,0.000865815596082823,0.000482027122486965,0.0017617040748659
-4.14702059868281,7.29746178801946,-0.0614235490096065,-0.0914540662628566,0.0230751157338985,-0.000614991019465071,-0.00359787081551184,0.000735499588226066,0.00391777730756221,0.00088247678460139,0.000990994743902346,0.000548640016955996,-0.000691792174712712,0.000710841656982982,-0.000100744494489538
-3.45250056904468,-1.72722448601484,0.268416027131019,0.0320071490001639,0.0349348169426648,-0.000797788739922422,4.21061322886034e-05,0.00235845343276681,-0.000519551132209574,-0.0018994303571492,0.00149206388758442,0.000716885502021162,0.000526122278115137,-0.00213826439494859,-0.000394670250994935
-3.38872593858745,1.90342446637273,0.0534900814880995,-0.0735269375070265,0.00200818248277724,0.000359671178662355,-0.00251557168501147,-0.00397634929330759,0.00244482788958747,0.000418631167052866,0.000952823079925512,0.00106043652955076,-0.00121248286307793,0.00157224211764752,-0.000621260610971938
-2.88957002796403,-3.32030438699365,0.468874804153579,0.03281389879411,0.0462892496467238,-0.000515640076163805,-0.000110034720711149,-0.000714194254965257,0.00213801204411143,-0.0018090276611446,0.000708013858341375,0.000361239822936329,0.00101565461889556,-0.000217275755980914,-0.000135700562039685
-2.32766740083893,-3.34216242567569,0.375192686365986,0.0411845261385718,0.0392152639034562,-0.000613937851657083,-0.00122509202786718,0.00106026785415835,-0.00105252561271824,-0.00293833887719023,-0.000410702424218147,0.000193883819128074,0.000686937442153112,3.76902228269218e-05,-0.000797142544933926
-5.75674449601979,1.98836623163946,0.357052202504946,-0.0794716459812801,0.0360122886090312,-0.000561496212554739,-0.00340435585633995,-0.00189865119430357,0.00522192373346862,0.00149344879690835,0.000691474476005699,-0.00252974839334301,0.000549855678473865,-0.000541168763678747,-4.87008789983714e-05
-5.27173534913319,-0.0667905478379986,0.128617282185561,-0.00302761807557405,0.0362506876563987,0.00077146485829698,-0.00254323021043851,-5.62948471162115e-07,0.0016051192453328,-0.000466427007450717,0.000371987774897387,0.00175040212960649,-0.000586633757155334,-0.000838711393105332,0.00126325249965777
-4.71963188735943,3.62808349684992,0.0960518425645782,-0.00922160829567783,0.0258310972861191,-0.000910858760590059,-0.00396304480476181,-0.000258251919783889,0.00757834068743092,0.00119262965482901,0.00158090693656377,-0.000877321697901037,0.00413136015319494,-0.00218995713444504,0.0010929815001045
-6.43756168074704,-4.90383584749784,0.55185973574106,0.0322388234154868,0.0727682818224118,-0.0038439786343264,-0.00124247391923375,0.00115317421075586,-0.00326166386533784,0.000940519256750135,-0.000356404462228746,-0.00226765171859104,0.000248618420188228,-0.00210104836158452,0.00177432622565653
-5.55930922299543,9.25602374508423,0.0173398084768815,-0.175570831797041,-0.0143516170274854,-0.000366755130026981,-0.00240629088559167,-0.00445304442527167,0.00751686795531163,0.00044527038924863,-0.000387712058451316,0.00357122152752511,0.00108431307034257,0.00310702241023275,-0.00111108364693414
-4.25645149675855,0.842600476450003,0.0203501028400927,0.013555527366766,0.0289845832274141,-7.13060634432812e-05,-0.00234028168295723,-0.00507396516843408,-0.00134302989882076,0.000195173177658622,-0.000409117139543133,0.00193603970121583,0.00115577510681153,-0.000467132034968474,-0.00227528621339323
-3.311460337057,-0.0114038736396765,0.0494204282298282,-0.0828515238215548,0.040383819535917,0.000315833293707644,0.00101775069208145,0.000625532625781143,-0.00351853369660981,0.000468731999584529,-0.000719966699823481,0.00118174675183936,0.00113495108066267,0.0030214810210599,0.000366547565798978
-3.71021499682153,0.652825341374934,0.214570122594156,-0.0614042132860964,0.0132242062928652,-0.000236709503724541,-0.00277288128798989,-0.00296302354532492,-0.0001687785704036,-0.000712350979514936,-0.000108379174594365,0.000165338926333935,-0.000955614735657185,0.000549056813722343,-0.000613961079291029
-5.78769317861142,-0.493101423706363,0.212926873092293,-0.0311995198607463,0.028139588382038,-0.000952787288133936,0.00117976176264962,-0.00376593883482519,-0.000463774027906221,0.00256834370484439,0.000561800809617089,-0.00179939685488949,0.000865465347731128,-0.00149863610163796,-0.000744560263637531
-5.53891063902673,3.58294202921513,-0.0480030479164461,-0.00397955867980733,0.0282150042737207,8.40814122848923e-05,-0.00501897341824557,-0.00192963061295774,-0.000227319590182224,-0.0026130658732151,0.00164043165048709,0.000862855050707736,-0.000460590498850053,-0.00186377194996342,-0.00140788018643233
-3.10789093348682,-2.20387177291402,0.234049056739289,-0.0665550356074169,0.0425497586156023,0.000426305813254587,0.000407927984739671,-0.00192373112872288,-0.00370166830870157,0.000367391017914507,-0.000750841812276114,-0.000274707099024108,-0.0011615195156912,0.00253718890043185,0.00100489551694903
-3.99586947772597,4.11104345869047,0.0157621392353418,-0.0139567787697457,0.0163873275996985,-0.000746327139357271,-0.0039354760884829,-0.00134728882519511,9.21555207337735e-05,-0.000332256442170513,0.00161174355952437,1.71398227423648e-05,0.000422995857369718,-0.000328731984912126,0.000845563619567042
-2.04614489935711,-0.0903198471578703,-0.154486413352748,-0.0045865593481855,0.0224281592712573,0.000810355328702945,0.000401300258676244,-0.00169101247705742,-0.00407912655529916,-0.000192753623657578,-0.000351478209898071,0.000826899505683753,5.4621930338049e-05,0.000338832001321779,-0.000220964249810722
-4.9255023197626,6.45912148909914,-0.123568392262073,-0.0208634443110778,0.0126140926720355,-0.000734602218972156,-0.00141298033948345,-0.00160485088784665,0.00256290827762721,-0.000589690698917585,0.000767836974913694,-0.00172433180791827,0.000698596128740354,-0.00299543981245662,0.000822272303295471
-4.36147346590977,7.28257089018095,-0.664983000305295,0.0143357126517306,0.0237712477750273,0.000250641143891579,-0.000249192145257433,-0.00485623947993589,-0.00827630293646218,0.00193450905217943,-0.000622135295012699,0.00102890156663603,0.00292986333261483,-0.00185939344914857,0.000490975306814771
-4.69550510137088,-2.58423346647176,-0.0655517975652793,0.0148818222932192,0.0536859050663776,-0.00029943562501648,0.00110350309751472,9.30340209703577e-05,-0.0106112489931636,0.0002060960617201,-0.000313710265366087,0.00036663689499972,-0.000695737390428727,0.00087438640210297,-0.00169564693482587
-3.90286104681096,2.52287988348093,0.222415234062939,-0.104998965142228,0.00216104551243628,0.000337095292791682,-0.000874312182063641,-0.000874044163648756,0.0014796431083338,0.000938148434229997,-0.000630778752832805,-0.000255556140682258,-0.00193342424178849,0.00168719056438077,-0.00130816529609008
-6.10938764409993,3.79931417769994,0.49321108651414,-0.0571997060105167,0.0117683900261087,-0.00144841903330022,-0.00069386332504381,0.00321856321155562,0.00973115909456128,-0.00401769571705944,-0.000662202690623705,-2.99149202946837e-05,0.000890908147959307,-0.00118199193156159,-0.00214873920179068
-2.84111318657406,-0.0740120163367186,0.106502491752909,-0.0816847305103128,0.0312637196501516,0.000264046624980911,0.00127433309518123,0.000587263960316271,-0.00167915550256375,0.000898821688019195,-0.000350761569202863,5.88255806361059e-05,-0.00182360831830427,0.00159179175647277,9.16937230301305e-05
-2.8234833543405,5.72373303101135,-0.107076610200011,-0.0534872501537372,0.00719744024383153,-0.000962029046653978,-0.00300088815502762,-0.00190997046535488,0.00414943424167518,-0.0027538713538176,-0.000235067817363224,-8.79647819559009e-05,-0.000149893369111906,-0.00179958127081391,0.000504956579188378
-3.23391689104015,-1.12316208288569,0.365401217749661,-0.0253141766884922,0.0517263580607072,-0.00111158938900287,-0.0006099187665067,0.00191468215043483,0.00134172626193554,0.000231725158894174,-0.000495841089391996,0.000650430680718784,-0.000488900669059075,0.000105113459456216,0.000473053239264908
-4.85851104279017,-4.96164959706614,0.125452080454801,-0.00443460578399984,0.0510051364980261,0.00133696440490919,-0.00343606922406589,0.000431857412439425,-0.00645641631116907,0.000734041150213823,-0.0020286777205176,0.00129634738767518,-0.000423713276845992,0.00241494054473639,0.000950914667747568
-7.13168159505179,10.0815251382224,-0.459679219622325,-0.0450847985541763,0.0153882947335918,0.000189048974553814,-0.00608289271047804,0.00785276705215181,-0.00146346339837792,0.00203329306110063,-0.000717572165143849,0.00207672391890075,0.000445091059568328,0.000448629422445674,0.000519364325079435
-3.61210633668586,-3.81458408168761,0.37336869997172,-0.0272085582275593,0.0283722603616119,0.000289859790007214,0.000217144257551892,-0.0017638038440511,-0.00129825478268673,0.000420260731842649,0.000379114966920507,-0.000203516272730228,-0.00147931785297325,0.000324615022654727,-0.000338481389048072
-4.29242017938339,2.05825951075704,0.00640058306537939,-0.00273818607180113,0.0161769777498197,-0.00127485439891614,-0.00182405765695231,-0.0025677606083288,0.000334818878648437,-0.000806011356839696,0.000421729713373844,0.00139224330594177,0.00205863307234575,-0.00035837722809235,0.000120485029605218
-3.4639140705933,-3.00012589545429,0.156879401557219,-0.0249829197288755,0.0254073526074489,-2.9164430767668e-05,0.000920078728399106,0.00131085696662517,-0.00606072929520731,0.00138523757345896,0.000232633422086224,0.000417025397465413,-0.00219585310336054,0.000840551376119845,-0.00178620800941299
-4.04559947356351,7.19542570577657,0.0111048002189565,-0.111269572307801,0.00164544080820782,-0.000398839599745699,-0.00102748072784483,-0.00588564725312228,0.00582593827058546,-0.000657311973664591,-0.00079107872466781,0.000330086507518305,0.00194265860149701,0.000849835957504113,5.90467964253971e-05
-4.57660067247713,-0.19034929467794,0.351513603029505,-0.0404998854846813,0.0245386746861946,-0.000562446331327923,-0.00107058860151803,0.00333639961040565,0.0050235126688607,0.00315809671239208,-0.000450599318557681,-0.000645289898466807,0.000206166832344008,0.000243543996725872,0.000159230160295841
-3.50822285668907,-0.949497146203037,0.227303148777042,-0.0389895679837314,0.0200155663155001,0.000129768023503521,-0.00131051035379428,0.00129468884368282,0.00162275506391222,-0.00143292163947581,0.000280388256521109,0.000789389501562144,-0.00214714255967414,0.000551925550553012,-0.000340259441230205
-5.49769206622715,-2.69727751712655,0.175997239143294,0.0452257531910261,0.0628242923571745,-0.000801724424687063,-0.00246370471131764,0.00217144923129222,-0.00272364887760257,-0.00621882484447618,-0.000138682880383712,0.00221835687325061,0.000459317681678638,-0.000374632531590558,-0.000112833162042819
-5.03574874988125,-1.36685633896169,0.159491704599252,0.0813525969806578,0.0457933175542103,-0.0017986179799235,0.00034138385277799,-0.0023698111042713,-0.00200061545406241,-0.00252256273340778,0.000141920120596869,-0.00187360826443729,0.00175954978087713,-0.00312244116044251,-0.000839149268931956
-2.0940627570636,0.478980727575004,-0.0889529350215566,-0.00838254435108339,0.0187255633783068,0.000180098773613327,-0.00096291615058822,-0.00201042593183756,-0.000955381237083531,-0.00116609189754534,-8.30620980517395e-05,-2.44663572645667e-05,0.00105489655541738,0.000357356740471224,-2.57734261506963e-05
-6.00539583375559,0.471221974403764,-0.653878930741157,0.123100195480859,0.0637561588444346,0.000149868645175069,0.00448907390373604,-0.00671788480879246,-0.0117242607961001,0.000618175791858666,0.000973287548498247,-0.000758468776931013,0.00467872482097755,-0.00373024627361015,-0.00216484882952574
-4.2557521762258,1.65190843883609,0.0169981099705787,-0.0130501947023761,0.0375531669960468,-0.000724163739069455,-0.000409933448734954,0.000227272040806432,-0.000157778368816518,0.00174875724429259,0.000219718028303552,0.000475320019605973,0.000596465422244139,-0.00118998779213959,-0.000518156276225991
-4.71018141373517,2.33237639774789,-0.617285698440443,0.0832458125979676,0.0408923762921166,0.000183751142999546,-0.00191200355330201,-0.00578024202683267,-0.00898976489807938,-0.00316143001398825,-0.00248144188623104,-0.000633545165675337,0.00334665329277075,-0.00307544822858662,-0.00122880132060982
-7.91898656859289,2.37667701228175,0.429666615351204,-0.135299569384588,0.0250415166090061,-0.00152732304509858,-0.00255432105383677,0.00381138135528378,0.00439684931550557,0.00491580139117304,0.000733597941338171,-0.00268205605726399,-0.00396929824748903,-0.000505094691639711,-0.000492161936244675
-2.57524826178918,-0.504430744819481,0.0811044635702625,-0.0379019400583409,0.0115361431608003,-0.000356709957481715,0.000439884568352023,0.000492256150389782,1.39825761204963e-05,0.00141621618123845,-0.000374115235898705,-0.000628539131803451,0.000267454923092247,0.000225927153350575,-0.000614229795048968
-3.81847990235699,-1.44585958446498,-0.118301651264999,0.0546597552691465,0.0389441762744186,-0.000253557406869526,-0.00138500030396667,0.00235043018483502,-0.0108261213638111,-0.000375261118732187,-0.00108488056652392,-0.000511878696695331,0.0012873665559729,-0.00112138450067705,-0.00120633160556202
-6.835992442722,-3.08298584713447,0.199546084819449,-0.00292382512118311,0.045939175698918,0.000307476455180774,0.00404338362566898,-0.0112072441106785,-0.00546353755022366,0.000357031585762004,-8.26222680658719e-05,-0.00123379456941638,-0.0036621349081251,-0.000694284355439728,-0.00221802814041504
-6.00713406878297,-4.65172490331642,0.611417934385786,-0.0335466513066245,0.0457048548065683,-0.000956474916612707,-0.00262240133617618,0.000515526921022433,0.00231350411121609,-0.00313598557922752,-0.0019887938246052,-8.05599200239935e-05,0.000639473580988779,-5.9438859579639e-05,0.000236047220939935
-3.68571741197209,4.448517647228,-0.261650593695801,0.0210146370444065,0.0334371494423875,-0.00151501087435483,-0.0034708538023308,-0.00421743845269152,-0.00235225552320662,-0.000238403391938029,-0.000760520836442257,0.000242270837123271,-0.00116661592251477,-0.00212625497580954,0.000161307430312547
-4.78093644303217,-6.74817491009171,0.649880874651378,0.031231829224824,0.0732680006559999,-0.000951248464548838,-7.74626216277664e-05,0.00181614806336819,-0.00144683241586132,7.45268705660604e-06,0.00189778964500051,-3.33897369655217e-05,1.85484215791363e-05,-0.000939223556973416,-0.0010000502140294
-1.77464692540739,2.20613815094255,0.00295754303243761,-0.0316543492367911,0.0163819572042033,2.85960714967293e-05,-0.00187819746392269,0.00165588257920425,0.00339410440050156,0.000272571424232091,-1.07746027380918e-05,0.000114945577209524,-0.000451381788910031,0.000128260943538344,0.000289800103063123
-4.6005820529731,0.810375824072343,0.17636424172547,-0.116269001362203,0.0364920600905283,-0.000354858814203955,0.000117634165022992,0.00705548807769426,0.0028963820860115,-0.00138880448263901,0.00159463269211291,0.00161948653670168,-0.00367521138296755,0.00191006286568238,-0.000944516714722972
-6.45972379576473,4.00318522435982,-0.134174749326398,-0.010026533760678,0.0369524071584763,0.000390517401144061,-0.00119251647168114,-0.00971020262069472,-0.00406127321436166,-0.000257591638066212,0.000583200525180973,0.00223382841491296,-0.00066891490911007,-0.00161071307259456,-0.000359800765822575
-4.59987852332,6.97469775012517,0.0549227714396785,-0.173815613094537,-0.00870318258899323,-0.000925329016098481,0.00130473427516531,0.00328241148725736,0.00360769715876757,-0.000861379079751592,8.73092905171244e-05,-7.12919344606875e-05,-0.00163115812031246,0.00261685478603552,-0.00141126683377717
-5.84166918764771,-3.40007192013132,0.481834922920634,-0.134289179866044,0.0215253441034265,-0.000600347228006837,-0.000929724682346673,-0.000783756223483232,-0.000849501328974939,-0.00253156653151069,0.000492224851434652,0.0014841432148571,-0.00683655103629765,0.00473108795629348,-0.0027178716265667
-7.17155962817007,-5.3030748673022,0.104904676721308,0.0688380168568706,0.0777216043994594,0.00262100150457122,0.00149637210936531,-0.00361342395424769,-0.00482134873473249,0.00174697702393613,0.000676177407048823,0.00480083802707967,-0.000205961137026905,0.00148566025855528,-0.00162057473075088
-1.12003604451446,0.567773691792186,0.00575370449651531,-0.0261770873251399,0.00994361769023127,0.000154701831792949,-0.000543607283216444,-0.000161034445839117,-0.00105482998098528,0.00205802768068579,-0.000295093385309892,-0.000139992374771245,0.000146946040044003,-0.000175087974834611,-0.000179404896037592
-2.69942709698168,-1.18087825596658,-0.0726346340916074,0.018782920593663,0.0489802782434103,0.000341677374755007,0.000141032881597102,-0.00239177058480877,-0.00499266382803042,0.000452495680096489,0.000202136433434241,0.00064365048418677,0.00015828685196946,-0.000688645944235762,-0.000431005101929386
-3.85439726058821,5.55817498790783,0.0272666498229563,-0.0650609260374969,0.0147122703932167,6.02016778439747e-05,-0.00542109548299499,0.000150554198051433,0.00602506456611366,0.002428593093652,0.000666406890794097,-0.000600261957103874,0.0018051925604595,0.000590853140157824,0.000572575062353721
-1.97077871571732,3.02846407879541,-0.367741959684694,0.0115174405660105,0.012000977695687,-0.000121067466498166,-0.000953123429766881,-0.00300365735068462,-0.00507009632681722,-0.00014651572018805,4.90357140164152e-05,0.000194742632433575,0.000724344991107159,-0.0012402936437621,0.000345640207082381
-6.45323279716306,1.66812718315138,0.193822134523417,-0.108694162575455,0.0341595596506103,0.000108028661793171,-0.00344212722194065,0.00124157439639149,0.000969007068858814,-0.000381291531352052,0.000486927112386417,0.00101218354321826,-0.00307300572148836,0.00255257347950401,-0.000256520634496318
-5.82218637957439,-0.545664003333051,-0.114472630916638,0.0996487328925201,0.0656932260108021,-0.000643217420278835,-0.00219266309105114,-0.00420770853549788,-0.00574549763502139,-0.0016988186419962,0.000642549954353706,0.000196170933351586,0.00200560030604365,-0.00316080828038648,-0.000919184490957728
-4.47291029170385,5.85023377781137,-0.337308963980418,-0.0541359349955198,0.0263213467708978,7.47242188804537e-05,-0.00192690469918152,0.00196463979650564,-0.00321487028052083,-0.000859415846063331,-0.00090378395198385,0.000270405402501677,0.000345570212133705,6.86812044416611e-05,0.000445851869025102
-6.81612523922093,-2.19535663050868,-0.286393571807709,0.0392655897981788,0.0676960516060777,0.00345949041665212,-0.00155740003202854,-0.0056741507344852,-0.0141398849484869,0.0038747593391686,-0.00377722148081374,0.00476128572114164,-0.00234734164957627,0.00361587136036879,-0.00186414406055191
-3.25507034635035,3.22051335474738,-0.139174935825737,-0.0189833987476883,0.019646874354726,-0.000133373425071597,1.87854996073634e-05,-0.00417253112143887,-0.000145873891429008,-0.000110861641314177,0.000429272241460707,-0.00114806297768994,-0.000666327033917956,-0.00052417803040607,-0.000387245650992602
-3.66624387152379,2.63822035999515,0.233661423145223,-0.015045649328975,0.0111779817169391,-0.000732219459910538,-0.00251231380557423,0.00130654821932834,0.00478364743652312,-0.00138685921273297,-0.00258760018803849,-0.000359014693184064,0.00529122217010026,0.00050307883298067,0.00244277794170892
-4.23373771010821,-2.65689347080669,0.403687246825026,-0.0299165165484565,0.0415919705774049,-0.000194582114346784,-0.00124456485505809,-0.00135773785899198,0.00106775749668169,0.00405796974177534,0.000300707458767099,0.00121965889173528,0.00220676535379589,0.00109347896586415,-0.00022907836601689
-3.55332174505,-2.27664580926906,0.0769044837983103,-0.0208510538615578,0.0405604368594267,0.00115733019989539,-0.00341980905344479,-0.000902632630953568,-0.00467441732721349,-0.000430284691598282,-0.00220249377341842,0.0029648118657431,0.00145168077241161,0.00292544696663244,0.00152135901289114
-4.4045799557813,-0.966682916595518,-0.320987309018994,0.0697083485081477,0.0643438074862506,0.000351214223745811,-0.000218367342350227,-0.00522738944992598,-0.010992884091589,0.000223265795722347,-0.000634944758964764,0.000511939035490884,7.12347411797958e-05,-0.00137930945094543,0.000157249455961821
-5.50346364970629,1.38239887610054,0.14411974934426,-0.0495537260614855,0.0181420864960709,-0.00088969986258133,-0.00605655914527851,-0.000753123150119383,0.00240478714335637,-0.00175256828015687,-0.00103229661289226,-0.000363225369876422,-0.000671021338948244,-0.000543425860440027,0.00212822959171776
-1.93610445011196,0.0693595600985234,-0.0882502557018196,0.0107507429885299,0.023725028512921,0.000486978569815555,0.00137617696637139,-0.00243887173420132,-0.00274851613819989,0.000243010920866953,-0.00114113051157789,0.00100995767303677,0.00256558570800553,0.0010278197938851,0.00122175701754685
-3.67811039509296,2.58208292001778,-0.515758244189373,0.0315696685154116,0.0256398103761654,0.000744105969461694,-0.00108397355592674,-0.00294168599107236,-0.00769486542670344,0.00200284479136386,-0.00119792266728729,0.00117412427953737,0.00423821017620208,-0.00267902893957697,0.001192320602469
-2.8534209483057,1.97945149008801,-0.376276972395964,0.0275877924794959,0.0322065025837061,0.000727416953576279,0.000102577024779675,-0.00318262218286713,-0.00806558771570376,0.0017421114449203,-0.000848548398070945,-0.000222311907002126,0.00239684716179596,-0.00156594943418966,0.000796368611445045
-3.91643119646268,-1.40027030901852,-0.0514954248442433,-0.0119387338209024,0.0284060401967444,0.000509718458284606,-0.00311226401619523,-0.00323779525510995,-0.00555691215042692,0.000569247340538857,-0.00158809928041004,0.000818620279842563,0.00151672420525242,0.00170618478088115,0.000815379786806389
-8.88531065916109,-2.32878126442848,0.468382579743756,-0.149727916927572,0.0495191440575575,0.00294832904997442,-0.011224129146743,-0.0055826685825616,1.79111232606644e-05,0.00425232608306512,-0.00606298692395933,0.00144478764450147,0.0097660148631139,0.00474383372186903,0.00403210285257869
-4.64961663270881,0.729597301948086,0.303065467950857,-0.0539121473288289,0.0447057552256019,-0.000343070340033721,-0.00328462491695675,0.0017880144495176,0.00224372196221116,-0.000136751704995505,-0.000594176798712303,0.000392858714771184,-0.00117444619813927,0.00105572763260388,0.00101696016372477
-2.15569771100029,-0.22247631887103,0.149599091545078,-0.0435971550325971,0.0138223895280975,0.00017122797787623,-0.00159470053538017,-0.0018169086476739,8.33020858729474e-05,-0.00125880833759504,-0.000524790836645507,0.00032816749331548,-0.000128134662565551,0.000911339424128623,0.000560988085511695
-2.16941696333098,0.144172067818343,-0.0399855029825765,-0.0342319506643503,0.0214466130094147,0.000723439895391814,-0.00204738320948952,-0.00304028958045222,-0.00182566799140989,-0.000249762019289126,-0.00150958093202403,0.000470384470657526,0.000742773212720252,0.000372755345209211,0.000578093475978256
-6.41643668511294,-3.08710887228776,0.0377525985175294,-0.0887127768805163,0.0573037714028819,0.00127631694097227,-0.00312302624543426,-0.00785076956051989,-0.0026383671453399,-0.00169869083162205,-0.00420322526650957,-0.000439310381918329,0.00432464687731062,0.000830424431137741,0.00182565411020463
-3.42095279355472,3.54920548678835,0.114319197965709,-0.0806302269946588,0.0190522722131612,-0.000410665567055945,-0.00127832022218357,-0.00203286641940894,0.00379614183732887,-0.000137519364534682,0.000502344758100169,-0.00083193141620466,-0.00197170127757803,0.00117511390197008,-0.000673922333965666
-5.53203888479568,-0.165015049637064,-0.624860125964778,0.0176202118226294,0.0420596493953796,-0.000633808891932865,-0.00243163530892875,-0.00361918216632407,-0.0134512658824581,0.00581961282451671,-0.000226302832209587,0.00105379040132385,-0.00187729366547082,-0.00155443420594443,-0.001002930117268
-6.48121604041719,2.01908162503226,-0.34767430046462,0.0912040932131298,0.0669695528866434,0.000117909992212764,0.000393318178307881,0.0016830117931128,-0.00961152257594248,0.000453819528507178,-0.0019462277765559,0.00275689161458563,0.00202644827580102,-0.000504754341016128,-0.000595635145383721
-3.24847721070397,-0.810098371341313,0.34976224163925,0.00242128047752981,0.0197182924668209,-0.000486746753910123,0.000735582220638069,0.00335260587312581,0.00262924964476426,-0.00151789198956073,9.63911922089407e-05,-7.34364748630494e-05,-7.14423558225805e-05,-0.000538181218733524,-0.000851039350517923
-6.27979301828279,7.19644809054199,-0.178306223353116,-0.0536345875827066,0.0146490365956975,0.00140147288047289,-0.00393248454047312,-0.00450759974507607,-0.0016625731305971,-0.00230629418484424,-0.00354127929514241,0.000154841505641297,-0.00227621105223088,0.00109599609364982,0.000691624829140997
-2.09207563789844,1.24126512346001,-0.228965448587657,-0.000255493586035568,0.0323045305858915,0.000375145629906282,-9.88385445316025e-05,-0.00453869399973958,-0.00286046909906509,0.0017318314321841,-0.000777670700976895,0.000699585058486959,0.000575698949590404,-0.00058812597206696,-3.75701755502176e-06
-2.90816942652275,0.584528785775013,0.185859767048152,-0.00938938497039275,0.0190925301350216,0.000603168278047313,-0.00342189031591202,0.00233494500302705,-0.000395540848589392,-2.46591071139887e-05,0.00177036634235274,-0.0029951461482253,-0.000507377913810493,-0.00329322201095116,0.000653400629046509
-5.1774932764229,-5.82621229319404,0.376757703895218,-0.0677954025705221,0.0415658395816621,0.00240635562794414,-0.00245632583239771,-0.00402753019934349,-0.000329627585854728,0.00456400674419162,0.00107556120327674,-0.00361095165613168,-0.00379146890300522,-0.00150286873301334,0.00156033110612709
-5.33607410587162,3.5614863246112,-0.0338741537423351,-0.0151854290658806,0.0530195553744296,-0.000258411017018361,-0.00339928218505762,0.00353670810704751,0.000251756756808024,-0.0024871353567999,0.000336667426514791,-0.00417767233551786,0.00138703750015641,-0.0069581711433938,0.00184102087695879
-8.11619016155402,2.44293956393863,0.644906016374418,-0.0704839953169448,0.0248231809566416,0.00571889298197433,-0.0132467863319605,0.00457259039254308,0.0108437838554825,-0.000249104602073666,0.00298496070022714,-0.00697295795720759,-0.00231986595761429,-0.00608714059894972,0.00263274323654289
-8.98895543636115,0.412866126216259,-0.563621760241132,0.118408879018783,0.0761989807813713,0.00146427516818518,-0.00722832899381246,-0.00889701827250831,-0.0199149398618808,0.00235716818114002,0.0034661370948037,-0.00694561098469832,-0.00271034691917968,-0.0123805112166178,0.000605671617934088
-5.2958728779347,-3.89167616048859,0.323342107670245,-0.147338879158925,0.0384565619868591,0.002462577200401,-0.00324582093593786,-0.00261955633229924,-0.00315245828815819,0.00526384091630591,0.00252439944211251,-0.00571999038584958,-0.00330466800886683,0.00096276785819429,0.00113986581397115
-3.15197107043288,2.62232290656677,-0.0437763180076719,0.000855940519719325,0.0219597795282054,0.000658269344587197,-0.00568542473392249,-0.00176577924628865,0.000728351065373431,0.000644453223236886,0.0012785782485021,-0.00322208178034993,0.00106801948732327,-0.00417566632221012,0.000927757720151882
-4.84963718593722,-1.71220363488619,-0.0895978570873102,0.0299259248607036,0.0486374827227096,0.00152491667515956,-0.00376384634725723,0.000800923328782828,-0.00371204324809118,0.00278166306836124,0.00163441067143994,-0.00187852205062669,0.00361522306744698,-0.00274232167992126,0.000450682177956751
-6.53646616154899,-6.58620808653611,0.140681328283748,0.112286116788964,0.082759596828316,0.00123940666852415,-0.00438745228731981,0.00136338490392298,-0.0112076480006871,0.00108306193159716,0.00267539009201993,-0.00411095172830715,0.00313767469656071,-0.00724951492681032,0.00160868211661522
-3.51737047224101,0.544274686510795,-0.233959842848406,0.0611145448439018,0.0556821614464672,-0.000379680812432895,-0.00147955583016199,-0.00542510965446469,-0.00368456079996992,-0.00268588079246328,0.00011569213654776,0.000162017496646519,0.0026572693151231,-0.00158908482126516,0.000997011487403038
-7.10928013611093,4.19208874344029,-0.0122261114722084,0.0216990143283991,0.0619363835333625,-0.00101809688026727,0.000166776644787713,-0.00874085588662769,0.00611004716937999,-0.00213538116320059,0.00103148023013965,0.000901918234113871,0.00419411271272704,-0.00258417304846385,0.000297492460507042
-2.50872681343795,-2.07344938500397,0.202044703340393,0.0512854005963388,0.0435322816107525,-0.000403993200772974,-0.000901300406306716,0.0044878949056371,-6.71600633422368e-07,-0.000682421574522341,-1.7014709370883e-05,-0.000796661427293493,0.00103561064432195,-0.00199716053898784,-0.000496911059372008
-4.62618641845759,-5.08768999505674,0.369240380705701,-0.0334816524713388,0.0563377587411257,-0.000246164912113265,0.000874557971749635,0.000890871242226188,-0.00216845494707232,0.00169796238020374,-0.00094449892125164,0.000419832292621073,-0.000415361790596571,0.0006663173606315,-0.00221470203891555
-7.70952408356749,-3.77639456454459,0.143467607972304,0.0924514851089711,0.0847479540119209,-0.00122841061137071,0.00293801203996245,-0.00343736523644977,-0.00843244218227213,-0.00360305846914578,-0.0017473906878195,-0.000126057557082638,-0.00383993345855841,-0.00415572180060421,-0.00173881227971286
-4.65704675043498,7.67668259507718,-0.246847885889467,-0.035974867572185,0.0064626986173934,-0.000960775723285216,-0.00136333469717689,-0.00136519524907712,-0.00268679645711103,-0.0010368959115149,-0.000203816088739234,0.000702542633917456,0.00242626268275226,-0.00134477014929678,-0.00123423609802338
-7.1623603071534,9.3428822347648,-0.26501866419166,-0.155563516608656,-0.00990369845734301,-0.00141999625974674,-0.00091425444864269,-0.00538619137477117,0.00188318700693266,-0.000402761150306995,-0.00099609385132907,-0.000200304855994107,0.00486894336285838,1.40652713587932e-05,-0.00283227873646966
-4.99905392089993,-5.76736086437983,0.392486384462909,-0.0280182993286274,0.0519384496655141,0.000546620639167463,0.00199917679326446,0.00102903606567189,-0.00450795459598593,-0.00166431008467538,1.23316234641873e-05,0.0015663415109362,-0.000701748427877078,0.00274193238110114,0.000223539700185
-4.86466447952112,4.22885692694258,0.226980892954548,-0.0923135962869315,0.0171538114123829,0.000552991958548749,-0.00227303332262622,0.00337513372639966,0.00400967066701499,-0.000268204179257183,-0.000780621904100184,-0.00073596214956625,-0.00372805244786673,0.00065746561130143,-0.000844408428567361
-3.94094981615663,2.94235818993664,-0.158290225556625,-0.067922588737813,0.0229512083047178,6.14795577151058e-05,-0.00104064215779177,-0.00473239013908861,-0.0018665830489228,-0.00179869255117757,-0.00155329379369235,0.000400553163522145,-0.000497921351543087,0.00135024172213438,0.000144568611411504
-3.76903314123953,3.43805570898144,-0.161058595368661,-0.0205203963411104,0.0167008703345149,-1.42397675787145e-05,-0.000331457211454051,-0.00192119194412956,0.000428838309614443,0.00225778015426438,0.000567243382560208,-0.000683435353061448,0.00166468905536953,-0.00247694864142001,0.000212868106700854
-2.04192697732101,-1.52089300306144,0.156859690377353,-0.0231142838200175,0.0128131346271924,0.000394685152172294,-0.00159957413937732,-0.000798958335914418,-0.00222580120697396,-0.0020222351855654,-0.000852564139113372,9.83634957032408e-05,-0.00114230669874359,0.00164787463330413,-0.00012117732904679
-7.02832418249135,-5.13821968908958,0.379175564014927,-0.0590614718450625,0.0607220147743209,0.00160207968654604,-0.00242685870745115,-0.00429975329706149,-0.00685613036097875,-9.23497230665705e-05,-0.00075291156327875,0.00263430079679071,-0.00200495317128216,0.00408087043115972,0.000743526760955283
-1.46569438850646,0.554155108334652,0.0870614287144919,-0.0245957388140289,0.0104814750167026,-0.000338255980972739,-0.00174849043598535,0.00244905400139998,0.00206004720009555,0.00189521128790603,-4.33772449653046e-05,0.000706333933003008,-0.000363747836313761,0.000906642223685692,-0.000279780796638721
-5.84445530234654,0.346923767465167,0.21717693455447,-0.14171125848765,0.0107261315273031,0.000148674725297639,-0.000750735648703775,0.00845334864150718,0.00183318749881526,-0.00323642660282706,0.00105443414836252,0.00147518767750426,-0.00252129584445088,0.00344888565929239,-0.0014887860038672
-6.06417254468871,8.62016659318378,-0.090760241276384,-0.166136961213389,-0.015067895392451,0.000832578648343459,-0.00315304266700036,-0.00433228765295568,-0.000282595657585879,-0.00117160650379172,0.00157863114563037,-0.00132455160099857,-0.000453484082549963,0.00233597459338661,-0.00209112232967722
-5.3406183249929,-0.980024679847792,-0.173688337376738,0.079686324476464,0.0631623552656316,-0.00142830571210811,-0.00175502081413756,-0.00164287189391874,-0.00749961856773586,0.00138282133736289,-0.0004590629880258,-0.00197425819911904,0.00363778637695584,-0.00466853516726118,0.000860627532587927
-3.27130427177719,-3.80879414030878,0.165289402952401,-0.0196476232154019,0.0354645113893804,0.000411784137185042,0.00213292946516666,0.000550519541542775,-0.00255234189187932,0.00100935381355745,-0.00031430040274595,0.0003837101615468,6.96987865124526e-05,0.0017353905636056,-0.000558108125871832
-3.96464235775875,-1.63448889997412,-0.0735822501014663,-0.0319274081182266,0.066332808850696,-1.61353642536778e-05,-0.000210936740038574,-0.00429217567127697,-0.00715731279792632,0.00340087811857913,-0.000296182834304153,-0.00132938470929209,-0.0011373396120904,-0.00118323793695106,0.000793621578222086
-1.47733727791291,1.65350079425638,-0.196977414815619,0.0110433436619239,0.0281509392635204,-0.000240124863071283,-0.000355386966352875,-0.00268615284727456,-0.00169057662110393,2.85613720708247e-06,-0.00114835638692499,-3.58109376254336e-05,-0.000803960164899089,-0.000731048350028946,0.00023276179875817
-5.20807801625263,1.88530839480235,0.153285206540147,-0.0852022227616936,0.0230962844682677,-0.000423243542766001,-0.000847121203664036,0.00123332528603858,0.000984647718071916,0.000578056353984687,-0.000403502232204015,0.000892124264153859,-0.00292601535227985,0.000905957351690078,0.000243639685303522
-3.73138536892738,0.339426761163788,0.297196949163536,-0.0684024646791573,0.0377708745115049,0.000672355425757866,-0.004505776004149,0.00185164109129324,0.00376308914000175,-0.00156810448112564,0.000115973021594677,0.000752422929337542,-0.00167745531866167,0.00162882461793992,-1.45556516863616e-06
-3.1748526902273,3.87642073021253,0.00386498286253631,-0.090825753804487,0.00464676147156367,0.000349494657922018,-0.000167246803433188,6.29487969104868e-06,0.0025861695542221,0.000328455423121171,-7.53073280165179e-05,-6.38375220777024e-05,7.51614554898693e-05,0.000769322765523778,0.000447131774636028
-3.32539862625469,-0.642143208406936,0.206709072556421,-0.0658799704068496,0.00883953687465281,0.000219259689097411,-4.10329189465915e-05,0.00422834542630102,0.000379015707356814,0.00168996739208575,0.000333623771976553,0.000348319685561779,-0.000709860392607822,0.000594973055987673,-0.00230883157075723
-3.99641687601785,1.56966439780103,0.182136625006715,-0.0224099778436066,0.0165609494473505,-0.000904284596448651,-0.00371827578434731,-0.00238358675820968,-0.000624715279510303,-0.00188853163994449,-0.00030072934998248,0.000988453301952416,-0.00155681370660489,-0.000702484438645061,0.000611422863920045
-5.69622714430768,-2.34413200395912,0.538594203986161,-0.118133813910948,0.0335796370879786,6.50377918456881e-05,-0.00145819466590037,0.00278200750563717,0.00604233174718431,0.00182786256466756,-0.00181953130173223,0.00201751348578636,-0.00431387466430774,0.00324462877414447,-7.79914712205203e-05
-2.29256369381675,1.06901989433508,0.00819453794616274,0.00496232130871433,0.021314871732045,-0.000332891431223029,-0.000482350578615875,0.00024447404642969,0.000640791464008291,-0.000359890704003316,0.000185118437123029,-0.000262284384348678,0.00148920554162458,-0.00101991765345542,0.000754012377493197
-5.91679672129012,7.37681870701451,-0.0915186856784684,-0.0876465122302938,0.00470860569726353,0.00116502227101245,-0.00306758995625507,0.00700365437565835,0.00607911310538633,-0.0021629626107985,-0.00110860954729772,0.00212413896833818,-0.000178766273295162,0.00317383627247192,-0.00056950600329308
-4.03536112474067,7.9837014588086,-0.653314071899784,-0.00565209366433047,0.00371423172942588,-0.000221798377030034,-0.00119427072620677,-0.00252498089085635,-0.00654460339301488,-0.00234382628690849,-9.09377018429794e-05,0.00145237649921561,0.0021233013341556,-0.00150120140824779,0.000355499355691607
-6.3375567719081,3.81330772669082,-0.0568233876273245,-0.0478877387740168,0.0266485463533077,-0.00149704287414748,-0.00163458970242073,-0.00503823180116719,-0.00138939096407794,-0.00246361781582494,0.000416088572844031,0.00113218820176732,-0.00310026771725411,-0.00132972763516733,0.000879571129972299
-6.22429168158711,3.30361093663372,-0.644691827518701,0.0550475453973285,0.051168553263506,0.00070386316635916,-0.00628985756039102,0.00348647737025355,-0.0102393886742594,0.000288690298980737,-0.000578419586054789,0.00307136616154579,0.0026860250624121,-0.000728448203755564,-0.00152659023491723
-8.12726285880298,-6.32152271704772,0.400487840506439,0.0337945472497824,0.0941070049154054,-0.00235396176778338,-0.00276350724840667,-0.00796691220815937,-0.00489029139747027,-0.0023115947594679,-0.00465389869805728,0.000326998274350222,-0.00524002182224599,-0.00182436133252558,0.00103065338529332
-4.20041846851639,-1.7935369389395,0.0028900068815032,0.058386789260722,0.0621416867715952,-0.000597065240397251,-0.00181013271686191,-0.00472678762980723,-0.00230736119791605,0.00156468784609102,9.93055560445088e-05,-0.000558503819844973,0.00238125601097952,-0.00143571719293013,-0.000262281174400955
-7.52592470678172,0.426201147588021,0.117833326879096,-0.0289956935457434,0.0513084016741588,0.000535301096570284,4.37184250768671e-05,-0.0111867230133044,-0.000768841515297061,-0.00321902012109221,-0.00264661855090986,0.00393986388059903,-0.00212363821652999,0.000957828781731578,-0.00176142996730332
-5.23868340200148,-5.4244780816911,0.229310838079271,0.0364804058403,0.0583039999741494,-0.000477986521565866,-0.000394441704264054,-0.00182441401337758,-0.00790959100780591,-0.000692094389104822,-0.000872747036495998,0.0010806011562727,-3.89124357962185e-05,0.000645562729213431,-0.00071137982677658
-2.83734993752302,3.22766906510146,-0.0211560975363863,-0.0546496867749465,0.0355361305276428,-0.000407895914513641,-0.00254706966480769,-0.00112673242112345,0.00268608431722942,0.00199357923618791,1.41114954974469e-05,-0.000271825420025602,-9.38633234423205e-05,-0.000549992846513178,0.0015575376226698
-4.71950390445709,3.19244606869914,0.214808452120309,-0.114411372337295,0.0275529837211941,-0.000677748068829629,-0.0010565372159643,0.00101773192448626,0.00440413322297105,0.000705344519554315,0.000454315949709277,-0.000446656532565319,-0.000996464796166245,0.00175123815516595,0.000400893284620757
-2.26424366192456,0.630217632051348,0.0145208499728541,-0.0178080939064624,0.0183688143396856,-0.000136997642406711,0.0009141353754917,0.000913899119706446,-0.000961653970574056,-0.000304502971042137,0.00023775009903939,0.000358159110813133,0.000236050410542386,0.000801147031078514,0.00031015886239791
-5.86785302397868,-3.75793410369474,0.347248893742171,-0.0851422318324377,0.0316066353401913,0.000372318849593601,0.000673745533035632,0.0030323485796412,-0.00139563928553477,0.00389604836474679,0.000130473881760976,0.000503217067672287,-0.00116025325025048,0.00276791855818157,0.000813641316708679
-1.90307321173576,2.5859218790437,-0.00699793798129183,-0.0378857874408557,0.00736854293479876,-1.38317453542641e-05,-0.000757716885131353,0.00107812822452623,0.00151670873136316,0.00136928597376922,0.000789923696355497,0.000246474031295008,0.000973828097166933,-0.000374712169638137,-7.71328811328742e-05
-2.88194840928095,-2.24690710240479,0.0817765750781979,0.00109534029010607,0.0514884908118037,-0.000541043926336526,-0.00170031483141256,-0.00198594449487499,-0.00403301349465175,0.000757993025333088,-0.00039043130056331,-0.000925630581356126,-0.0016977021402186,-4.90384248862584e-05,0.000455350032189504
-3.65405038101117,-1.30139752614335,-0.168740210896795,0.101747381046586,0.0456552248969832,-0.000732043106423473,-0.00118257566092761,-0.000597238050376577,-0.00733121771818319,-0.00254029959235633,-0.00074044996528508,3.99369249286676e-05,0.00288348481372953,-0.00387256376042631,0.00096797390268548
-5.51889060155518,-5.27082372233541,0.718873695291654,-0.0603983353753501,0.0575879804105796,-0.000165267927674047,0.00195170888641353,-0.00368710687955294,0.000252241757330863,0.00332937892768891,-0.00115639579329143,0.000391350427130778,-0.00189611335811897,0.00374620531656563,0.000197088562270811
-2.59301548600269,-0.748694930887987,-0.213062790427394,0.039279344686809,0.0323096212133121,0.000546382935476331,-0.00160910600626063,-0.00183200802397479,-0.00212182497619543,0.0029471541857537,-0.00111220008425311,9.60984763136178e-06,0.00172519349877211,-0.000558050160422605,-7.41586296764512e-06
-4.35315066777113,3.54847077238423,-0.127371007042208,-0.0594500766107165,0.0320135072192092,-0.000304193784084999,-0.00369466414054049,-0.00229860002788344,-0.00236490702800534,0.00143639209793894,0.000928084398702033,0.00138384332880779,-0.00113826077701578,0.000355300986465286,0.000200034496336449
-4.42264176221827,-0.377159750570579,0.281384319118714,0.0387773194423226,0.0320204652581881,-0.00124534834182727,-0.00164933499580451,-0.00151119980714012,0.000176584428465979,-0.002354914984098,0.000626225521501227,-0.000461257501608902,0.00240746364622772,-0.0017185755707743,-0.000785306405838642
-1.9684155905572,-0.359406840424182,-0.12473743261401,0.0148114416756829,0.027510460875091,0.000325256192405654,0.000555580613749104,-0.00204305734190709,-0.00090614531958168,0.000998476072386599,-0.000277637381892945,0.000660747559464375,0.00059088988424667,-0.000769277205438994,-1.16409044015927e-06
-3.6216177644572,1.61591287053388,-0.091050450970296,0.0212555624009913,0.0318709142818765,-0.0005483908227977,-0.000883101043838432,-0.0029804017824296,-0.00174794439460313,-0.000116951575074912,-0.000347137838021418,-0.00113399932280769,0.000150957549860777,-0.00249446712516238,0.00156806523212144
-4.59377079111068,0.370730715501273,-0.579772907504399,0.134823003597075,0.0511476042859245,-2.02576395097636e-05,0.00290374582177149,-0.00104578524589715,-0.013939179538308,0.000264084616819562,0.000392325831267517,-0.000775750210689031,0.00306909384831838,-0.0045808425888914,-0.00142869944977076
-3.2903565352599,-2.63393335820218,0.348829649153659,0.0315989767954167,0.0384515235246289,-0.000622818341351234,0.00198034410071,-0.000686473963134736,0.000135297524431954,0.00176125057711273,0.000676052576814427,-0.000662871999310926,-0.000574090578615203,-0.00175669386457086,-0.000777827371926539
-4.07566825180206,-2.67189169795891,-0.0972813619484248,0.0232885137618344,0.0559566380827196,0.000934285768136287,-0.000184778214230575,-0.0036249779873516,-0.00989889216468538,0.000796868509647884,0.000627594142282413,-7.73231908249875e-05,-0.00405599287962909,0.000927238296280116,-0.000342494198587863
-2.57541974839481,0.901168463696528,-0.0150955383967818,0.0195014377668381,0.030654961028682,-1.25438258612628e-05,-0.000996856183243509,-0.00183221724528867,-0.00111390008292933,-0.00217298734160645,-0.000699680373636805,0.000730092606648366,0.000733853850678206,-0.00101156747487175,-0.000555581209061138
-4.36040947399517,-0.481929895027097,0.307407344931921,-0.00720734887505894,0.0352099371028654,-0.000378814997218064,0.00176276051022765,-0.00379267347564131,0.000796676553995429,-0.000724497332306971,0.00026627878958803,-2.42551407222789e-05,0.00040024247895922,-0.00100705937970326,0.00100172376449688
-7.17201812778602,3.75908998552661,-0.274924573883957,-0.0663706675144497,0.0265423532824659,-0.00128077619765884,-0.00385122497104663,2.58296614182061e-05,-0.00322591899323416,-0.00166694842297931,-0.000115184957505672,-0.00130493142513662,0.00246245586311247,-0.00119144448153827,-0.00147320752647951
-5.80795284821012,0.258474858866899,0.349882363685077,-0.000843287441824245,0.0373492474297043,-0.00136532391441571,-0.000852853088529992,0.0071311124784112,0.00701056973680878,3.56445002338193e-05,-0.000582835486034601,-0.000411718748270404,0.00116731281575354,0.000421219128736904,0.000195769855705907
-4.47393863927316,-1.62095263739649,0.485655973206712,0.0255409804596139,0.0305285289678857,-0.000158404508009543,-0.00346873643751855,0.0039995843069212,0.00699704352216196,-0.000319874104945052,0.000592796150760322,-0.00216175619476072,0.00114967788896416,-0.00218408991692838,-0.00174848923437909
-3.9387863168203,3.04545243070145,0.282829383912562,-0.0204977337859854,0.0157380864317145,-0.000353823326652457,0.000134946912671701,0.00454219399988232,0.00822484973870123,-0.000712507003954096,-0.00150271075662992,0.000942546545527862,0.000209950066063751,5.604926318814e-06,9.47433402538035e-05
-3.67345491328751,-2.29389258317971,-0.04276990444829,0.0609187080417848,0.0509486042926568,0.000561187865430227,-0.00220971401999816,-0.0033794685806591,-0.00631912665904423,-0.00113287215781275,-0.000619265850844068,0.00132105773512527,0.00198698441214724,-0.000491544126535459,0.000263444865644918
-3.66919942003149,1.46657948737076,0.0953522265045907,-0.0738967481156473,0.0179798321791546,-0.000124590416143775,-0.00385676417420549,0.00089021519002553,0.00430580980680165,-0.000377154252243762,-0.00036747766162419,0.000130722246065768,-0.0016936639849254,0.000233205669822269,0.000236142505723357
-4.67885277408461,0.410416238149221,-0.556910850252703,0.0874924612114969,0.0466938359800067,-9.18659550419612e-05,0.00887411944675488,-0.00483906964791913,-0.0313416613799369,0.00665874139507521,0.00311010390164769,-0.00863777850758426,0.000684768623759705,0.0206438532319572,0.0057627280946774
-10.2979146225434,-4.18892104453087,0.19398306660131,-0.0673931095413996,0.0586202974260572,-0.00182620334658553,0.00429277237040417,-0.00116196346458706,-0.0338349151308863,0.0054234867665036,0.00416130891483572,-0.013099887827345,-0.0059809626827764,0.0275218593755632,0.00487097612633048
-4.63968077090327,3.40521502591237,-0.101270697028176,-0.0611184118370722,0.0164060807623325,0.000135893827961862,0.00229856859851113,-0.000393121152485361,-0.00635358900409908,0.0030716909172648,0.00199364308023562,-0.00437054680975294,-0.00084551812831227,0.00990869812937869,0.00270238781225381
-2.73646148660757,0.285565995246634,0.117320011605836,-0.0387145334768922,0.00667259629412055,0.000514254522997148,0.00220560883733522,0.00142472145315671,-0.00767310659576662,0.0022315206884219,0.000990299827634238,-0.00437720118698096,-0.000239101863968241,0.0102333791690825,0.00234881610849512
-4.88217325234998,0.873468756079765,0.125206806040526,-0.09513513114124,0.0116770656270826,0.00032242458033958,0.00343808935257127,-0.0038212018206967,-0.00370705142661075,0.00288340488091996,0.000564702483533295,-0.000563091320631427,-0.00039628330625142,0.00631719071962424,0.000585280883881253
-3.75989316722263,4.8978546755049,-0.168969431700308,-0.0864924671787314,0.000481330403014293,-5.08320450408763e-05,-0.00159344712783438,-0.00370991032810124,-0.00172180915801464,0.00186251670275486,0.000804679411982152,0.00046289231258806,0.000539332218280725,0.000798139903409876,-0.000222703208341518
-4.27329102102697,-0.26330593600659,0.298415889154747,-0.0556879437375389,0.0241055662709166,0.000833541713918071,0.000622179190619385,-0.000196361209845988,0.001700142323242,-0.00158774133551809,-0.000816788335812245,-2.32390288280192e-06,-0.00105849825394657,0.00136923347286765,-0.000855416814740137
-1.21157447195046,-0.75375239395875,-0.0165267473360701,-0.000194975468174194,0.0299720920312944,-9.04819232383966e-05,-4.45042267449816e-05,-0.000434010943172462,-0.000769591414805747,0.000210205346386056,-0.0007310264524086,2.57705034146891e-05,-6.50933481890063e-05,-0.000153762670463963,-0.000118152977195405
-6.22088054703517,-0.0908009754673373,0.444563822802422,-0.0659042175183202,0.0359543911700265,-0.000600991565150732,-0.00227226523590548,0.00371909077992379,0.000973150502181885,0.00136293053575882,0.00126539330308136,0.000306319610680741,0.00052314916653047,0.00107672715448954,0.00121980288405975
-5.8034239356003,2.17772698412861,0.0871714255960219,-0.0869383087719019,0.0225973357674794,-0.000563470069945153,-0.000521409584729794,-0.00511209482339805,0.000451651437065833,0.00255061967814721,0.000439613643412377,0.00024930271007711,-0.000197940017438712,0.00120500977630524,-0.00145664967234031
