-3.23646093140727,1.34477308870403,-0.343137746118599,0.0279471916584786,-0.0026159998766673,0.0343728759147229,0.0022022716750588,0.000943053353931746,-0.00248555554559061,-0.00948603454661642,-0.000569851153828792,0.00400711153619155,-0.00326053096086395,0.00136546390977804,0.00194159134480565
-1.25884614316398,-0.534771829727391,-0.00814562864108891,0.00383427899941674,-0.01156802184987,0.00465609596289207,0.00366849255196312,-0.00366132405153662,0.0173410932435067,0.00167202994352609,-0.00244116398202896,-0.000735103670965174,0.000569679838380163,-0.00082965944738399,0.00076590418863689
-4.94941938089128,-0.232432314149338,-0.0455367548711164,-0.0166872431256652,0.0197677056236836,0.0302732701564237,0.00233656259366599,0.00345303651008768,0.0101622297029841,-0.000724424105212329,0.000647053860797891,-0.0011217170282026,-0.00139531692598047,0.000825878651532486,0.00279568036068513
-5.01240257142737,1.5212767450637,-0.0206844618570066,-0.0785111466771822,-0.000377533706221171,0.0367478949260825,0.0115981983651091,-0.00553189603920598,0.0622633839004512,0.0038701675914365,-0.00677149021129803,-0.00133714357765081,0.00239902436917165,-0.00220059254392278,0.0028311698437732
-3.89633363592702,0.0213788691523461,0.0612190402594443,-0.0385920859249654,0.00427252303580113,0.0225579841591116,-6.56813458337362e-06,0.00271390701012084,0.0368607186081873,-0.000629283380123241,-0.000796978605868941,-0.00105357898117164,9.25474182395708e-06,-0.00106925442746952,-0.000902764017291188
-3.0873151179029,0.595408640814805,-0.0594674454162502,-0.0256970303653263,-0.0154766082834873,0.0225150902547427,0.00760263734572053,-0.00481718509123306,0.0391198372941238,-0.000221549673253685,-0.00422302095531387,7.85937901103254e-05,0.0011040777475048,6.10046497900334e-05,0.00110019883949758
-4.63633975558626,-1.65215787042234,0.044965116479225,0.00757214721332451,0.00778125377483107,0.0198520284383797,0.00255371453039174,0.00433320396553178,0.0217896779292879,-0.00142039748140206,-0.00382698644456277,-0.00149550150136273,-0.00127595179403771,-0.00113192378808259,0.000485902130968071
-4.51645490157481,-2.74614468718768,0.0641327255911104,0.0453837799398085,0.0167281658501058,0.0152180306717395,-0.0120593364555384,0.0124327755610693,0.038442103275075,-0.00723345903489436,0.000275998339096655,0.00137329308377767,-0.000211768756343118,-0.000783023686584701,-0.00556900621011912
-2.57164502854726,-0.747142808375408,-0.0413368112333316,0.0161181992690959,-0.00337046233941655,0.0131277144408739,0.0037366237963662,-0.00144772913652916,0.0187285951217752,-0.00222615576432716,-0.00278692053772923,0.000746945306752111,0.000175831239847444,0.000877679398844393,-0.000290213946234152
-4.62413308266126,-0.630704886412925,0.00573878816282656,-0.00789809231157177,0.0230906010008974,0.0261642318032733,-0.000770315952365813,-0.00163035777659051,0.015669674913024,-0.00528887568469348,-0.00126526501011112,0.000356663746121204,-0.000461027230456397,0.00024425974457163,-0.00478864401121306
-3.82499920963451,-2.09837821015465,-0.0345529947181088,0.0530785154276199,0.00713628072075269,0.0161174476721338,-0.00697529936377712,0.00920795261362287,-0.00105065796461903,-0.00558613089803837,0.00464986643050131,0.000445982388288213,-0.00235184711484616,0.000429894017162795,-0.00398476442020986
-7.27176764720114,-4.32451775954538,0.00634592412230383,0.0764398050342831,0.0406957648646751,0.0258007444073907,-0.00347098214929155,0.00262247208043649,0.0230404058927081,-0.00487101659346079,-0.0054140013076078,0.00228114100013679,0.00336283483052032,0.00297507066431841,-0.0033891740485926
-5.86443258423649,2.80981736493772,-0.181867481850366,-0.0807671305113239,-0.0252617272199086,0.0519660525614349,0.0138527309899363,-0.00698661989957475,0.0137329289851568,0.00351001053152197,0.000569794153661642,0.00313563629628319,0.000293525984213393,-0.000626166756653034,-0.00215083879550361
-3.79363387951253,-0.382608957912803,-0.114806844885066,0.00524975695622831,0.013944495157831,0.0240411411487875,-0.00184426712791796,-0.000829780431556568,0.0174970689982168,-0.00114580123144937,-0.00222875229148366,-0.000534564312633571,0.00197126012612559,-4.17575175656618e-06,0.00318113489933589
-5.10885777418218,0.457192943167665,-0.0998991012445137,-0.0198288047209972,0.0139086360002076,0.035454816231038,0.00442996586793056,-0.00416896296437781,-0.0041306142162691,-0.00203001856793416,-0.000470022602793364,0.00130312358501287,-0.00320194477271894,0.0013323182146859,-0.000366509825806791
-6.63893915601838,-1.52511363962763,0.128587642559775,-0.0309915381103194,0.00978457443404502,0.0304414622774633,-0.00109576011116805,-0.00192523805381398,0.0236027792567901,-0.00204909952340421,0.00843359940077743,-0.00125543949231966,0.000366473642190538,0.000262959350963406,-0.000275257239360733
-3.69679324509322,-0.481621877810828,0.0180201151581918,-0.0231787931086406,0.0131690121471707,0.018930994822837,0.00630145163009855,7.67289373837732e-06,0.030119603793675,0.00340157901893789,-0.00146207527560161,-0.00228938927495213,0.00120340149267393,-0.001671072712506,0.00232159877213304
-2.0398224039883,-0.320940781653151,-0.0099160645492157,-0.0162397939274856,0.00642174993666357,0.0103470934645294,0.00953481500118752,-0.00825063536283805,-0.00146864510137695,0.00391147120043493,-0.00369250853637003,-0.00226299537389913,0.00182178958506111,-0.0017908931372682,0.0024059463990279
-4.28704879985384,-2.08017084101082,0.15392429486917,-0.00317028491855496,0.0164597630563113,0.0137611181657317,-0.00586208654301282,0.00274901566804832,-0.00631538284882819,-0.00166302313387814,-0.00188705984828559,0.000167952477382805,9.95064631180065e-05,0.000906664599678291,-0.00211448155994304
-3.96708302002248,-0.249558884004774,0.0144763701444911,-0.0272008751590783,0.0175492873030555,0.0235619324855429,0.00750205680149009,2.21695190864042e-05,-0.00164072107816107,0.00265365982413699,-0.00353476218487418,-0.00139210056433762,0.00115736239842918,-0.00116515499013859,0.00123964291055261
-4.69132288508914,-0.511223462154519,-0.186064946990235,0.0275916114957304,0.00518793517883327,0.03107987317373,0.00355374111025453,0.00242717683103028,-0.00836705714489839,-0.00426620444889657,-0.00151196379458693,0.000514762898979769,-0.000447187938441346,0.000777325086925366,0.000188921921242223
-2.43438986134342,0.0241268286934308,-0.0787941808168686,0.00554624402335843,-0.0152935757446691,0.0173434897028099,0.00245229226125876,-0.00131548901477504,-0.00410837354089898,-0.00188055139458478,-0.00242021214890896,0.00140537880210256,-0.000816450640511986,0.000125102842457163,-0.00154146375542317
-5.60907890314472,-1.50810619071354,0.0879841241382997,-0.00353527054054212,-0.0129079618112056,0.0268093227357774,-0.0138053194879138,0.00996999469785139,-0.00445904053553855,-0.00597130067934407,0.000363502809110104,0.000849355856978348,-0.00222303911899239,0.00143538389191518,-0.00426158789029242
-3.09044548513124,-0.687241092721364,0.108989645474414,-0.0174093288461483,0.0036850705803651,0.0138094982687711,-0.00120978747113785,0.00373382236732401,0.00127219715901271,-0.00259535197569566,0.00234391447062296,3.0467212261015e-05,-0.000167771348614674,0.00100024651445487,-0.00192703887418629
-4.16863368690296,-3.63510379235541,0.140652402070451,0.0481334136181119,0.0208680755989339,0.00655114521039785,-0.00643335035546011,0.00789493559566449,-0.0120997245507387,-0.00251922735909504,-0.00163486570316949,-0.00014841287534889,-0.000790947288959371,0.00227804242193314,-0.00330691204200091
-3.75768293781502,-2.72830841758951,0.0923182028813242,0.0396681997166934,0.0230279251580641,0.0105820486493914,-0.00780327561875063,0.00652678454324367,-0.00583595251822304,-0.00586711413980234,0.000481990582987089,0.00185895187502095,-0.000447458567359265,-0.000666828034641721,-0.00397115696029055
-2.86523809042773,0.844290451225993,-0.0157846876844658,-0.0400566708932077,0.00233427251499105,0.0219053763610363,-0.00204508617481896,0.00494241597442502,-0.00265074436876865,-0.00245642508576306,0.00327271900921222,-0.00031735201206711,-0.000273218805149073,0.000684846202672024,0.00170590143524542
-1.9309863314228,-0.05341429782839,-0.121557734844857,0.0169708820603259,-0.0236164911971721,0.0152493657866697,-0.00241304569058736,0.00360788621306653,-0.00507306678149873,-0.00410726298497731,-0.00284594735179908,0.00119116546430469,0.000169784826753198,-0.0005800387774471,0.00338249529751185
-4.48665989431222,-0.149884257318143,-0.128952113396574,0.0128531722772768,0.0219784322564919,0.03154596925154,-0.00951609240175566,0.00475036005481567,-0.00826862638502869,-0.0113637343436085,-0.00287968744715344,0.00263625094006482,0.000542378519317034,0.00210127121592496,-0.00172466767817472
-3.68951994071622,-1.55913554270246,-0.0346669023492872,0.0163317723482154,-0.0129181902397663,0.0155486900723265,0.00411121949349882,-0.00313217107685164,-0.00191816625247072,0.00315639460410434,-0.0058569917272889,-0.00124936271607135,0.0015566159845451,-0.000883653916935772,0.00379147642165062
-4.41632854362555,0.921559306597766,-0.223887721361566,-0.00208805877984842,0.010045790757386,0.0375856980060594,0.00321593630149338,0.00575586194441207,-0.00562894767766002,-0.0064645247234005,-0.000467393215926351,0.0022878142414809,0.00146000177578516,-0.000302075905915992,0.00542315258124657
-4.21736539874531,-4.16091258375536,0.164448698835234,0.057165236228679,0.0296041121552184,0.00467063141666418,-0.0102304081374059,0.00872862275538254,-0.0114550314568863,-0.00618420857711441,-0.00161309554694149,-0.000653780913940991,0.00061543863831182,-0.000449504852880916,-0.00156305773669624
-2.14324631358189,-0.725024868319544,-0.0130954726137688,-0.005838440795293,0.00639715466119922,0.00882100320745831,0.0104868815182776,-0.00910763105994075,0.000976725907636473,0.00530330903204406,-0.000174308728431695,-0.00236439008677793,0.00199137986961367,-0.00097560303769526,0.00373602540992166
-2.01637801972091,0.807753979814643,0.106973896192725,-0.0542456999485753,0.000461443859899059,0.0148341890508445,-0.0086330087365015,0.00941150326457605,-9.13497506956872e-05,0.000492924058802528,0.000748380332585955,-0.000443212787078384,0.000673405430279961,-8.22738644165182e-05,0.00183313485834371
-4.48195488173789,-1.01341942186103,0.0768748917666739,-0.0265890409231917,-0.0109412734813285,0.0212624133992379,-0.00206307771166598,-0.000236574351025965,-0.00140459542295542,0.00254716999237035,-0.00181340610645793,-0.00135573028105726,0.0021385281001928,-0.000962137751184403,0.00117340838018092
-4.37344340847941,-1.75914095685097,0.00816779407750163,0.0115787099086469,-0.00181279380345007,0.0186507411840221,-0.00338711514336458,0.00111118897285744,-0.0061287819685637,0.00153784237837656,-0.00327355645782989,-0.000704521092513256,0.00217612704716319,-0.000104655375432099,0.00420007892025298
-4.77017980114019,-2.68785495399321,0.144645128822734,0.0138410954303625,0.0175398825329328,0.0148577753993828,-0.0111092619284565,0.0490074212029009,-0.00412470081092486,-0.00665994428129015,-0.00886232595320667,-0.00167991876134533,-0.00102513437860978,0.00224977001112835,-0.00638521454105922
-6.30786586551111,-2.96136213246047,0.106976569680867,0.0333158773243949,0.0312580132749613,0.0263642959874303,-0.015791292498895,0.0388527575275397,-0.0117371330729952,-0.00905642542134619,-0.00366621640126919,0.000742222282466482,0.000424712676327741,-0.000869860216506318,0.00178069334240697
-6.96985720860724,1.53270079024993,0.116597695512714,-0.106826936761413,0.0180639935657723,0.0482416076997342,-0.0141528946224175,0.0370538176943852,-0.00287386568623742,-0.00845584147630275,-0.0012654956525744,0.000537993627057969,-0.00153956606493466,0.00548313138134108,-0.00581431775952651
-3.30011819307092,-0.40073470229005,-0.00121401220621417,-0.0157606987282035,0.00952579854150016,0.0183199916732531,-0.00417061900398899,0.0125934981368458,-0.00509406429462839,0.00171985714594872,0.000507231737057049,-0.00012234661282786,0.000646607425399008,-8.46268319512453e-05,0.00162294026493244
-4.40610252139169,0.0373976135691192,-0.0207789774745741,-0.0416978087031996,-0.0170823128727824,0.0259647640643338,0.0139354186386626,0.0266249024449952,-0.00703010574559469,-0.000707154755506888,-0.0100979325681066,-0.0015689887572127,0.00113835884737715,0.000969121028394804,0.000537739009237363
-6.71621330101895,-1.88922087947535,-0.121160330413384,0.030189593812254,0.0215466876942046,0.0352582210642748,0.00072040958409814,0.0360786326630567,-0.0107135610723845,-0.00982859287349709,-0.00811637707066055,-0.000963929327078553,0.000213233101707229,0.000785015484504195,-0.00247003660298356
-4.38878734576844,-0.52525269925816,0.0413544069356313,-0.0253456984623342,-0.00262551290126416,0.0231053277509072,0.00539815868261446,0.025036743164866,-0.00397955351364289,-0.00195757700076224,-0.00274014410397742,0.000358044171540245,0.000260628314451718,0.000977908874446306,-0.00162140653788106
-4.02468505178064,1.9770269085749,-0.00731281455119123,-0.0788076506454959,-0.0115634068495544,0.0343181916670483,0.00552342382554918,0.0160177564185106,0.00595690880413997,-0.00548192309228736,-0.00115739781162273,0.00035362182054363,-0.000704258184364086,0.00239505597132827,-0.000901411668693798
-6.54230278250821,1.71320878414839,0.0763138780620994,-0.117057036114701,0.022417614025567,0.0460629013381786,0.00669375520039329,0.00629068498008602,0.00648388778492051,-0.000361827439480464,-0.000661518099729038,0.000332303648574514,0.00165974717767904,-0.00335714990158719,0.00162953700497073
-4.15456312840474,0.580940015068066,0.00263073837191877,-0.0603006464153479,0.00851574578152703,0.0268195960387629,0.0141994639384774,0.031031059153609,-0.00630068854183615,0.0010857092072696,-0.00363601155260117,-0.000736486240083568,0.00147574547571064,-0.000335208203922956,-0.00235166754468738
-2.60986109406681,1.02887704858153,-0.0512347033827387,-0.0289372930498405,0.00343215253695091,0.0228384816325885,0.00306141714268231,0.00163828696482133,0.000504122015715592,-0.00623811872313159,-0.000295766567701472,0.00118678390299124,-0.000941080135485247,0.000560549947787538,-0.00145052013295553
-6.77912916372921,0.218792873100461,-0.258696770861882,0.0258810582481697,0.0205198577175829,0.0502078296830577,-0.00440615583222577,0.0010164311509901,-0.00821608872823582,-0.0120568535447512,-0.00900896301401788,0.00671398422318708,-0.00084636843085884,0.00291605981552857,-0.00554774031225241
-7.96119711042922,0.90571102265696,0.174766501130813,-0.1058136750279,0.0153058884512568,0.0501076425379768,0.00223496648865834,0.00761623974095181,-0.0081764315048377,-0.00772748023229908,-0.00449963198739065,0.00274482575636721,-0.0027346041214104,-0.00142773294647669,-0.00329800113941114
-4.98648352698296,-3.38685047827048,0.0473136881404195,0.0424260513030905,0.0296009512699352,0.0135940368265675,0.0030051458344205,0.00316677633125519,-0.0053049583111957,-0.000473352813944538,-0.0067858181398644,-0.00120396168966319,1.95854784939903e-05,0.000501356627415866,0.00198949689936614
-3.27707668927243,1.18191091327676,0.00793561796545613,-0.0667814593200586,0.00942978406107816,0.0243665897629839,0.00757772206924347,-0.0025019048052626,0.000781876412625392,0.00471392212398274,1.7407287041677e-06,-0.00162145976491891,0.00146167297111562,-0.000505163410291571,0.00117623175749139
-3.82242207994424,-0.802835919576653,-0.00974057073710835,0.00591453425293318,-0.0085976955591032,0.0209668566893536,-0.0034406575671581,0.0041158420178071,-0.00706048951202138,-0.00306343147846403,0.0019725603396299,0.0012431727100206,-0.00108021107772166,-0.000242996007361617,0.000751265085185214
-2.48401634289047,1.17389515840934,-0.22437389343505,0.00530077301904424,0.0101246230804731,0.0265624116959383,-0.000452262213011538,0.00394000054432967,0.00263020617880378,-0.00494842655927313,-0.000283541447293788,0.00208319249290655,-0.00177955727549523,-0.00198611843322615,8.49458306057529e-05
-1.85930457206632,0.707965588162069,-0.108765700569117,-0.00783097368467509,-0.018442479983717,0.0171166082340983,0.00684856981674788,-0.00246173611321843,0.00269099887476702,-0.00250532235774771,0.000379525491583374,0.000541625651321337,-0.000251101802149128,-0.000763464498335291,0.000435410137803848
-4.61295177908949,-0.0694987751028619,-0.0907279619351983,0.00126656953836438,0.00276016827272709,0.0313774306106892,-0.00107438473663542,0.00421060247544865,-0.00989245277580462,-0.0075330338867132,0.00363284204212123,0.00101998252816615,-0.0011058537111708,0.00120670966742514,-0.00162674894348214
-6.0047305855345,-1.27737301615353,0.11310337287802,-0.0441988600059949,0.0220982866648533,0.0271571823107381,0.00578277217657976,-0.00650183970957185,-0.00415399699783221,0.00359100344750943,-0.00340317809374298,-0.00276096820677217,0.00115708874109114,-0.00302838579598157,0.00273704850130239
-4.94049180810351,1.31191253039643,-0.0650591110817225,-0.0648643153867069,0.0164423876245453,0.0371180962753492,0.0135963929413787,-0.00660054506473297,0.00340992425304944,0.00168759983226083,0.00443138314651439,-0.000820596039098062,0.000134848621436302,-0.00124627131317235,0.00087873074032863
-5.20139732726947,-0.150276547358449,-0.0809691618956525,-0.00619126495684105,-0.0114151351392608,0.0338908005000147,-0.000605738007094457,-0.000744248099797268,-0.00739532318380591,-0.00164278126201728,-0.000461541591274955,0.00162046869756131,0.000245186778900737,0.00462306597489775,-0.0021594785437766
-2.65554563807752,-1.8186223579869,0.073783531097598,0.0224622174633217,0.0130944101280326,0.00762032383170146,-0.00651514869543166,0.00685292587158291,-0.00463055808931592,-0.00262413034840374,-0.00345560297495038,-0.000355745713057822,-0.000294029233353515,-0.000462972942468963,-0.00229819708941734
-1.23377857383631,0.215347947445478,-0.103368365225478,0.00897634541191355,-0.00474692926607124,0.0109686525794416,0.00354664095548928,-0.00132918097831494,-0.00295186550164269,-0.00173750968009416,-0.00158905903943399,0.00101536222542648,-0.000406307623856945,-0.000453008851456634,0.00134802538237684
-4.38897956992963,0.708262296800343,-0.0384093558634729,-0.0307531095912798,0.00302745605341848,0.0320496740258217,-0.00413167636511982,0.00957205549344296,0.00219885885555458,-0.00868059117294815,-0.00114267028975796,0.00078344847045469,-0.00138323292446244,-0.000664864131018993,-0.00302334392152407
-2.59959473157687,-0.872814387212776,-0.0108416004540731,0.000876686885777556,0.00345569907174713,0.0117361870031788,0.00794863786549629,-0.00906134755246719,-0.00790255520112075,0.00150544943498792,-0.00184351807458308,-0.00335100525163841,0.00249993748321765,0.000566421293302782,0.000387868309018666
-4.58915901666102,1.53173680347367,-0.0522028532622984,-0.0704206639139295,0.00543902144328419,0.0371181735637652,0.0140280555741663,-0.00839608677030604,0.00186476097579833,0.00424610485942362,-0.00084485630301747,-0.00437342348942831,0.00327466964936282,0.00301185062683795,-0.00206587363562348
-4.31594085223207,-1.03862694697549,-0.122296403617649,0.0166295283551298,-0.00590060265146761,0.0244001788517621,0.0114677472708375,-0.0114118810921682,-0.00907789486464242,0.00236271832612565,0.000717726073599412,-0.00201126338595284,0.00227543245190573,4.7912929842224e-05,-0.00179357190864311
-6.33956435868743,-0.792481462525094,0.173527688997172,-0.0652870681636719,0.024605981295198,0.033269502099,0.00870058939237468,-0.00359820890579244,-0.00241620921583369,0.00148568728570761,-0.00893092910387438,-0.00539859165006502,0.00454679140410903,0.00537598546991738,-0.00323471484327564
-4.63722160852743,0.340326372521165,0.0938519972014709,-0.0710172498496803,0.000158702770573779,0.027130692902821,0.0145424592729654,-0.00821575073649344,-0.000393177803444697,0.00377231393055024,0.00363436179011971,-0.0049916263482403,0.00396053827578964,0.00488192942114009,-0.00337986213705558
-3.82870751637924,-0.230214440498904,-0.12383016263505,-0.0131684679307023,0.019320328950431,0.0237240530040893,0.0213330487716946,-0.0177553306882774,-0.00257319785024189,0.00549401471793606,-0.00550095276558283,-0.00428531451400987,0.00303622615323071,0.000549637149714215,0.00486663023454287
-4.33632015379563,0.536432254107871,0.0711684453537365,-0.0495396688434386,-0.000179103119037586,0.0301388748284722,-0.00198691687499372,-0.00191308388132228,0.00328879345362201,-0.00802330677717007,-0.00487099566890606,-0.00298660761000426,0.000844608007927262,0.00311155038029483,-0.00492737002056262
-4.97231683420233,-0.336564320209771,-0.134233866478422,-0.00732463188915567,0.0152468530182571,0.0310493280162873,0.00910211373480193,-0.0127919350672659,-0.00705083515824983,0.00288013632357349,-0.00655495119503731,-0.00267631874749735,0.000738392147269085,0.000180109121036387,0.0043972115190453
-6.31028296404404,1.05590596955814,-0.0152865909721493,-0.0886844651359872,0.00784794085732578,0.0434438782839431,0.022712274164579,-0.0192745185280734,-0.00643008883630446,0.00170951154592423,-0.0041056539433621,-0.00636410943990156,0.00818060245408603,0.00285029854940672,0.00127875826329926
-5.34875179179049,1.43486879292921,-0.0585118456772772,-0.0611029055735294,-0.0110694814473953,0.0428206698793396,0.00865145768099623,-0.00744088849547461,0.00172941438424196,-0.0027333286204548,0.000302745537846701,-0.00284004878680252,0.00446034662484599,0.00316479619478265,-0.00681112755464993
-2.68397383725649,0.449297883458805,-0.0286576905703206,-0.0268935365178679,-0.0203807477546428,0.0190570109839,0.00670493205310319,-0.00295183828319597,-0.00132854938547672,-0.00107513254538357,-0.00331048839191123,0.000208166958049292,-0.00015494135133049,-0.000996621844963207,0.00172800991281047
-4.58661360236917,-1.56552374659383,-0.019541203514616,0.0160359055100808,0.00582852170607799,0.0221693585038856,-0.00103948526313749,0.00129551706585989,-0.00108839213172523,-0.00259624198126588,-0.00808289866561499,0.00260447728475827,0.00189300721883974,-0.000995463154508616,-0.00242575798587921
-3.85878594545196,-1.27202354297567,-0.025639174430092,0.0191482729612639,0.0223429135511192,0.0186506986724077,-0.000801935222704232,0.00234605521050742,-0.00513701300129274,2.76689028143606e-05,0.00137373410956877,0.00120722152374928,3.38468961020019e-05,-0.000362962193605944,0.000404911506881862
-6.50012999780695,0.491972551238347,-0.0293916937996274,-0.0705685356565253,0.0172424657793018,0.0413015454067279,0.0141260081462243,-0.0121655886427136,0.00141060541203577,0.00375499623468707,-0.00195114672094073,-0.00252649729067339,0.00265180268091746,-0.00270077774711091,0.00468968228035596
-5.12512282554416,-1.531112691957,-0.101090829620411,-0.00247016271475336,0.0276468878505687,0.0232667699987176,0.0232363480361327,-0.0174443930563157,-0.00255036418502095,0.0116928504134755,-0.0105674431526784,-0.00424704597295057,0.00506210686163556,-0.0035208904950958,0.00867019791297995
-5.33708389876019,1.13743792230462,0.0654601589872465,-0.098911890660307,-0.00353921047918218,0.034967485999228,0.0219058873777669,-0.0101956942887949,0.0012902252294475,0.00581849117496157,-0.00377674136985541,-0.00402712177158033,0.00256119311074991,-0.00148851374972512,0.00443259312861786
-5.74214565348734,-2.09956733319925,-0.0869441137482639,0.0318249278606925,0.0349346727378804,0.0272953390911698,0.00589273175443557,-0.0029192630507045,-0.00866810274157196,-0.00253428468425197,-0.00222165116967582,-0.00145331013032455,0.00100299327900833,-0.000775770218831096,0.00221329288308359
-3.68274471722209,-0.974531169569858,-0.134107833085733,0.0355329263388237,0.015890101196607,0.0219580676845085,0.0056950574650576,0.00153470439940051,-0.00757507777688374,-0.00373091819782478,-0.00662513909921106,0.00128483911385031,-0.000266955689405854,0.000420959290684878,-0.000503183919317701
-6.23886076674388,0.736307039406368,-0.342826534079614,0.0101570532372419,-0.0046859131718386,0.0491869499419815,0.00879981021120478,-0.00535742506775459,-0.00869297964482081,-0.00325336012310016,-0.00993900139176739,0.00344501395534383,0.000654883035637921,-0.00541581668688279,0.00687182429036358
-2.87715904721805,-1.76265882558741,0.0439071941541187,0.0183260719425728,0.0124212588687309,0.00892534057417862,-0.000685662334648407,0.000776336169590298,-0.00362177228449606,-0.000199512800000728,-0.00188444375050801,-0.00155395385270783,0.00123229505738211,0.00017312456254457,-0.000950464192899899
-4.9999915072316,-1.79525386439062,0.00808223204521385,0.0141143495438092,0.0284053984272242,0.0223114834203506,-0.000731311456427375,-0.00162733137325653,-0.0127413728832293,-0.00449403965946603,-0.00542796852804187,0.000843358324129847,0.000173158663022456,0.000955841666987467,-0.00115244034341234
-8.0366774825744,-3.71650083684854,0.0900651856683476,0.0339164040759206,0.0394922750797318,0.0322182714618195,-0.0145596526798627,0.0103045449357787,-0.00341635502989641,-0.00147613703767735,-0.00892292525594325,0.00266106137366632,0.000716334685204849,-3.68103816866868e-05,-0.00231549623202334
-1.38748144707266,-0.171201502358154,0.0310269613510161,-0.00926089838842929,-0.0174613837099111,0.00739508322749069,-0.00286933827061948,0.00149955855690908,-0.000386801605555692,0.000294426489966231,-8.03716087881844e-05,0.000109417963527077,-0.000675929259731675,-0.000562134791046765,-0.00110420657620319
-3.79240292539272,-0.817457471332877,-0.102648045476436,0.03064399586129,0.0122426888287984,0.0231967729253654,-0.00336271152476635,0.00484960130336141,-0.00730345152759645,-0.00634384935805336,-0.00178570802643098,0.00176835149020877,-0.00116973238600496,-0.000111902930831717,-0.00145655319834261
-2.99091159516057,0.137046746109747,0.026635260196187,-0.0329668900364719,-0.0122705302146593,0.0181458026222102,0.00909380779098998,-0.00231138459480407,-0.000388125491678962,-0.00189719987937989,-0.00190808055995139,-0.000431205806812551,0.00101427793722703,-0.00088163113468253,0.0014810884063906
-4.44378577346492,1.6219841905694,-0.16098881869131,-0.0460854195092118,0.00519964202002206,0.0376361558203568,0.00911654203707757,-0.0065256166013479,0.00127810078939688,0.00106077224309624,-0.00245984409847404,0.000622146739312614,-0.000412885197004447,-0.00142991992030761,-0.000365122673297044
-5.23434781106421,0.45269519527843,-0.132754933268828,-0.0175232666825485,0.00515612425207192,0.0373250556448346,0.0041223839528803,-0.000782124777417925,-0.00523488911561134,-0.00497508566050436,-0.000870787341229661,0.00146848078297839,-0.00035321444785109,-0.00169441746804061,-0.000720187819559512
-4.69542271224387,0.758189575859132,0.217890660809673,-0.0961607058928463,-0.00655231737183528,0.0285546982391382,-0.00530032417987604,0.00659421341718828,0.0079581653959279,-0.00207864841865822,-0.00124080514082358,-0.00107249910768981,0.000375005168762515,-0.000366201993139161,-0.00433492634992831
-5.37892831888381,1.33784887193882,-0.313381341544329,-0.0138521082881404,0.00577732662823478,0.0447743859532919,0.0124084747018588,-0.00834015545315822,-0.00323491713549538,0.00478602351520114,-0.00874714344865311,0.000809289645692346,0.000273755469967747,0.00130167499634831,0.00716338311981272
-3.9744071113572,-0.439351320874955,0.0174498006760684,-0.0322939375254687,-0.000931333541209333,0.0206339813955057,0.00429427217430043,-0.00859410996286705,-0.00222365322525143,0.00445486703855278,-0.00099019463192055,-0.00184009188482042,0.00121453690713566,-0.00154815717367533,0.00366421343849989
-4.29155308905461,-2.04171849486163,0.0483366618787129,0.00982302801545688,0.0242550953984013,0.0151216972405732,0.0065143980394204,-0.00410304451159991,-0.0062120014863232,-0.000463515182022584,-0.00903981305593684,-0.000390008875762876,0.000974375988742121,-0.0013027071018942,-0.00142100369573978
-5.22441903667395,-0.499999182822974,-0.0873397349996485,-0.00485948753906159,-0.000343749781037976,0.031871007504166,-0.00268672281431514,-0.0037422456542857,-0.00250313389300118,0.000654005111370901,0.000295543320400179,0.0024028347444752,0.00101923019666589,-0.00222546071684474,-0.00173419774365101
-5.36091575750668,-1.99804875398556,0.0771445714218278,0.00360965081035886,-0.00658571130494596,0.0222259620608562,0.0027230286100499,0.00245366143793457,-0.0108413350823074,-0.0017416766903537,-0.00550161817951491,0.000126276146982218,0.000131507140652518,0.000639286608728994,0.000265238646764081
-5.30263926498685,-0.847535615689766,0.0568686845495084,-0.0306566759267163,0.00895305381147154,0.0272564102201304,0.00704670353114358,-0.00020131406380054,-0.00565708467716708,0.00523057850626217,-0.00512116384929253,4.32775160877163e-05,0.00470117559449109,-0.000154314558829526,0.00121087918109154
-3.65308363982363,-1.09566830255722,-0.103596743108241,0.0367479243851382,0.00962016656640447,0.0206132140790572,-0.00518878215027594,0.00111213408557315,-0.00288978462456957,-0.00618549248039296,0.00351320220690868,0.000104017891836506,-0.00141139840005818,0.00257057118493861,-0.000851755026153567
-3.83148938319861,-0.167400585714134,0.0790305527068149,-0.0427426233966003,-0.0178639901980976,0.0206884115432018,0.00258232141974932,0.000754870109204867,0.0046779585879339,0.00144129241167076,-0.000602953714422324,-0.0027776758795462,0.000792495631604412,-0.000805785738877414,0.000108441068006544
-8.1918795919676,-1.21872905815238,0.174199707562461,-0.073613189023492,0.0343510597424773,0.0405070968508382,0.00604638607183004,-0.00154150357697372,-0.00893257658872561,3.18377367048702e-06,0.00267375549057555,-0.00324245900422299,0.00362100396527373,-0.00724744258243658,0.00138809525230555
-2.27141569348974,0.301103532634086,0.0425601528692555,-0.0277763078588916,0.00322793555826976,0.0151523256100796,-0.00319285218820557,0.0010833906152537,-0.000315778322070394,-0.000871293436819007,-2.38847002924379e-05,0.000650379985252241,-0.00047539379496769,0.000791723867998183,-0.000888801828724778
-1.26081191263595,-0.0892832446335447,0.0470230106656043,-0.013568244967827,0.00183932327942968,0.00631426501067655,-0.00183184561781136,0.00190010700308039,0.000886064147625862,-0.00156053327019994,0.00219418503883356,0.000160757562942264,-0.000142421247375968,-2.78803022470126e-06,-0.00112944238636912
-2.84158253602856,-1.02410040521671,-0.0427190128862265,0.0180238496995062,0.00476637350377368,0.0140025856062297,0.00525127145830692,7.29954866491133e-05,-0.00420295080326187,0.00318199675690416,-0.0017028733802615,-0.000334601103364179,0.000765476891203999,-0.000290585470934557,0.000509146276964187
-4.95589121425851,-1.67320780893004,-0.0810124265804448,0.0285340598886006,0.00235315179749693,0.0249118408384388,-0.00101463004725418,-0.000543141344100883,-0.00297855018085429,-0.00572157207143184,-0.0095005700278937,0.00128843067145514,0.000229918666873756,-0.000825055814931964,0.000535890113428014
-4.35939010992361,-1.43977489579155,-0.0153356275121492,-0.00254828411776504,-0.039612270838135,0.0264996049087709,-0.00873672261847934,0.00245389827917468,0.0260340200086136,-0.0202177541223386,0.00876727810278477,0.0025687386878576,-0.00829535296660715,0.0083909506042868,-0.000886667593110275
-2.57228114109557,0.0367991525724319,-0.124717229888868,0.0134790520497193,0.00368486897377292,0.0195417061818859,-0.00189531050752387,-0.00085130660386471,-0.00105175530837357,-0.00422396368437375,-0.000431777140085324,0.00177266134206975,-0.00158089387000026,-0.0001675779979791,0.000234383801586257
-7.02075472718113,0.975543089978043,-0.119350249775871,-0.0518810198775581,0.021471011054332,0.0538227068259796,-0.000341883113193504,0.00487256284101067,0.0128852377245504,-0.0173920489671395,0.00607145158016203,0.0071161203799594,-0.00795656985778851,0.00309510676773586,-0.00331077904795346
-4.97585862399957,-1.11179193686805,0.0405999006321502,-0.0232470788326116,0.0064425751679232,0.028224715587125,-0.00513463708097892,0.0029485851483021,0.0140674086500545,-0.012276902604674,0.00362268668569195,0.000154891555740127,-0.00180274555764651,0.000477678627533685,0.00160825928649431
-5.84079110352208,-3.52577816029152,0.12094360469124,0.0132966901013572,-0.0275501168195498,0.0192699597985223,-0.000711530270530478,-0.00641044610672697,-0.00789562593153178,-0.00113200242734831,-0.00375889650556355,-0.00257576026689925,-0.00142518338090932,-0.00150571405318115,0.00024123448813202
-5.22076445796801,-1.69394133516486,0.0680402370601558,-0.000241927872074278,0.0051469572335117,0.0247974149673584,-0.00875271827664264,0.00539790527853461,-0.00112674792297734,-0.00863993501966002,0.00673158959830121,-6.61359114248613e-07,-0.000395242287924016,0.00227952878076925,-0.0019449988225835
-2.42421288342457,0.174802540513037,-0.126556442890379,0.00100392647016508,-0.00965852839617722,0.020048766191952,-0.000492673857180792,-0.00246745788599535,0.00281417446707777,-0.00611115953777094,0.0017694262355364,0.000961006121950424,-0.00156960945739765,0.00206214981014689,0.00182784883384036
-5.22248573330794,-2.0352217742122,0.0163847549798435,-0.0113987011250557,-0.00813525241736902,0.0256634550151573,0.00750317089837388,-0.00769068565138141,0.0155936038652703,-0.00399645908424548,0.00803772820112695,-0.00249724045743141,-0.00278545362031822,0.000406291635892115,0.00283199155872162
-5.47639754751759,-2.11237826050465,0.0186272104160316,0.00167802893340327,0.0240286524478855,0.0236824395188672,0.013735636199208,-0.00547740034115284,0.00407672450399744,-0.000546119179628114,-0.0030742070671528,-0.00300512559467564,0.000916859761946622,-0.000738668572433245,0.00340794100850467
-4.90827139365898,-2.71491863556617,0.147788573369607,-0.000846321676696141,0.023392804429859,0.0183390065387189,-0.0107424490731563,0.00481096755340506,0.00746176699056956,-0.00450366020763117,0.0040012917347915,0.000280871627530326,-0.00240232025005669,0.00183006969582613,-0.00188414105291322
-5.2451784396784,-3.12393647695008,0.112601583780784,0.0106501173983472,0.0164601575666357,0.0168236966437219,0.00801472225564364,-0.00656023760407759,8.40354783930944e-07,-0.00168347473277817,0.000708012469247272,-0.00203397804761772,-0.00147637277776048,-0.000295871357664325,0.00024561519365155
-5.40267761501566,-0.190107912916562,0.0491756871173734,-0.0652921449063274,-0.00183618190845907,0.0380158651571944,-0.00720153666030631,0.00642238607141774,0.0238533278408148,-0.0163863244105104,0.0158340435211976,0.00132457609336206,-0.00527606395529939,0.00229606341083242,-0.000559247127850602
-5.06212846074339,0.487155131286512,-0.0674129317811179,-0.0392132173841562,0.000143871199837966,0.0382205939570771,0.00632558450282903,0.00223222795732064,0.0125542013396399,-0.0110575447114103,0.00597665993700687,0.000894135001178715,-0.00404324848055949,0.0037559621337807,0.00127098185546497
-3.90522203761506,-0.286576756604393,0.0859339891907191,-0.0385516276506002,0.00888793315395237,0.0242495654293938,-0.00607388422201371,0.00910974314512289,0.0114403156731161,-0.0110240531235057,0.00200152422723408,0.000833919626381597,-0.00337721474978535,0.00140196469283486,-0.00310935477587231
-7.02965067597275,-0.487801221038868,-0.356946833930696,0.0193035933114499,0.00938747330941505,0.0555989596619417,0.00595051876880273,-0.00515091398617057,0.0306062949329676,-0.0251800249573076,0.011868649304246,0.00677553712818477,-0.0114407294535864,0.00457834200919472,0.00321644873667434
-5.88679751105222,1.1508887450699,-0.259808167101832,-0.0433824994246631,0.00870067487079497,0.0511167804211156,0.0129687139986383,-0.00562881985383092,0.0210050797970554,-0.00989186617428355,0.00558092365066613,0.00360598659371951,-0.0043905902280925,0.00464446702739018,0.0017459260746318
-8.06179454573723,-0.752298079037405,0.181411877403312,-0.104787190210383,0.0229992134804205,0.0469398208545059,-0.0049258236276833,-0.00978990936683564,0.0262192176087141,-0.0151723213286306,0.00699432449883878,0.00394436092570165,-0.00292875695047807,0.00326209912799289,-0.00217637961143602
-4.0139762066192,-0.649509524958611,-0.00136367725177346,-0.043403616240169,-0.010797002034966,0.0270089360414345,-0.000624807522790187,-0.00135900667584442,0.025662111407173,-0.0178318440976216,0.0194416251929661,-0.000210308487278066,-0.00738892497196665,0.00604140372400632,0.00205748351620921
-4.0566203903403,-1.20401310288139,0.106117889379832,-0.0307004647947565,7.83888017888922e-05,0.0192393302957963,0.00389907186240253,0.000102635923501023,0.00939561280916331,-0.00699053391754292,0.0054998345833256,-0.00101633213481645,-0.00204595014764963,0.00164831086661352,-2.72154481680596e-05
-5.07725484278824,0.982696709534127,0.158524957040332,-0.0969340433461469,0.0109183676705375,0.0325768082329639,0.00490373305048751,0.00508127104431801,0.00311397911803483,-0.00374273848042598,0.000336569908270775,-0.000535283848147051,0.000398100937930487,-0.000247128815632172,0.00044902711249389
-3.75731194000565,0.691334692811924,-0.0747752661947085,-0.0344643813241473,0.00860865081702807,0.0270806236736204,0.00777264588022824,-0.00794326071816943,0.0008213884889568,0.000720428718831489,0.00088688300846987,-0.000933168045900757,0.0015905091666379,0.000557092177710277,0.00109666784150636
-3.64812303760683,-2.37332202520298,0.0218793957497494,0.0204165849139469,0.00665166161355556,0.00946590286080719,0.0100288171801045,-0.00952207247298241,-0.00766959012724006,0.00626183313591776,-0.00194489847275528,-0.00173623796107153,0.0012767545715513,-0.00121045031974503,0.00320763470491813
-6.38861464056594,0.311044027749331,-0.194761864527446,-0.0306423138896205,0.0291140586811412,0.0431503094312914,0.0168856396113182,-0.0169055702418814,-0.00414745493730374,0.00531617582153051,-0.00107558723956252,-0.00290972621581868,0.00356913169064506,-0.0051524447895715,0.00694724623801166
-1.98836118713923,1.03995140599323,0.0774579183073897,-0.0569565126072378,-0.00872740115454995,0.0157799111421239,-0.00183926624126758,0.0013747986937012,0.00270041476173322,-0.00159423313209686,0.0012846821397985,-0.000277023251755247,0.000218664326502299,-0.000854544068202842,-0.000453664439803065
-7.05831471867096,-1.68831136685671,0.0444405698167476,-0.0152879535263553,0.0244639331282141,0.0339745873891593,0.0109165249701898,0.000859372082312506,-0.0141472552230347,0.00156947595696305,0.00406145293397837,-0.00127138920189138,-0.000849768388893904,0.00106966496773191,0.00216182975101478
-3.96057095853218,0.277254674185882,-0.186311692173233,-0.000635706919749154,0.005333217886571,0.0289702911953407,0.0135534484096584,-0.00376613689139568,-0.00963109580175885,-0.00274352804120744,-0.00217919574121707,0.000472558488210133,0.00092491444693558,-0.00110345790842283,0.00178836670632991
-1.31043187971665,0.793055997629513,0.0602648097585287,-0.0433667770863693,-0.00441986507202935,0.0104303291339562,-0.000929351782877064,0.00153300352754126,0.00221808516403157,-0.000906433012770105,0.00217483314219825,6.04366867953751e-05,2.10421899066737e-05,0.000403096131327727,-0.00104778322027774
-2.45963182173849,0.340202485721684,0.120482051721763,-0.0478433457692277,0.00509810931435397,0.0147884309054845,-0.00321530548390429,0.00350211912819896,0.00135855664054832,-0.00101595709865633,-8.82213529659092e-07,-0.000670614468794206,-0.000888544707171141,0.00046802102482581,-0.00192724058449758
-3.9385842711266,-2.37370620731938,0.0895947969747825,0.013008621530861,0.0191659997987583,0.0114959297211543,0.00302733874078349,-0.0013075024054188,-0.00674594260153679,-6.03593816150983e-05,0.0043460080865095,-0.00182977009307227,0.00196945307809443,-0.00136479197470691,0.00142647546746037
-4.59274226435329,1.03187839109827,0.0346669351118904,-0.0789828512817379,0.0136530193353851,0.0309898105427679,0.0116035837127849,-0.00917511818472699,-0.000491610552343457,0.00399316834786507,-0.000829326753461292,-0.00127850913011385,-4.70305860928504e-05,-0.00184693684734065,0.000309992907534182
-4.55574987971568,-1.70541356481181,-0.00533336671804172,0.0306938008851045,0.0153148839555968,0.0211514268434096,-0.0079029865429805,0.00476638550672391,-0.0105774819579623,-0.00949919284790192,-0.000810164270131226,0.000795163901674502,-0.00534454635443376,5.13789287047938e-05,-0.00463545892990146
-4.09642179418819,-2.14415049659764,0.0683902978302466,0.0218028921832368,0.0213673131399918,0.0136202815454891,-0.00447055759076257,-0.000785784793677202,-0.00467039470770129,-0.00547374034749993,-0.00296786763411919,-0.000580373878541784,-0.00428070160768139,0.00128660411871593,-0.00452233135932057
-4.94612128917903,-0.511448829463546,0.166393330333248,-0.0571659571670477,0.00720381966422538,0.023844875534307,-0.00477894145219411,-0.00437169275278267,-0.0022726242573692,-0.00217910344505414,0.00338346924277281,-0.00241179336631865,-0.00343752838353728,-0.00341322041916533,-0.00417698918714727
-3.85524993467413,-0.502096957058393,0.0900739203571692,-0.031082862237793,-0.0229220661619901,0.0178837383995902,0.00619107906646443,-0.0079931923298015,-0.00554088704895735,-0.00405745809869582,-0.00536193995030083,-0.00190732790547366,-0.00627045024503424,-0.000243917906388139,-0.00475257274697108
-3.98808258319465,-1.06462245813512,-0.0232111110891766,0.0105368272070435,0.00695338882040149,0.0192650739984542,0.00280201407688515,-0.00715682297073543,-0.00708109402537471,-0.00481932691281131,0.0024609817989539,-0.000657653898254432,-0.00474327202211632,-0.000971663591372959,-0.00362585533778386
-3.44761077586687,0.265984767782053,0.019982776306372,-0.0320794955539046,0.0128911967628612,0.0219859646580482,0.00568655254123063,-0.00282293160480193,-0.00397876257440403,-0.00344127682940712,-0.00380136665579653,-0.000410462513512733,-0.00217366191038015,0.000521779884937026,-0.00227785068117737
-7.73067327567275,1.70160410797989,-0.198197868692275,-0.0496177166549806,0.0292930517698933,0.0589073823924881,0.0186594744457393,-0.0086172321209167,-0.0156056555165989,-0.0160012661351933,-0.000694810235114387,-0.00111278504893987,-0.00815209899965572,0.00269402004062259,0.00175905214369648
-5.28427837178366,2.8738375306176,-0.155462475233954,-0.0654482649527729,0.0100019852630123,0.0511375805012972,-0.00738202254548907,0.00347112408049369,0.00148872019492938,-0.0104726691709783,-0.000545082021050401,0.00121114615671186,-0.00122801355032256,0.000796367490202605,-0.00137547966755977
-5.37312604266093,-2.9329938279094,0.0998347053441327,0.00610563448706221,0.0218446011035894,0.0166817462783122,0.00424814167543578,-0.00374613496685751,-0.00899502241259544,0.0075907577558494,-0.00654776072192362,-0.00129375739444513,0.00353905078821056,-0.000246852227485264,-0.00127364841927075
-1.70053124585502,0.592787205376189,0.0421195530603355,-0.0404077435394605,-0.00822963754386763,0.0120133301172419,-0.00136969596392834,-0.0023075180849142,0.001090631015159,0.00148993254769171,-0.00224891563133307,-0.000107735112798846,0.000203605020790949,0.000143499837780028,0.000436379407485344
-6.48198729000264,3.76455117750607,0.12838913689796,-0.181598461994009,-0.029325895464927,0.0542461645055811,0.0171508298638716,-0.00149632283710409,-0.000707846082426485,-0.000521543445194533,-0.00548279686694866,0.000298356641711999,0.00229125626627342,-0.00381682946883496,0.00245055720322756
-5.13688901048341,0.294134017051471,-0.0168616960384609,-0.0587704180728525,0.00375042427200443,0.0313828903546464,0.014358238927412,-0.0138923021264681,-0.00227601560392037,0.00700315349236016,0.00186710672765088,-0.00108388951293929,0.00215129373174113,-0.002869379880222,0.00317455220724671
-3.26227216986474,1.5685810821992,0.0394382944863438,-0.0730712316743785,0.00403092099635332,0.0268896721753823,0.00287151004226389,-0.000794057599014203,0.000790759109911374,-0.000146742399315246,0.0018072812805505,-0.000535415419430844,0.000542089203031192,0.000198249677604873,0.00211361749900256
-3.98222808150115,-1.63226612904673,0.0534445679486133,-0.00199352516226807,0.0141130748473617,0.0152835561066878,-0.000509620468102333,-0.0012818478390919,0.00180815758394624,0.00292305734680294,0.00236028528704879,-0.00166306525616797,0.00149948827685856,-0.00173284275364634,-0.000862453283824858
-9.30894136662477,-0.0181785799567896,0.0112132713244301,-0.0695436429807136,0.0265681854860831,0.057042134348305,-0.00456983889500799,-0.000818384019863075,-0.00323229398455748,0.0363647717517909,0.00181777345239441,0.00266543871414889,0.00241786198634041,0.00774186843987545,-0.000886621337467452
-5.3062010783124,-1.25724545346994,-0.200092175002356,0.0371205126034096,0.0286478318874495,0.0308487374489234,0.0147561930854373,-0.00475884440593833,-0.00901618757793994,0.0219003266660926,-0.00241297514617545,0.00140441505530962,-0.000149169115547386,-0.000652534805631056,-0.000162388975423965
-3.4590947879316,1.08190767117035,-0.0093368307072628,-0.0557652271713873,0.00163954951117825,0.0264052878983169,0.00501838724342934,0.000311994399995016,0.000169554795258978,0.0136215713416167,0.00196485469814707,-0.00122021203659933,-0.00042705394911694,-0.0018095101634731,0.000521626219180871
-5.0419921145883,1.8659078723255,0.134917284984641,-0.115051267251457,-0.000430102036494046,0.0373602278302486,0.00218016349678066,-9.04973330722324e-05,0.00173441898765756,0.0188700335789799,0.00292314592356065,-0.00240378743751119,-0.00135533008085587,-0.00117290000250727,0.000274726502865566
-5.36436426294938,-2.08184884247085,-0.0979712884946755,0.0463939475821028,0.0244690858897108,0.0272316650016365,0.00147187112230331,0.000803549893695473,-0.00863006391311614,0.0242431933991365,-0.0037642962368623,0.00131484242935058,0.000300212233431024,-0.00201408981646791,-0.00167129636590017
-1.80203200392964,0.406075270915402,0.063151333831882,-0.0368946076621116,-0.00529621089154259,0.0116931384970006,0.000574178809146795,0.00382424608476784,-0.00109566378656043,0.0165219163327642,0.00278549849986455,-0.000916672997088463,-0.00106795377272555,0.000299984817273199,-0.00047314256095082
-5.70096519119564,-0.0518603251671837,0.210397026290353,-0.0750171625887639,0.0148388738006978,0.031881073745926,-0.00425288512151314,0.0120061217146701,-0.00186603863622782,0.0202175341538331,0.00205093882672299,-0.00044662717648501,0.000850726146856274,0.000224247275746472,-1.86347457143576e-05
-3.76346307357951,-1.49216474749177,0.0515529122070411,0.00726815422638432,-0.00975963569078507,0.0161025017295459,0.00261552781075655,0.00635996188063241,-0.00314298271658919,0.0300522946404163,-0.00396083284307575,2.26537253886585e-06,-0.00244065113974448,-0.000193685820348836,-6.21050431978758e-05
-6.09807705856708,1.61023301451397,-0.119605293699417,-0.0518710686008595,0.0176159878574231,0.0491475393734394,-2.68594665801149e-05,0.00440559518182928,-0.00160291684309705,0.0258843227282787,0.00480951190014548,0.000773800589370425,-0.00270452593303275,-0.00150567847056258,0.000285366231743603
-4.10100084760646,0.169307201939332,-0.070770099460409,-0.00593964396612801,0.00244187750484232,0.029448145915217,-0.00318271385105214,0.00640326353309315,-0.00118329456328218,0.00682437645780085,-0.000351301630938681,0.00268694651663624,-0.0027854934737618,0.000619057688539799,-0.00141382236840592
-8.318355931452,0.969398239552981,0.262247224913395,-0.126577649231587,0.0275444739245896,0.0512766326077951,-0.00775855596990195,0.0104555215492229,-0.000697857618227358,0.0152675944385036,0.00286319142898643,-0.00450256737183376,-0.00640608150867045,0.00326653674442973,0.00096993177730751
-4.49636345262698,-0.662255466433397,-0.120526855628817,0.0215732017369306,0.0214274371725593,0.0285500680814274,0.00735164840021642,0.00271190243443497,-0.00210975089301245,0.0330529861809759,0.000604743070337291,0.000319236286942058,-0.0044383579169339,-0.00092452669982638,-0.00180946515548139
-6.2647734080186,-1.15626569130937,0.00204942391297299,-6.69921117278463e-05,0.00838320782321536,0.0353168084586205,-0.00278171777991102,0.00940056038145549,0.00159495827207576,0.00536177811814435,-0.0022385203802826,0.00137160080432818,-0.000618092382248985,-0.00101533712675485,-0.00482422246357675
-4.58080567153124,-2.58265482726957,0.0859756029193191,0.0164549690034467,0.0225307706017531,0.0140722142304488,0.000694148704207151,-0.00502383229475211,-0.00877161595888921,0.00896937408624591,-0.00281719545264467,-0.000185085999201954,0.00148097333845779,-0.000841460155826143,-0.000549101633054618
-1.08487620478637,0.11174113513728,0.0424689618722365,-0.0175601398690818,-0.00042413503129406,0.00645655657636437,-0.00282472298128965,0.00179537058216103,-0.00171939213718659,-0.000262026471163245,-0.00048978265523531,0.000369402109726726,-0.000362077018177716,0.000533237400616218,-0.000539050872716386
-3.33564353939933,-1.95761870716224,0.0715108758797858,0.00972121042828873,0.00387048272570581,0.00972053168021318,0.0023887290438605,0.000920497183302191,-0.002699160473655,0.00271486288377683,-0.00345538809545315,-0.00201893826306443,0.000774423027776349,-5.3106138061083e-05,0.0013936574716446
-3.00590058250019,0.0905898682267595,-0.148969238679653,0.0117131703167929,0.0111042072252545,0.0223101874402597,0.00305171357304803,-0.000812836471810101,-0.00341420810625201,-0.00196668054123763,-0.00441892514473562,0.00108638526589985,-0.000526543382190553,-0.000732505950806241,0.000111920142926057
-2.91134699538621,-0.318669014594819,-0.0271273143182596,0.00340853359085294,0.0024994211791976,0.0179917121858792,-0.0039370509827344,0.00440510989623014,-0.00239446116336145,-0.00157184591501792,0.00124703156885588,0.00105710508555811,-0.00105269938725755,0.000949841577722704,-0.00341783535964385
-3.0086345758925,-1.80860522299001,0.0509408289712367,0.0129557237059428,0.0116161485392051,0.00865336917540738,0.00215356902220745,-0.000683999505806044,-0.00580520427198187,0.00304465862665829,-0.00260183815220544,-0.000558939929681003,0.00210885663329922,0.000132113370545434,0.000437066476124653
-5.45056744091979,-1.99917894652687,-0.164662310170269,0.060849095537178,0.0246677277621,0.0293232281134661,0.00838592632846846,0.00440517781236356,-0.012050407527286,-0.00571458407101561,-0.00816429658944076,0.000780044963938188,-0.00101237172005139,-0.000643944899465665,-0.000461720122777848
-5.66399870059759,-1.92887016644721,-0.046347903072036,0.00500671456251808,0.0250424618208719,0.0248170899384882,0.0063705922100161,-0.0126043087233258,-0.0119195454270728,0.0064460671279014,-0.00150703065481803,-0.00176868055375888,0.00304802369355107,-0.0012177532140939,0.00339159345519367
-2.73457773736854,1.05641833478607,0.0212830377474395,-0.0504413780623442,1.73401927477983e-05,0.0218605642497764,0.000691517832993112,0.00149458488601518,0.000808622637163208,-0.00149098043294716,-0.00180192701974242,0.00041099276212659,0.000926358517910048,0.000438609047062891,4.52043025271418e-05
-3.52999532746854,-2.49897847127647,0.0577010758576973,0.0261225426969328,0.0155481819522163,0.00870688735660143,0.00234778019612946,-0.00322874000437195,-0.0114507693358133,0.00141949135127994,-0.00730621492224281,-0.00136902649332231,0.000852042385549722,-0.000342744005429194,0.000173431533795541
-3.62176022613354,-1.40885129638861,-0.00551642754486539,0.00467299064553296,0.00696686883297755,0.0146234155950612,0.0123655360370155,-0.00624546682423209,-0.00505911696324941,0.0033180510299862,-0.00656698032094304,-0.000505840704437695,0.000767683930515508,-0.000346284557076714,0.0025001634730448
-4.40298180132727,0.656145806796544,-0.327035872984355,0.026645701518068,-0.00772668870580552,0.0372650805562703,0.00768540989766849,-0.00470319376740872,-0.0079014097341614,-0.00617120505446721,-0.00613141317133091,0.0021491550639734,-0.00119871878648996,-0.000399616635038801,0.00279637260019297
-2.99804757010741,-1.06129372261922,-0.0222064341903545,0.0170740004514966,0.00722972544848117,0.0144402004217101,-0.0022470657384999,0.00445808876535131,-0.00820097636480468,-0.00220043153180304,-0.00192339466493823,0.000553192012779886,-0.00130741359388297,-0.00128505360092086,-0.00106473974476807
-3.3035055561237,-1.37274745424378,0.14635492156654,-0.0130637370503157,-0.00694815468261657,0.0108830376324698,-0.00394213712230672,0.0047219701281082,0.000937998045269275,0.00154150255891351,-0.000745492960439701,-0.000566746805674713,-0.000463013624423127,0.000108250288544053,-0.00290427068065579
-2.75202459159849,1.95604470848612,0.00984619931287507,-0.0707672648748265,-0.00814807034215234,0.0260997941492011,0.000651903204639171,0.000304426217836018,0.00134738243719054,-0.00206170240477806,0.00089700662899895,0.000802685362217243,-0.000563415630982563,0.000229894862175695,-0.000811727171224337
-4.25649480357528,0.198616963512643,-0.0630465134806724,-0.0206398710462715,0.00954585221931104,0.0286346966511823,0.00212303709057021,0.00165006148398591,-0.00050203563818421,-0.00141094795413415,0.00203267428509047,0.000572427991568753,0.000674275495485122,-0.000770197213617991,0.000129795785295087
-3.63239045895474,0.922047570137497,0.0750905773770263,-0.0671034316340538,0.0087260463760075,0.0247598883194611,0.00065110351408251,0.00188722507144577,0.00162588640896641,0.000209443762912333,0.00364946631608676,-0.00144261968368569,-0.000203725917487756,4.28263981448663e-05,0.00052113532444603
-5.49814368900359,-2.86126772005372,0.0990718833684386,0.0187745475341452,0.0231011453920149,0.0181189769909761,0.000531985861289391,-0.000334700686178778,-0.00296964378416126,0.0025602748540948,-0.00155382597435927,-0.000689641726035611,0.000350385851890372,0.00125408519147328,-0.00300819054275202
-2.76536822698951,-0.359848879219447,-0.0186993130695208,-0.0223006926425206,-0.00290455066374882,0.0144113347638707,0.0132728115955696,-0.0104138342959149,0.00102370108094161,0.00869952983851476,-0.0052169298314734,-0.00217498447526702,0.00253252217342577,-0.00151385207475732,0.00333322297968937
-5.52077002599496,-0.369310323529619,0.100210603820611,-0.0560592170163912,0.00313398390296226,0.0293256633074819,0.00492891416225661,-0.00299012961790735,-0.00585860286983445,0.0113546711241446,0.00102751221421236,-0.00147736680136898,0.00239739145436094,0.000778459511224423,-0.0023724853408544
-3.70094031427567,1.47965846754651,-0.200658699171738,-0.0223716600238737,0.0129114553274606,0.03404950918968,0.0063337761851022,-0.00364501854561829,-0.003661597120359,-0.00295551142950082,-0.00253194251308615,0.00242661821147206,0.000367258662526306,-0.000309337899166948,0.000763094534611171
-3.95846522271996,-1.23896897747714,-0.0753241332938569,0.0238687783842411,-0.00578620277727999,0.0208846950776044,0.00304409216753402,-0.00170129197360559,-0.00255355222312129,0.00051883889260991,-0.000334051964282295,0.000403714964371394,-6.15386432372887e-06,-3.02256385844124e-06,-0.00352183749590989
-5.37908195140645,0.864841461499421,0.0725500804339114,-0.0756129295524283,0.00452186891892996,0.0365035017675561,-0.0041448883080012,0.00151133056219614,0.00234707656130724,-0.00312570308664243,0.00272925762539875,0.00127019219683894,0.00072091997882232,-0.000438595918628106,-0.0029389780219998
-3.27585177459979,0.03649661943614,0.0775083571780268,-0.0413406771447287,0.00399615802447731,0.0184019083728736,0.00241715102849164,-0.000296272788433818,-0.00145001818183984,0.000754238477969583,0.00120974438868571,-0.000390253764829467,0.000835530375692229,-0.000125167613636692,-0.0012181938257331
-6.4173465285823,-1.44378305588777,-0.0711110420540282,0.0149570825371795,0.0267473502826533,0.0354061970593694,0.00606925520153677,0.000513418863889579,-0.0141817395530118,-0.00394854621730321,0.00198568670964586,0.00311328386998438,0.000159477878090203,-0.0011706120108856,-0.00109818814345774
-3.495551289359,-1.04465278158906,0.0204697580662931,0.00480891729602226,0.0100640902836896,0.0166711527514602,-0.00179685267405199,-0.000953510396598468,-0.00437982697685718,-0.00198716617293721,-0.00125861700248351,-0.00104338476713968,-0.000692329754931653,0.000467040229476201,-0.00139401766201739
-5.5769652777511,1.45817929535994,-0.195446179086341,-0.0402158714709384,0.0061553253007854,0.0455428686351664,0.0172220605796869,-0.0114553702995477,-0.00391196626408847,-0.00357572648844448,-0.0078748454409765,-0.000615381398432647,0.000291455511825691,-0.00500744789328899,0.00445730543516853
-1.95832977737621,-0.610915744159458,0.0847867422841019,-0.012208219588128,0.00516201617488725,0.00808858321362169,-0.00298089222676971,0.00533047023562763,0.00132144624770791,-0.00146430727828505,0.00180970127570878,0.000236831653775687,0.000318167877452256,1.38209264821835e-05,-0.00156391473254767
-4.06499099098021,0.953057267347202,0.00245771297268666,-0.0572380909414872,0.0038178121029751,0.0290201360256632,-0.00178914307472495,0.000530562874469053,-0.00265009741851644,-0.00195257948812877,-0.00211086558190067,-0.00012979661494109,0.00151955525535812,0.000182284209377642,0.000517400716757437
-5.25255420263125,-1.00628707726173,-0.0202107850644537,0.00141400794679581,-0.027166880144069,0.0283777967790193,0.000343409325058167,0.000253677396068045,-0.00582448236002516,-0.00192150597622519,0.00291425528464778,0.00121867601025062,-0.000845740285990885,0.000846789098941843,-0.00343400436231343
-2.44337465066509,-0.267108452830809,-0.104154766984309,0.0115985468315016,0.00347242070113699,0.0158493488365747,0.00890286167978465,-0.00344962777712022,-0.000268579708119666,0.000947879620486636,-0.000274914219432237,0.000229933741083154,-8.74629932102421e-05,0.00025908371419678,0.000675787210240293
-3.27400033146585,-0.884304410545238,-0.0227558691941173,0.0105757769125048,-0.0289695709624685,0.0167971744076193,0.00160511411190146,0.00371914964403486,-0.00400218849489576,-0.00224801293488104,-0.00210272871406574,0.000145210124405959,0.00075481782539539,0.000664305702666813,-0.00143387722287267
-3.03093670069023,-0.592216859367339,-0.0773744455677705,0.00492678063205637,0.0116362290838242,0.0168571328085925,0.0114319018798712,-0.00403312865255047,-0.00600495673458409,0.00139278315761145,-0.00116684112155177,-0.000328044241904971,0.000740936908735729,-0.00159392679548204,0.00242941788082432
-5.68144014033071,0.122652926748357,-0.0175227590855948,-0.0398162776862743,0.00704156807192189,0.0361799955430144,0.00383738841640388,-0.00410108323391483,0.00247518829334387,-0.00483886183333676,-0.0052917990648925,-0.000425024893966539,0.00066923566306981,0.00236193314469339,0.000137534158043639
-6.50784860371154,-1.47683867751787,-0.217943191932096,0.0238413452563026,0.0274053343312673,0.0363886219609344,0.0140149359137248,-0.0125079459598607,-0.00274437960839208,0.00756791205515819,-0.0111821808801161,-0.00502426000457189,0.00117738935252682,-0.00674317160420001,0.00630928463047941
-6.16181162817036,3.44711950128176,0.201214784709171,-0.176475483356917,-0.000281369384981008,0.0498064496798739,0.00207543209422941,0.00950940786159313,0.00881510044183525,-0.00303290044275013,0.000443618081346174,-0.00151999969901774,-0.00134335997547126,-0.00140026709318984,-0.00218781229221243
-4.36835551174288,-0.434985647758225,-0.178847620226064,0.0311489974866393,0.0207505059055999,0.0299607429818693,0.005902660186887,0.00267246086001263,-0.00458461603280988,-0.00584650905202591,-0.00450957396622389,0.00262339649199159,-0.001321853961611,0.00102286025625577,-0.00163105386497325
-3.43400789949009,0.249933171913564,-0.163945036195091,0.0135179074690313,-0.000703952812165119,0.0267715313579975,-0.00182542896109674,0.00208518814804809,-0.00137229133609569,-0.00548665935529741,-0.00194432198097523,0.00224389587236943,-0.00205661491961233,0.000463921506777816,-0.000623674453531144
-4.64765319992316,-2.25351115789473,0.158230978268018,0.00208039015617383,0.0165189101270536,0.0164140708806817,-0.00470066177755189,0.00816224628656385,-0.00656115327074115,-0.00659948439608958,-0.00655500485692801,-0.0028703347962375,1.83956054093597e-05,-0.00338705767603515,-0.00187791856572095
-4.00102497942393,-0.875605978321931,-0.109431217087176,0.0243578224505262,0.00975915501819586,0.0238309681843025,-0.00261285111464462,-0.00159361949377079,-0.00320181591131655,-0.00580280959981063,-0.00258088466319711,0.000472734445908402,-0.00119913095419376,-0.000344979685931261,-0.00132287035558758
-2.16075569220118,1.17023426021424,0.0117777968281112,-0.0480603215620481,-0.00699183558244606,0.0191845138495173,0.000398818913878681,0.00130827192885603,0.0003349693461561,-0.00183724145842018,-0.000371188205157952,-0.000512091783899817,0.00037919367077342,-0.000572249604382064,-0.00085937320183307
-2.7763439729554,-1.33391431940153,-0.0118538499105828,0.0181119981445851,0.00936152597295201,0.0113099533279184,0.00165303426101231,-0.00320241544152448,-0.00777104564229637,-0.0015282741463434,-0.00152046377735053,-0.0015481113649588,0.000105029593398939,-0.00091601593450217,0.0011660419711527
-3.37373486707619,1.03163778870027,-0.0894009041641321,-0.0427326683113918,0.00431352954364266,0.0267593369579185,0.0116474535611736,-0.0083731118287107,-0.00412160529082463,0.000379818058215827,-0.00366403659747293,-0.000581398931559779,0.00218203042454595,-0.000836668112920593,0.00307134845542179
-4.57596149068712,-0.228621662305313,0.0228907610283084,-0.0446763300342182,0.0163547296717702,0.0259073256043031,0.00905662011416807,-0.00875893522504765,-0.00586078491791486,0.0014782204055555,-0.00547832271190648,-0.00364070925930918,0.00147707630418156,-0.000964129551715389,0.00350912511610785
-1.45160852767354,0.485009998279009,-0.0253460647522556,-0.0162683385928103,-0.00770643592929814,0.0118542756058044,0.00161746812864719,0.00119178623897705,0.00136537985848857,-0.000255776533984266,0.000957751678259176,0.000154308702961363,0.000162434954552954,0.000229769637808588,-0.000741745563260284
-2.52805714785848,0.0770851262028602,0.0474904024425178,-0.0319006485098878,-0.00599842755765329,0.0149029454764526,0.00449351839818808,-0.00118105826637504,-0.00316295806849673,0.000177101869369863,0.00227182887230814,-0.000903620941696914,0.00141920026911031,0.000191805893970863,0.000174216248574002
-4.31005728519874,-0.0592208701059121,0.0204330279452446,-0.0457711995953513,0.0101548954958769,0.0245173831481631,0.00851422614952762,-0.00626269075645261,-0.00179986835180815,0.000422607112784586,-0.00071520279902034,-0.00366111188379292,0.00127693816819737,-0.00307152635796512,0.00308839187490121
-4.47017935595898,1.54354845399169,0.0834656551558289,-0.104472874672371,0.00547415482666788,0.0315060818416842,0.00777743763840501,-0.00647261989278971,0.00283442125641928,0.00626534668351341,-0.00119163056037324,-0.00160362400601887,0.0014158112291867,-0.00164029498655938,0.0019914079693727
-2.47770217603863,-0.050353226016215,-0.00877717482058128,-0.0184448994335129,0.00246453412982319,0.0148943867821571,0.00427259292658853,-0.00236285191076168,-0.00269164808181498,-5.88812485724779e-05,-0.00138908321968871,-0.000377981426660117,0.00110433838098197,-0.00170825547960949,0.00061210910892801
-4.37168961384073,1.28747397604423,0.0628756403454073,-0.0801630577634771,0.0137703471301701,0.0313053685673907,0.00364620520935864,0.000258816172422547,0.00222196650233265,0.0044353141007197,-0.00342531071196845,-0.000706511846437419,0.000702418502324572,-0.000678562941246054,0.000165020193763085
-2.51709352131419,1.02050718004212,-0.0612832553964992,-0.0256883708256799,-0.00161331211402573,0.0221285191332585,-0.00122478839217446,0.00258351272191457,0.00199243759390635,-0.00663720824251127,-1.8155269768691e-05,0.00153639042392713,-0.0003971399972845,0.001233003850809,-0.000665750977000009
-5.12655947340103,-3.96723064819822,0.118473074575723,0.0438614142455526,0.029132571810264,0.0110329448647842,-0.000360487021255635,0.0020095622673703,-0.0127621254252094,-0.000711172813579957,-0.00665943264262293,-0.00092680294742518,0.00102128374365626,-0.00146538656845044,-0.00144965232000159
-5.27003960892077,-0.524586777301798,0.0524146747384793,-0.0202023008536353,0.00547266949775886,0.030117341291715,-0.000664709422000108,0.00601378173942938,-0.00468088518829363,-0.0057573913897236,-0.00124088204650927,0.000141763719060233,-0.001783737345179,0.00121175676923797,-0.00224261276261311
-3.46381200708733,1.82199536485039,0.0996362489237876,-0.0995065850628073,-0.00351725975839904,0.0273870492039966,0.00354560766605237,-0.00173194952772569,0.00526454231114148,-0.000506561211074681,0.00228521593278927,-0.00195395822916798,-5.29894280197941e-05,-0.000502894761108021,0.000121964268672818
-4.16623708109531,-2.37782504686042,0.00256321363700082,0.0383985709413605,0.0192887565067676,0.0148921079239071,-0.000235105517701557,0.00048379615318879,-0.00276690397333033,-0.00470542128607728,0.000824043645194251,0.000521752147797358,-0.000120446139259326,0.000960563334678566,0.000216896756219523
-5.04323661887828,-1.41375079153649,0.0773677895499309,0.00262749376717496,0.0252319214116528,0.025357842793062,-0.0123060324452206,0.00759903480895132,-0.00924677152053275,-0.00853531783647597,-0.000636368479631398,0.000872080183366438,-0.000724880993427901,0.00222878746535532,-0.00353843483753977
-3.48042950217049,-1.34993695670604,-0.0627960293443045,0.015514043589436,0.0236926174782067,0.0155116174119407,-0.0182538016695274,-0.0103629173909533,-0.00313127012415291,0.00495880844137051,-0.00174394702567748,-0.00258237023962169,0.00216573751541496,0.000783349459402565,0.00234148625948398
-3.23198355159594,-1.81456544241229,0.036672970582566,0.0272243282391696,0.00459317997806363,0.011503025800961,-0.0114115287459257,0.00381920799386386,-0.00571030922480853,-0.00141161859167191,-0.00251916366322699,0.000714308889072161,-0.000577835824854171,-0.000768553285869473,-0.00285505290779719
-5.97057723897814,2.66503455134845,-0.0957634601507091,-0.0851289144733046,0.0134031269138621,0.0518049314612532,-0.0255044740659771,-0.000302410938527189,0.0035909865609028,-0.0101741509701798,-0.00395176413691735,0.00150456778773059,-0.00194610854384297,0.000545692293206348,-0.00047439003721641
-9.10218182630031,0.707305352602732,0.170209402746677,-0.134529750722212,0.0280125603167304,0.0523836961413754,0.00461030057701065,-0.0108182320286704,0.00448749734570125,0.00477898492490116,0.0014369958351721,-0.00142437501849632,-0.001306255912395,0.00433720865576418,0.00137150552003135
-3.6709272699288,-0.96455954785925,0.0265760804429913,-0.0141421808800095,0.013540024165907,0.0166115736809299,-0.039560911875493,-0.00381399110918444,-0.00368733584482363,0.00210810343725218,-0.000263260712841365,-0.00213445940118146,0.00202012124498172,-0.00304086718548118,0.00174714985268138
-3.26033369030057,-2.07437391019244,0.0906751352915966,0.0205130315285878,0.00945150450196085,0.00920965041072561,-0.0647399474315248,0.00427071415267797,-0.00724554717970767,-0.00269386281718747,-9.92627349105135e-05,-0.000500913309654153,-0.00115148792940384,-0.000253045708571992,-0.00309804671727467
-3.11264383940823,0.281461645753747,-0.0116347195305416,-0.0308488042009488,0.0111266286075302,0.0203261229496177,-0.0426263131213021,-0.00485031469699844,0.00245292920727718,0.00244594782539392,0.000381224977528275,-0.000719475772634984,0.00131170855327592,-0.00118624557536197,-0.000556864406222572
-4.82416319471267,-1.51513287115433,-0.141144358369087,0.028044204091753,-0.0125334864279936,0.0247161986776191,-0.0219800131099588,-0.0107785183271246,-0.00994975089204103,0.00281573419795442,0.000181332899491403,-0.000977400229232789,0.00241512602620222,-0.000216650983346514,0.0032994021048637
-3.839502489559,0.413733653926401,-0.135417714184934,-0.018003274646658,0.00239278077704761,0.0271228948507603,-0.013706860482793,-0.00937636331873032,-0.00421064091492925,0.00274102678113164,-0.00168391485290238,-0.000116599545851109,0.00035703261852068,-0.000505038393516321,0.00191913558694022
-2.63901318317784,-0.270553559814898,0.0689473106495225,-0.0305188593163926,-0.0134137160774354,0.0131723651160104,-0.0420348132018228,-0.00104722045239796,-0.00185468126180763,0.00150487250931827,-0.000934665035583515,-0.00121947719849239,0.000858795631088321,0.000334400443628542,-0.00185432798043068
-1.75112678455656,-0.477571827325139,0.0244993213697975,-0.0119767319882721,-0.00602782282926011,0.00738907123877971,-0.00963188899272644,-0.00127008992536339,0.000410595240158787,0.00205964366486992,0.000751324323676343,-0.00112469246488802,0.000918316372227562,-2.95058639342581e-06,0.00135791615867584
-4.33383104840838,1.07171344763562,-0.00232980646310928,-0.0670660335675023,0.000183767432970721,0.0310587362414166,-0.0159919778448014,-0.0014752189297019,0.00269888320747284,0.00543448815847792,0.000995943113926557,-0.00112058497389237,0.0018905855034464,-0.00164058684583296,0.00238585599751882
-7.88190748639318,2.54048559027594,-0.13888569890969,-0.0928951151007208,0.0227257970173561,0.0640726152078102,-0.0489690651631936,-3.18593545130615e-05,-0.0102999462817895,6.24004292816057e-05,-0.00328560473564242,-0.000288250938711465,-0.00059585907912952,-0.00131898165172907,-0.0010596931395439
-3.55451446852798,0.980942635914044,-0.293677074694231,0.0199338773733926,0.0165791878998602,0.0336774513546096,-0.0232644495760583,-0.00293471012272235,-0.00333221353588373,-0.00486114447248706,-0.00125893226245614,0.00284840801427017,-0.000999713074290127,-0.000363016701299916,-0.00162047300404676
-4.62564737892131,1.68816837775945,-0.064721868140752,-0.0582604643521377,0.00215372991055692,0.0382680168206423,-0.023524972517904,0.00183160644840178,0.00551131101480818,-0.0043100601632456,0.000549110297968003,0.000697014056792141,-4.27142367738844e-05,-0.00113987009584754,-0.00225266444833982
-8.64649915354042,1.38237105851908,-0.162594196174274,-0.0480924056950269,0.0029951493371693,0.062636369710929,-0.0370296275109205,-0.00517419232074451,-0.0032852410920483,-0.00833111196240674,-0.00791922089269382,0.00417068263578737,-0.00268273320468976,0.0126449100457467,0.0108734651152285
-4.78007579758685,-0.50250646593405,-0.0501664703028052,0.00416841819968748,0.0175705398226177,0.0299822951879154,-0.0407574987376701,0.00807837039319724,0.00332583071804331,-0.00792320337335282,-0.00366334851082864,0.00135635487625234,-0.000539524293500426,-0.000653698630930411,-0.00260069659551062
-2.77139386102096,1.7346577169707,0.000207143480156051,-0.0675937228936869,-0.0294158859601248,0.0249583696381484,-0.0498822125715877,0.00278990614586234,0.00362820041444825,1.99684410749622e-05,0.00187388343872634,-0.000221855400825164,0.000867734488485842,-0.00158772750199127,-0.000544942275494608
-3.14919675700784,1.49886031387188,0.028361149675027,-0.0674311137458048,0.00446889509961626,0.0260332348766433,-0.0551421984376603,0.00196803256519545,0.0040998978473264,-0.00191773105212236,0.00142972164622575,1.29754619754762e-05,0.000458935932009019,-0.00141183183632582,-0.00261573486101988
-4.83975205809151,-2.03205815116703,0.0728352715018429,-0.00234362819063817,0.00719425094531434,0.0183483118850701,-0.0275648703084559,-0.00483600872629812,-0.00956230719960689,0.00121906495833271,-0.00469782981575405,-0.00164451634089714,0.00237564556427671,-0.000365345352783494,0.000286933677479472
-3.74058395759594,-2.1255023694502,-0.0261386997423545,0.0242071732452964,0.0125229965326987,0.0124615759014925,0.0131758360262357,-0.00784853167815394,-0.00726867420688693,0.0062977749931178,-0.00501031639616344,-0.00178680701553182,0.0019364318395237,-0.000649212841251271,0.00205588068371826
-2.40184822817986,-1.18905756116061,0.00682386922392558,0.00723121124408848,0.00168483014886089,0.00821368872374077,0.00822715106274553,-0.00459306759153894,-0.00290500349354812,0.00581660962482451,-0.00347951821761557,-0.00136628284332813,0.00190639352543028,-0.00109319562811863,0.000736336576504076
-4.69129712399434,1.57445875489151,-0.283312843854322,-0.0177642961620636,0.00813575944660918,0.042201789562407,0.00746143790324629,-0.00357618938661549,-7.86829312020463e-05,-0.00252853841175151,-0.00452832401227811,0.000786961625391716,7.35981959244875e-05,-0.000534173482363187,0.00432111035517897
-4.6354609155966,-1.04359180371473,-0.028388399143208,0.00547571296356226,0.00733639486550646,0.0255312769787479,0.000223891616738751,0.00123162785759292,-0.00659004218123211,-0.00127244388328627,-0.00103709981982078,0.000274877356615601,-6.38711601207391e-05,0.000551747941080301,0.000239353696787053
-3.33649730092882,-0.244095188469731,-0.155936588928172,0.0129493482711263,-0.00387152762517889,0.0221962802854986,0.00940008370017842,-0.00576576356695353,-0.00606266816472578,-0.00041041203032438,-0.0055768993848835,0.00106470437455999,0.000278652488737673,-0.00135972222128607,0.00216785665631743
-4.297259939989,1.91143677662332,-0.18909234408179,-0.0379393341514677,-0.0276774927506001,0.0399242236723057,0.00286015595790169,0.000295348419582723,0.00252370789693774,-0.00339547657049728,-0.00365251071470755,0.00120530341718315,-0.000160918861353194,-0.00181125745405097,0.00154149379881395
-5.09941798301889,-1.12639068824085,0.0835593467898708,-0.0338082789214261,0.0235744198372664,0.0237579792253345,0.00653305381192618,-0.00628988131047832,0.0033799011787663,0.00418818712303668,-0.00240074010100223,-0.00398967868808359,0.00180157107585761,-0.000564479276869973,0.00168245101682937
-3.22170863640779,-0.360661974352487,0.100728669572559,-0.0293024418918358,-0.00530815962169827,0.0170758328666517,-0.00268968804759506,0.00626129808910572,-0.00126055377720151,-0.00465241880291162,-0.00383302347182596,0.00032138628710799,-0.000914640114727984,0.000815958428079681,-0.00369023648230387
-6.15031746759042,3.25221566098478,-0.220496014838742,-0.0776100919768082,-0.0088338396696515,0.0579748975368883,0.00544647667667245,0.00424631217234607,-0.00794867124289675,-0.00892019874071859,0.00253992900729224,0.00347310090659082,0.000486850739780268,-7.16007092511176e-05,-0.00382885631597829
-5.38692535005855,0.643099585880651,-0.138763214809693,-0.0137750689354569,0.0043099966685055,0.040799102122765,0.00635749147700503,0.00324283315734275,-0.00481174497811563,-0.0084581210842578,0.0438172030892589,0.00307410658904954,0.00166469948551508,-0.000673534654650285,-0.00217404894751959
-2.95454517365494,0.135300573385124,-0.0458032968534663,-0.0198727819472667,0.00189467413701379,0.0192694025785342,0.00581532070060054,-0.00383158601512111,-0.000240969075578445,0.000663050673722701,0.0132594169852093,-0.000872013294377467,0.000822417269275108,-0.00179896343924986,0.00200439743257818
-2.36944622035769,-1.06806488113635,-0.00985974193735719,0.0184962476345739,-0.021866837722817,0.00982064326781015,-0.00279690970750436,0.0047414839439073,-0.00464796517004565,-0.00019730602884831,0.0271263026046179,-0.000344704595473053,0.000956505002513726,0.000389730876057874,-0.00102141302208275
-3.97967279907187,-0.736157445914906,-0.0478665419569702,0.00779896415532351,0.0198477954634429,0.0224944734750591,0.0012565669826786,-0.00116065678161497,-0.00911097151863588,-0.00467424794371814,0.00985168209971135,9.12548882810213e-05,0.000442064143315763,-0.000382633319168868,-0.00075337002648685
-5.70663244422269,1.15230278336955,-0.250271659808141,-0.0278979668227278,0.00561410833775639,0.0445682288170322,0.0220348701796352,-0.00490868264165558,-0.00492531089491836,0.000533084717313075,0.0344631459770203,-0.00195887698765452,-0.000297994850725184,0.000856468634313861,0.00330168808146559
-3.26545048375952,-0.294718096268395,-0.113137264067768,0.0166289067236125,-5.37551381133441e-05,0.0218411674461596,0.000724130153418877,-0.000639531118927563,-0.00276383790960408,-0.00698238799908085,0.011660151267388,0.000979498888789055,-0.000404253349612647,0.000723051936924067,-0.000388612854058314
-5.38165360969655,-2.02454475083634,-0.0772155285550307,0.0169576953286308,0.0315022004565423,0.0232263098719128,0.0156786679203234,-0.00500744230331892,-0.00389350173896593,0.0036667746819132,0.0206379356119497,-0.00139362075427546,0.00318794661853891,0.000163437219449254,0.00388986579159467
-3.80232437670763,1.46246539809174,-0.133936660759298,-0.0322458747744098,0.014283726574249,0.0335251472602887,0.00360742175356357,0.00571201819979535,0.00139130066904419,-0.00367597447438114,0.0261954642272904,0.00122757882211865,-0.000390779506993935,0.000642839608686612,-0.000118422909345846
-6.08731031176907,-0.251440643792046,0.0911329151965678,-0.0716214267357206,0.00798529906869717,0.0331221912404433,0.00904915855372934,-0.00580271767622353,0.00840017152455644,0.00442272457547377,0.00746518890830738,-0.00487083308429157,0.00351010065149459,-0.00336004799058372,0.00305892655989212
-7.66236034401558,-4.12808395467263,0.235167673833785,0.0274111609026059,0.0259337345702057,0.0244963162459583,-0.0068478418275924,0.00938932614829039,-0.00228214266683852,-0.012595494134876,0.040837018147805,-0.00110418402518799,0.000494856969408602,0.000428297821928839,0.000395440784948442
-5.11543699434493,-2.28712536042242,-0.0362225273271096,0.0238528961452458,0.0296477787296059,0.0203643760862916,0.0118455502051053,-0.00633848135590277,-0.00228349998338308,0.00476679687498055,0.040818406857546,-0.00203198088714939,0.0041049831857203,-0.00189387662822978,0.00362357816085591
-1.65188038438846,0.0777574875432036,-0.0664695198212163,0.000997126536759535,0.00163373355958389,0.0119485369037976,0.00388570943171433,-0.00311080233400597,-0.00142314728073292,-0.00212421861771839,6.5275214938731e-05,0.000510456577834491,0.000362707061991852,-0.000528567064618365,0.00118809965535273
-4.45492997523388,-0.76982479566182,-0.0136652008009311,-0.0288852404785243,0.00645226093061495,0.0217757915363548,0.0188941014641326,-0.0154824603506885,-0.00432018348199702,0.00722467161967017,-0.00398528641605166,-0.00271425522879522,0.00320918938239264,-0.0008225109027173,0.00458330250808671
-5.27348971870577,0.770468184802713,0.0569406455959872,-0.072375880772332,0.0174718632217673,0.0339355408445613,-0.00132956781435234,-0.000885253891928435,-0.00551791410264909,-0.00321582711398274,0.00169638045544179,-0.00104653150343432,-0.00107680131164346,-0.00127452776088355,0.00104573446246366
-1.746777622833,-0.0451836211599132,0.0228093088605301,-0.0179862768910196,-0.0220098779958721,0.0100376606105473,0.00248781765233987,9.72640052578313e-05,-0.000280059853943278,-6.94186987928118e-05,-5.98829332136261e-06,-0.00116205974539679,0.000723342957756457,-0.000779069730001282,9.27926341454233e-05
-5.01896645435204,-2.10058741137457,0.192655766648051,-0.0119803438230529,0.0142195103015076,0.017800928419078,-0.00427668486243213,0.00177265738510154,-0.0091489266795452,-0.0025732392647138,-0.00133037435922933,0.00112257326440916,0.000716333932574141,0.000809485492376883,-0.00320907497936446
-3.72648685040474,-0.0575379257065404,-0.179716136631999,0.0125544506958251,0.0180862068678493,0.0262005455351958,0.0080872925351037,-0.00618478973621948,-0.00170043282901311,0.000971384346318596,-0.0068045828491415,0.000232124235551717,0.000479768654290718,-0.00137857200014902,0.00157154599513496
-2.93193680969848,1.03405142120589,-0.0368557658467607,-0.0394159268646697,0.00910202699968111,0.0242312315611171,-0.00158405292877477,-0.00107858862566125,-0.00155797740166056,-0.00237038198183027,0.000897878719563276,0.000700997553882205,0.000205534475610038,-0.00011288557567561,0.000310139251346389
-4.76370436202462,0.750656717188153,0.0858735416404907,-0.0758820729537528,-0.00878359685049536,0.0305927735181112,0.00191038160973179,-0.000167903424290854,0.00205800614915926,0.000461167243461975,-0.0050656307996704,0.000588236582643909,0.00121413838059926,0.000525310033254845,0.000566928933602395
-3.7447455499268,-0.924482787273436,0.068799633524593,-0.00681456044184965,0.0114320011205112,0.0185396453891202,-0.00428240970290347,0.00433266495805896,-0.00174421661321606,-0.00569426117485126,-0.0008735663165788,5.72751153275495e-05,-0.00075053488048457,0.000561260621207372,-0.0017590191006472
-3.0220290874664,-0.500705914797891,0.00515355315583212,-0.0106817021758963,0.0143566529130506,0.0160236226897262,0.00397547946091131,-0.00093215053535593,-0.00604965842971944,-0.00106131158998248,-0.0020592096945271,-0.00047413489200513,0.00130992179497229,0.0003145712346659,0.000319390315287677
-3.88198558871516,-1.65541440443868,-0.0246233771336664,0.024134746844768,0.0101818941231319,0.0168023506072862,0.00493108062486158,0.000510697484907274,-0.00174447685229542,-0.000833900487158235,-0.00118848402839157,-0.000303730157115405,0.00107372783676086,0.00094619369005533,0.000916314041805746
-4.6318415938295,-0.00798017916738201,-0.0271367844489954,-0.030150680331047,0.00968633404861697,0.028706981610965,0.00535081043290504,0.00106169223286949,-0.00256342306053907,-0.000430100599512438,-0.00129295549235513,-0.000878765353882316,0.000558867962622473,-0.00230831406614114,0.000568701263095261
-4.7223885585856,-1.03113734143464,0.211652618905858,-0.0437620480078372,0.0180558759746546,0.0209655906613501,-0.00203330232737285,0.00339130671852277,-0.00534616460239153,-0.00342041278921879,-0.00316513958052293,-6.07802948012307e-06,0.001103232148897,-0.00170834370441363,-0.00417540373929151
-3.26080708414717,-0.714223727477368,0.0167677829967987,-0.0183735487948018,0.00691817787705212,0.0150612089176401,0.00808066132220954,-0.00494062856176057,-0.000828177440403034,0.00325721812046818,-0.000526263482588222,-0.00227241051334839,0.00102732095461986,-0.00059773549388128,0.00311607059395168
-4.51892802982444,-0.830237776735768,-0.122021616588004,0.00794706624987554,0.00903144710622332,0.0258586045250039,0.0143399672577664,-0.00667085206253035,-0.00938018727435981,0.00490870941957877,0.000133328945010661,-0.000169635606203281,0.00232092058469358,-0.00254944206298851,0.00393842424766693
-5.04545131339222,2.37235800177942,-0.0680520931025165,-0.0891275222000944,-0.00308338451695386,0.0426188147894491,0.0152371465391451,9.89652665848183e-06,-0.00494431966236442,-0.000471154873604368,-0.00464799368782469,0.00126133503530983,0.00183722845337841,0.000866092139957546,0.00313661268431494
-4.93920201630616,-1.49434147135281,0.0549025420644484,-0.0136954546349779,0.016049192691565,0.021825287976901,0.00823899179713878,-0.00092913402928843,-0.00339639530421917,0.0022067337201395,-0.00305337074175509,-0.00109990075441541,0.00228237973193979,-0.00136264409851209,-5.58577249762737e-06
-3.14408360861216,-2.30915096668086,0.0968851425189966,0.0295329987176669,-0.0102935284510937,0.00760226469145782,-0.00893578604741945,0.0052453923242323,-0.00962960312248014,-0.00299020440551125,0.00403010736933075,0.000510428375085123,0.000187171877292186,-0.000775937044157853,-0.00362729474708821
-5.13484602215965,1.3577187386246,0.0298577048708795,-0.0814215027291551,-0.0167826890741814,0.037944448288385,0.00115159979359925,-0.00216237869958222,0.00731857744245142,-0.000910722534097813,0.0031893841016494,-0.00116266641160034,0.000793326302085442,-0.00435506379767722,0.00250690951349307
-6.95586640176333,-1.59394591205974,-0.137835606261506,0.0391928064282932,0.0090024543478418,0.0403276801283016,-6.0247967732443e-05,0.00465874317114033,-0.00846360126621259,-0.00522102949524457,-0.00531520545245075,-0.000181467319996826,2.08958521513749e-05,0.000751814201497569,0.00712322256075173
-3.09120503181302,-1.90314101064743,0.0743922056681765,0.0253566682836989,0.00855820957048682,0.0099374209638965,-0.00895392352020573,0.00590174509493458,-0.0050695047144867,-0.00389460955884119,-0.00454848995842094,0.00122390577711817,-0.000485113585246803,-0.000114997538479634,-0.00334635487982114
-3.46683238525273,0.821140751664287,-0.0323822294408926,-0.031501567024767,0.01131013945425,0.0265674228624168,-0.000753815362532992,0.00623722291291449,-0.000180035064478496,-0.00629768307501567,-0.00272004663119875,0.00185160818786813,-0.00111008337586145,0.000352758714167989,-0.00240770284468391
-4.83055067855481,-0.411618306904638,-0.118987426921836,0.000401221064686536,0.0244663992668621,0.0299946459271269,0.00946432275134186,-0.00507058933994461,-0.00684141240762873,0.000729836679984543,-0.00419511356072047,0.000757349687972686,0.00180095630465457,0.00115167332194578,0.00444276721247646
-1.11638440313894,-0.188800733482161,0.0349877336097478,-0.00750766624609149,-0.0268247597198456,0.00536068368949959,-0.00166307403344235,0.000227002176374557,-0.00224850741762116,-0.00231385374796737,0.00013061548258292,0.000346058754017677,2.37076324615572e-05,0.00100006009535898,-0.00132522706749831
-2.40416906155952,-0.119761301128018,-0.103965909320661,0.0100965842109272,-0.0258984738498827,0.0160523834653311,0.00256320758643391,0.000769961631716486,-0.00459928214229181,-0.00267357793545924,-0.00396746660740151,0.00058290312049818,-0.000565973640093816,0.000296654876938757,0.00134948947258263
-6.95595190121855,2.74695905206218,-0.0683245495197461,-0.103854187033882,0.0229426191643077,0.0584844277684966,-0.00137729158809445,0.00123318132827209,-0.00154190733853679,-0.00430428925532321,-0.00937286096089772,0.000321643142925544,0.00151120294716699,-0.000622556975176113,0.000869922988370645
-3.41194328198943,0.135230122400526,-0.15647247685205,0.00985066743270804,0.00512319850077922,0.0253867684480895,-0.0013913016375956,0.00373417133241707,-0.0033341021621663,-0.00167673624441056,0.000686067433056226,0.00122524160924476,-0.000530322433822339,-0.000152971600980525,0.00121867112763729
-3.97959866972281,0.0232878546158581,-0.24260574926733,0.0361431567519806,0.000757518342938622,0.0309562278413367,-0.00171119115403176,0.000342886641741089,-0.000520163924648495,-0.00677413822483737,-0.000872449223429857,0.0024517535485924,-0.00239569812468852,0.000141058511695838,0.000223393758539213
-5.97040466674334,-1.33027848004345,0.123740426689848,-0.0355889213291162,0.0236878103724202,0.0279252971614867,0.0100582542867845,0.000934099637294518,0.000170503836609523,0.00219269448748701,0.00211600574609384,-0.00322689133132309,0.000116750641813511,-0.00153808417155673,0.000900497413672933
-5.0357112564067,1.91815873123851,-0.0677511072886426,-0.0568195846380388,-0.0151738699635678,0.0430116353867988,0.00210166408773283,0.0102532642635519,-0.0021053527749031,-0.0103363333553379,-0.00550634048820253,0.00315483389807606,0.000132539914241721,-0.000527043007340341,0.00108122659225541
-4.14643047608592,-1.47021483491399,-0.0777338148529465,0.0348231947799005,0.0039763772532661,0.0215935957390353,0.00241156868405282,-0.000138663093685157,-0.00471768090306836,-0.003810073201775,-0.00248495020774285,0.0012016939824982,6.74468613235524e-05,-0.000670920733867757,-0.00244009790896223
-6.31409048396724,2.16933312682267,-0.0154654232840486,-0.0958874419373199,0.0221673485556258,0.0504515145617159,0.005623902860204,0.00186512846084809,0.00115480636699142,-0.00932317970845359,-0.00121704943455279,-0.00198740211798735,0.000954265974322208,-0.000965689976209821,-0.00221059184727957
-3.46012320341024,-1.63966102778848,0.0617865312628644,0.00705601895743065,0.00182323754301645,0.0124398883114452,0.00349758340182478,0.00245920590364448,-0.00437098239396795,-0.00190006002900897,-0.00095581581881209,-0.000877608430206945,9.76482067852744e-05,-0.00091139089546686,-0.00142551097171821
-5.76863232755241,-1.16689640354351,-0.0986931197903886,0.00639244587908623,0.0310919466253017,0.0316720975398063,0.010335900438508,-0.0106799048873308,-0.0126405237593323,0.00413351141709468,-0.00951821102554923,-0.000948120402788758,-0.00025501205590182,-0.00224814180498352,-0.000112808331629283
-6.7753984880162,1.04230807318624,-0.136055364727606,-0.0443976709305621,-0.0109443223652389,0.0503632554798,0.00280729868149042,0.000351332112617489,-0.00886866454068692,0.00383404004691854,0.0067739232417669,0.00460938523391135,0.00169438596666112,-0.00425384434321472,0.00248632497150733
-5.1385985758806,0.818482990961356,0.203336874301828,-0.104202055689966,0.00988946676884169,0.0311658563108445,0.00287658127611197,0.00802489961480754,-0.000465428799599072,-0.00223898400361903,0.000376257963262937,-0.000806624268821028,0.001023289418054,0.00124800503986918,-0.00110533444297791
-5.41575409233517,0.285076070975376,0.0269358367946249,-0.057876210120749,0.0191474056450649,0.0334206487083121,0.00641835756346321,-0.00516456037240952,-0.00406689936646019,0.00209399198943501,-0.000179581712743189,-0.00148447735475122,0.00105045408972053,-0.000897560884517677,-0.000822658091541729
-7.1646614416972,-0.693072301081159,0.381332575439763,-0.0983235077734373,0.0170548235416506,0.0353462851348034,-0.00393342253165865,0.011515438140014,-0.00365211464222917,-0.00551180185969953,-0.00252716034992473,0.00276528751213221,0.00328611069443421,0.00207908491647573,-0.0069455092421836
-6.01076019966389,0.940718395667608,-0.225475314725378,-0.00857538752270555,0.0229801349652787,0.0476592408421186,0.00252752660283229,0.00157427211829157,-0.00549286340709936,-0.0104104857850991,0.00160580080143879,0.00532627317553709,-0.00083052586539559,-6.08293645605762e-05,-0.00200955820382276
-3.35276332418951,-0.763004181380224,-0.0617068537574131,0.00396311085216017,0.00509169211543993,0.0178072913661591,0.00528693278355637,-0.00420819245031637,-0.00451211246864862,9.78967917225196e-05,0.000921478515047401,-0.000729449489043249,0.00208534707667864,-0.000993421126806149,0.000851427448287701
-4.63617736346333,-2.43026729699667,0.0502889434368727,0.0269047524502137,0.0273489888594256,0.0165328601262312,-0.00121822473417849,0.00184633548547799,-0.00526987003237375,-0.00281461955516002,-0.00210980485178219,0.0017743573200358,-0.000121788731948428,0.000886857577489787,-0.000771803470232603
-1.71375192598689,0.422383843820396,-0.0521150444724133,-0.0103469364578375,-0.0164896471218354,0.0136577013759865,0.00221732632425493,-0.000543474315416134,-0.00340890352040783,0.000601530623921695,-0.000965228811961821,0.00113078958066915,0.00015331516050294,0.000879484306268475,1.70986825833443e-05
-3.58250942663124,0.6334593085067,-8.96652043492305e-05,-0.0534314337032578,0.00743106823535056,0.0240712769883796,0.00603485338289196,-0.00451029027322206,0.000829831549644543,0.00327319759362717,0.00265765152362967,-0.00199883774729487,0.00143486393127706,-0.00135053474224058,0.00132909528291701
-1.83255231171904,-0.157833881496275,-0.08434989112891,0.00488914179827597,0.00924692786835028,0.0118630579253076,0.00613710548479251,-0.00308429975959782,-0.000973073294235874,0.00213773373081358,-0.00119937043609284,-0.000527967100145304,0.00117271873359002,-0.000487544205835219,0.00190135237935559
-5.00994074265063,1.67540633004731,-0.0141134910112853,-0.0690632319976218,0.0126832806194664,0.0399236090039084,-0.000965474499893346,0.00269652479531017,-0.000792025153831248,-0.00525606038531794,0.00123432183179207,0.00246207073470596,-0.00130366031586702,-0.00141346364838293,-0.0034476704634999
