  1.0402
  1.0608
0.979747
0.886836
 1.07285
0.966714
 1.00183
 0.82382
0.908406
0.993644
 1.12966
0.941776
0.936705
 1.09824
0.879348
 1.06684
0.943164
 1.04498
0.964953
0.944384
 1.00326
0.995529
 0.94145
 1.07925
0.928893
0.992217
0.960728
 1.05493
0.997537
 1.02469
0.973164
 0.92097
 0.89689
0.871706
0.989326
0.968581
 1.06575
0.853608
0.988807
0.967951
 1.09031
 1.20825
 1.03135
 1.00096
 1.01738
0.952308
0.988676
 1.01756
 1.01372
 1.04357
0.990021
 1.04304
 0.94215
0.968226
0.977462
0.972551
0.961355
0.910837
0.855256
0.979485
 1.12054
0.970061
0.981946
 1.06769
0.980987
0.797958
 1.06809
0.942854
0.888071
0.928571
0.999846
 1.01409
0.844266
0.923752
 0.88258
 0.84623
0.968383
 1.02141
 1.05769
 1.15858
0.910291
0.991548
 1.01351
0.934877
 1.11963
 1.08924
 0.85307
0.935897
0.903881
 1.07476
 1.13275
0.895406
 1.07514
 1.05207
0.906527
 1.06978
0.895673
0.956568
0.822024
 1.09187
0.888213
 1.05444
0.965454
 1.03501
0.859895
 1.13976
 1.22984
0.992702
 1.15098
 1.11387
 1.51639
 1.27914
 1.12112
0.960343
 1.07854
 1.57548
 1.13711
 1.17649
 1.17118
 1.28241
0.997693
0.981769
 1.07533
 1.09494
0.970272
  1.0377
 1.00823
 1.01563
0.859683
 1.13115
0.916464
0.942648
0.927239
 1.01571
0.971277
 1.01674
  1.0064
 1.12265
0.992885
 1.01523
0.904434
 1.08897
 1.01022
0.910244
0.890152
 1.00087
 1.02233
0.992359
 1.10392
0.911788
  1.0449
 1.11673
0.950061
0.902896
0.928854
 1.03751
 1.08016
0.973048
 0.84148
 1.00098
0.940882
0.865749
0.927179
0.971994
 1.02932
 1.01624
0.912685
 1.06682
 1.02111
0.964018
0.824173
0.901977
0.886569
 1.05527
 1.05538
0.942538
0.984763
0.981402
0.869523
 1.04006
 1.01325
0.963786
 1.03166
0.937825
 1.03963
0.982935
0.941345
 1.10382
0.881851
0.766073
 1.02682
 1.01032
0.994243
 1.08064
 1.02288
0.994857
0.987839
 1.05948
  1.0354
0.953702
 1.01399
0.828169
0.974013
 1.02405
 1.15499
0.990009
0.997369
 0.98596
0.925079
0.929684
0.910673
0.959784
0.996871
 0.99175
 1.02316
0.956633
0.897118
 1.10381
0.886545
0.874583
 0.83806
0.871099
0.897067
0.986266
 0.93225
0.979819
 1.06042
 1.01489
 1.07462
0.960217
0.881393
 1.08942
 1.05475
0.972762
 1.06984
0.954627
0.965846
 1.04062
0.931275
0.980861
0.890986
 1.08237
0.874474
 0.90056
0.966218
0.943441
0.878858
0.924393
 1.09925
 1.03238
 0.97531
0.853189
0.992336
 1.06497
0.947337
0.978954
0.982663
0.966257
0.988972
0.945512
0.969465
0.902494
 1.12906
0.852778
 0.99902
0.928766
0.918064
0.957648
0.881353
0.925845
0.936843
0.990677
 1.03016
0.796782
0.981427
0.954829
  1.0493
  1.0812
0.925266
0.907235
 1.06953
 1.10262
 1.00076
 1.15652
0.980503
0.921473
0.892743
0.977415
0.970552
0.950368
 0.98119
 1.11498
 1.04985
0.964245
 1.10149
 0.95037
 1.13159
 1.04813
0.943796
 1.09555
0.957004
0.975656
 1.14621
 0.93777
 1.02029
0.989008
0.985605
0.967325
0.942574
0.899106
0.906565
0.960164
0.983894
 1.04212
 1.02205
 1.14129
0.887592
0.976759
0.853747
  1.0963
 1.08458
 1.10265
 1.04361
0.979193
 1.02492
 1.02985
 0.89799
0.984714
0.941883
 1.15581
0.961415
0.932506
 1.07948
0.962913
 1.05194
0.902271
0.986768
 1.05561
0.946494
 0.96824
 1.06958
0.975004
 1.10288
0.945209
0.995661
 1.06723
0.816526
 1.06286
 1.00156
0.850916
 0.94356
 1.05545
 1.12216
0.918315
 1.13636
0.986202
0.827355
0.747639
 1.05194
0.966444
0.991264
 1.00215
0.891605
0.959822
0.933334
0.887067
0.935555
0.892535
0.953724
0.901805
 1.10994
0.869995
 1.30857
0.973748
0.846041
0.971552
 1.00265
 1.08092
0.991713
 1.01016
0.858199
0.782202
0.870737
0.947818
 1.02613
 1.06663
 1.05279
 1.18967
 0.95176
 1.03858
 1.13353
0.808198
0.910315
 0.97217
 1.15459
0.994952
 1.04154
0.941125
 1.04814
 1.20007
0.974155
 1.05331
0.941055
0.914039
0.887388
 1.09628
0.998338
0.943072
0.999407
0.968221
 1.01628
0.861866
  1.1508
 1.00018
 1.12401
0.941512
 0.99816
 1.05873
0.829232
0.930249
 1.06039
0.951044
 1.06987
 0.92163
0.835673
0.978412
0.915737
0.991475
0.950242
 1.02787
0.871854
0.806008
0.980174
0.973739
0.914351
 1.03891
 1.05291
0.919277
0.920399
 1.14916
0.861461
0.955486
0.977573
 1.06085
 1.02626
   0.969
 1.03103
0.987799
 1.04721
0.889694
   1.174
 1.01248
  1.0645
0.998511
0.974308
0.915806
 1.10596
  1.0913
0.832546
  1.0953
 1.07563
 1.08494
  1.0057
0.944155
 1.06869
 1.02742
0.999979
 1.01868
 1.25259
 1.04547
 1.12638
 1.09765
0.970724
 1.08497
 1.15051
 1.09897
 1.02407
 1.05465
 1.10721
0.995867
 1.09864
 1.00357
 1.04866
0.962239
0.931742
 1.02301
 1.03143
 0.97844
 0.80447
 1.00139
 1.04282
 1.05211
 1.11418
 1.00382
0.995123
0.950154
 0.99953
 1.17856
0.933171
0.969107
0.944969
0.814214
0.915783
0.955227
 1.08986
0.865332
0.923145
0.927691
  1.0739
0.984693
 1.05125
0.913782
 1.05333
 1.12469
0.952616
0.973537
0.979057
 0.95556
0.982103
0.934466
 1.04888
0.950248
0.985993
0.936187
0.906943
   1.054
0.968258
0.877132
0.956784
0.904005
 0.89891
0.878182
 1.07295
 1.02594
0.917172
0.981316
0.949249
0.930933
0.929903
0.859474
 1.14249
 1.06677
0.990715
0.959006
0.946132
0.901272
0.958961
 1.02958
 1.09193
 1.09515
 1.09501
0.974467
 1.00041
0.904756
 1.07913
 1.08766
 1.09032
0.944774
 1.21008
0.997077
0.861904
0.970086
 1.04045
0.948488
 1.07683
 1.01182
 1.24878
 0.88266
 1.00872
 1.04759
 1.02221
 1.03127
0.911921
0.899159
0.903244
0.989367
 1.02899
0.993794
0.882838
  1.0783
 1.01109
0.989923
 1.04493
0.776086
 1.05025
 1.03757
 1.20679
0.845514
 1.01358
 1.12037
 0.96105
  1.0694
0.960152
0.933768
 1.01553
0.977073
0.933251
0.968575
 1.20021
 1.00022
0.995203
0.930726
0.902015
0.966544
 1.00061
 1.03527
0.960131
0.864601
0.919783
 1.02112
0.984965
 1.14077
0.879824
0.881862
0.951926
0.919266
0.827948
 0.88578
0.890861
0.846656
0.856887
 1.09226
0.844105
0.995791
 1.12125
0.857298
  1.0633
0.986821
0.915048
0.958602
 1.04405
0.953011
0.993679
0.883441
0.806019
 1.02763
0.902728
 0.99333
 1.02335
0.980829
 1.18024
 1.14517
 1.16675
0.932327
0.877091
0.781508
 1.05106
0.875544
0.981257
0.911469
0.977477
0.900751
0.910305
 1.07519
 1.09509
 0.94809
0.981151
 1.03613
0.956818
0.973134
0.838671
0.897446
 1.06359
 0.98857
0.939638
 1.03373
0.871876
0.987366
 1.04483
 1.04758
 1.11227
 1.11817
 1.07673
 1.00276
0.998308
0.997198
 1.08797
 1.06051
  1.1033
 1.01215
0.882329
 1.00414
 1.14785
 1.08205
 1.11803
 1.07952
 1.11627
0.816372
0.867432
 1.28066
  1.1521
  1.0603
 1.00099
 1.12482
 1.00266
 1.17244
0.963589
0.981009
0.969519
 1.04386
0.948639
 1.21284
 1.11276
0.866233
 1.04481
   1.141
0.853412
0.995353
0.900155
 1.05566
 1.02182
0.990061
0.965155
0.958811
 1.04898
 1.01708
 1.17233
  1.0123
0.936842
0.908492
0.979879
0.896222
0.849026
 1.04353
0.984943
 1.16213
 1.17706
 0.95744
 1.06112
 1.00224
0.947241
 1.10041
  1.2902
0.948565
0.912825
0.989351
 1.13942
 1.01478
0.930198
0.963458
0.864501
 1.00066
 1.07974
 1.05527
 1.25357
0.896292
0.949023
0.984282
0.889403
0.939615
0.917866
0.925461
0.906422
0.970204
0.945501
 1.04723
 1.01495
0.981344
 0.85134
0.936936
 1.18569
 0.92477
 1.15731
 1.07033
0.980688
  0.9417
0.918639
0.901679
0.929583
 1.12733
 1.02215
0.916814
0.998934
 1.00052
0.983488
 1.12189
 1.13591
0.910982
 1.01028
 1.04733
0.852319
 1.06727
0.889038
 1.00346
0.949225
0.985181
 0.91637
0.851389
0.952901
0.811534
 1.10637
0.948532
0.994993
0.945425
 0.80435
0.858477
 1.01382
  1.0904
 0.92041
0.985647
0.911945
0.868692
  1.0096
0.923505
 1.10165
   1.118
0.859496
0.990772
0.972823
 1.09203
0.952042
0.980431
0.932196
 1.01049
 1.08444
  1.0031
0.972458
 1.06391
 1.00329
 1.09981
0.856345
0.979522
0.985834
0.983723
0.992543
0.948128
0.893047
 1.06769
0.855566
0.969092
  1.1523
0.999316
 1.00265
  1.0808
0.967231
0.991204
 1.00456
 1.20783
0.969325
0.973713
 1.13643
0.945441
 1.01541
 1.02007
0.892953
 1.03807
 1.13281
 1.05076
0.941198
0.952811
  1.0742
0.941731
0.909448
0.972572
0.815475
0.927771
0.993737
 1.03656
0.959337
 1.01637
0.891769
0.829133
 1.01766
0.894687
0.857394
0.926235
  1.0601
0.910266
 1.19213
 1.04357
0.951181
 1.06163
0.961231
0.998927
0.979575
0.903209
 1.06323
0.909948
 1.11637
0.947898
0.958293
0.838621
 1.08116
0.819079
 0.91709
 1.04288
 1.01472
0.886057
 1.05725
0.907622
0.958031
0.962429
0.891815
 1.12198
 1.01886
0.887847
 1.03799
0.907771
0.970872
 1.15029
0.841168
 0.89916
0.988152
 1.10071
   1.081
 1.00523
0.954551
0.947402
0.947839
 0.89345
 1.03437
 1.11436
 1.10537
 1.01396
0.944156
   1.131
 1.00352
0.972287
0.929515
 1.06535
0.910454
0.979629
0.962623
0.959631
0.928896
0.847991
 1.18059
0.986894
0.948637
 1.02615
0.926058
 1.02851
 1.08912
0.933026
0.920328
0.933546
 0.90406
 1.04137
 1.19013
0.939014
 1.00506
 1.03402
  1.0744
0.969889
 0.96145
0.996459
 0.85883
 1.02251
0.857021
0.801162
0.868456
0.984062
 1.00358
 1.02245
0.857961
 1.00164
 1.06381
 1.07386
0.950564
0.940786
0.918326
 1.00458
0.953031
 1.02456
0.927651
 1.06648
0.967866
 1.02116
0.984796
 1.15667
0.946064
0.930589
0.967441
 1.04512
0.957443
  1.1322
0.851204
0.974255
0.869409
0.811894
0.908718
 1.01747
0.765181
 1.14183
0.931201
 1.06159
0.839804
 0.91691
 1.05857
0.987387
 1.04872
0.964022
 0.99319
 1.24608
  1.0236
 1.01353
0.927019
  1.0366
0.913287
0.901918
