 8.85376
 10.5853
 7.01601
 11.4867
 3.25585
 10.9776
 5.58277
 9.83621
 6.36897
 9.25495
 4.53838
 11.0228
 7.29107
 12.5357
 7.39182
 11.5901
 6.48974
 15.0708
 5.72534
 4.72008
 11.8094
   12.64
 10.1066
 15.6659
 7.49591
 6.08046
 8.39972
 13.4312
 11.5945
 10.5993
 6.15103
 12.7796
 8.64555
 9.00282
 12.7318
 9.20828
 12.3004
 12.2624
 11.4575
 13.8022
 14.6964
  11.683
 7.97953
 10.8985
 10.9721
 14.7239
 17.6321
 24.4702
 8.76106
 10.6527
 19.1289
 17.2192
  13.194
 16.7648
 11.1008
 12.2613
 6.96981
 13.4322
 20.7934
  10.505
 13.9819
 10.2993
 13.1497
 18.8967
 10.2364
 10.5536
 7.09439
 10.2903
 16.9271
 12.8577
 8.85868
  8.3686
 10.7321
 14.5654
  11.077
 7.34947
 12.9326
 14.4506
 10.4314
 7.28623
 10.2096
 5.88276
 8.76656
 6.36268
 9.14879
 8.60126
 8.74744
 14.0143
 6.66153
  10.939
 8.19171
 7.20483
 7.50519
  5.3383
 13.0937
 11.0622
  5.8844
 8.32086
 9.87916
  14.453
 11.0541
 16.9725
 11.5383
 3.63231
 12.8734
 13.6819
 5.38141
 7.40354
 9.03859
 11.2269
 8.97417
 9.01621
 4.80748
 14.4412
 10.4237
 7.27701
 6.07038
 13.0427
 11.6208
 5.05609
 5.65182
 4.68611
 12.4214
 12.6189
 5.35479
 8.72593
 6.84482
 15.6695
 9.46675
 11.6256
  6.5015
 10.0737
 8.10029
 10.1923
 7.16519
 6.34042
 9.32502
 7.99775
 7.81178
 6.53776
 7.76271
 12.6213
 8.55972
 19.7114
  13.991
 10.1581
 6.09999
 7.51651
 6.16853
 13.7264
 6.43939
  12.422
  14.081
 13.4292
  6.7007
  9.7021
 20.8109
 13.0589
 7.90977
 15.6427
 11.8911
 5.67254
 10.6529
 20.0552
 9.58479
 12.2992
 13.6718
 7.48991
 13.3356
 11.8654
 12.5908
  11.992
 10.7683
 7.45422
 6.44822
 10.9541
  16.751
 2.79201
 14.6532
 11.1504
 6.87495
 13.0145
 8.53348
 6.50689
 11.7058
 7.81593
 10.5053
  4.6312
 8.11477
 6.81324
 11.3966
 10.0116
 7.25314
 19.6653
 10.0804
 5.78451
 7.78675
 11.6029
 15.2275
 12.0639
  10.352
 22.2486
 17.7485
 16.3191
 6.62503
 14.7565
 16.2504
  10.503
 13.6046
 4.36951
 10.5272
 16.8397
 4.48928
 8.33213
 17.0471
 4.22423
 11.1743
 21.4512
 14.1793
 8.86575
 10.5797
 11.8342
 14.2634
  9.3903
 11.6945
 9.12355
 10.8429
   12.69
   19.32
 5.45235
 12.8853
 4.20057
 14.4493
 11.9049
 16.2283
 15.2828
 6.68178
 16.9186
 13.1289
 13.8296
 9.35445
 9.93696
 4.61896
 13.2585
 7.56785
 8.81707
 7.34743
  6.7919
 11.1851
 11.0675
 13.5892
 13.2298
  15.991
 4.48029
 10.2889
 6.03164
 10.0116
 6.44241
 15.2998
  8.6791
 14.2022
 9.21563
 6.31002
 9.23782
 5.52558
  12.242
 9.09348
 12.3446
 5.27116
  13.462
 4.97328
 5.43325
 7.99879
   7.563
 5.02505
 7.65265
 11.0225
 9.06854
  8.4519
 9.12023
  4.8651
 5.46292
 8.95723
 7.54624
 10.5813
 4.58489
 7.08714
 10.5427
 10.2577
 9.69365
 6.77285
 11.5017
  16.413
 9.48329
 12.5704
 16.2119
 5.89231
 12.3339
 17.0443
 8.43167
 3.34447
 4.44587
 10.6647
 7.82779
 12.2644
 14.9086
 14.1774
 4.06904
 9.21487
 10.0602
 7.26912
 9.09422
 15.3072
 3.58203
 14.9277
 17.1979
 6.66814
 13.8164
 10.1209
  13.342
  9.9661
 8.85496
 9.13713
 16.4216
 20.7928
 9.01615
 9.76871
 17.0115
 12.3327
 10.1729
 11.5955
 12.1249
 12.0853
 19.1771
 6.49156
 13.9838
 10.2549
 14.6773
 5.21061
 8.81455
 10.9206
 12.4145
 17.5557
 10.1332
 16.1288
  16.376
  14.704
 11.1048
 8.44046
 20.6459
 16.8771
 11.0695
 8.59201
 12.5249
 9.37644
  5.8175
 15.3258
 6.20649
 12.8795
 10.7363
 7.89838
 12.7167
 6.93102
 12.7325
 9.77429
  8.7645
 18.8112
 21.1237
 13.6964
  9.0142
 10.3473
 16.0932
 8.74085
  8.2086
 9.70725
 9.77753
  8.2301
 8.38351
 10.6044
 6.66549
 6.50942
 13.8082
 7.60893
 3.62264
 16.2959
 10.0345
 6.71133
 9.50839
 8.50108
 9.55832
 13.8195
 11.5538
 8.42589
 7.93268
 8.93728
    5.98
 6.51934
 8.58114
 19.3182
 4.91796
 13.0153
 7.96832
 5.24104
 7.86685
 11.3899
 3.85076
 4.26027
 6.91785
 9.30679
 12.2683
 10.6349
  14.219
 19.0885
 18.7949
 13.3379
 12.3704
 10.5246
 14.8788
 14.1709
  15.094
 21.2253
 8.82577
 9.02418
 15.1678
 8.97617
 13.4844
 13.1552
 19.1826
 9.66986
 10.2713
 15.4974
 12.4903
 8.91706
  8.3507
 13.5238
 10.1648
 9.61044
 12.2846
 10.9453
 19.8206
 9.20291
 12.0655
   7.823
 2.42942
 10.0881
 9.22883
 5.12296
 7.01547
  3.5057
 5.61986
 10.8289
 10.4589
 7.43555
 11.7236
 17.5454
 6.45064
 8.56382
 13.4915
 2.17918
 12.0428
 11.5571
 6.03318
 11.4108
 6.04466
 13.0296
  12.008
 16.9652
 4.19217
 11.1702
 8.19872
 15.9971
 7.60177
 5.37642
  11.765
 13.3884
  11.666
 2.90635
  6.8497
 14.9009
 11.9285
 15.5118
 14.9527
 13.8552
 12.6088
 9.80532
  18.161
 15.4712
 17.5862
 10.5263
 17.7124
 14.1153
 8.69487
 16.8803
 16.4198
  6.8285
 18.4122
  19.012
 14.8857
 17.8661
 10.7109
 14.7551
 22.3113
 11.4268
  9.2201
 8.03354
 7.25091
 12.9727
 16.0243
 9.00883
 23.2376
 15.3994
 13.2396
 15.1477
 19.0706
 11.7414
 12.2791
 10.8242
  10.927
 5.86481
 9.68865
 13.2802
  17.101
 18.7774
 11.6921
 7.18662
 11.3995
 6.51556
 8.57896
 6.08669
 8.04602
 10.6638
 8.33762
 14.0338
 16.2093
 8.26876
  4.8446
 9.39977
 16.1817
 7.69281
 7.71298
 10.9911
 9.28274
 8.69681
  17.368
 8.40142
 7.66396
 6.86577
 6.24657
 15.4309
 8.40118
  9.7486
 8.24494
 8.59304
 7.00668
 7.36734
 13.6994
 12.9059
 12.0974
 7.85346
 9.87318
 9.63735
 7.47436
 17.2268
 17.5218
 2.90312
  5.3457
 14.3126
 10.5448
 7.55926
 8.55991
 9.44837
 6.65588
 7.31854
 9.67844
 17.4525
 13.3199
 13.0411
 5.31222
 3.58195
 14.5446
 11.5627
  7.6721
 9.51485
  7.2053
 15.2592
 7.32543
 7.21168
 20.5143
 8.45595
  6.6552
 11.3422
 17.7221
 16.8989
 9.99513
 7.17141
 5.94172
  10.536
  21.144
  11.657
 9.52151
 8.79088
 4.28709
 6.52312
 13.4167
 11.4197
 9.93094
 11.0207
 12.9007
 12.9043
 7.32817
 5.45953
 7.28367
 4.60117
 7.61885
 6.25568
 4.77062
 8.77371
 11.6858
 13.8674
 10.6156
 17.4086
 8.69858
  7.5945
 10.4792
 4.94079
 9.92239
 14.7147
  12.391
 12.9517
 10.2511
  10.259
 10.5187
 10.1391
 16.3422
 12.2174
 14.0979
 12.0965
 14.4661
 16.9996
 16.3831
 21.2729
 12.2346
 13.2157
 9.45819
 13.9643
 16.9203
 23.1558
 7.39543
 8.66407
  8.7083
 7.73067
 16.5085
 15.1341
  7.5258
 11.2269
 11.8274
 8.68182
 13.4479
 8.78613
 8.38249
 7.43889
 14.1967
 7.70304
 13.9756
 11.0066
 10.3894
 23.8723
 5.76256
 11.8523
 7.27159
 11.6291
 6.41405
 8.37347
 14.3763
 8.52873
 7.32648
 9.46007
 11.2463
 13.1764
 8.94115
 8.39534
 6.41174
 15.2875
 8.32704
 13.8281
 7.26502
 7.18253
 14.0598
 3.20263
 7.22055
 6.99718
 5.41844
 12.6808
 10.2368
 16.2987
 5.67276
 7.32273
 4.84584
 13.7149
 16.7872
 10.8367
 11.4869
 5.13967
 8.43191
 14.2335
 8.18346
 14.1241
 14.0958
 8.11037
 7.80814
 4.57052
  10.485
 4.41429
 18.0405
 11.3318
 7.03738
  11.504
  7.6599
 13.2306
 18.8983
 7.75498
 12.2827
 6.81806
 12.9613
 12.1593
 13.4404
 13.3173
 12.5687
 2.02745
  11.382
 5.00443
 10.4711
 9.18973
  7.9031
 6.43295
 8.79198
 2.04989
 14.0295
 7.72392
 11.7717
 13.6114
 14.0505
 10.1662
 7.46521
 12.6664
 10.6422
 10.3473
 5.19206
 9.85549
 6.86149
 17.7204
 17.8096
 3.78477
 9.08514
 5.07644
  10.243
  17.846
 5.52856
 13.7732
 6.88688
 13.2785
 5.40372
 14.4387
 6.83404
 8.27983
 7.54802
 22.9669
 7.91896
 11.7824
 12.5534
 15.6958
 12.9908
 11.9512
 8.40512
  8.2704
  7.1006
  16.791
 10.8034
 14.8244
 5.33643
  5.8998
 8.53984
 17.3994
 13.8883
 10.3665
 11.8776
 12.6604
 9.69996
 16.9946
 6.10276
 8.52177
 13.3099
 15.4289
 11.2752
 3.88539
 12.2863
  8.9852
 10.4084
 7.75436
 12.9159
 11.0334
  10.055
 12.9123
  10.706
 15.7476
 5.56628
 10.1561
 19.6914
 10.5607
 9.42966
 5.79111
 23.7751
 9.16562
  8.6517
 12.1132
 9.95918
 7.54329
 10.6764
 13.0219
 12.8198
 8.71595
 7.78031
 15.2764
 9.75448
 6.18047
 9.79487
  8.5695
 14.1109
 9.22568
 13.0902
 8.17636
 11.0488
0.711103
 3.71718
 7.89852
 14.0392
 8.03179
   7.237
 4.26808
 5.97028
  6.6295
 10.4565
 15.0572
 11.1246
 4.42451
 20.2006
 11.9474
 3.96295
 8.07898
 7.33103
 6.65524
 11.6312
 8.35531
 15.2779
 9.52099
 10.7253
  11.486
 11.9696
 9.57939
 2.49619
 5.69914
 11.7238
 10.1588
 7.49492
 12.5665
  5.2773
 11.7531
 4.11038
  7.7594
 16.0484
 12.5492
 18.4901
 9.22941
 7.37196
  10.708
 8.38666
 10.4135
 10.7731
 14.5215
 4.61307
 12.9723
 13.5009
 5.32421
  12.649
 9.73471
 14.0144
  19.396
 6.83764
  14.774
 8.84103
  13.112
 5.04947
 19.9678
 11.5837
 18.1937
 6.92728
 7.09902
 10.8738
 8.45353
 4.16842
 5.09991
 8.47685
 15.4955
 7.56731
 5.85908
 7.83108
 5.80636
 18.3571
 12.2188
  15.241
 7.90625
 7.72738
 5.21466
 10.3369
 10.8055
 5.21978
 20.0185
  7.0549
 9.29013
 9.94594
 8.17145
 10.2496
 8.85803
 6.80129
 7.00174
 3.90039
  13.144
 5.66767
 16.7419
 8.72771
  7.7393
 14.9188
 9.09297
 15.4486
  10.083
 12.9982
 7.49777
 12.9302
 11.0247
 16.7994
 3.88508
 14.6611
 12.9375
 6.91874
 9.70992
 9.48617
 7.15355
  10.301
 15.1237
 7.73261
 10.8333
 8.02334
 8.85007
 7.34289
 13.0297
 6.45222
 11.4569
 9.15969
 13.3723
 14.2054
 8.37988
 8.89753
 11.9634
 15.1622
 13.2359
 6.41162
 13.2489
 10.4132
  11.367
 9.16486
 14.3106
 11.5647
 13.6538
 14.9413
  14.945
 9.39271
  10.323
 11.2894
 7.53815
 8.86739
 17.2524
   10.58
 9.62719
 6.80232
 8.58414
 11.2192
 11.1071
 12.6541
  7.7356
 9.62641
 11.8022
 8.09177
 7.80376
 6.58548
 8.32965
 7.40797
 3.33466
 5.75635
 4.55259
  12.672
