 1.06671
 1.12071
0.993891
 1.05867
 1.15862
 1.15919
 1.09096
 1.04174
0.882401
 1.20831
 1.25427
0.936094
 0.87386
 1.00643
 1.11221
   1.118
0.969137
0.902396
0.960784
 1.03997
 1.04913
0.950482
0.997154
 1.02907
 1.15962
0.995301
 1.00778
 1.04325
 1.03171
 1.16105
 1.17672
 1.07029
 1.18983
0.954523
0.927181
 1.16295
 1.10802
0.985886
 1.11049
 1.12182
 1.10605
 1.09583
 1.15092
 1.33876
0.964278
 1.00636
 1.05115
  0.9927
 1.14037
0.926571
0.926199
 1.03213
0.899663
 1.04948
 1.29392
 1.08707
 1.28615
 1.16819
 1.32351
 1.31213
 1.24015
  1.1837
 1.26827
   1.041
 1.42958
 1.44328
 1.51487
 1.48177
 1.06301
 1.04692
 1.23554
 1.20475
 1.21347
 1.09508
 1.24921
 1.20648
 1.39764
 1.10048
 1.25973
 1.12349
 1.23878
 1.24389
 1.00733
0.949738
 1.26847
 1.00995
 1.16086
 1.36793
 1.36842
 1.04724
 1.09532
0.995432
0.937575
 1.01371
0.906028
 1.01607
 1.26973
 1.15907
 1.05003
 0.95457
0.982686
 1.10235
 1.03525
 1.16563
0.924531
 1.06679
  1.0477
 1.00574
0.954523
 1.07145
 1.08859
0.887316
  1.1182
 1.20461
 0.96081
 1.24535
 0.99456
 1.24065
0.963549
0.919938
 1.09565
 0.99656
  1.2314
 1.05263
 1.25778
 1.22477
 1.36404
  1.3386
 1.43891
 1.02295
 1.14974
 1.10356
 1.02723
 1.00435
 1.18171
 1.09546
 1.04957
  1.4828
 2.29334
 2.00981
 1.55229
 1.22801
 1.38051
 1.42142
 1.29022
 1.43828
 1.90107
 1.84301
 1.26218
 1.08576
  1.3254
 1.44831
 1.22789
 1.06366
 1.10703
 1.34834
 1.27117
 1.50678
 1.28205
 1.17403
 1.05267
 1.31277
 1.18218
0.947588
 1.07422
0.954263
0.999594
0.974354
 1.03423
 1.05681
  1.1631
 1.20662
 1.22482
 1.10079
 1.15466
 1.21097
 1.09419
 0.94361
 1.05169
 0.95649
 1.03679
 1.08458
0.962125
 1.18698
 1.00929
 1.12271
 1.27604
 1.08735
0.842575
 0.95608
 1.00009
0.884365
0.915911
 1.26515
0.955844
 1.12186
 1.17029
 1.06325
0.996004
 1.20538
0.944985
 1.11044
 1.13587
 1.22864
0.962721
 1.06191
0.970206
 1.13823
 1.03448
0.966483
 1.18556
 1.00563
 1.01818
0.946681
0.969388
0.904661
 1.03415
 1.04498
 1.02168
 1.02135
 1.15708
 1.15179
 1.12285
 1.08141
 1.12719
0.984275
0.970921
 1.07593
 1.08702
 1.03075
 1.09482
  1.1491
 1.02451
0.992034
 1.10237
 1.33323
 1.00184
0.960619
 1.12045
0.955346
 1.05286
 1.03601
0.970895
 1.18004
 1.25664
 1.08358
 1.07192
  1.1018
 1.06947
 1.00614
0.933796
0.956683
 1.05943
 1.05799
 1.02709
 1.01472
0.922185
 1.05872
  1.0916
 1.08928
 1.07362
 1.11808
0.963647
 1.04984
0.913729
 1.23818
 1.02782
0.995686
 1.05695
0.957613
0.899264
0.992591
 1.02127
 1.26443
0.985592
0.934906
 1.22514
 1.02309
 1.03156
0.965501
  1.1439
0.923433
0.950315
 1.11545
 1.03413
  1.1038
0.991988
 1.09814
 1.04969
 1.13349
 1.04749
0.895335
 1.04948
0.930204
 1.28751
0.968592
0.931729
 1.12141
 1.10679
 1.07702
 1.10628
 1.00149
0.885062
   1.128
 1.05172
0.900057
0.995665
 1.01295
0.949857
 1.14473
 1.18376
0.985189
 0.93075
 1.13458
 1.04383
 1.10118
 1.01051
0.895999
0.967363
 0.99055
 1.04297
0.990435
 1.07651
0.982555
0.998197
 1.07137
 1.17031
 1.10281
0.849664
 1.06729
 1.23394
 1.09715
 1.02952
 1.09074
 1.06112
0.861951
 1.16511
  1.0527
 1.19539
0.923847
 1.13449
 1.05523
 1.15236
 1.09804
 1.12542
 1.11328
0.992937
0.999947
0.931396
 1.06663
0.952317
 1.39912
0.909724
 1.02718
 0.99947
0.990904
0.827234
0.930555
0.898625
 1.05259
 1.01817
 1.13852
 1.04492
   1.183
0.991572
 1.04158
0.898102
  0.8734
 1.13302
 1.07974
 1.04564
 1.07475
 1.00075
 1.19893
 0.98877
 1.03924
0.867878
0.953105
 0.99188
 1.18552
0.988121
0.943636
0.878456
0.990285
 1.06473
 1.06733
  1.1338
 1.02388
0.935215
  1.1174
 1.07052
 0.98684
 0.98889
 1.03711
0.977835
 1.02886
 1.07969
0.973934
0.911289
 1.09625
 1.06699
 1.15744
0.972974
0.988847
 1.03751
 1.12457
0.990496
0.962544
0.923014
0.966793
0.992217
 1.08783
 1.28263
 1.12962
 1.27854
0.980754
 1.07456
0.964222
  0.9197
 1.16576
0.994676
 1.12743
 1.13853
 1.11306
 1.17591
 1.13157
0.961221
0.989594
 1.07239
  1.0195
 1.03193
 1.02126
 1.10978
 1.34757
 1.04792
 1.13082
0.910153
0.765512
 1.13605
 1.17238
0.949821
  0.9456
0.945496
0.945267
 1.28504
 1.00649
0.931151
0.950415
0.961791
0.894857
0.991795
0.930524
0.949235
0.866165
 1.14304
 1.08899
 1.12324
  1.1545
0.933313
0.876649
 1.06879
0.967074
 1.01693
 1.06448
 1.03467
 1.09653
  1.0107
 1.10723
 1.09966
 1.16197
 1.03789
  1.0053
 1.19297
 1.03184
 1.18766
 1.26335
 1.14585
 1.09469
 1.16122
 1.06902
 1.10953
 1.34004
0.971436
 0.97557
 1.26826
 1.11322
 1.07417
 1.07635
 1.11382
 1.10609
 1.01564
 1.20787
  1.1187
 1.11496
 0.99749
0.935787
0.990159
0.957479
0.991136
 1.04227
0.986258
 1.14161
0.992755
 1.32288
  1.0136
 1.00298
0.812337
 1.11174
 1.09276
 1.01363
 1.11064
 1.01142
0.955116
 1.07104
0.918693
 1.06944
0.984522
0.962892
0.990221
0.982424
  1.0823
 1.12778
 1.04877
 1.04607
0.974143
 1.14285
  1.0549
0.998168
0.999314
 1.03979
 1.00423
  1.1893
   1.066
0.962811
  1.1643
 1.13883
  1.1218
0.927512
 1.04356
 1.18402
 1.11612
 1.09904
0.909149
 1.13747
 1.11829
 1.12603
 1.53949
0.937969
 1.12118
0.952193
0.909191
0.918163
 1.09371
 1.21667
 1.08976
 1.09512
  1.0898
0.954567
   1.115
 1.14448
 1.04828
0.910548
 1.16523
 1.20366
0.856332
0.979959
 1.02161
0.993369
0.969232
0.933726
 1.01177
 1.12564
 1.09019
0.989041
 1.07354
 1.13593
 1.17879
 1.03371
 1.16056
 1.16898
 1.16546
0.963642
 1.13225
 1.08799
 1.08503
 1.11872
0.983941
 1.24179
 1.09248
 1.08592
0.892124
 1.10499
 1.04405
 1.12914
0.975531
 1.19561
 1.06638
 1.01425
 1.08716
 1.08252
  1.2806
0.935859
 1.28755
 1.38746
 1.18272
 1.12948
 1.05963
 1.34077
 1.59299
 1.47069
 1.36528
 1.18962
 1.35376
 1.19577
 1.32231
 1.47997
  1.3707
 1.14446
0.914753
0.978709
 1.05302
 0.88951
0.963921
 1.06409
 1.05834
 0.94604
 1.16593
 1.17758
 1.32446
 1.05697
 1.23689
0.997477
 1.10929
0.969842
 1.01153
  0.9757
0.936613
 1.13841
 1.17854
 0.93873
 1.13565
0.991917
 1.05821
  1.2113
 1.09393
 1.12108
 1.11778
0.990876
0.992766
  1.0009
 0.95969
 1.09998
0.985183
0.908108
 1.13794
 1.08955
0.994029
 1.03282
 1.04566
 1.33251
0.935228
 1.00448
 1.16961
 1.18595
 1.16715
 1.04434
 1.11003
 1.13228
 0.99201
0.976113
 1.04723
0.887945
 1.06981
 1.08031
 1.00362
 1.02553
0.936932
 1.04006
0.934039
0.858857
 1.12573
0.989028
0.955295
 1.06716
0.973426
0.921989
 1.00976
 0.96146
 1.01674
0.962877
 1.09502
 1.09926
 1.17736
 1.06998
  1.1465
 1.06171
 1.07007
 1.00741
 1.11656
 1.05221
 1.15791
 0.99468
0.963615
 1.12263
 1.26749
0.927048
0.976466
 1.15822
 1.03154
 0.93407
0.946554
  0.9058
  1.1298
0.997107
 1.47875
 1.37289
 1.29541
 1.35248
 1.30286
0.977889
 1.15971
 1.25158
  1.1385
  1.5505
 1.19235
 1.08325
 1.37673
 1.27289
0.912635
 1.30781
 1.23337
 1.27915
 1.06039
 1.16573
 1.17688
 1.46907
 1.13326
 1.24175
 1.21739
 1.43357
 1.37673
 1.04937
0.977425
 1.17681
 1.12436
 1.08465
 1.20827
 1.04014
0.975486
 1.10426
  1.0524
 1.00494
 1.01794
0.951363
 1.04823
0.981761
0.975187
0.963482
 1.07968
 1.13287
0.900598
 1.07485
 1.08972
 1.03759
 1.06782
0.976441
 1.07748
 1.15671
 1.04919
 1.03747
 1.23831
 1.03573
0.983212
 1.06367
  1.1607
 1.08743
0.980019
0.992578
0.964216
0.804988
 1.04405
 1.21055
0.891946
 1.00644
0.989538
0.832902
 1.17346
 1.00148
0.992109
0.982118
 1.17179
   1.023
 1.05126
0.931973
 1.22761
 1.02346
0.946194
 1.20491
 1.04414
   1.012
 1.08766
 0.90353
 1.17045
0.934403
0.967797
0.961315
 1.18553
0.987498
 1.08771
 1.08529
   1.224
 1.23084
 1.04467
 1.05081
 1.14347
 1.36447
  1.3104
 1.02455
 1.47312
 1.40159
0.938608
 1.20607
 1.05038
 1.14982
0.990276
 1.33455
0.904829
 1.31642
 1.04178
 1.19958
 1.17166
0.881569
 1.25464
 1.15038
 1.32159
 1.17354
 1.26693
 1.29687
 1.24232
 1.06171
 1.11651
 1.11991
 1.18984
0.996419
0.883933
 1.12647
0.967183
0.987556
 1.00039
 1.09697
0.944252
0.999777
0.940248
0.924355
 1.04773
 1.13459
 1.04574
  1.0605
0.952344
0.967517
 1.13057
0.982832
0.968049
 1.07531
 1.00788
0.974823
 1.08546
 1.17162
 1.12929
 1.09698
0.967618
0.996164
0.957392
0.965753
 1.16158
 1.01876
 1.00284
 1.13564
0.972044
 1.12064
  1.0034
 1.03848
 1.10296
 1.09668
 1.42542
  1.2823
 1.03712
 1.27194
 1.04237
 1.04874
 1.01142
 1.09102
 1.22368
 1.39103
 1.01857
 1.09299
 1.16722
 1.16517
 1.20571
 1.32453
 1.35002
 1.04284
 1.07454
  1.1505
 1.01527
0.997383
 1.09024
 1.06814
0.999175
 1.27211
 1.10542
0.885991
 1.00329
 1.12455
 1.10174
0.967295
 1.05212
 1.00577
 1.23741
0.860312
0.893806
0.986027
 1.04053
0.910008
 1.29922
 1.05827
0.940411
 1.02192
  1.1038
 1.04629
0.899166
 1.02117
 1.16009
 1.22271
 1.02144
0.982571
0.896698
 1.06046
 0.95587
  1.2404
 1.24395
 1.13448
0.988132
  1.0122
 1.15452
 1.09283
 1.24308
 1.09045
  1.5343
0.982654
 1.33392
 1.13093
 1.22116
  1.3034
 1.19932
 1.06471
 1.21334
 1.17443
 1.04248
 1.35549
 1.10325
 1.00497
0.998458
0.958397
 1.01005
0.954494
 1.09907
0.950252
 1.26832
 1.24062
 0.97003
  1.0663
 1.08022
0.888713
0.887485
 1.08023
0.878434
 1.06839
 1.12223
0.975031
 1.05759
 1.05735
0.998259
 1.04312
 1.18252
0.998985
0.920657
 1.11074
 1.15395
 1.11949
 1.04815
 1.15665
 1.01387
 0.99569
0.936581
 1.10266
 1.02781
 1.16128
0.960339
0.977561
