 1.11445
 1.17369
0.891821
0.961806
 1.15043
0.920328
 1.33905
 1.01162
 1.04653
 1.01899
  1.0094
0.965031
 1.15226
0.900982
 1.09324
 1.09698
 1.08093
 1.18945
 1.00364
0.942744
 1.18774
0.993916
 1.07509
 1.03536
  1.1516
 1.01668
  1.0177
0.923683
 1.11744
  1.0215
  1.2183
 1.01472
0.979767
0.882302
   1.045
0.928617
  1.0581
0.995687
 1.16132
 1.06949
 1.04636
 1.03245
 1.09578
0.954861
0.891078
  1.0721
0.976177
 1.05049
0.985942
 1.01923
 1.09463
 1.10333
 1.17879
 1.07103
0.936651
 1.08502
0.981405
 1.06881
 1.05376
0.954927
 1.13014
 1.13484
 1.08399
 0.92862
 1.08798
 1.06997
0.957022
0.922153
0.909373
0.944146
 1.08069
   1.156
 1.05106
 1.06402
 1.02161
 1.04496
 1.05011
 1.01674
 1.12858
 1.05789
0.954083
 1.04218
0.835776
 1.06882
0.883922
 1.02056
0.970587
 1.00031
 1.06947
 1.02929
 1.12767
 1.15909
 1.11598
0.911835
0.961691
0.964805
 1.07063
 1.14963
 1.03857
 1.02892
 1.17636
0.931244
 1.06795
 1.06948
0.969207
 1.10691
 1.14274
 1.05134
0.979642
 1.12703
 1.15592
0.996993
0.966736
 1.35021
0.899752
 1.06262
 1.02779
 1.20023
0.979775
 1.12262
 1.09776
 1.12914
 1.22243
 1.05195
  1.0345
 1.15982
 1.17205
 1.08705
 1.21254
 1.01089
0.980037
 1.03638
 1.23311
 1.09909
 1.11086
 1.18126
 1.12696
0.988231
 1.13457
 1.12509
 1.14112
 1.09566
 1.02622
 1.14019
 1.19474
 1.01012
 1.05954
 1.06108
0.811964
 1.19965
 1.04919
 1.11108
 1.10406
 1.21422
 0.99317
 0.99376
0.976452
 1.07762
0.957992
 0.88175
 1.02426
 0.92732
 1.13142
0.852331
 0.98864
0.983621
0.976161
 1.10883
 1.05622
0.776697
0.988259
 1.03895
  1.0612
 0.99722
0.929758
  1.0791
 1.13289
 1.02845
0.903365
 1.13506
 1.17146
0.919656
 1.16103
0.963912
0.973186
0.927427
 1.03548
 1.04008
0.931607
 1.16194
 1.19027
 1.05853
 1.01245
 1.21843
 1.17444
 1.08723
0.905514
0.908569
  1.0404
 1.16901
 0.96002
 1.21166
0.992761
0.991892
 1.06736
0.944503
 1.10686
 1.35719
 1.18697
 1.41379
 1.33151
  1.1804
 1.52113
 1.35281
 1.24467
 1.21336
 1.62021
 1.23478
 1.32476
 1.02459
 0.77446
 0.89633
 1.03598
 1.03092
 1.00813
 1.02011
0.999215
0.940192
 1.27655
 1.13156
 1.06509
0.922907
0.977623
 1.08476
 1.12307
  1.0537
 1.08087
 1.20326
 1.23469
 1.06341
 1.04009
 1.20826
 1.00216
 1.08035
0.918378
 1.11837
 1.20059
0.873569
0.921748
 1.04074
0.965605
0.989267
 1.13368
0.928001
0.877319
  0.9221
0.988076
 1.16792
 1.15557
 1.19612
 0.96387
0.970823
  1.1356
  1.1274
 1.03717
 1.07602
 1.01804
 1.08543
 1.05714
0.946701
 1.06834
 1.10974
0.924999
 1.04166
 1.05736
 1.02266
 0.97705
0.968463
 0.85564
 1.04292
 1.01986
0.967622
 1.04255
 1.10437
 1.13408
 1.04269
0.996274
0.957494
 1.01227
0.978036
 1.16881
 1.06049
0.992544
0.950393
 1.07628
 0.98979
 1.14734
 1.06853
 1.10176
0.959843
 1.11573
 1.28091
 1.05453
0.958649
  1.0429
0.845058
 1.06293
 0.97451
 0.93129
 1.07986
 1.15044
0.912194
 1.09004
0.866822
 1.00119
 1.05232
 1.06099
0.929736
 1.09471
 0.96869
 1.06451
 0.97539
 1.02994
 1.03774
0.947323
  1.0272
 1.19264
 1.22048
 1.07072
0.970571
  1.0716
 1.07313
 1.15482
 1.08575
  1.2742
   1.054
0.951096
 1.04948
 1.15059
0.937884
 1.08407
 1.04709
 1.06656
 0.85839
0.854583
 1.03933
0.959863
 1.02335
  1.0478
 1.05132
 1.16676
 1.02591
 0.99053
 1.01013
 1.18487
 1.04328
 1.00565
  1.1016
 1.11395
 1.19283
0.898164
 1.03022
 1.22742
0.910104
 1.17797
  1.0001
 1.08499
0.909677
 1.13681
 1.09292
 1.10404
  1.0845
0.927204
0.980307
 1.02331
0.907002
 1.08386
 1.12672
 1.00009
   1.024
0.983669
  1.1129
 1.08067
 1.19248
 1.08265
 1.02515
0.917433
0.873532
 1.10664
 1.06659
 1.00839
0.867833
 1.17626
 1.20942
 1.02099
 1.16064
0.984176
0.954489
 1.12577
 1.13623
0.955504
 1.04319
 1.05799
0.957227
0.998333
 1.13899
 1.03988
 0.94864
 1.02098
 1.02022
 1.03272
0.911066
 1.06592
0.909818
  1.2441
 1.01526
0.996922
0.927092
0.979163
0.995789
0.936387
 1.09967
 0.98434
0.993896
 0.94173
 1.02121
 1.02063
 1.02406
 1.04957
0.876008
 1.03429
 1.05216
0.918207
 1.04409
 1.06806
 1.02637
 1.09044
 1.00437
 1.67559
 1.39958
 1.38506
 1.13006
 1.05324
 1.36529
0.997974
 1.09914
 1.15723
 1.11377
 1.18156
 1.02199
  1.1193
 1.12522
 1.34534
 1.08399
 0.92002
0.907441
 1.07023
 1.12638
0.893301
 1.14517
  1.0181
0.937414
 1.06973
 1.12356
 1.01094
 1.07412
0.891244
 1.07892
 1.02629
 1.11737
 1.04281
0.995949
 1.17715
 0.92231
0.973459
  1.1617
 1.00977
0.995573
 1.08462
 1.05521
 0.99922
 1.05102
 1.14329
0.794712
0.942261
 1.19076
 1.15243
 1.02729
 1.02654
 1.17227
0.944615
 1.12018
 1.04703
 1.06789
0.953413
 1.02094
 1.07454
0.988572
0.906905
0.928559
0.963087
 1.06236
0.868996
0.923867
0.981393
 1.00797
  1.0742
 1.09412
 1.13417
0.934409
 1.04868
0.981166
 1.07203
0.973536
 1.03611
0.963058
0.973499
 1.14209
 1.12692
 1.05145
0.952914
 1.27388
0.986942
0.990961
0.977017
 1.07946
 1.00016
 1.07444
 1.00085
0.965847
 1.11566
0.868343
0.971034
0.914234
 1.13524
 1.08177
 1.06703
0.971493
0.905169
0.871336
 1.06352
0.952241
 1.03679
 1.11555
 1.05582
 1.11649
 1.17092
0.851887
 1.09395
 1.17438
0.882249
 1.26937
 1.04527
 1.30094
0.987961
 1.35213
 1.27579
 1.38317
 1.34975
 1.15339
 1.25229
 1.26234
 1.17413
 1.30136
 1.61256
 1.24889
 1.27147
 1.13078
 1.09499
 1.08883
 0.98852
 1.08928
0.986057
  1.1057
0.949625
 1.02721
 1.08414
0.948765
  1.0158
0.961291
 1.02823
 1.44849
 1.35818
0.935682
 1.51834
0.889218
 1.05823
 1.07198
 1.13925
   1.156
 1.53398
 1.61796
 1.51981
 1.59893
 1.31848
0.989649
 1.02762
 1.14598
0.878067
 1.02895
 1.08368
 1.07836
 1.16763
0.927983
0.944162
 1.03449
0.857241
 1.19695
0.931323
0.987005
 1.11022
 1.17286
0.956285
 1.16819
 1.05576
 1.04653
 0.99814
0.924474
0.996687
 1.03129
0.938199
0.989333
0.976426
 1.12009
0.901082
 1.03876
0.860248
0.938081
 1.01281
 1.20979
0.968646
  1.0051
0.911909
 1.13904
0.934226
  1.1137
 1.14629
0.928157
 1.12905
 1.08247
 1.08108
0.986525
 1.01023
0.787006
 1.11092
 1.03298
 0.98901
 1.10501
 1.13147
 1.06197
 1.09375
 1.14221
 1.17042
 1.04532
 1.06976
 1.27352
0.952629
 1.21646
 1.13096
0.994247
0.944703
0.987956
0.996805
 1.01879
0.893378
 1.06168
 0.84544
0.919657
 1.04618
 1.09023
 1.10833
0.914987
 1.07657
0.989959
 1.03878
 1.11601
 1.00044
 0.99951
 1.38814
 1.06434
 1.11232
 1.10473
0.844228
 1.16434
0.945982
 1.11206
 1.08591
 1.02942
0.986677
0.914448
 1.04734
0.983973
 1.11036
 1.04992
  1.1016
0.942492
 1.02632
 1.01219
 1.13587
0.986073
 1.20564
0.916285
0.960668
0.987338
 1.19314
 1.14207
 0.92142
 1.21607
 1.03661
 1.07572
  1.0026
 1.11793
0.995292
 1.10055
 1.36939
 1.32539
0.989216
  1.0539
 1.16483
 1.33486
 1.06856
   1.101
 1.40486
 1.27553
 1.31561
 1.13422
 1.34199
 1.17799
0.997963
 1.17743
 1.16891
 1.14061
 1.05117
 1.22523
 1.02165
 1.29233
 1.07808
 1.20489
 1.16634
 1.01927
 1.26774
 1.24574
 1.58504
 1.02978
 1.15408
 1.17027
 1.23175
 1.07517
0.870128
 1.07245
 1.17508
 1.11349
 1.30383
0.925065
 1.16662
 1.09461
 1.36016
 1.13129
 1.05948
 1.06127
 1.38749
  1.0566
 1.06304
 1.20166
 1.00897
 1.09276
 1.01924
 1.26668
 1.21786
 1.12439
0.986203
 1.25616
 1.12528
 1.29363
 1.02075
 1.09218
  1.2086
 1.26764
  1.1417
 1.30315
  1.0264
0.974961
0.949839
 0.99774
0.870199
 1.12906
 1.14964
 1.23845
0.940054
 1.10385
 1.39423
0.991823
  1.0297
 1.14039
 1.09307
 1.14471
 1.28532
 1.45526
 1.26765
 1.07514
 1.11123
 1.03247
 1.39727
 1.05183
0.864835
 1.03075
 1.02444
0.917093
 1.06697
0.987332
  0.9236
 1.03662
  1.1486
 1.06802
0.981291
 1.02985
  1.2382
 1.04022
 1.05059
 1.12358
 1.08132
 1.17795
0.991834
 1.03066
0.911701
0.894835
 1.10872
  0.8957
 1.09514
  1.0975
 1.17009
 1.27813
0.909862
 1.12438
0.951457
 1.17365
 1.04499
0.970287
0.977814
0.897736
  0.9521
 1.01728
 1.20594
 1.09419
 1.10272
0.914027
 1.00647
0.996073
 1.12818
0.924888
 1.03679
 1.01865
0.879725
0.922468
 1.08692
  1.1134
0.934839
0.961783
 1.00325
 1.08497
0.945473
 1.15254
 1.00124
 1.06726
 1.09851
  1.1829
 1.19676
0.853411
0.973556
0.969251
0.916774
 1.03179
 1.03842
0.967911
0.880165
0.964572
 1.02577
0.977836
 1.00236
 1.13389
 1.02721
0.964744
0.988177
  1.1304
 1.10199
 0.88197
 1.06687
0.971273
 1.17877
 1.06557
0.974474
 1.17657
 1.05803
0.866076
 1.04461
 1.11772
 1.09498
 1.18063
 1.08582
0.974906
 1.04626
0.976223
 1.19984
 1.02021
 1.04207
 1.15662
 1.05339
0.952532
  1.0503
 1.08647
 1.02211
 1.11806
 1.08746
 1.14481
0.985293
0.981301
  1.0128
 1.19977
0.979515
 1.04532
0.966333
0.849437
 1.06015
0.986343
 1.01818
0.865957
 1.07256
 1.20168
 1.03984
 1.05556
 1.13154
0.958043
 1.19458
0.999997
0.829721
 1.04217
 0.96584
  1.0263
 1.03688
0.956713
 1.00087
 1.02152
0.996401
 0.95465
0.987928
 1.04703
 1.13128
 1.17014
0.974561
 1.01864
 1.02842
 1.06525
 1.14669
0.997698
 0.89366
 1.02458
 1.14144
  1.2703
 1.09764
0.992807
 1.14247
 1.05133
0.942026
 1.00332
0.993952
 1.01541
0.958275
0.860792
 1.16768
 1.11114
 1.15875
0.958871
 1.10133
0.990346
 1.11321
0.988144
 1.15805
  1.1013
 1.21821
0.787607
 1.15934
 1.03485
0.931663
0.924692
0.921538
0.980654
0.988814
 1.05709
 1.14555
 1.19997
 1.10113
  1.0484
0.983791
 0.98625
0.935928
  1.0042
0.995776
 1.04746
0.967813
 1.08934
