  1.2097
0.917931
 1.24379
 1.05413
 1.12654
0.932116
  1.1587
 1.12541
 1.04237
 1.02578
 1.02141
 1.17129
  1.0918
 1.18449
 1.03466
 1.04575
 1.00699
 1.02993
 1.05079
 1.23442
 1.16042
 1.18847
 1.03512
 1.31185
 1.15519
  1.0739
 1.18633
 1.31265
 1.09613
0.972281
 1.05316
 1.17747
 1.01825
 1.05462
 1.10878
 1.26419
 1.16111
 1.01341
  1.2479
  1.2123
 1.13096
 1.18273
 1.17797
 1.04577
0.996229
  1.1105
 2.14763
  1.3871
 1.39071
 1.14115
 1.38519
  1.8562
 1.60015
 1.22388
 1.19307
 1.80787
 1.14624
 1.10001
  1.3184
 1.22369
 1.69335
 1.31318
 1.02782
 1.32808
  1.5284
 1.55757
 1.61157
 1.36412
 1.60338
 1.91561
  1.4292
 1.43888
 1.61832
 1.39818
 1.46991
 1.52178
 1.01024
 1.44433
 1.93363
 1.35084
 2.41851
  1.5225
 1.35317
 1.39178
 1.35353
 1.42495
 1.43858
 1.15854
 1.00735
 1.09428
 1.09934
 1.18237
 1.44638
 1.33565
 1.00771
 1.18777
 1.58596
 1.27783
 1.17331
 1.03297
  1.1509
  1.2371
  1.3159
 1.22195
 1.33586
 1.17778
 1.33218
 1.27961
 1.67038
 1.23234
 1.44571
0.950989
 1.12212
 1.22989
  1.1008
 1.41824
 1.19315
 1.16164
 1.43751
  1.1798
  1.2021
 1.19121
  1.1314
 1.25336
  1.2875
 1.36225
 2.19278
 1.83244
 1.72276
 1.68104
   2.149
 2.89686
 1.35427
  2.2309
 2.44973
 1.77607
 1.46905
 3.15086
 2.64668
 1.96754
 2.01314
 2.14051
 2.09085
 1.40956
 1.94223
 2.55586
 1.12969
 1.09061
0.969832
 1.10738
 1.12474
 1.00304
 1.04983
 1.14329
 1.08005
0.994035
 1.10481
 1.01287
 1.19048
 1.00796
 1.06413
 1.10625
 1.01745
 1.11881
0.967615
 1.27164
0.895426
  1.0378
 1.00707
0.976085
 1.11995
0.890892
 1.07021
0.924011
 1.01396
 1.12147
0.944566
 1.22071
 1.06138
 1.17264
  1.1144
 1.14395
 1.19211
 1.05297
 1.03535
 1.10462
 1.15991
  1.0912
  1.2412
 1.13933
 1.18689
 1.15239
 1.21404
 1.06616
  1.1694
 1.06339
 1.04674
 1.07565
 1.01419
 1.15294
 1.09472
0.997193
  1.1338
 1.14752
 1.25439
  1.0703
 1.12859
 1.06326
 1.03609
 1.03385
 1.14304
 1.05944
0.982911
 1.04738
 1.16748
 1.14112
  1.0458
 1.17586
 1.12738
0.987678
0.977157
 1.08336
0.917258
 1.03769
 1.05582
 1.11845
 1.31158
 1.02141
 1.11705
 1.26366
0.888371
 1.33383
 1.06066
 1.06685
 1.11804
 1.07321
0.963341
 1.15385
 1.18788
 1.16772
  1.1608
 1.05448
 1.13896
 1.20619
 1.06422
 1.02318
 1.29284
 1.10402
 1.05412
0.955716
 1.13992
 1.15798
 1.10416
 1.02633
 1.18364
 1.04002
 1.07099
 1.10842
 1.05822
 1.18008
0.987854
 1.14467
 1.11228
 1.11316
 1.15926
0.977551
 1.16284
 1.20741
 1.06539
 1.02693
0.985491
 1.11387
 1.24804
 1.14213
 1.14216
 1.10316
 1.12982
0.982225
 1.23423
 1.23864
 1.10485
 1.17863
 1.04393
 1.12944
 1.07913
 1.14324
 1.05288
0.967693
 1.12334
 1.15275
 1.17499
 1.20015
 1.06983
 1.10017
0.965827
 1.07683
 1.04239
 1.22997
 1.27727
 1.15618
0.969781
 1.20078
 1.22588
 1.07788
 1.13525
0.900783
  1.1268
  1.0576
 1.27291
 1.06296
0.981316
 1.09661
 1.06793
  1.0312
 1.05593
0.869458
 1.09869
 1.09706
0.993811
 1.04961
0.988546
0.938938
 1.11668
 1.02114
0.994908
 1.07749
 1.06354
 1.01064
 0.99449
0.940144
   1.037
0.941067
 1.22898
   1.177
 1.37567
 1.34116
 1.11226
 1.47497
 1.23865
 1.16892
 1.19414
 1.25645
 1.51869
 1.26478
 1.50096
 1.27777
 1.50511
 1.57693
 1.13434
 1.26077
 1.43352
 1.29287
 1.05696
 1.29729
 1.14082
 1.02303
 1.29171
0.994001
  1.0618
0.928034
 1.01141
 1.19987
 1.27673
 1.04531
 0.97164
 1.16747
 1.06314
 1.01794
 1.11037
 1.09463
0.972305
 1.10393
 1.27166
 1.03208
 1.21177
 1.03317
 1.05858
 1.09849
 1.08758
 1.21373
 1.23703
 1.24229
0.919235
 1.21882
 1.16577
 1.22659
 1.03604
 1.23253
 1.12468
 1.45695
0.923062
0.998388
 1.19298
 1.02196
 1.42915
  1.2838
 1.25301
 1.33801
 1.06333
 1.23562
 1.38543
 1.17478
 1.37528
 1.06119
 1.15317
 1.22922
 1.10045
 1.17823
 1.21366
 1.20499
0.987894
 1.19389
 1.28276
 1.14668
 1.27589
 1.12837
 1.02604
 1.14139
 1.23127
 1.15343
 1.03682
 1.33951
 1.35497
 1.22266
 1.17024
 1.19056
 1.09348
 1.11591
 1.12997
 1.07441
 1.11691
 1.10604
 1.22183
0.949578
 1.08492
 1.19595
 1.11543
 1.05525
 1.05324
 1.15675
 1.07566
 1.13705
 1.00248
 1.00742
 1.00363
 1.70174
 1.65789
 2.52373
 2.60496
       2
 1.47237
 2.41407
 2.53752
  1.6553
 1.92877
 1.15908
 2.16488
 1.90736
 1.71576
 2.60881
 1.86095
 1.91362
 1.25526
  1.1363
0.973916
 1.19529
 0.96263
 1.10289
 1.20453
 1.56371
 1.35207
 1.24019
 1.46936
 2.24556
 1.72234
 1.09832
 1.41809
 1.11867
 1.18672
 1.12015
 1.78975
 1.26833
 1.18837
 1.55028
 1.49426
 1.95487
 1.20395
 1.25202
 1.35908
 1.25018
 1.22308
 1.97042
 1.35252
 1.44214
 1.53831
 1.18298
 1.80995
 1.10553
 1.80552
 1.32265
 1.46267
 1.34017
 1.32333
 1.24851
 1.07692
 1.35217
 1.25674
 1.28874
 1.21917
 1.21745
 1.22163
 1.23741
 1.15071
 1.24465
 1.11905
 1.34394
 1.65567
0.825717
 1.25576
 1.15146
 1.49579
 1.16387
 1.45774
 1.37897
 1.24837
  1.3473
 1.24032
 1.10469
 1.32501
 1.15851
 1.18216
 1.20343
 1.15016
 1.10846
 1.29326
 1.24782
 1.30346
  1.0461
 1.16198
0.971913
  0.9209
 1.12715
  1.1158
 1.13563
  1.2101
 1.11494
 1.02356
 1.02847
 1.07016
 1.04169
 1.15744
0.981266
 1.04077
 1.10048
 1.04889
 1.01391
 1.30954
0.941367
 1.14444
 0.98688
 1.13758
 1.04297
0.980905
 1.06219
 1.09526
0.938621
0.978452
  1.0443
 1.11293
 1.13916
  1.1454
0.960471
0.891692
 1.25987
 1.03344
0.821816
 1.05652
 1.09001
 1.08766
0.946925
 1.12912
 1.09355
  1.1357
 1.09884
0.945722
 1.05974
 1.03773
0.969255
 1.06128
0.907615
 1.13303
0.983628
0.967271
 1.29649
   1.075
  1.2778
 1.07291
 1.11602
 1.12049
  1.0439
 1.22869
 1.09502
 1.08576
 1.14958
0.974496
 1.09662
 1.06098
 1.11221
0.958923
 1.06955
 1.03792
 1.04881
 1.20969
0.921982
0.946366
 1.08725
 1.30941
  1.0718
0.981344
 1.02887
0.949048
 1.29169
 1.10341
 1.00959
 1.10557
 1.07314
0.937627
 1.03303
 1.05873
 1.17827
 1.08687
0.965776
0.939481
 1.39946
  1.1847
 1.19312
 1.21312
 1.32525
 1.61741
 1.19241
 1.28628
 1.42653
 1.50155
 1.18561
  1.5432
 1.89701
 1.86146
 1.24662
 1.15877
 1.25992
 1.06381
 1.83884
 1.12985
 1.27263
  1.5393
 1.49148
 1.16379
 1.10643
 1.17207
 1.26103
 1.15342
  1.5078
 1.03525
 1.87544
 1.30647
 1.18106
 1.22434
 1.09342
 1.79137
 1.09883
 1.34592
 1.34153
 1.57094
 1.10381
 1.13452
 1.54945
 1.10352
 1.00329
  1.0088
0.928672
 1.74123
 1.47685
 1.23744
 1.45477
 1.41614
 1.72315
 1.51271
 1.60993
 1.22451
 1.31283
 1.29508
 1.23469
 1.67004
 1.60449
0.956006
 1.21926
 1.14434
 2.00914
 1.33139
 1.32718
 1.35718
 1.73228
  1.1951
 1.00222
 1.07719
 1.21458
  1.3894
 1.12021
 1.12977
 1.10193
 1.03167
 1.09225
  1.0682
 1.15332
 1.19562
  1.2382
 1.24772
0.895056
  1.1969
 1.07181
0.989759
 1.07521
 1.17715
 1.06459
  1.2149
 1.13212
0.987502
 1.03693
0.980237
0.995222
0.972244
 1.07888
0.988839
 1.12415
 1.21589
 1.11016
0.988201
 1.25123
 1.03022
  1.1866
 1.08897
0.963302
 1.11881
 1.02145
 1.13471
 1.21687
 1.01141
 1.04871
 1.05431
 1.05993
 1.09399
 1.06979
 1.05413
 1.00167
 1.24906
 1.48839
 1.39264
 2.16926
 1.39105
 2.17259
 1.58316
 1.71302
  1.6139
  1.5403
 1.72095
 1.51583
 1.49704
 1.21875
 1.72966
 1.68735
 1.98465
 1.41735
 1.22865
 1.43126
 1.74316
 1.21659
 1.67564
 1.05151
 1.04626
 0.99889
 1.33758
 1.09909
 1.10517
0.995672
 1.04076
 1.28516
 1.19156
 1.09257
  1.1383
0.953974
 1.02558
 1.05281
 1.14677
 1.03656
 1.02475
 1.09993
 1.15988
  1.1928
 1.13265
 1.15218
  1.0471
  1.2736
 1.16615
 1.27605
 1.13131
 1.03258
0.991857
 1.23539
 1.08135
0.915654
  1.1254
 1.08731
 1.26767
 1.07986
 1.09874
 1.27621
 1.21778
 1.26782
 1.16768
 1.10765
0.971893
0.977245
 1.18295
0.997009
0.981492
 1.18621
 1.06126
 1.04328
 1.31762
 1.14093
 1.07645
 1.15321
 1.61092
 1.39634
 1.58058
 1.61997
 1.15156
 1.50408
 1.24264
 1.19786
 1.36041
  1.4162
 1.50069
  1.3755
 1.37008
 1.82731
 1.44065
 1.01258
 1.42213
 1.21498
 1.08237
 1.29397
 1.52257
 1.22512
 1.72641
 1.03844
 1.09065
 1.18486
 1.80337
 1.64866
 1.56992
 1.36891
  1.3035
 1.23508
 1.13279
 1.57089
 1.44954
 1.61397
 1.35782
 1.64394
 1.35625
 1.84021
 1.26785
 1.25442
 1.56215
  1.1615
 1.03575
 1.74304
 1.28733
 2.08723
  1.8417
 1.22052
 1.39684
  1.2566
 1.46797
 2.09825
 2.16149
 1.18376
 1.75073
 1.12018
 1.37174
 1.45847
 1.92191
 1.34832
 1.18854
0.888584
 1.57919
 1.38597
 1.73707
 1.98834
 1.41381
 1.18212
 1.30438
 1.59548
 1.44637
 1.17698
 1.52774
 1.42528
 1.41434
  1.5802
 1.30246
 1.71597
 2.03843
 2.58464
  3.5523
 2.69826
 2.04743
 1.19637
     1.7
 1.91791
  1.7097
 2.48533
 2.03316
 1.20187
 1.02516
 1.00245
0.991805
 1.13385
 1.12838
 1.10227
 1.06563
0.984412
 1.29724
 1.01689
 1.12006
 1.19754
 1.06921
 1.18945
 1.15662
 1.01878
0.981774
 1.05204
 1.10942
 1.03429
 1.12369
 1.06173
0.895178
 1.05503
 1.08902
 1.09495
 1.05273
 1.02972
 1.07945
 1.11584
 1.22564
 1.00441
 1.21473
 1.12822
 1.05685
  1.1797
 1.00813
 1.05477
 1.12503
 1.24879
 1.03934
    1.11
 1.17256
 1.05845
 0.97523
 1.08913
 1.03336
0.979787
 1.19531
 1.03013
 1.11448
0.981269
 0.95952
  1.2868
 1.19965
 1.15962
 1.14058
 1.30313
 1.24923
  1.1626
 1.23796
 1.03446
 1.26269
 1.21307
 1.01429
  1.0151
 1.17285
 1.03399
 1.00214
  1.1364
0.998413
 1.01795
 1.06482
 1.16324
 1.09446
 0.86575
