     15.3001     0.631566     -1.85493    -0.155232   -0.0186867    -0.412998   -0.0601975     -0.35008     0.220868    -0.366338     0.245096     -0.94137      -581623     0.688637     0.171364     -2.55885    -0.322697
    0.631566      49.6552      10.8123   -0.0822979     -1.21071    -0.416711   -0.0680421     -1.09388     0.199505     0.321068      1.04365      5.12953      -840937     0.131902     0.443749            0    0.0368406
    -1.85493      10.8123      79.1262    -0.152327      4.33146     -3.73799   -0.0661138      1.37535   -0.0447429    -0.243704     -5.91787      34.2492  3.34132e+06     0.268515    -0.405634     -5.20202     -1.57124
   -0.155232   -0.0822979    -0.152327      8.69753    -0.296056   -0.0394969    0.0114749    -0.331859    0.0249447     0.429013     -0.77748   0.00989707            0    -0.574219     0.147554            0     0.177567
  -0.0186867     -1.21071      4.33146    -0.296056      15.5122      1.47616    0.0127642     0.389185     0.166799     0.335038     -0.31783      2.30759      -750427   -0.0954626     0.225164      29.7257      1.52914
   -0.412998    -0.416711     -3.73799   -0.0394969      1.47616       68.937     0.350773      3.21864    -0.997938      1.10693      5.56662     0.073781  1.77963e+06     0.623388    -0.148052      7.81135    -0.774667
  -0.0601975   -0.0680421   -0.0661138    0.0114749    0.0127642     0.350773      0.69749      4.88668   -0.0553379    -0.096728            0    -0.101608            0      3.28196    0.0380633            0   -0.0171447
    -0.35008     -1.09388      1.37535    -0.331859     0.389185      3.21864      4.88668      47.7778    -0.108924      5.09038    -0.290362     0.201015      -936382      9.52129     0.527811     -57.6724      1.30028
    0.220868     0.199505   -0.0447429    0.0249447     0.166799    -0.997938   -0.0553379    -0.108924      49.1416     -1.05724    -0.974123     -2.18335            0    -0.245351    -0.464572     -23.5596     0.528315
   -0.366338     0.321068    -0.243704     0.429013     0.335038      1.10693    -0.096728      5.09038     -1.05724      67.4695      1.11845     0.268981       826062     -13.4759    0.0842248     -58.3229   -0.0402499
    0.245096      1.04365     -5.91787     -0.77748     -0.31783      5.56662            0    -0.290362    -0.974123      1.11845      389.015     -1.20025            0     0.743515     0.566364     -32.7744      1.82992
    -0.94137      5.12953      34.2492   0.00989707      2.30759     0.073781    -0.101608     0.201015     -2.18335     0.268981     -1.20025      92.3554            0     -1.59827   -0.0154198     -42.8379     -1.04007
     -581623      -840937  3.34132e+06            0      -750427  1.77963e+06            0      -936382            0       826062            0            0  3.16403e+14            0 -4.68132e+07            0            0
    0.688637     0.131902     0.268515    -0.574219   -0.0954626     0.623388      3.28196      9.52129    -0.245351     -13.4759     0.743515     -1.59827            0      45.6893     0.240794     -41.4292    0.0207918
    0.171364     0.443749    -0.405634     0.147554     0.225164    -0.148052    0.0380633     0.527811    -0.464572    0.0842248     0.566364   -0.0154198 -4.68132e+07     0.240794      7.44957     -9.94249     0.163937
    -2.55885            0     -5.20202            0      29.7257      7.81135            0     -57.6724     -23.5596     -58.3229     -32.7744     -42.8379            0     -41.4292     -9.94249       111576      21.3284
   -0.322697    0.0368406     -1.57124     0.177567      1.52914    -0.774667   -0.0171447      1.30028     0.528315   -0.0402499      1.82992     -1.04007            0    0.0207918     0.163937      21.3284      74.1731
