    7.0645   -22.5581   -4.89129    18.0446   -5.48317          0          0
 -0.640176   -16.4876   -10.2021     28.497    3.88769          0          0
   43.9541   -12.0904   -12.3523   -19.2398   -3.35587          0          0
   9.82425   -3.31153    17.8556    5.70003  -0.890726          0          0
   13.2272   -4.65364    2.99322     2.0426    11.0676          0          0
   6.34218    3.60754   -3.23618    25.5332    -3.6308          0          0
   28.4047   -2.88087    8.37131   -12.5574     5.5008          0          0
   4.62285    12.4959   -1.54458    24.0666   -2.95655          0          0
   9.64679   -8.93543     15.199    24.5865  -0.771588          0          0
   11.3761    15.4516   -3.05332    13.1584    3.50898          0          0
   35.8303   -7.88095   -4.54735   -11.8888   -8.98533          0          0
   2.81879   -9.23998   -6.17554    8.94421    -3.5491          0          0
   10.7965   -4.01079   -6.36512     10.935    2.06913          0          0
   24.7236     -16.13   -9.59018   -10.0352   -2.55817          0          0
   4.05143    -22.063    1.35366    18.4177   -3.04168          0          0
    13.819   -20.6471  -0.668662    12.8871  -0.492692          0          0
    5.8082   -3.27257   -7.12374    7.67689  -0.436473          0          0
   21.6981   -9.89901    5.17824    4.16643    2.67977          0          0
   10.1536    10.7078   -17.4179    15.5492   -2.65555          0          0
   14.1619   -1.77233     15.547    2.64535   -4.42794          0          0
   18.1486    12.4562    4.70994     12.131   -1.51191          0          0
   3.74417    12.5745    1.59445    26.5159     13.492          0          0
   19.2793    25.7042    11.7455    12.3451   -6.14835          0          0
   13.8209    5.68577    17.0616    2.20187   -3.72396          0          0
   7.38747   -1.71023    6.11677    3.60848   -1.28787          0          0
     30.88   -15.3379   -3.41215   -12.3808   0.140745          0          0
    32.193   -6.08548     2.9419   -3.36339    -8.2621          0          0
    19.575    2.73329    5.88714    2.30306   -1.13494          0          0
   21.6252   -10.7068   0.793471    11.6596   -6.40743          0          0
   15.6333    -1.3904   -3.69236    2.79408  -0.837184          0          0
   9.44463    1.65477   -11.2876    10.8384   -2.52601          0          0
   6.70646   -18.4475   -3.61174    15.7443    3.81147          0          0
   13.9987    8.14102   -10.5026   0.942908    11.5855          0          0
   9.08684    7.43628    4.19421    8.00149    15.9155          0          0
   7.51471   -17.1886   -5.84631    16.3519    1.40454          0          0
   7.47445   -12.6191   -2.03452    3.72532   -2.58356          0          0
   2.47602   -10.9042    8.93969     24.256   -1.06744          0          0
   19.0355   -16.4446    7.60999     7.7214   -3.22894          0          0
   24.8324   -2.73651   -17.5292   -4.16841    2.55781          0          0
   31.3277    4.34182     -12.94   -7.43728   0.749909          0          0
   11.0777   -7.37617   -5.00537    9.39421   -3.37672          0          0
   4.17096   -13.6905    1.86126    7.93791   -3.70959          0          0
   34.1607   -6.42405   -5.82273   -19.7195   -7.16007          0          0
   12.0483    19.3708   -16.8459    14.8038    9.74686          0          0
   16.7803   -7.54937   -18.8336    18.0991   -3.58893          0          0
  0.939851   -7.76885   -5.77284    15.2954   -1.53339          0          0
   8.23275  -0.282801   -7.61678    9.69288    3.06358          0          0
   16.7824   0.697098    12.4619     10.916    4.62704          0          0
   18.7049    9.64252    21.4342    1.73424     7.7472          0          0
   9.72462    4.08301  -0.259781   -3.30716    3.49078          0          0
   18.3096    9.39744    17.8664    16.9382   -3.28363          0          0
   8.26579  -0.877448    4.16932    2.01252   -2.08036          0          0
   10.5561   0.108123    8.32185    14.1821   -3.47883          0          0
    15.406   -9.03077    -5.7664   -2.19318    1.82311          0          0
   8.39495    19.4644   -16.3779    16.8377   -2.20573          0          0
   4.89923  -0.693907    6.18601    18.8985     5.5968          0          0
    18.464   -20.3748   -10.3504   -1.35095   -2.78263          0          0
    10.871    4.99468   -1.90207    17.7895   -1.06306          0          0
   5.91755   -12.3311   -1.86015    3.97257    2.24833          0          0
   24.0914    12.2222   -30.2479    22.4056    -7.1131          0          0
   13.1502    3.39261    1.26622  -0.951548    7.52244          0          0
   7.64592    6.19695    -3.3684    5.99142    2.95914          0          0
   3.63142   -4.32841  -0.240872    8.35361    2.28946          0          0
   16.7528   -3.29488    15.8758    6.68507   -2.76198          0          0
   27.0739   -14.2434  -0.284715    -3.9289   -1.34552          0          0
   19.2112    -5.9532   0.364827   -3.99248  -0.623837          0          0
   32.4199    5.87624    25.8759    5.50303    1.28311          0          0
   26.3292   -10.7766   -9.30257    1.32596    7.81652          0          0
   33.3165   -4.76339    13.2658   -8.79055  -0.387081          0          0
   6.62513    10.5031     3.0762    8.78743    12.8333          0          0
   5.87734   -5.53484    8.17672    11.7019    1.63207          0          0
   24.1258   -7.91121   -4.39599   -13.1427    12.5248          0          0
   14.1857    5.00114    15.3845    3.91025    10.9679          0          0
   13.9857    4.36804   -1.61655    3.41608    9.33074          0          0
   15.6875   -34.9027  -0.260675    22.6375   -3.07055          0          0
   4.46643   -6.52422  -0.407814    14.5505    10.1023          0          0
   12.3675 -0.0813338   -2.76434   -5.24418    5.19894          0          0
   25.0198   -5.32416    13.6963   0.864188    1.96223          0          0
   9.77015    4.88826    2.28857    3.98558   -3.73658          0          0
    5.2428    10.6448   -4.24643    9.73616    2.82527          0          0
    29.685    1.73931    30.6312   -2.86374   -9.89443          0          0
   15.1296     8.0541   0.440055    7.27052     6.5773          0          0
   12.3543     14.822    3.32919    6.18649   0.613628          0          0
  0.350651   -7.20466  -0.977584     11.938     12.292          0          0
   6.45029   -16.1321    14.2094    18.7247    13.7051          0          0
   19.8893    1.24971  -0.272235    5.35676   0.612655          0          0
   16.3315    12.7988    11.9395    13.6263    3.45556          0          0
   14.4911    -2.9204   -3.38902   -3.40985    2.65194          0          0
   18.7592   -5.51441    7.79191    3.88806   -4.81458          0          0
   23.2677   -5.07806    4.18883   -9.41279   0.021807          0          0
    5.1027   -9.02742   -2.11918    2.93646    3.33746          0          0
 -0.975405   -12.9923  -0.682864    11.2636    8.88337          0          0
   41.5748   -4.04334   -22.7089   -18.2007    9.29736          0          0
   21.2297    2.71881   -4.32826   -6.41704    1.77801          0          0
   11.5032   -1.04682   -8.51017    1.26932    -4.0208          0          0
   16.1686    5.25617  -0.489399    -1.8122   -1.07982          0          0
   13.8739   -17.7921    3.57723     4.4951   -3.23511          0          0
   11.9467    1.02204    -3.2321  -0.547817   -2.05269          0          0
   17.6863    10.0408   -11.7773    2.43501    1.15598          0          0
   24.4893   -6.01815  -0.413281   -11.5254  -0.345405          0          0
   22.8588    5.40467   -22.3717    7.13383   -7.56142          0          0
     20.38   -17.3686    12.2903     15.409   -4.07172          0          0
   9.84597   -7.73542    -6.6037    4.03227    20.3985          0          0
    3.5865     4.2705    1.56283    14.2237    3.12805          0          0
   14.2809    27.9009   -9.64139     22.425    2.09453          0          0
   20.1827   -4.91375    11.5083  -0.955164   -1.44189          0          0
   16.1279   -2.73944    18.9192    2.56085   -2.45819          0          0
   15.2702    4.65284    18.3022   -2.88597   -5.08478          0          0
   4.72113     7.2763    -1.0712    11.3549 -0.0849942          0          0
   12.0008    12.3017   -2.55509     7.9835   -2.12404          0          0
   25.5546    7.00714   -5.59248   -7.33695    -3.1754          0          0
   3.16979    1.59778   -2.08818    9.54312    8.32014          0          0
   23.8428   -4.38836   -8.46435     1.5251   -3.31673          0          0
 -0.725834   -13.7571    5.25435    14.7583    11.6083          0          0
   14.6541    17.7563    3.87369    9.94326    -8.1617          0  0.0410806
   22.5866    1.47828    1.89262   -5.09841   -1.70287          0   0.023567
     15.59    7.91974    14.7165    15.2106    8.98886          0  0.0151348
   6.55448   -9.77024   -2.35751    1.70452    1.80103          0  0.0271337
   3.60621     -8.011    8.67643    26.3065   -5.54168          0   0.028574
   15.2199    1.23289    3.86677    14.5549      2.146          0  0.0204693
   11.1789    7.73866   -7.77069    20.1939   -10.9224          0  0.0435104
   5.61729   -17.2914    4.33525    9.14832   -2.38085          0          0
   14.6289   -3.07156  -0.894189  -0.315503    6.03455          0  0.0169948
     21.77   -7.14583    14.3179    16.8679    1.78243          0  0.0319854
   7.55077   -1.84142  -0.238395    9.38562    13.0242          0  0.0291136
    9.8963    16.1086   -13.3139    18.7544   -8.63075          0   0.031915
  0.347958   -1.59714   -5.67671    20.8417    6.37597          0  0.0164288
    25.863   -1.37699    2.14734   -13.9694    4.58894          0  0.0334481
   8.30235    3.76457  -0.314319    5.44105    -4.1951          0  0.0371963
  0.708875    5.66476   -4.78932    40.0272  -0.213512          0  0.0174373
   5.16671   -2.42852   -1.36542   0.909327   -2.32106          0  0.0208537
   14.7651    11.1275   0.737941    3.43157    3.22355          0  0.0303733
   16.0858    4.83239    -2.8856  -0.744135   -2.81633          0  0.0398922
  -1.49286   -10.6644    2.64469    11.5827    -3.5191          0  0.0288211
   37.6457   -1.19461   -13.7626   -16.0697   -5.81685          0  0.0290252
   13.9867   0.732879   -1.44557    6.42375  -0.699784          0          0
   11.1521   -7.42535    20.0596    7.50542    13.5833          0  0.0217418
   46.5378   -10.1231    -5.9808   -30.6537   -7.27779          0  0.0304908
   37.4781   -8.02812   -19.0034   -25.4731   -1.60934          0  0.0387715
   15.2706    1.99971    23.4102    14.2186    5.84682          0  0.0454815
   1.38936    14.3124   -7.98386    17.4248    1.50871          0  0.0359916
   35.4406    1.51851    23.5305    -13.953    3.49689          0          0
   7.35882   0.311559   -12.2935    15.0692    4.73756          0          0
   17.3171   -21.8734    1.18121    5.64822   0.572104          0          0
   26.8694    11.6569    10.8115      9.708   -4.29571          0          0
   22.9876  -0.246766    7.52698   -3.24093    1.15019          0          0
   10.5505    11.0234    9.76493    11.0225   -0.24747          0          0
   13.9847    1.34169    15.7968    1.49193   -3.92722          0          0
  -1.46596   -18.4134  0.0371268    24.5353   -3.76673          0          0
   12.9602   -2.04664    -7.2023   -2.98609   -1.81683          0          0
   12.5259   -12.8427   -0.44806   0.457007   -1.77075          0          0
 -0.338659   -17.9088   -3.56064    20.4157    3.62223          0          0
   41.4619   -14.5439   -13.5343   -27.3619   -2.44509          0          0
   22.3924     2.4645   -3.67443   -1.24259   -5.06576          0          0
    40.113    1.70549   -2.40432    -17.043   -5.59713          0          0
   22.7493   -3.90313   -10.5822   -13.4921 -0.0248008          0          0
   8.94556    10.8347  -0.164249    17.6663   -5.49679          0          0
   19.4816    5.71975    24.6685    7.73264    -8.5866          0          0
   10.0883   -1.18138   -9.65664    9.49714   -6.72735          0          0
   2.89238    5.39182   -3.06438    8.87365    3.93504          0          0
   16.2922   -10.7239    6.11544   -3.01082   0.155338          0          0
   15.8785   -1.40456     7.2091   -6.19479   -2.13572          0          0
   0.27663    2.93486   -1.26635    16.7509    7.20552          0          0
   15.1892    9.87444    15.7615    9.16026    3.52238          0          0
   26.7893   -5.11482   -14.8239   -2.43414     1.8131          0          0
   14.7066  -0.987588    1.09932    3.92623    5.56065          0          0
   19.3968    2.82919    1.67343   -5.54071   -1.13997          0          0
   12.6208   -2.90845    13.9724    2.06675    6.27176          0          0
   17.1331   -18.4772   -9.90574    7.12443    11.2923          0          0
   16.7032   -6.72425    4.84082   -2.71923    3.67025          0          0
   21.6622    15.6541    16.6332    7.16495   -1.41397          0          0
   9.64185   -20.3026    15.7627    23.0781   -11.8026          0          0
   12.8944    -5.2943   -1.60426    4.13412   -1.52566          0          0
   8.43021   -14.0672   0.553391    5.69962   -1.80686          0          0
   3.68949   -5.72504   -1.42937    26.0025    14.1951          0          0
   26.1798    2.15055    5.15452   0.356545   -5.65808          0          0
   35.1561    5.60244    13.3592   -5.12802  -0.979912          0          0
   16.8507    16.9904    12.9555    10.5469    5.55785          0          0
   18.5968    15.5678   -16.5552     14.703   -1.05409          0          0
   5.75555   -11.1769 -0.0326679    23.1671   -2.32942          0          0
   16.8451     12.729  0.0946232    4.74293   -1.13428          0          0
   4.98142    10.2095    -9.9581    20.8384   -2.34979          0          0
   14.5353    5.49388    18.6297    15.5126   0.734521          0          0
  -1.25251   -19.8116    -6.7378     29.335    1.09549          0          0
   7.98598   -3.97654   -1.17193   -1.12098    9.19852          0          0
  -4.25212   -38.2362   0.138668    30.6104   -5.79326          0          0
   7.43969    6.44869   -7.53966    8.35453    11.7923          0          0
    13.786   -15.3306   -8.19256    9.99627    4.64915          0          0
   9.79193   -3.60886    -3.3551     8.5988   0.919815          0          0
   29.3244     -7.994    14.8063   -6.46846   -9.62776          0          0
   27.8154   -1.00606    1.12795    12.0624    8.82538          0          0
  -1.37624    -23.023    4.01285    17.8206    4.10403          0          0
   12.1211    4.15964   -1.81017    5.42013     21.235          0          0
   22.6359   -6.96586    8.18752   -5.41459    10.0018          0          0
   7.28866   -6.81941    8.56403    8.85302 -0.0401018          0          0
   11.8214    -19.959   -9.86662    12.6826   -6.08369          0          0
   12.7619    1.70098    16.8798   0.756858    3.89391          0          0
   17.9144 -0.0730286  -0.713481    3.23247  -0.659682          0          0
  -0.10937    -7.6368  -0.509941    12.9058    12.5197          0          0
   14.5891   -4.83944    7.28452    9.61403    8.31431          0          0
   12.3836   -1.24263    2.03385   -7.54606    5.25851          0          0
   15.6858    5.25938    10.5139    5.89891   -1.91586          0          0
   21.6143   -11.4519    -5.2003  -0.723452    6.65144          0          0
   4.61068    1.86488   -3.76844   0.468539    4.59856    -2.5052          0
    1.3396   -15.2922   -1.06031    16.0593    9.20588   -4.50244          0
   10.3706    10.8436    3.09097    6.02348    1.09807   -4.56326          0
   21.0524    7.82561     11.786     17.227  -0.951369   -4.52558          0
   9.91024    8.20073    14.0143    7.10994  -0.205043   -5.79525          0
   39.6115    19.3023    13.2343  -0.402041  -0.814552   -3.14999          0
  -2.48545   -16.0491   -3.30449    18.2262    4.31873   -3.79823          0
   5.68348   -5.36976   -1.90139    10.0032    7.45434   -4.56937          0
    8.6208    7.41711    -4.3916    19.8254  -0.265383   -4.41376          0
   34.7239    1.39281    7.09543   -17.5939  -0.622515   -2.36948          0
    40.748   -11.9232   -9.02309   -19.9294   0.776905    -4.3761          0
   11.7234    7.91867   -9.36316    11.5051    1.65301   -3.73965          0
   25.6783    16.0976   -16.1498     4.0506    5.07128   -4.41678          0
   27.1393    -3.4729    4.61805   -11.4568  -0.784625   -5.75722          0
   9.75224   0.672328 -0.0143134    0.35919     4.0995   -3.83983          0
   31.9639   -5.69959   -3.39518   -17.0865   -3.09057   -3.67011          0
   19.3752   -7.27033   -8.28555   -5.39918    13.6368   -5.59376          0
    15.574     6.5714   0.544665    6.71271    1.67145   -1.06326          0
   17.1599   -14.5795   -5.41229     22.806  -0.501923   -4.49671          0
   30.2348    10.4758   -9.38824    1.16584   0.574357   -3.79741          0
   20.4629    21.2942    -5.3213    9.15357    1.91747   -5.51166          0
   9.90545   -20.5419    6.57102    16.3301   -1.86046   -2.11268          0
   18.2917    9.64581    1.26728     11.279    5.48885   -1.35265          0
   20.2678   -1.42291    8.46273 -0.0955078  -0.801523   -2.81542          0
   7.11506   -19.4731   -3.99938     9.5754    4.07371   -3.71133          0
   18.3722  -0.278263   -9.16667    -9.4582    6.32376   -5.20809          0
   30.3481    11.8052   -3.54036    2.63055   -4.07888    -6.5893          0
   12.0849   -16.9893   -2.19917    8.35429    4.22291    -5.9318          0
   16.6775   -1.65709    6.48975    7.63304   -1.68247   -5.52491          0
   13.1011    5.54967    5.90657    4.23299    3.10034   -4.58861          0
   25.6523    8.80241   -18.0996     1.4607   -5.30252   -3.05252          0
   23.0888    5.07012   -21.7313     1.2729   -1.34739   -3.52452          0
   17.3551   -3.61556    3.72572    11.7072    2.45823   -5.07698          0
   26.4572    7.52464    5.88644  0.0964939   -8.95824   -4.75649          0
   5.17814  -0.206664 0.00989181    28.9077    -2.3981   -4.26963          0
   34.2388   -1.34965   -8.15488   -13.0487   -1.78404   -3.53084          0
   2.44041   -8.95294    2.10683    12.0743    0.58522   -4.29514          0
    9.4491    2.80696   -5.22971    3.08555    1.85602   -4.78375          0
   18.5927   0.169134    19.1598    1.01138   -5.06158   -5.13208          0
 -0.462207    -20.565    5.23305    22.5364   -3.93073   -3.85902          0
    11.582   -5.77874   0.263687    1.69701    -1.2682   -2.94969          0
   33.6837   -16.9846    9.55674    20.3437   -9.99629          0          0
   3.04744   -2.13808    4.06539    8.30674     3.3123          0          0
  0.818544   -5.77742   -7.79444    41.7176   -8.76693          0          0
    18.481   -17.0646   -12.2222    6.62299    15.8309          0          0
   41.2891     12.751    11.4172   -6.05742  -0.509892          0          0
   17.7263   -15.4783   -4.09911    4.96916   -2.55332          0          0
  -1.80642     2.8255    -4.7464    19.9075    2.12773          0          0
   31.9633   -10.4843     10.346   -3.68343   -4.06131          0          0
   6.33159   -2.69363     2.2384  -0.856376    2.68796          0          0
   14.8211    9.65058    12.2978    7.70779    13.7036          0          0
   16.2856    2.47163    11.5509   0.294092    6.97272          0          0
   43.3481    21.7507    20.5394    4.98323   -10.5986          0          0
   14.2332   0.954311   0.741477     8.2738   -4.83812          0          0
   1.32603    7.01111   -4.11745    14.4152    10.4584          0          0
   16.3708   -26.7414    1.16986    7.60773   -2.97265          0          0
   19.1634   -15.9566   -5.84881    10.6582    -2.3013          0          0
   7.86463    10.4173   -9.41045    17.2477  -0.243526          0          0
   14.3559  -0.140599   -1.86985  -0.399523    11.8027          0          0
 0.0462207   -1.60755   0.415919    1.28691    3.54634          0          0
   13.7847   -1.43113   -8.50223    6.78053   -1.66513          0          0
   43.7458    1.30954   -3.42719   -22.7138    3.11524          0          0
   1.92407   -4.96733   -3.00865    30.0485   -3.38437          0          0
   17.3751  -0.595331   -15.6006     11.967  -0.040822          0          0
   10.6559  -0.500095   -16.1246    17.4625   -6.89306          0          0
   9.65078   -5.38535    12.0385    26.8825   -4.53209          0          0
   22.5341     6.4716    2.90556     8.8016    -2.7856          0          0
   3.03561   -12.3321    6.33158    13.3772     5.1633          0          0
  0.739952 -0.0720057   -6.23842    28.7638    5.32185          0          0
   23.8583   -10.0808   -7.33287   -13.4614    3.14301          0          0
   18.1465    1.19783   -4.95286    7.48412   -5.62781          0          0
   3.49596   -10.1707    1.62986    14.2941   -2.28083          0          0
   26.1064   -5.02326    15.4664    1.53148     7.6984          0          0
   28.1306   -19.7396    20.4352    12.3596   -4.31628          0          0
   22.9554    11.0992   -19.3159    10.0474   -6.01411          0          0
   26.7733    13.6677   -5.21294    9.72614   -3.29782          0          0
   8.61768  -0.109827  -0.935276    18.0141   0.727568          0          0
     5.448   -21.3804   -2.49085    13.2114    5.90631          0          0
   17.4678    8.04847    -11.591    5.52174    -1.2021          0          0
   26.4473    11.5947   -19.9384    14.9161   -7.39599          0          0
     9.533    1.10881    10.2276    9.42871    1.84641          0          0
   22.6234  0.0838096   -2.89097   -3.35593   -3.64232          0          0
   9.25335    3.28686   -9.06905    15.3803  -0.312115          0          0
   0.36967    5.20758   -5.70989    18.5247    5.46303          0          0
  -2.24601   -32.2794   -3.83641    37.3702   -5.90406          0          0
   7.70565   -1.02633    9.12181    25.0807    6.93302          0          0
   10.2704    11.1338    12.1484    16.0277    5.61702          0          0
   8.59419   -12.5718   -11.2443    15.2377    11.9775          0          0
   1.26528    -7.8365   -1.31701    18.3316   -0.65676          0          0
   11.7044   -2.68101   0.291593    10.1918    3.57705          0          0
    19.565   -1.73039    5.68404    3.56042     3.1251          0          0
   12.5476    15.9364   -13.0109    20.5457   -3.73551          0          0
    16.985    5.78189   0.743652   -4.88265   -2.44885          0          0
   4.57458   -15.1475   -8.30554    16.0277    1.43418          0          0
   1.60621  -0.318826   -2.92798    12.4653    8.04308          0          0
   27.6159   -1.63371    -7.9396   -6.45585    3.99791          0          0
   9.72807    3.63831    15.0352     6.7751    -1.3515          0          0
   6.45246   -3.15402    4.08185     6.0217    1.16862          0          0
   25.2992   -8.35557   -13.7474   -8.25616   -4.02601          0          0
   5.00253   0.167846   -3.03851    11.3706   -2.93699          0          0
    12.339   -1.17382    5.23086    1.76061     2.5014          0          0
   5.88862   -0.83914    5.90172    17.1463    -4.0316          0          0
   19.1194    19.6439    13.5893    19.8176   -3.99673          0          0
   5.64593   0.277364    8.90845    14.6068    7.97936          0          0
   21.3293    6.48483   -3.69896    3.59387    7.84761          0          0
   28.1878    3.66691    12.7607    11.3106   -1.91045          0          0
   19.7533   -6.84377   -8.85107    -6.3727    6.08026          0          0
   2.55035   -7.45818    1.28507    22.9653    2.22666          0          0
   23.6923  -0.698306    11.5328    7.98571   -2.73709          0          0
   24.3268    -7.9942    10.9657   -2.68322   0.683908          0          0
   13.1244   -7.41615   0.626761    27.6562   -8.82438          0          0
   13.7735    12.5898    15.6648    30.8124    5.82921          0          0
   4.95548   -3.59601   -7.31575    8.68927   -1.57147          0          0
   9.68489    9.28553    6.44074    7.27859   -1.35497          0          0
   19.1152    17.3023    11.0597    5.78075    14.4153          0          0
   10.2398   -2.10476    8.55591    1.43357    12.1626          0          0
    13.201    5.83087    18.6572    10.9726   -2.99055          0          0
   13.1599    3.45133    7.58747    5.42812   -4.98507          0          0
   16.6108    12.8952    6.70221    23.4312    -8.3693          0          0
   9.12851   -1.94859   -4.45586   -1.75665    3.85442          0          0
   11.4192   -8.79968   -3.35732   -2.46554   -3.77329          0          0
   1.05649     2.3627   -11.6559    25.3849  -0.611487          0          0
   7.86205  0.0512726   -6.52576    1.50249    4.23997          0          0
   5.75492   -11.8597   -6.36077    16.0724   0.737612          0          0
   13.4354   -9.44019   -4.30906    14.9442    -5.3416          0          0
    13.271    6.32313  -0.518534    1.18745    0.61143          0          0
   8.01979    1.14698    10.1121    9.30069   -2.84124          0          0
   10.8723    2.80193    7.23556     2.3118    3.35999          0          0
   8.57194    3.77014    9.37417   0.097622    1.99716          0          0
   38.1824    9.51139    8.82148   -10.5968  -0.310747          0          0
   7.04673   -2.01143   0.858297    11.9148   0.542698          0          0
   17.2591    3.63971   -8.99097   -5.18646    6.22324          0          0
   12.6158    12.9837    1.74991    24.6605    11.8398          0          0
   21.7041    8.44987   -4.33391   -1.01945   -4.58722          0          0
   29.5091    4.72724    7.49048   -5.21668   -3.62002          0          0
   20.1303   -9.63342   -6.92494    -8.2843    2.39207          0          0
  -1.06549   0.739631   -7.79441    19.4584    1.61628          0          0
   19.4375   -4.07417    -3.9669   -8.27582    3.68003          0          0
   26.8556    16.9397    7.74117    10.1425    3.41614          0          0
    16.456     20.314    6.62746    23.8718   -4.61295          0          0
   14.0604   -3.31203    2.85965    14.7322    6.15227          0          0
 -0.457895   -10.0517   -4.77597    16.0289    2.08062          0          0
   10.3232    -7.3557   -2.44531   -1.34965    7.40054          0          0
   5.08187   -15.1917    2.64686    12.9448    1.74877          0          0
     17.29   -4.26257   -16.1568     6.5032    14.2598          0          0
   40.5522      7.336   -19.6954    -2.1508    -3.2795          0          0
   14.0738   -2.83742   -4.96571     19.781       4.98          0          0
   17.9724    5.39683    1.47435    3.65067    5.10923          0          0
   21.2426   -11.2297   0.889069   -7.42659   -5.21681          0          0
 -0.259036    11.5614   -13.7231    32.9367    -5.3907          0          0
   20.0754    6.69935    13.6224  -0.541291   -2.51627          0          0
   3.62855   -8.46942   -3.70336    4.74232  -0.932396          0          0
  -1.13756   -7.88159   -5.71872    27.2144    1.98604          0          0
   15.0234    9.21738   0.979937    4.43384   -1.78356          0          0
   19.7658    1.15518   -10.2856    8.09287    11.0885          0          0
   14.5393    2.27796   -23.8601    19.2106   -2.51264          0          0
   17.1913      10.68     5.2512    3.20858   -3.00896          0          0
   14.9032    -5.2159   -7.19543    8.77646  -0.492448          0          0
   30.6817   -2.70608    9.55551   -3.61247   -3.95579          0          0
   9.95612    1.61356   -6.97922    5.10156    2.94154          0          0
   4.25983    -7.9547   -3.80698    8.75602    1.70305          0          0
   10.5918   -2.39595    3.36467    12.8006    9.31169          0          0
   6.43178   0.555563   -3.19181    2.62224    10.0825          0          0
   13.3444   -6.16865    4.30288    27.2634   -8.00609          0          0
   18.6708   -19.3157    -5.9343     2.7688   -2.80468          0          0
   5.94261    22.4471   -15.9445    32.2007    1.40009          0          0
   16.8751   -5.01482    8.73693    4.03286    4.49212          0          0
   33.7066   -7.51844    8.84275   -9.34849    -5.2275          0          0
   14.7268     0.4557    -16.367    20.1907   -5.88687          0          0
   10.2327    20.2134   -2.16088    19.2516   -4.26201          0          0
    11.005    6.58069    5.55315    29.2773   -5.46199          0          0
   36.8273   -6.90514  -0.208632   -6.86552   -3.13876          0          0
   6.89635   -19.8104    6.15061    15.1954    11.8616          0          0
  -5.72538   -26.9193   -3.34206    35.5536   -5.89102          0          0
   9.24134    1.47289   -7.79438    15.4892   -6.61421          0          0
   25.1112   -8.26728   -4.77159   -8.08253   -2.70792          0          0
   17.0482    5.86092   -12.8857    1.40769    1.28192          0          0
   7.52871   -23.1965    6.65424      14.99  -0.275139          0          0
   20.1266   -3.27334   -13.4224   -3.31869   -4.51501          0          0
   21.8383    2.29333   -7.44642   -4.09566  -0.429277          0          0
   14.8504   -5.58741  -0.601099   -1.26445    4.63587          0          0
   10.1004   0.434618    5.22026    8.89363    2.12425          0          0
    23.394    -19.014   -11.8539   -0.58276   -2.22859          0          0
   23.5415   -4.26365    2.59471    5.24342   -2.22909          0          0
   7.33012   -12.0157   -14.9112    29.4433    -5.8209          0          0
   29.1286  -0.890371   -9.57932   -15.9232   -3.35148          0          0
   25.1643   -15.9244   -10.0402   -6.04958    1.60605          0          0
 -0.454444    2.73023   -9.40578    20.5729    4.38664          0          0
    8.8077    2.23378   -6.91605    11.4903    4.22572          0          0
   4.79655   -20.2335    5.13453    31.5178  -0.266249          0          0
   9.83609   -11.2769    -5.2844    14.5457  -0.815702          0          0
   28.1638     18.783    -2.0305     1.6898    7.88173          0          0
   19.2243   0.792182   -15.7561   -3.34636    -1.2818          0          0
  0.628667   -8.99317  0.0199879    13.7463     1.4252          0          0
    32.049   -23.9368   -11.7465   -2.27204   0.252331          0          0
   14.8327    8.29898   -8.93922    4.60969    18.5869          0          0
   6.93015   -14.0678    13.8973    10.2041    7.89603          0          0
   11.0255   -7.47649   -9.48111    28.6519   -10.1781          0          0
   10.8832   -17.8642    21.4739    15.7452    8.66015          0          0
    12.043   -8.53949    5.93374    1.11159   0.374052          0          0
   15.0867    9.42512    16.3923    5.82151  -0.967254          0          0
   39.3062   -7.35751    4.55215   -17.4745   -2.12789          0          0
   10.6523   -9.23978    16.3612    17.0988   -1.59128          0          0
   15.6763    2.74794   -6.03583   0.779966    4.38304          0          0
   10.7317  -0.766825    7.25463    4.49984    4.86037          0          0
   7.45034     22.025   -7.89457    20.4184    3.05553          0          0
    14.015    9.06843    19.9332    10.7583    15.1453          0          0
   7.17159    23.3048   -11.8366    22.3552  -0.132799          0          0
   26.6139   -3.55586   -18.6417     9.0756   -5.52238          0          0
   7.78766   -4.78895    7.36464    8.70916    3.67048          0          0
   27.2891   -4.29792    6.96735    -14.686    3.96518          0          0
   13.7897    -11.286   -6.47737    2.41727   0.217561          0          0
   27.1534   -7.82992   -5.85519   -8.69535    1.82634          0          0
   11.9931   -10.2105   -7.40739    8.32458    1.40972          0          0
   5.95277   -9.75365    5.38399     10.625   -3.06092          0          0
   7.45546    4.28223    3.48084    13.3791 -0.0402792          0          0
   18.4966    13.5654    13.1283    9.83538    5.39248          0          0
  0.534074   -14.5425   -1.89793    8.33035   0.536975          0          0
   16.7613  -0.915056    9.37704   -5.61505   -1.71712          0          0
   10.3942   -15.5533   -5.99954  -0.966871   -3.89273          0          0
   8.40924  -0.265477    4.07614    9.29736    3.03245          0          0
   7.60598   -26.8878   -2.35889    14.6653   -3.56005          0          0
   17.9049   -29.8649   -0.41585    18.8744    2.05201          0          0
   10.4638   -6.36422  -0.740674    3.22166   -5.35933          0          0
   7.86724   -3.51588  -0.285206    7.74556    1.15995          0          0
   23.2337   -12.7978   -13.5541    -6.4541   -3.88041          0          0
   17.9433    1.05699    14.6931  -0.577947  -0.314748          0          0
   1.14887   -10.9858     1.3846     7.6459    8.17315          0          0
   2.62758   -7.57515    5.14829    9.02224  -0.218826          0          0
   5.28984   -8.82996   -3.69448    1.28684   -1.06031          0          0
   14.2085    10.6994    1.75646    11.3251   -4.92887          0          0
   18.4592    4.13021   -22.9918     31.427   -9.17354          0          0
   33.8938   -7.13416   -10.5135    -3.5696  -0.818845          0          0
   4.98301   -12.2669    9.23198    7.86485    1.92468          0          0
    10.822    2.46414    2.10812    5.88426   -2.74228          0          0
   20.3407  -0.647406   -8.89078   -8.61929   -3.59342          0          0
   7.30295     8.5873    5.09641    11.2805  -0.519685          0          0
   26.3237    22.8002   -15.8725    10.1713   -8.71755          0          0
   29.2387    4.73698     16.612   -3.14805   -2.57453          0          0
   6.79834    19.6661    -11.284    23.3514    7.81805          0          0
   12.4157   -7.13596    2.99507    7.95654   -5.83476          0          0
   12.4278   -8.10091   -3.13357    9.27345    2.70901          0          0
   19.7648    6.07266    15.7903    12.9602   -8.80992          0          0
   23.4194    6.70667   -16.7803    19.1636   -2.51768          0          0
   25.3964    7.21927   -21.7402    3.91812   -9.73549          0          0
   9.89144   -8.66246   -1.12326    -3.0517     8.9898          0          0
    2.9794    -17.799    1.49528    12.8491   -3.86082          0          0
   25.9381   -0.52728    18.1522    18.9361   -2.31125          0          0
   7.22094    4.96551  -0.504425     28.781    6.62101          0          0
   12.9041    18.8692   -13.3276    22.1972   0.941522          0          0
    24.349    -2.7584   -1.40709     -1.131   -1.49536          0          0
   12.4858   -18.2097  -0.604878    3.69245    2.78619          0          0
   14.1344   -4.96235    17.2231    5.18273   -1.13293          0          0
   9.20893   -5.07442     16.997    10.2722    15.3788          0          0
   9.12468   -5.39459   -6.17536    4.64415    8.21066          0          0
   19.3394   -11.3329   -10.4381  -0.108026   0.374661          0          0
   22.8011   -3.38843   0.229729 0.00167656    2.16917          0          0
   10.7708   -1.42379    3.41548   -4.55597    3.48983          0          0
   19.7313    -6.9468   -12.5447   -6.22052    5.21358          0          0
   20.2977    14.6009    9.52159    14.6577    7.95338          0          0
   9.77965   -19.4883  -0.680617    6.31024   -3.61156          0          0
   3.80169    4.45488   -1.94231    3.62622    1.81239          0          0
   14.5996   0.905947   -7.22154    12.3218    -3.0036          0          0
   32.5826    19.8835   -5.80541    3.57358    1.01289          0          0
   21.0936   -3.31131     2.3017   -2.92159    1.22749          0          0
   9.74118    6.49636    9.08809    4.49787    8.57347          0          0
   9.60104    6.43332       2.44    4.17897  -0.842739          0          0
   12.4564   -2.60725   -5.32317    4.74632   -2.11116          0          0
   19.2713  -0.133016   -13.4698   -7.54451    5.58818          0          0
   16.4171    1.19215   -8.27914   -8.21643     7.8305          0          0
   25.6817   -17.9645  -0.173686    5.25905   -4.62486          0          0
   9.94758   -8.07701    11.8065    11.4556   -2.00516          0          0
   16.7051   -12.6832    1.05602    11.5528  -0.271625          0          0
   29.7741    15.9818   -11.5081    2.55644   -8.86303          0          0
   11.0273    3.56101    -2.6896     7.9547   -1.05039          0          0
  0.743338   -11.2213   -0.23916    30.3293    6.39848          0          0
   6.58625  -0.029641   -2.21086    10.7624    -1.0169          0          0
   3.52657    -1.5438    7.79622    8.27141   -2.53875          0          0
   13.0061  -0.851199   0.751518    17.3938   -2.57472          0          0
   4.44092    1.63899   -8.45835    25.6811   -3.25438          0          0
   7.80464    9.00484  -0.379955    11.5339    12.6315          0          0
   9.35183   -6.22754   -10.4507    22.3426   -7.05065          0          0
   29.4755    18.9399    4.04955    5.43277   -0.44447          0          0
   2.11862    -10.826    8.04038    12.3047    1.39733          0          0
   4.67461    3.63672    -3.1283    4.48181    1.12191          0          0
   6.97282   -9.29123   -3.42359    2.25582   0.781375          0          0
   25.3312   -6.18415   -8.65563   -11.2633    15.1602          0          0
   12.3557    3.10603   0.469052   -1.57188     2.5362          0          0
   13.4416  -0.434107    18.9569    1.06607     8.8849          0          0
   16.4414    2.26926   -5.75898  -0.399931    11.6832          0          0
   4.16408    4.26967   -5.73658    8.52955    4.48442          0          0
   6.07676   -2.19897     9.0117    9.72519    -5.4192          0          0
   12.6195   -7.63496   -5.15075   -1.42303    8.02132          0          0
   11.6999    2.52039    9.89126     8.6823   -2.34971          0          0
   21.3614   -17.7926    14.7012    12.0828   -0.44264          0          0
   1.76506   -22.6488    -1.1017    16.9545   -3.39512          0          0
   8.63846   -3.70872    5.47286    9.83408  -0.848758          0          0
   8.40241    1.33864  -0.121582  -0.343331     2.9598          0          0
   18.1189   -8.99021    12.9469    19.0618   -1.52191          0          0
   5.69459   -17.9861    1.13199     26.492    2.24172          0          0
   12.1647   -14.7761    10.8138    4.57802    8.26589          0          0
   7.16391  -0.548637    5.67246   0.726742    8.04655          0          0
   22.9206   -7.79485   -6.04872    8.89844   -6.07729          0          0
   30.2218     17.072   -4.36111    5.82481   -6.19625          0          0
   3.21109   -17.8787    1.44732    17.7777   -6.45187          0          0
   27.1511   -1.61613    25.3731   -3.26954    1.95833          0          0
   8.08561   0.634612    14.1197    6.14182   -2.29509          0          0
   21.5719    14.6661   -3.35562    7.73095    3.65304          0          0
   29.2718   -4.74625    -7.6778   -10.6975   -1.54724          0          0
   14.6609     -2.329   -7.27654    17.2438     2.3791          0          0
   27.9811   -4.12274   -9.62095     -10.39    5.39073          0          0
   8.22329    3.16424    8.98359    13.3815   -2.69594          0          0
   6.57455   0.762234   0.864122  -0.499654    5.20397          0          0
  0.782984   -1.74031   -1.74941    15.2905    3.92622          0          0
   10.2662    -10.896   -8.90555    9.01874    10.4978          0          0
   15.7688   -3.98913    9.40032    7.89716  -0.759093          0          0
     4.708    1.05158  -0.437776    3.77785  -0.597206          0          0
   1.53647   -15.0492   -4.44852    10.5942  -0.556838          0          0
   9.43754   -11.3726    2.74066    5.23922    7.30499          0          0
   2.37803   -4.82646   -5.02511    16.5885   -1.70765          0          0
   13.6017     3.4786     16.912    5.50816    16.2871          0          0
   18.8738   -11.2459   -12.4279   -1.79272  -0.295429          0          0
   23.6105    14.6296   -15.7292    7.81464   -8.49267          0          0
   28.2759    10.6826   -2.95788    -4.5771   -4.33614          0          0
   11.9682  -0.495138    17.4352    16.1547    4.94507          0          0
   13.5025   -5.95832    1.51418      3.156    -2.1034          0          0
   2.95294     8.9838   -6.89411    18.5229    3.30978          0          0
   8.86377    19.3688   -4.80417    16.4705     7.5177          0          0
   21.2356   -7.11196    0.53411   -2.93503   -1.89009          0          0
   10.9138   -6.19136    8.33453    8.00382    1.90403          0          0
   11.9172    8.89103   0.598159     2.5414    17.9792          0          0
     12.26   -5.39721    4.84887    14.4335    9.75658          0          0
   15.2789    1.01173   -6.07411   -1.27381    -2.6939          0          0
  -1.89909   -22.1649    0.54215    26.2055   -2.70371          0          0
   4.22873   -10.9829    4.25276    27.4457   -7.94592          0          0
   19.3169    6.61413    17.4173    12.9903  -0.224527          0          0
   1.86405   -18.3568    -1.2398    14.9983    6.39112          0          0
   8.42973    22.3156  -0.885047    24.2111    4.21566          0          0
   6.90186   -7.03172   -4.38189    36.8806   -1.92399          0          0
   17.9656   -16.9414   -11.5304    4.32556   -8.26118          0          0
   38.9001    5.57502    15.6169    4.63822    -9.5727          0          0
   10.6589   -1.02572    10.6885   -0.26108   0.286456          0          0
   8.10902    3.33438    7.45498    9.09431   -2.40894          0          0
   26.2526    5.39269    14.4713   -5.21205   -1.63878          0          0
   3.67778    13.1038   -5.73552    19.3704   0.187517          0          0
    23.298    11.5516   -5.34002   -1.05251   0.726843          0          0
  -1.76702   -31.5767     4.2894    36.9764     4.8235          0          0
   29.1695   0.462672    11.1114   -13.0633    3.64297          0          0
   6.83687   -2.95605    7.21577    3.67449     8.0232          0          0
     11.34    14.6246    2.07481    7.53511    18.8198          0          0
    3.4743   -16.6262    5.76489    19.2833    3.50276          0          0
   10.0807    3.15606    7.35551    6.65804    3.82343          0          0
   21.9174   -5.82229  -0.141141   -1.23571   -3.68855          0          0
   1.85106    11.4449   -7.79618    25.3353    6.83977          0          0
   13.2711   -5.73649    4.48537    2.84927    10.7783          0          0
   18.1381    8.46645  -0.625158    29.3121   -7.89756          0          0
   12.5123      9.045    5.68598    23.3235  -0.434895          0          0
   13.5068  -0.773614   -12.5113    5.69558   0.935824          0          0
   20.2439    18.9633     3.0301    11.3269    11.7385          0          0
   14.6293    9.47494    24.0307    1.04437  -0.652101          0          0
   19.5046    16.7403    7.08208    10.2082    2.83138          0          0
   9.59174   -11.8608    1.20672     25.148   0.192019          0          0
   40.5395   -6.39047   -7.71664    -16.781   -3.15267          0          0
    12.309    5.95983 -0.0261212    12.5991    1.78499          0          0
   25.4546   -3.37713   -2.50879   -1.13722   -5.05795          0          0
  0.106821   -8.69959  -0.283227    12.6502    11.0618          0          0
   4.25116     12.457    -1.6146    14.3313    5.09903          0          0
   30.8857    -13.539   -1.31745   -14.6235    5.57021          0          0
   13.7999    1.02571    3.09279   -5.97049   0.210311          0          0
   10.7617   -1.41261   -1.52203   -3.70281    7.49564          0          0
   47.4215    1.73688    18.6405    -15.869   -9.06288          0          0
   13.4921    8.15571   -5.25288    24.3214   -3.66305          0          0
   15.9271   -4.27659     12.737    7.61419   -1.11075          0          0
   11.6425   -18.7289    15.1404    13.9543    1.02386          0          0
    15.097   0.676886    18.2698     3.4739   -3.10733          0          0
   22.9514    2.37942   -2.20945   -7.76534   -5.13061          0          0
   31.8177    2.33336    11.9188    -7.1043    2.71281          0          0
   24.8855   -15.4787    0.13146    27.2099   -1.69984          0          0
   18.5457     -3.305   -9.66463   -5.89067  0.0848949          0          0
   22.7244    -14.137   -10.2032   -7.28577    3.16402          0          0
   6.93912   -3.23882    13.9119    4.81704     16.639          0          0
   9.90011    7.55569    1.57893    20.6167   -4.96984          0          0
   24.4619  -0.820305   -10.6259   -12.5396   -3.06752          0          0
   3.70176   -3.26649    2.10065   0.157205    9.92695          0          0
   8.56211   -5.68837    8.15633    11.4595   -2.05788          0          0
   9.51471    10.8968   -10.5732    10.2644    -1.8476          0          0
   25.3637   -16.4905   -10.8777    15.6944    1.71606          0          0
   25.1082    1.77242    9.00198    11.3938    5.17068          0          0
   18.6695    6.18501    12.2261  -0.886626   0.412276          0          0
  -1.39163   -8.01672   -2.50405     11.299    14.7786          0          0
    14.766    6.94777   -8.60618    2.68738   0.378955          0          0
   19.5574  -0.959306   -16.5309    4.24554  -0.626162          0          0
   6.55281   -16.6051   -3.50655    17.3871   -4.57177          0          0
   10.2021   -14.1388   -2.78104    6.80238   -3.90668          0          0
   30.2023    6.10058    1.06069    6.02617   -1.64485          0          0
   16.0478    6.76914      6.067     4.2424   -1.25576          0          0
   11.6594   -3.57691    -6.0268    29.8114    8.34325          0          0
     35.08    4.82779    -21.422    9.83044    4.42677          0          0
    2.7082   -1.71758    7.54422    19.2146   -1.07174          0          0
   10.2043   0.768469    14.3107    31.8569   -3.00637          0          0
   38.2829   0.412783    22.9455   -8.10166    0.78141          0          0
   4.58601   -10.5426    3.77438    16.9966   -3.17936          0          0
   13.1109    6.61733    3.63758    1.53623   -2.51795          0          0
   13.2617    2.53773    7.05659   -2.77787    10.0634          0          0
   15.3881    4.78927   -8.20564   -4.12392    8.52563          0          0
    5.6849   -7.46941    12.7303    13.0453    15.9596          0          0
   13.0686    6.20968    8.55103    13.3604   -3.93568          0          0
   23.9049   -24.8142   -5.23633    -5.3615    -8.1456          0          0
   26.6349   -16.8005   -13.0727    5.42841   -4.57408          0          0
    17.814   -8.43363   -1.56382    27.0842   -10.5868          0          0
   18.2756     2.6988   -4.17381    2.11941   -3.34443          0          0
   7.49221    4.78907    9.52429    2.60088    2.42763          0          0
   27.3415     2.5612    2.52427   -5.81792     -4.209          0          0
   20.4522     23.005   -6.37967    18.9631   -1.44346          0          0
   10.9228   -1.59157    14.4359    2.67373   -4.48431          0          0
   15.7818   -11.5377   -1.46964    3.73341    6.56968          0          0
   39.4634    3.94263    41.6586   -5.30279    -1.5271          0          0
   21.7476   -5.10105   -19.2967     19.244   -5.16108          0          0
   32.5992   -10.2201   -3.07323   -2.14289   -1.41365          0          0
   29.5045     9.3117    -2.6214    3.16734  -0.612548          0          0
   21.7756   -2.34569   -8.87672    1.57607   -1.80483          0          0
   34.6984    2.81993   -4.98776   -5.71558   -3.28848          0          0
   40.0874   -9.24757    6.66752   -15.4497   -2.09783          0          0
   30.4434   -19.7554   -12.4531   -2.97281   -5.80095          0          0
   37.0288   -30.4045   0.805437    -6.1779   -5.34728          0          0
   14.8671    9.57631    16.7953    15.1604   -6.33753          0          0
   22.6624    12.5475   -0.54688   0.397764   -7.42268          0          0
  -4.13727   -18.1797  -0.919538    33.7369     5.8799          0          0
   15.0096   -11.7031   -4.12061  -0.709457    7.20425          0          0
  0.728659   -21.3466    3.24122    16.8447    5.08632          0          0
   6.96082    6.31322   -6.96263    3.02472      3.466          0          0
   41.3503   -12.5833   -14.8984    -22.722    9.82937          0          0
    13.985   -14.4307    33.6818    25.7973   -9.37513          0          0
    3.3498     1.8909   -5.05069    24.1392   -5.29891          0          0
 -0.842039   -4.02042   -1.70212    8.13885    3.26205          0          0
   3.34462   -7.41605    5.23342    12.0954     4.4953          0          0
   16.1036    4.94025  -0.854084  -0.560127    19.9284          0          0
  0.530589   -6.35328    4.01335    11.2567    6.39758          0          0
    20.492    6.42064   -9.43182   0.762812    1.05887          0          0
   8.36806  -0.762297  -0.155801    16.0197 -0.0902469          0          0
   6.13628   -3.83461    5.43627    13.2336    10.0874          0          0
   1.07184   -1.06452   0.768047    7.22706    2.42476          0          0
   4.09011    13.4262   -5.78598    12.8769    10.8418          0          0
   8.58153   -1.36685   -5.14776    -3.6674   0.768665          0          0
   1.66414    3.38569   -5.69471    20.4427   -3.24597          0          0
   2.51457    -4.6275    7.21687    9.69844    1.25226          0          0
   26.6947  -0.683075    -8.4401   -5.73338    10.2048          0          0
   19.3616    2.15058   -6.77989    -3.2411    2.74308          0          0
   7.81506    5.24957   -8.28653    6.00764    15.9394          0          0
   17.7636     28.159   -5.99537    25.7724   -8.76427          0          0
   14.1387    19.0885   -5.18685    22.9449   -7.79343          0          0
    35.344   -10.5969   -11.9973   -18.4455    2.25311          0          0
   9.49915     2.6749    9.52656    23.7258    2.34785          0          0
   8.83307    15.0188   -8.79238    13.4777     4.7429          0          0
   15.2591   -8.36521   -6.97983   -5.23054     6.8156          0          0
   3.52275    3.00361    8.55085    4.98834   -1.96545          0          0
   8.00933   -6.40085    5.53461    23.4941    2.53638          0          0
   15.6178   -2.62717   -4.92874   -10.6019    4.74727          0          0
   12.6728    26.4063  -0.544518    22.6519    2.58503          0          0
    9.5558   -4.42519    14.6231    11.5805  -0.710758          0          0
   26.2208     9.5396   -1.40696   -7.08936   -1.87279          0          0
   38.5995     15.133    7.65725      2.336    1.37877          0          0
   5.78277   -5.48417   -2.42752    4.42108   -2.58285          0          0
   23.4248   -1.10467    12.3491   -3.96108    1.81691          0          0
   12.3623     8.0575    13.1753    23.4313   -2.33725          0          0
   9.16641    3.67511    3.17859    13.0638    8.54849          0          0
-0.0176931   -5.88878   -1.74207    19.9154   -1.32203          0          0
   17.5707    10.5781    3.13137    3.24442     14.119          0          0
   16.4992   -1.78936   -9.90355    8.98868   -3.93616          0          0
   5.22245   -7.28309    2.60383    24.1386    5.65921          0          0
   8.21987    4.18407    11.4137    1.79303    16.0679          0          0
   27.2115    17.3613   -4.67968    2.20242    4.36062          0          0
   30.9467    19.8493  -0.699663    8.21888   -6.41419          0          0
   11.8102   -2.88642   -7.86941   0.420067    1.07854          0          0
   17.8257   0.532296   -15.2203    16.7353   -11.2225          0          0
   28.5752    13.1245    25.3482   -3.23254   -3.58477          0          0
   23.7041   -5.61127   -10.4214    17.4983   -3.90031          0          0
   22.8398   -14.4215   -4.49359    3.85132   -1.64611          0          0
   24.9943    -1.7184   -13.5274   -12.0071   -2.03265          0          0
   16.0336   -26.4007  -0.185381    6.96995    6.14352          0          0
   18.1391   -11.3837   -4.30358    12.5663   -1.39649          0          0
   10.2803   0.749893    4.77804    10.6247   -1.87235          0          0
   4.09511   -9.82307    7.07204    22.1427   -5.49116          0          0
   19.0714     30.247   -25.8429    20.3215    -5.2186          0          0
   14.8512    13.9198    1.84599    17.0104   -3.58056          0          0
   16.9626     10.781   -1.78091    22.0379   0.923222          0          0
   21.8477    5.28163   -18.0614      12.36   -2.76185          0          0
   10.2804   -12.5995    19.8168    15.4383    6.29736          0          0
   12.3667    3.99062   -8.13096    1.72761    14.8869          0          0
   17.3393    2.04965   -11.8689    9.88338    17.7048          0          0
    19.178   -17.8613    3.19827    0.45558   -4.16202          0          0
   35.2563   -13.4778   -7.30079    4.83473   -6.15663          0          0
    11.481   -15.6657   -3.64463    1.09734   -1.01705          0          0
   22.5294   -5.19954    14.1546    17.1759   -10.3793          0          0
   21.0366   -20.9833   -9.83947   -5.97543   -4.41866          0          0
   17.9997   -17.0461    12.1036    12.3826   -3.20245          0          0
    18.681   0.183469   -10.7439    20.2977   -2.89817          0          0
    7.7949   -8.70699   -3.38681    10.3968   -4.72736          0          0
   45.2447   -4.27313   -3.46233    -20.865   -5.04384          0          0
   21.0151   -18.4515   -7.46945  -0.827929   -3.98079          0          0
   12.1017   -1.27529    12.2156    1.48541     2.2791          0          0
   10.7129   -7.74529    19.4379    19.5188    -1.9086          0          0
   16.5205   -7.88064    24.2608    5.14927    1.70165          0          0
   11.1689     12.636    6.85975    25.7703    2.51665          0          0
   18.6627    17.5776    1.69267    12.2134   0.795654          0          0
    10.205   -5.20405   -9.32704    7.63754    5.54962          0          0
   9.27005   -4.29436    -10.584    21.4588    3.36784          0          0
   11.0667    9.18133    5.15501    14.5055    3.93996          0          0
   8.62686    3.36195    14.8175    6.21293    7.47153          0          0
   15.2034    31.0104   -12.2342    22.9469   -3.03569          0          0
   9.52079    3.52251   -10.8009    5.46486   -4.65209          0          0
   11.5042   -0.21342   -16.4959    21.4382   -6.32353          0          0
   1.90195   -5.06051    6.27789    9.85934  0.0768916          0          0
   10.9132    8.08102   0.388157    9.78204     7.4479          0          0
   18.5239   -6.59884   -2.22644    6.83536    4.54165          0          0
   7.08835    6.34346  0.0562452    9.43863    11.2374          0          0
   25.6073   -3.08269   -12.9548    10.5923     -8.678          0          0
   15.9722    1.89622   -9.60231   -4.50135   -2.90693          0          0
   32.6015    15.1235    17.6407  -0.696346   -9.26564          0          0
   12.1467   -1.08291   -3.18574    2.83743    8.75104          0          0
   10.4662    2.41946     11.663    21.9494   -2.56841          0          0
   7.87504    4.70271   -2.79457    23.2621   -8.25479          0          0
   18.8522    7.57705   0.573195    14.5587   -5.82504          0          0
   5.32005   -18.5872    3.33052     13.704    6.65699          0          0
   4.48349   -13.8669   -3.23921    15.1214    4.91794          0          0
   37.7713   -8.28108  -0.321472   -11.2376    4.65792          0          0
   15.9199  0.0668432   -3.29511   -2.09396     1.0901          0          0
   10.3728    8.47152    11.1241    23.0421   -6.48719          0          0
   9.08778    13.7175   -8.58336    9.79317  -0.580808          0          0
   6.60406   -10.5931   -14.7486    25.3169   -1.13733          0          0
    13.233    5.55987     16.408    6.06007    2.70832          0          0
   1.15584   -12.9716  -0.477356     7.9994    1.90125          0          0
   11.9611   -17.7181   -2.22781     6.3764    10.1363          0          0
 -0.126039   -5.04958   -2.36936    16.6583    7.84779          0          0
  0.151535   -12.3319   -2.63275    14.0879    2.64274          0          0
   14.2353    2.45704    -9.3224    15.3709    17.5336          0          0
   15.1621    14.9664    13.6853     14.731   -2.89879          0          0
   23.5062  0.0337422    30.7143    7.55481   -1.96483          0          0
   13.3202    10.3729   -1.89453    20.1139   -2.06737          0          0
   15.8898   -4.55617   -10.2726    19.1249    7.12502          0          0
    14.165    5.59377    8.10554    11.2242     1.4569          0          0
   1.37012   -4.37653   -1.21493    8.06852     3.7524          0          0
   10.3365   0.806505    17.9852    11.2577    7.21931          0          0
   3.39401   -12.8865    5.96441    16.2815    -7.0283          0          0
   28.5673   -6.28473   -3.67856    1.30063    1.29218          0          0
   5.65302   -10.9857    10.8287    9.33007    8.86271          0          0
    26.656   -7.86958   0.400575   -4.86922    7.40872          0          0
   18.3542    6.66866    29.9444    6.27963    3.26865          0          0
   29.8712   -6.56994   -4.36533    9.58941   -4.96968          0          0
    2.6585    3.80137   -1.77952    27.4422   -1.50912          0          0
  0.705064   -7.84271    -2.4632    16.4469    12.0982          0          0
   5.42386    6.93846   0.146557    6.63659    4.33335          0          0
   3.94753    5.71413   -2.42738    6.51281  -0.586847          0          0
   4.99548   -3.65519     7.5309    8.68727    9.28386          0          0
   16.6365    11.9128    12.2298    12.1868  -0.288659          0          0
   36.1889   -4.12309   -16.3415   -8.75587   0.178982          0          0
   22.3503   -4.67464    -11.485   -4.33008   -1.11501          0          0
   11.6783    -1.7259   -7.78192    17.2005   -8.47259          0          0
   6.31142   -13.5758   -6.06805     4.3505    6.72899          0          0
   2.85765   -1.94916     1.8411    11.2693    17.8198          0          0
   12.1991   -16.4479   -8.15422    6.12898    7.90205          0          0
   11.0448   -4.72637   -10.6899     11.922   0.972914          0          0
   3.72106   -4.60328    1.46721    34.2938   -7.95833          0          0
   10.7317   -6.76307   -10.2338    16.5446    9.56131          0          0
   21.0279   -3.18384   -4.22309   -9.38439   -1.88504          0          0
   16.5138    7.57413   -12.6817    7.07852    3.35086          0          0
   10.5032    20.0096   -12.8517    17.0026    7.66262          0          0
   17.7305   -4.21566     8.7918    22.0355   -6.33831          0          0
     8.529    -3.9383    1.27461    12.8428    2.69274          0          0
   9.20225    4.02109    2.06127    18.9498   -6.75864          0          0
    11.626  -0.366577     15.665    6.38206   -1.53474          0          0
   25.3063   -21.6189    18.9279    6.94511    2.50164          0          0
    15.197    4.03438    26.1353    1.63619    3.41164          0          0
   25.8099   -5.42344    4.03798    1.86367    -8.4627          0          0
   11.3143    15.6427   -6.82203    9.54254   -0.74719          0          0
   12.4358   -5.03955   -8.88381    5.43642  -0.308536          0          0
   4.26386   -11.3779   -9.08598    22.5328    5.40213          0          0
   2.15301   -2.09088    1.67859    21.2739    13.5689          0          0
    13.721   -8.85132    7.46909    4.58726   -2.47712          0          0
   23.1659   -12.8635   -11.4312   -4.23904   -6.14519          0          0
   24.4899   -9.79513    1.12392    8.52687   -3.66015          0          0
   7.51593   -1.84924   -9.40749    18.3875   -3.40127          0          0
   21.1911   -7.58574   -12.8523    4.98652   0.492226          0          0
   19.3893   -2.89877   -13.4248   -3.31862    3.12138          0          0
   1.17034   0.140524  -0.369313    35.7079   -4.60241          0          0
   17.8502    15.5194     1.5892    10.2914    4.92907          0          0
   9.38223    1.37686   0.233923   -3.36759    10.2766          0          0
   8.92087    6.55862    9.80632    7.90148    3.75638          0          0
   17.4411    5.99268    11.9148    2.61888    4.57594          0          0
   21.3426     -1.489    7.90574    -8.1204    0.57511          0          0
   10.6422   -4.64822   -6.35087   0.583076    6.03701          0          0
   7.27417    -3.2759    4.61681    25.5596   -1.56592          0          0
   16.5876    17.2838   -11.1034    19.8705   0.682531          0          0
   6.23377   -13.7916   -3.57453    11.6573  0.0545978          0          0
   22.1411   0.863788    9.28521   -3.49626   -6.28769          0          0
   4.41718    2.06226    2.09165    1.46031     17.123          0          0
   9.25928   -6.75733   0.236072    9.37797    -1.5313          0          0
   14.2732   -6.29474    6.30021    7.01154  -0.551379          0          0
   22.3995    12.9825   -14.0265    8.43807   -4.72106          0          0
    21.751    1.80561   -9.33988   -8.85601    7.84125          0          0
   28.6331   -7.04281    -7.6199   -18.7437   0.275861          0          0
   9.24594    -3.3066    6.60882    27.6407   -4.15488          0          0
   11.7169     3.3029     16.987     12.027   -6.83284          0          0
   22.0899   0.537101   -1.48531   -8.87266   -1.73801          0          0
   35.6064   -14.2151   -9.44823   -15.7251    6.75754          0          0
   10.9887   -4.67603   -4.53569    10.0584   -4.40607          0          0
   15.0509    0.44673    -3.1864    5.41058    5.64092          0          0
   9.28357   -1.09187    2.11516   0.828782    4.78209          0          0
   10.1974    8.49913    11.3438    21.9261   0.113333          0          0
   18.3839    2.18662    5.98448   -4.86378    8.37674          0          0
   12.6965   -13.2196    4.30424    7.05219   -1.93976          0          0
   9.18199   -3.26857   -4.90109    2.50226    1.55799          0          0
    17.314    2.53287    1.10398   -2.87187    -1.9203          0          0
   8.29772    9.84369   -5.68157    9.96026   -2.90184          0          0
  0.817192   -24.5785  -0.148575    14.7758   -4.29459          0          0
   14.3888    3.01758    13.0117   -2.69428  -0.903957          0          0
   22.4637      2.265     25.013   -3.43039   -6.15271          0          0
   6.24476   -14.1347   -6.42664    14.1935   0.701434          0          0
   27.1677   0.607426   -1.04377   -2.58975    1.59284          0          0
   17.0747   -3.87248   -8.73848   -5.04232    1.80667          0          0
   -2.2417   -15.2615   -3.11324    31.9196    4.52585          0          0
   13.8659    5.22857   -7.45869    16.3862   -6.75394          0          0
   29.9866   -1.37219   -14.5746  -0.551488   -2.68334          0          0
   10.9016    4.75841     16.109    2.08024    4.42404          0          0
   24.7818    -15.857   -18.6038    6.82684    -4.1146          0          0
    14.136   -4.85257   -4.87647   -3.82043    7.86836          0          0
   16.8932   -18.4618     10.105    7.15596    -7.3946          0          0
   8.78059   -8.37898    2.05708  -0.394223  -0.510375          0          0
   7.82636    9.67675  0.0239135    6.93206   -2.10287          0          0
   23.5519    2.73917    15.1903    3.31671    9.46088          0          0
   13.4635     8.1215   -7.50859    8.61373    12.0873          0          0
    9.1459    18.4321   0.981776    27.3822   -8.79865          0          0
   13.0931   -8.18816    9.42857    5.89672      7.584          0          0
    16.385   -21.7695   -7.30985    12.8566     1.7204          0          0
   15.9151   -12.3687    3.78392     1.0527    17.6044          0          0
   15.1062   -8.90495   -10.9158    1.16264  -0.157389          0          0
   11.1363    35.5676   -13.3685    37.0538   -5.33706          0          0
   18.7686    10.0613    18.1406    8.70419    9.35319          0          0
   6.95632    1.97115    2.10593    16.9359   -1.78169          0          0
   3.63709  -0.665797   -1.81649    14.2351    12.9239          0          0
   24.5537    3.57583    25.3909    3.08073    5.41879          0          0
   29.4393    -17.881    7.81592    1.26962   -4.19855          0          0
   1.19603   -12.5514   0.216868    8.64291    17.8074          0          0
   15.3724    7.80675    5.89993    20.2724   -10.1301          0          0
    6.0821   -24.3066   -1.74691    14.4397    7.24495          0          0
   9.14784    3.96139   -5.80813    3.57289   -1.21648          0          0
   9.71748   0.274103    2.21253    34.4172    10.6709          0          0
   21.1116   -8.11575   0.516744    -1.4847    1.41435          0          0
   30.8805      4.461    20.6388   -8.71855   -2.67606          0          0
   19.2743   -22.9532   -3.95358    1.88674   -2.26936          0          0
   5.61124   -1.93084   -2.99668    13.9321    5.86922          0          0
   24.4142  0.0878709   -12.3206   -12.8786    4.05836          0          0
   35.9981   -3.64492   -11.0863   -8.68061   -7.29053          0          0
   25.3961   -8.59549    9.91929   -1.61166   -5.95779          0          0
   17.8208   -2.28901    22.9705    3.95937   -2.19082          0          0
   5.69507    2.26983    6.74377    3.43669    3.03942          0          0
     15.73    -38.279     7.3991    27.1919    -9.0616          0          0
   7.13635   -0.38135   -4.24069   -1.20644     1.6362          0          0
   4.73606    7.02394  -0.956011    22.7653    2.09479          0          0
   14.6273   -1.42397  -0.762666     2.1622   0.836077          0          0
   13.4701   -17.3014   -2.80408    1.80198    5.55163          0          0
   6.64911    2.36879   -5.36153    15.0387    3.36533          0          0
   15.1008    2.08756    18.6022     11.597  -0.981409          0          0
    3.3237   -1.05713   -3.33366    3.21404    6.58742          0          0
   6.44862    19.6317   -13.6556    14.3683   -1.38178          0          0
   7.24772   -10.4017    13.5639    17.5497   -2.70812          0          0
   10.5342    9.04427   -11.1844    4.58571   -3.26871          0          0
   17.9829    11.8814   -1.55278    4.15575    8.54744          0          0
   15.5507   -12.8655    3.47551     9.2379    3.63796          0          0
   14.6925    15.3057   -6.65477    10.9835  -0.741374          0          0
   4.34518   -1.26643   -1.22193    14.4672    5.22506          0          0
   9.23565   0.368858    3.66183    12.8155    1.61107          0          0
   17.7588   -2.98432  -0.574494    22.6905   -1.86497          0          0
   11.9076     7.8589    8.98223    12.5648    0.88052          0          0
   10.7728    7.95554  -0.158568    14.8361   -1.83705          0          0
   5.06617    7.84743   -4.54621    14.4168    10.0299          0          0
   15.6523   -4.64627    1.10534    5.04552   -3.90732          0          0
   11.2662   -22.4435   -2.59973     9.2071   -4.74209          0          0
   11.2744   -13.7202    23.6608    10.6214    4.63844          0          0
   8.71741    -10.359 -0.0897362    17.2776     -7.192          0          0
    17.727   -7.99263   -8.83541    7.53676    1.21114          0          0
   12.5785   0.231801    -13.452    14.1865   -5.09094          0          0
    8.0805    -6.1141   -4.45883    2.44394    10.5541          0          0
    12.014       7.59    16.5152    11.9862   -3.52173          0          0
   3.93675    4.07836   -8.08463    21.4037    2.63255          0          0
   3.84573    9.11473   -5.16465    19.9593    15.1981          0          0
  -4.39291   -19.3773   -3.20753    25.6139   -2.02731          0          0
   9.67139    -9.5549   -5.26594    22.8558   -5.95152          0          0
   8.93787   -15.3683   -9.49485    30.8095   -9.15998          0          0
   14.6584   -6.47283   -9.57841    1.07104   -3.85031          0          0
   24.6535   -23.1264    10.0166    13.4583    7.02433          0          0
   18.8614   -1.73764   -6.28258   -1.07063   -3.49697          0          0
    23.302    -10.584   -20.9466    6.93812   -5.69536          0          0
   12.3085    12.7659   -13.7096    11.7784    16.2914          0          0
  -6.03691   -16.3236    -2.2479    25.6783   0.615926          0          0
   35.0357   -13.4397   -9.73152   -15.0995    9.76486          0          0
   14.4781   -7.24941  -0.873244    4.13698    10.3476          0          0
   11.7312    7.17828   -11.3955    24.4527   -6.95853          0          0
   13.3703    11.0239    13.7895    8.13484     5.9376          0          0
   6.92845    13.4155   -8.15626     7.3517    7.92853          0          0
   23.9814   -3.77962   -5.86797    2.10117  0.0274116          0          0
   22.4805   0.650336    7.83304   -1.50201   -6.44563          0          0
    27.288   0.834792   -11.2594    30.0622   -5.51919          0          0
   9.89162   -14.4175  0.0038697    3.32981    -3.0256          0          0
   37.4967    -3.0868   -11.7046   -14.4043    0.99029          0          0
   9.54989    7.26565     17.607    4.57057    6.94108          0          0
   17.0782   -2.62868    14.3651    9.78617   -1.25536          0          0
   32.1221   -4.01075    13.1809  -0.219175 -0.0257068          0          0
   18.3434   -11.4047   -5.61248     7.8204    1.99533          0          0
   9.57256   -17.5156    24.1803    43.4057   -11.8228          0          0
   15.6825   -1.40533    13.5155    24.0689    5.38816          0          0
  0.470391   -10.2732    3.16856    16.7835   -0.85587          0          0
   18.2844    25.6311   -5.46629    29.1242   -10.9421          0          0
    13.194  -0.122201    15.1147    11.4117   -1.66967          0          0
   15.7467    9.35094   -8.24951    13.3002   -1.23245          0          0
    14.821   -1.48825    2.98058   -7.94325    -1.3931          0          0
   35.4579    16.6029     5.8239   -2.14963   -1.02816          0          0
   6.90974   -9.80823   -1.32613    3.07947    8.31376          0          0
   2.04097   -12.5355    7.79989    12.8481    1.12533          0          0
   5.40322    9.49478   -12.8811    18.3652    14.7445          0          0
   19.1852   -2.03302    4.85631   -8.74213    6.53258          0          0
  0.415049   -19.5312    1.56277    13.3143   -1.30089          0          0
   24.9917    2.87844   -15.7825     1.2142   -2.39075          0          0
   6.49048    3.63414   -1.32708    18.8129   0.625561          0          0
   35.4258    12.3004   -1.34569   -7.41135     5.0312          0          0
   10.9281   0.830056    8.51997     16.757   -1.45214          0          0
   22.7415    0.65868   0.952783   -8.38951  -0.708983          0          0
   7.51719    15.9997   -5.14109    40.4439   -2.08254          0          0
   14.3967    6.66884    6.48202     19.512   -2.12506          0          0
   16.5221    8.07082   -19.3401    14.3715    -2.5561          0          0
   23.2371   -1.32007     24.302    5.02501    8.78772          0          0
  0.379436   0.427318   -6.03967    16.5325   -1.13073          0          0
   15.5158   -1.78512   -9.15231    1.87535 -0.0631621          0          0
   19.9047   -5.18656   -4.22077   -7.00629   -1.58125          0          0
   8.71574   -1.33079    7.39335     14.849    2.27743          0          0
   19.0178   -22.8708    1.14075    10.4371    6.99632          0          0
   28.1906    15.2401   -14.8187    14.0689    11.9859          0          0
   6.24839    4.65801     -1.834    5.71906   -3.34607          0          0
    22.441    7.94543    17.0025    20.5767   -14.6371          0          0
   22.0972    6.08534   0.383463    10.7234   -1.19567          0          0
   25.0195  -0.629314   -21.4814    4.23807   -4.31876          0          0
   9.95722   -12.7966    1.53695    4.79486    8.01433          0          0
   7.75984   0.915031    6.87095    5.84691   0.594372          0          0
  0.734516   -8.22965   -3.10454    26.6408    2.51477          0          0
   24.5192    3.24595     3.1623   -1.51757   -5.87306          0          0
   3.97227    6.98252    2.10348    12.9053    14.4258          0          0
   10.3074     11.985   -1.21737    12.9542    17.3742          0          0
  -2.87764   -11.4015   -3.81951    30.1144   0.781133          0          0
   18.8414  0.0413606   -11.7365   -12.9829     11.583          0          0
   17.3985    13.9677   -7.06415    10.5506   -5.47775          0          0
   1.18721   -5.37249   -10.4234    28.3142  -0.807895          0          0
   13.6509    14.9104   -9.95978    8.47239   0.686389          0          0
   8.99146   -1.46313    3.38088    12.3538    18.5384          0          0
   2.02673  -0.907476   -3.76909    24.3587    1.36089          0          0
   7.66904    1.12737   -8.98288    14.7005   0.305009          0          0
    9.6958   -10.9695    17.8758     11.149    6.04768          0          0
   1.70091    8.87405   -14.9099    37.1419   -7.26387          0          0
   16.0211   -12.1255   -8.26953    1.98993    9.68352          0          0
   8.07175    4.59263    1.33954     1.5866    1.11293          0          0
   4.76516    1.40101    7.17728    8.76916    1.30684          0          0
   14.5397    8.56075     1.9778  -0.117953   -3.78931          0          0
   20.9251   -9.38072   -9.47793   -5.18325    13.0192          0          0
   15.0357    3.52801   -6.93357    8.62122   -2.73635          0          0
   29.2843    8.36995   -3.39033 -0.0988948   -8.99606          0          0
   4.03342    8.87038    -7.5239    31.3706   -4.00266          0          0
   20.6886    6.38401    33.8588    14.3108   -9.16373          0          0
   10.4674    15.5215   -15.9866    19.3792    3.90389          0          0
    17.909   -6.99219   -3.93398   -2.99565    1.77726          0          0
   34.8229   -10.3616    3.20474   -12.3108   -4.19743          0          0
   22.9927    4.90973    8.63836   -5.45856    -4.0648          0          0
   16.1455   -3.30409   -5.56396   -8.29644  -0.917476          0          0
   22.6566   -1.41137    15.9826   -8.15818   -4.92911          0          0
   7.64585   -8.51102    4.62027     23.421   0.395447          0          0
  0.452836   -20.0887    3.90334    16.7771   -5.31626          0          0
   10.1587    -7.4613    3.05525  -0.102101   -1.82482          0          0
   13.3661    11.2454  -0.668625    17.2021   -1.58597          0          0
  0.911751     4.9872   -6.68839    12.2401    12.9364          0          0
   18.3331   -10.9296    5.05741   -2.48843   -1.94587          0          0
   7.48602    2.43141    12.8392    18.6871  -0.701016          0          0
    9.5668  -0.390999   -7.99257    9.71129   -4.45145          0          0
   6.80878    2.69399    3.52102    1.41478    12.8698          0          0
   17.5679   -8.26259   -8.41014    19.6276   0.123002          0          0
   27.1406    2.34781   -6.00361  -0.727876    8.21095          0          0
   22.9024   -8.44004   -12.7327   0.991046   0.106296          0          0
   11.6139   -3.80143   -1.88564   -3.64761    6.38117          0          0
   8.21595   -8.48695     6.5712    26.0104    9.45861          0          0
    15.209    14.8398   -10.6063    17.7123   -1.76494          0          0
   21.7726   -5.31981   -9.55909   0.992876   -9.20554          0          0
   2.44736   -18.0426   -1.99729    13.8236   -3.19128          0          0
    15.648   0.666948    4.60415   -2.13762    1.42476          0          0
   29.1204    7.68917    22.7405    4.59444    -4.8615          0          0
   11.0572    -6.1558    1.93519    2.85674    9.97663          0          0
   13.8615    18.0588   -6.96779    10.8928    3.63386          0          0
   1.53663   -10.0204   -3.55555    24.6294   -1.58328          0          0
   13.3759    5.21134    18.8208    2.57987   -4.39479          0          0
   24.7544    4.71631    1.96224    20.5785   -9.28386          0          0
   6.68469    13.1161   -2.58541    9.75345    12.6771          0          0
