 0.000421966
   0.0569113
   0.0957589
    0.128853
   0.0070784
   -0.185554
   -0.125053
   -0.111144
   0.0126997
  -0.0520444
   0.0223109
  -0.0484413
  -0.0258042
    -0.02518
   0.0221879
    0.114072
   -0.128025
   0.0699653
   -0.044414
   0.0271712
    0.049876
  -0.0812737
 0.000743614
    -0.10974
  0.00254973
  -0.0901791
  -0.0303226
   0.0637164
   0.0126894
  -0.0514705
   0.0770629
   0.0454644
 -0.00273204
  -0.0447861
   0.0440442
   0.0496887
  -0.0208499
   0.0567236
   0.0427521
  -0.0359012
   0.0187293
  -0.0815809
   0.0887282
  0.00981448
   0.0489899
   0.0582619
   0.0407372
   0.0912051
     0.18258
  -0.0484158
   0.0498786
   0.0429176
  0.00631063
   0.0542223
   0.0982849
    0.014505
   -0.019406
   0.0131736
   0.0992007
 -0.00590145
   0.0116521
     0.11498
   0.0309167
   0.0575027
  -0.0419883
   0.0846512
   0.0754811
  -0.0170458
 -0.00309134
   -0.133942
    0.131359
    0.114029
   0.0425218
  -0.0273612
  -0.0283042
    0.108197
   0.0296114
  -0.0719183
   0.0258021
  0.00607607
   -0.124247
  -0.0421425
  -0.0430359
   -0.203725
   0.0408408
   -0.117754
   0.0128206
    0.148035
   0.0068992
   0.0115912
   0.0468873
  -0.0224657
  -0.0031336
    0.018723
  -0.0403988
  0.00912252
   0.0313988
  -0.0639439
   0.0625415
  -0.0624295
  -0.0330723
  0.00531827
  -0.0045051
   0.0884473
  -0.0360731
   0.0600622
    0.124505
   0.0168361
   0.0155718
  -0.0604074
 -0.00698986
   0.0298334
   0.0385287
   -0.017156
   -0.100192
  -0.0517753
  -0.0116504
  -0.0281541
   0.0287449
      0.0676
  -0.0603519
   -0.129124
  -0.0429289
   0.0974313
  -0.0850832
    0.024597
  -0.0819178
  -0.0218411
 -0.00471622
   -0.138338
  -0.0170384
  0.00936176
   0.0820216
  -0.0658018
  -0.0330914
  -0.0598312
   0.0972426
 -0.00338281
  -0.0560373
  0.00392627
  -0.0119341
  -0.0212129
  0.00362731
   0.0540107
   -0.116479
  -0.0089951
  -0.0328761
  -0.0285772
  -0.0719539
   0.0626362
   0.0171729
  -0.0451085
 -0.00223359
  -0.0718311
   0.0177578
   -0.106333
  -0.0208593
   -0.078863
 -0.00631136
   0.0623607
   0.0579983
  -0.0316478
   0.0509715
   0.0288155
   0.0285601
    0.072281
  -0.0206612
    0.125891
   0.0295467
  -0.0227808
  -0.0517176
   0.0692173
  -0.0604473
    0.081607
    0.160876
  -0.0825869
   -0.188895
     0.24888
   0.0366838
  -0.0727511
   -0.194525
    -0.22829
    0.185829
   -0.298594
    0.183182
   -0.276642
    0.261908
  -0.0800773
    0.128327
  -0.0808486
   0.0901504
    0.261067
   -0.131781
    0.242141
   -0.198644
    0.139501
   -0.136746
   -0.261789
   -0.135883
   -0.187306
  -0.0411398
   -0.043636
  0.00643858
   0.0395411
   -0.043217
  -0.0846214
  -0.0106396
   0.0316477
  -0.0577997
 0.000817194
   -0.130405
   -0.142782
    0.124586
    0.014759
    0.086035
   0.0495527
   0.0763617
  -0.0223142
  -0.0108595
    0.100841
-0.000186255
   0.0625389
  -0.0665173
  -0.0641796
   0.0276201
  -0.0440718
   -0.037117
  -0.0296127
  -0.0408765
  -0.0878487
  -0.0557561
  -0.0124896
  0.00912256
  -0.0193031
   -0.192676
   0.0768951
   -0.115925
  -0.0608527
   0.0184654
   0.0239816
   0.0320823
   0.0766048
   0.0895647
  -0.0843687
   -0.113811
   -0.045741
     0.09076
  -0.0713253
 -0.00325347
   0.0419699
    0.101495
  -0.0828831
   0.0126907
  -0.0652543
   0.0713473
  -0.0987983
   0.0172652
  -0.0320376
    0.112329
   -0.064203
  -0.0618924
   -0.130639
   0.0163725
  -0.0158282
   0.0950182
    0.093185
    0.101284
   -0.134506
  -0.0118916
  -0.0181745
  -0.0789634
  -0.0434235
   0.0132671
  -0.0498815
  0.00362247
  -0.0467998
  -0.0476827
   0.0741546
  -0.0344891
  -0.0150677
  -0.0103184
  -0.0235395
   0.0205046
  -0.0729498
    0.077864
   0.0587628
   0.0119466
   0.0500223
  -0.0401699
   0.0648748
  0.00801605
  0.00820012
  -0.0402147
   0.0895093
 -0.00119163
   0.0376441
  -0.0524131
  -0.0542836
  -0.0339134
  0.00281627
 -0.00843327
  -0.0894327
  -0.0714551
  -0.0451224
   0.0366046
  -0.0885567
  -0.0517848
   0.0770189
   0.0224623
   -0.061208
   0.0194384
  -0.0474402
      0.1471
   -0.124097
   -0.131318
    0.116572
   -0.108847
   -0.155594
   -0.144372
    0.120871
  -0.0666946
  0.00381587
    0.170151
  -0.0157697
    0.122586
   0.0399676
    -0.24329
   -0.130256
    0.168157
    0.145933
   0.0796431
  -0.0804157
    0.170028
   0.0631176
    0.173587
   0.0509084
   -0.123264
  -0.0608004
   -0.192511
  -0.0504237
   0.0522057
     0.25191
  -0.0222842
  -0.0113336
   0.0812917
   -0.173329
   0.0562147
    0.129132
    0.136057
  -0.0716812
    0.211634
  0.00574724
   -0.120599
   -0.141518
   0.0749309
   0.0354223
   0.0739915
  -0.0392341
 -0.00106596
  -0.0648673
   0.0466755
   0.0312504
   0.0245496
   0.0368615
  -0.0125713
   0.0822752
  -0.0227065
   0.0721663
   0.0141627
  -0.0361016
  -0.0591189
 0.000588367
   0.0521802
   0.0514494
  0.00305795
   0.0198964
   0.0126742
   0.0356394
    0.123835
  -0.0348455
   -0.014674
   -0.119139
    0.101019
   0.0208792
-0.000264572
   0.0586358
   0.0426525
  0.00814163
   0.0153416
    0.036146
   0.0115969
   -0.088649
  0.00985909
    0.110997
  0.00406891
   -0.166777
    0.037557
  -0.0841308
  -0.0106747
 -0.00926995
  -0.0698039
  -0.0019971
  -0.0330862
   -0.053984
  -0.0207663
   -0.076085
   0.0483978
   -0.100332
   -0.101515
   -0.186478
    0.110706
   0.0769624
  -0.0357179
    0.157271
    0.145004
    0.201446
    0.222838
  -0.0616165
   -0.119333
   -0.110758
   0.0445363
   -0.148679
   -0.022284
    0.163742
    0.170448
    0.073348
    0.276858
    0.168324
   -0.184979
   0.0172412
   -0.101334
  -0.0113914
    0.281653
    0.220746
  -0.0809518
    0.187421
   0.0807853
    0.308323
    0.306776
   -0.360036
   -0.218161
   0.0798812
    0.269861
   -0.190055
   0.0189483
    0.364407
   -0.237898
     0.10797
   -0.160241
    -0.20575
   -0.106454
    0.245919
    0.105629
  -0.0912904
    0.233948
    0.152639
    0.175457
   -0.156925
   0.0909031
   -0.187569
    -0.10407
   0.0539197
   -0.207338
   0.0938405
     0.23378
   -0.287562
   0.0135063
   -0.104305
    0.325694
     0.20483
    0.139252
    0.153292
   -0.336482
    0.142513
   -0.147575
    0.129838
  -0.0483228
    0.226737
   -0.109415
   -0.259723
    -0.32674
   0.0836621
  -0.0276484
   0.0093617
   0.0932543
  -0.0098525
   0.0588901
   0.0377505
  -0.0108852
   0.0748724
   0.0242147
   0.0128793
    0.103214
  0.00464049
  0.00344892
 -0.00666716
 -0.00613709
   0.0334533
  -0.0127662
   0.0662611
 -0.00825967
   0.0548488
  0.00177153
   0.0268758
   0.0827501
   0.0304083
  -0.0695855
  -0.0727889
  -0.0685187
  -0.0431132
   0.0481679
  -0.0234115
   0.0173425
  -0.0640574
  -0.0214042
   0.0876153
  -0.0328712
   0.0246328
     0.12662
   0.0310492
  -0.0418527
   0.0436344
   0.0371544
   0.0302592
  -0.0118316
   0.0308197
   0.0100479
  -0.0559767
   0.0257144
  -0.0429663
   0.0207863
    0.151069
  0.00487401
  -0.0744643
   0.0770541
  -0.0507499
 -0.00973028
  -0.0521242
   0.0580171
  -0.0240995
   0.0810233
   -0.124044
  -0.0355276
  -0.0174712
  0.00763423
   0.0376715
   0.0224122
  -0.0549514
  -0.0910861
   0.0210461
  0.00906514
   0.0502283
   0.0657305
    0.018395
  -0.0249837
  -0.0788097
    0.029582
  -0.0786994
   0.0523837
   0.0352105
   0.0324078
  -0.0742829
   0.0354038
    0.103961
  0.00616082
     0.18113
  -0.0756255
   0.0304326
 -0.00698963
   0.0495937
  -0.0479849
   0.0918573
    0.101067
    0.016498
   0.0379271
  -0.0423924
  -0.0804319
  -0.0988663
   -0.018569
  -0.0165126
  0.00812904
  -0.0667064
   0.0925003
  0.00176848
  -0.0251433
   0.0617633
 -0.00627563
  -0.0536385
  -0.0430034
   0.0245698
  -0.0958696
  -0.0108614
  -0.0470113
  0.00430805
   0.0291306
   0.0393931
  -0.0486671
   0.0567131
  -0.0530948
   0.0217798
  -0.0120583
   0.0787005
   -0.108299
   0.0238261
  -0.0472351
   0.0704982
  -0.0425509
  -0.0378868
   0.0178074
  -0.0468507
   0.0616904
  0.00674732
   0.0185821
   0.0664333
   0.0589193
   -0.052149
   0.0768387
  -0.0652851
  -0.0183628
   0.0195286
   0.0840843
 -0.00682416
   0.0349287
  -0.0940944
  -0.0477059
-0.000772683
   0.0239913
  -0.0115744
  -0.0201951
   0.0511514
  -0.0182983
  -0.0604319
   0.0800047
 -0.00464747
   0.0491221
  -0.0461823
  -0.0165225
  -0.0974498
   0.0340507
   -0.100564
 -0.00423085
    0.126537
    0.044826
  -0.0620105
    0.141851
   0.0890773
   0.0817224
  -0.0555151
  -0.0173382
   0.0048186
   0.0324113
  -0.0267958
   -0.084005
    0.068738
  -0.0199762
   0.0730995
   -0.044285
  -0.0675084
    0.007858
   0.0311641
   -0.042783
  0.00495127
  -0.0852454
   -0.127446
    0.120181
  -0.0724503
 -0.00734319
    0.323904
  -0.0679722
    0.240477
  -0.0231636
   -0.214224
    0.107193
   0.0910601
    0.290134
    0.201377
    0.103715
    -0.21064
  -0.0728706
  -0.0648518
   0.0138115
 -0.00584924
  -0.0220376
 -0.00920894
   0.0393054
  -0.0517956
  -0.0204006
  -0.0262488
  -0.0334857
   0.0546368
   0.0703844
   0.0474379
  -0.0216375
  -0.0421996
  -0.0833259
  -0.0161132
    0.101973
   0.0901485
  -0.0371038
  -0.0304656
    0.044758
   0.0241416
   0.0510272
  0.00313326
     0.09411
   0.0371371
   0.0683009
   0.0836672
    0.153112
    0.192568
   0.0340218
    0.101932
   0.0749447
  -0.0636338
  -0.0632988
     0.10527
   -0.114985
  -0.0426144
  -0.0194313
 -0.00678661
  0.00674037
   0.0145505
  -0.0568235
  -0.0540964
   -0.021305
   0.0297099
 -0.00976224
  -0.0689082
  -0.0312451
  -0.0683298
  -0.0249693
 -0.00886737
   0.0470541
  -0.0498698
  -0.0383102
    0.060137
    0.106051
  -0.0620867
   0.0445063
   0.0118905
 0.000581893
   -0.109347
   0.0261758
 -0.00353837
  -0.0690783
   0.0365161
  -0.0375349
  -0.0436385
   0.0251139
  -0.0643946
   0.0330385
  0.00855017
  -0.0677044
   0.0394556
 -0.00922598
    0.031758
  -0.0861835
   0.0166524
  0.00541729
 -0.00890809
  0.00668371
  -0.0176538
   -0.112988
    0.166544
   0.0116531
    0.107389
  -0.0398648
   -0.122397
   -0.115458
   0.0433291
   0.0263657
  -0.0218599
 0.000799821
  -0.0241715
   0.0651642
 -0.00683737
   -0.114229
   0.0607239
  -0.0231566
  -0.0463941
 -0.00170433
  -0.0814293
   0.0150714
   0.0424298
  -0.0702778
  -0.0771396
   -0.124885
  -0.0587477
  -0.0394816
   0.0598239
   0.0310722
  -0.0155234
  -0.0348929
    0.122761
    0.102804
   0.0929985
  -0.0691364
   -0.016253
   0.0360604
     0.04604
  -0.0112852
  -0.0383562
   0.0735279
   0.0830827
   0.0179773
   0.0592949
  -0.0297506
    0.112951
    0.104302
   -0.111077
   0.0708668
   0.0982845
    0.104216
  -0.0985681
   -0.195757
   0.0897513
    0.126531
    0.204263
   0.0850478
   -0.234049
    0.184422
   0.0665822
 -0.00336034
  -0.0881742
    0.143637
    0.204387
    0.100081
  -0.0998098
  -0.0824642
  0.00889671
  -0.0307428
   0.0628319
     0.10659
  -0.0295696
   -0.100142
   -0.234142
   -0.103527
     0.16106
  -0.0527666
    0.137438
   -0.123216
    -0.17771
    0.007224
   -0.102218
  -0.0468053
  -0.0343908
  0.00476017
  0.00458555
   0.0174129
  0.00810118
    0.110442
   0.0715117
   0.0149133
   0.0373184
  -0.0852292
   -0.102551
   0.0820383
   0.0403293
  -0.0455598
  -0.0862799
 -0.00598425
   0.0220211
   0.0611952
   0.0203973
   0.0559054
     0.10857
  -0.0184514
   0.0126379
   0.0056021
   0.0150306
  -0.0360257
  -0.0775385
   -0.109312
   0.0432877
  0.00783893
  -0.0493217
  -0.0467705
    0.103908
    0.011877
   0.0963498
   0.0843146
  -0.0333118
  -0.0714675
   0.0441173
   0.0365888
 0.000371918
   0.0202938
 -0.00488496
   0.0751001
  -0.0192758
  0.00884664
   0.0317006
   0.0274441
  0.00891155
  -0.0686846
  -0.0483535
  -0.0301733
  -0.0719773
   0.0143487
  -0.0836839
   0.0957803
 -0.00300238
    0.107752
   0.0063509
    0.133018
   0.0354429
   -0.132687
   -0.214445
   0.0748672
   0.0493992
    0.285654
   -0.236751
   0.0777466
   -0.334905
   -0.139164
  -0.0973925
   -0.253873
    0.205437
    0.194346
    -0.30134
   0.0666445
   -0.267935
   -0.103787
  -0.0625412
   -0.195792
   -0.175186
   -0.108167
    0.239231
   -0.175506
   -0.133793
   -0.142636
   -0.221634
     0.23861
  -0.0168462
    0.061173
    0.185016
   0.0684328
  -0.0524062
     -0.1125
    0.202237
    0.123181
   -0.123677
  -0.0955593
   -0.232459
   -0.123519
   -0.316384
    0.164838
   -0.283291
    0.137456
    0.281241
    0.189825
  -0.0425188
    0.296354
   -0.197322
  -0.0537368
   0.0413811
  -0.0426191
 -0.00989314
   -0.114875
   -0.150525
    0.139538
   0.0299081
   0.0753671
  -0.0585301
   -0.066572
   0.0317101
  -0.0656631
   -0.141234
   -0.060006
  -0.0135304
  -0.0324598
   -0.113742
  -0.0151322
  -0.0901347
  -0.0762545
  -0.0728012
   -0.014034
   0.0136148
 -0.00893014
   0.0216605
   0.0237974
  0.00460407
    -0.13357
   0.0548234
    0.005902
  -0.0690196
  0.00678802
   0.0360648
 0.000874987
   -0.013958
   0.0290622
  -0.0433808
  -0.0845238
  -0.0529026
  -0.0349958
   0.0955553
 -0.00722296
  -0.0797316
   0.0283371
   0.0395842
