 1.05906
 1.02335
 1.13381
 1.01532
 1.21884
 1.09311
 1.00115
 1.14639
 1.30501
 1.13207
 1.20426
0.960854
 1.07623
 1.02139
 1.07755
0.939906
 1.04097
 1.13664
  1.0778
  1.1707
 1.14089
 1.00943
 1.06491
 1.20779
 1.10115
0.915011
 1.32628
  1.2443
 1.04239
 1.04462
 1.13108
 1.05577
 1.21708
0.954839
 1.15582
 1.16546
 1.05942
 1.08248
 1.14705
 1.09016
 1.15976
 1.02718
 1.16922
0.911466
 1.08734
 1.19554
 1.45815
 1.41964
 1.24411
 1.26496
 1.43668
 2.08821
 1.03329
 1.20734
 1.20695
 1.21262
 1.13705
 1.48724
 1.97926
 1.39313
 1.16509
   1.345
 1.11981
 1.36432
 1.13146
 1.08507
 1.14329
 1.21881
 1.03076
 1.15782
0.981212
 1.15444
 1.21412
 1.10651
 1.33102
 1.24711
 1.04811
 1.18026
 1.34056
 1.00841
 1.69682
  1.5688
 1.23754
 1.99273
 1.31847
 1.27782
  1.5139
 1.36423
 1.48779
 1.96931
0.998172
 1.52099
 1.58322
 1.48621
 1.16676
 1.21651
   1.274
 1.54487
 1.21618
  1.7628
 1.17624
 1.15124
 1.18667
 1.19565
 0.98861
 1.26742
 1.21028
 1.20369
 1.15096
  1.0763
 1.17392
 1.01934
 2.68892
 1.63764
 1.30246
  2.5805
 1.86311
 1.88805
 1.40909
 1.79752
 1.96554
 1.87227
  1.8233
 1.81121
 1.86771
 1.16274
 1.28585
 1.09787
  1.2091
 1.00283
  1.1615
 1.18374
   1.185
 1.00765
 1.23914
 1.08383
  1.1383
 1.00258
 1.13777
 1.25753
 1.11925
 1.26397
 1.19242
 1.04036
0.987888
0.967217
 1.14412
 1.05024
 1.06108
 1.01652
 1.12555
 1.08227
 1.13259
 1.01823
 1.16744
  1.0817
 1.07923
 1.09827
 1.15249
 1.09368
0.969937
 1.19801
 1.13235
 1.04623
 1.16228
 1.01593
0.977681
 1.10141
 1.18981
  1.2436
 1.03571
 1.14024
 1.26836
 1.29753
 1.23224
 1.21763
 1.27205
 1.34326
 1.13509
 1.15221
 1.16082
 1.57151
 1.31604
 1.43711
 1.37631
 1.65914
 1.24282
 1.21121
 1.35363
 1.29463
0.986636
 1.32798
  1.3518
   1.377
 1.22345
  1.1173
 1.39913
  1.6673
 1.07167
 1.16629
  1.1737
  1.1259
  1.0406
0.955693
0.996967
 1.18735
 1.02182
 1.36968
 1.03903
 1.05396
 1.02123
 1.08521
0.937071
0.911444
 1.10567
 1.23122
 1.13553
 1.14101
0.948058
 1.06137
0.982815
 1.18872
 1.14442
 1.08012
 1.27758
 1.37272
 1.32644
 1.27754
 1.21991
  1.1887
 1.16416
 1.00476
 1.00604
 1.36353
 1.35885
0.971935
 1.08961
 1.03032
 1.14307
 1.09807
 1.18871
 1.16668
 1.34082
 1.44099
 1.16291
 1.11283
 1.15185
 1.22233
 1.28168
 1.25135
 1.19181
 1.06983
 1.29001
 1.28723
 1.02187
 1.45168
 1.23015
 1.33301
 1.19703
 1.19999
 1.06436
 1.41367
 1.41803
 1.13196
 1.17986
 1.35244
 1.18393
 1.26045
 1.31617
 1.23533
 1.08393
 1.12991
 1.05478
 1.18026
0.960365
 1.02904
  1.0364
 1.07564
 1.20546
 1.17511
  1.0676
 1.09461
 1.21943
 1.06007
 1.04395
 1.01956
 1.22616
 1.10757
 1.18579
 1.16361
 0.90747
 1.12034
 1.19791
 1.12058
  1.1803
 1.23289
 1.06951
0.929924
 1.05551
 1.03791
 1.19475
 1.07348
0.984312
 1.18316
 1.20915
  1.1397
 1.16676
 1.33473
 1.15092
 1.23457
 1.18676
 1.24038
  1.4465
 1.50109
 1.10648
  1.4998
 1.51382
 1.27389
  1.2498
 1.21922
 1.71336
 1.28168
 1.33887
 1.33807
 1.75858
 1.15402
 1.57059
 1.28721
  1.3594
 1.50032
 1.35155
 1.12708
 1.63999
  1.3149
 1.53415
 1.30788
 1.82557
 1.35053
  1.3273
 1.49122
 3.92164
 4.77643
 1.76023
  2.9192
 2.89758
 3.04612
 1.79205
 3.98198
 3.91931
 1.25019
 2.56332
 1.08043
  1.0645
0.976121
 1.08106
 1.09723
 1.03803
 1.02909
 1.26434
 1.05982
0.921399
 1.17925
 1.00734
 1.01579
 1.09858
 1.05864
 1.11676
 1.09687
  1.0882
 1.03504
 1.26291
 1.13685
 1.03145
  1.0878
  1.0462
 1.08765
  1.0257
0.947103
 1.09433
 1.09508
 1.10967
 1.21289
  1.2583
 1.09255
 1.23496
0.941816
 1.12911
 1.17217
 1.04506
0.924371
 1.21191
 1.04453
 1.12509
0.937024
  1.1434
 1.17252
  1.0923
  1.0607
  1.1342
 1.14727
 1.10048
0.939523
 1.04757
 1.02739
 1.04422
 1.35241
 1.16638
 1.29251
 1.20456
 1.45111
 1.87302
 1.42065
 1.44435
 1.16177
 1.46713
  1.3186
 1.51082
  1.4486
 1.75937
 1.71396
 1.27046
 1.68664
 1.16931
 1.30523
 1.88341
 1.40371
 1.38778
  1.1773
 1.47151
 1.12146
 1.36018
 1.46468
 1.75999
 1.45402
  1.8802
0.950342
 1.31745
  1.5064
  1.4856
 1.57045
 1.89663
 1.25763
 1.38499
 1.30907
  1.6335
 1.67727
 1.43394
 1.22899
 1.09124
 1.26637
 1.20152
 1.41802
 1.21666
 1.13206
 1.16615
 1.11173
 1.16823
 1.19157
 1.05646
 1.06601
 1.22336
 1.09164
 1.23052
  1.0643
 1.05736
 1.20571
 1.07127
 1.01937
 1.55174
 1.05478
 1.22209
 1.14367
 1.43643
 1.22969
  1.2278
  1.2524
 1.13705
 1.14977
 1.29394
  1.5935
 2.31509
 1.53969
 1.26006
 1.13932
 1.18902
 1.67276
 1.14027
 1.90233
 1.35145
 1.19251
 1.20289
 1.32156
 1.10332
 1.24839
 1.18986
  1.1067
0.992809
 1.06928
 1.00941
  1.1204
 1.24773
 1.21842
 1.05391
 1.12846
 1.10119
 0.93758
 1.10951
 1.08875
 1.25127
 1.09607
 1.01687
 1.02263
 1.19094
 1.01925
 1.21915
 1.11147
 1.14046
 1.25545
 1.05896
 1.24308
 1.08808
 1.03154
0.832115
   1.275
 1.06532
 1.18831
 1.07764
 1.18769
 1.11671
 1.05976
 1.05399
 1.08962
 1.16244
 1.00369
 1.10854
  1.1912
 1.30572
 1.11323
 1.21953
  1.0379
 1.17241
 1.07717
 1.08721
 1.14177
 1.17518
 1.11439
 1.06751
  1.1401
 1.27688
 1.04888
 1.19055
 1.12889
0.958445
 1.04081
 1.16138
 1.20127
 1.18472
 1.14201
 1.04917
  1.0468
 1.23479
 1.02241
 1.09789
 1.21371
 1.21192
   1.001
 1.11854
 1.07026
 1.17113
 1.06845
 1.08018
 1.12479
 1.24577
 1.25472
0.993411
 1.28124
 1.15681
0.985255
 1.03715
 1.03538
 1.15494
 1.04616
 1.06473
  1.1782
0.993928
 1.26757
 1.08173
 1.17465
0.944997
 1.10223
 1.05686
0.918201
 1.12454
 1.23392
 1.16774
 1.10886
 1.18454
 1.25716
 1.18792
 0.98216
 1.24337
 1.01392
 1.29039
0.973577
 1.15583
0.981269
0.999398
 1.09493
 1.17384
 1.04391
0.999882
 1.02073
0.993375
 1.03738
 1.05895
 1.16072
 1.11574
 1.01135
 1.26759
 1.06288
 1.02054
 1.11081
 1.03093
0.980866
 1.03944
 1.10161
0.989998
 1.06218
0.914511
 1.12572
  1.1225
 1.08405
  1.2037
 1.16168
 1.19246
 1.03025
  1.1913
  1.0094
 1.18634
 1.47192
 1.28416
 1.03957
 1.29322
 1.29912
 1.37651
 1.43915
 2.05547
  1.3708
 1.23275
 1.15599
 1.45701
 1.43083
 1.04389
 1.02885
 1.01146
 0.80411
 1.15665
 1.15373
 1.22671
 1.35101
0.941653
 1.05449
 1.05225
 1.28141
 1.17607
 1.16393
  1.4353
 1.49234
 1.22973
  1.2944
 1.35297
 1.54637
 1.26846
 1.47742
 1.29868
 1.45705
 1.33028
 1.17342
 1.24024
0.997575
  1.1569
 1.18751
 1.08647
0.891253
 1.18492
0.988234
0.965199
 1.17362
 1.26586
0.961509
 1.21336
 1.14326
 1.03632
 1.22357
 1.18771
 1.18982
 1.27255
 1.04115
 1.13905
 1.06245
 1.07321
 1.01749
0.948386
 1.26675
 1.19481
 1.22337
 1.17146
 1.09863
 1.16926
 1.18041
 1.33594
 1.03977
 1.09794
0.904882
 1.06992
 1.23512
0.984077
0.928017
 1.14789
  1.0031
  1.0378
  1.0999
 1.12782
 1.24754
 1.15498
 1.29936
  1.1009
 1.30209
 1.07178
 1.14267
 1.09658
0.950814
 1.11442
 1.20695
 1.03451
 1.08027
 1.08283
 1.23045
 1.01649
  1.0838
 1.10776
 1.13401
 1.21499
 1.15099
 1.16248
  1.1344
  1.1344
  1.3545
 1.04221
 0.99705
 1.02998
 1.02319
 1.31688
0.980218
 1.19947
 1.26787
 1.08148
 1.12984
 1.17004
 1.06785
  1.1827
  1.1312
 1.09567
 1.04788
 1.22964
 1.19179
 1.03126
 1.04546
 1.14877
  1.0935
 1.15644
0.980488
 1.09728
 1.10502
 1.07608
 1.17789
 1.14035
 1.02073
 1.09234
 1.02304
 1.09057
 1.14963
 1.18998
  1.2965
 1.06295
 1.04975
 1.08048
0.993706
 1.04063
 1.06655
 1.00271
 1.16423
 1.01724
 1.03647
 1.05017
 1.13698
0.977939
 1.14459
 1.16042
 1.02516
0.964152
  1.2078
 1.31061
 1.13808
 1.18975
0.981199
 1.02328
 1.15141
0.947772
0.980854
 1.30549
 1.09003
    1.04
 1.15583
 1.08469
 1.00554
0.936281
 1.03872
0.957138
 1.04954
 0.96929
 1.20267
0.955993
 1.04214
 1.19931
0.996217
0.988164
 1.06334
 1.04022
 1.01306
 1.24227
 1.02256
 1.02844
 1.57566
 1.16844
  1.0536
 1.14439
 1.13085
  1.0535
 1.03596
 1.01362
 1.22869
 1.07293
 1.09593
 1.27532
  1.2158
0.967885
 1.20862
 1.03921
  1.0886
 1.15695
 1.25042
 1.12083
 1.02611
 1.03144
 1.22249
 1.01297
 1.27003
0.953619
 1.02138
 1.11196
0.973024
 1.20072
 1.20698
0.966928
0.991003
 1.23931
  1.1531
0.983836
 1.12441
 1.20259
 1.26145
 1.10062
  0.9516
 1.31918
 1.20046
 1.19356
 1.11989
 1.21409
 1.19606
 1.10883
 1.04941
 1.15482
 1.04825
 1.05966
0.877455
 1.11883
 1.13466
0.977537
 1.05994
 1.12538
0.979994
 1.09545
 1.09579
 1.12519
 1.24011
0.987356
 1.01229
 1.07437
 1.03563
 1.15882
 1.07436
0.986137
 1.25301
 1.41308
 1.09027
  1.2121
 1.29437
   1.042
 1.13287
 1.03109
 1.26531
 1.31537
 1.48643
 1.31067
0.965054
 1.11232
 1.45643
 1.22646
 1.24677
 1.14786
 1.36399
 1.20187
  1.3299
 1.44652
 1.21771
 1.28792
 1.26072
 1.16873
 1.16279
 1.42486
  1.2146
 1.30938
 1.19623
 1.15583
 1.41322
 1.36592
 1.33211
 1.17103
 1.15645
 1.29416
 1.35386
 1.24216
 1.28359
 1.05179
 1.92549
 1.34887
 2.81862
 1.95313
 2.56687
 1.99439
 3.98869
  2.2786
 1.23993
 2.13303
 2.87998
 3.51077
 3.14472
 1.99195
   2.247
 3.58268
 2.15391
 1.84268
 2.98928
 2.61143
 3.18131
 2.06715
 2.89696
 1.16877
 1.27076
 1.01724
 1.00844
 1.11679
 1.16854
 1.19353
 0.98804
 1.19848
 1.07944
0.992873
 1.15842
 1.04153
 1.08714
 1.11108
 1.21368
 1.12256
 1.12533
 1.11264
 1.01317
 1.05991
 1.11217
 1.16659
 1.03569
 1.13216
 1.12669
 1.22263
 1.03413
 1.14813
 1.22313
 1.13572
 1.16525
