 1.05908
 1.02329
 1.13338
 1.01537
 1.21874
  1.0931
 1.00138
 1.14639
 1.30502
 1.13166
 1.20426
0.960846
 1.07623
 1.02146
 1.07808
0.940153
 1.04096
 1.13664
 1.07775
  1.1707
 1.14088
 1.00941
 1.06873
 1.20778
 1.10117
   0.915
 1.32624
 1.24425
 1.04238
 1.04461
 1.13105
 1.05577
 1.21707
0.954777
 1.15582
 1.16547
 1.05943
 1.08248
 1.14706
 1.09016
  1.1598
 1.02719
 1.16921
0.911498
 1.08735
 1.19556
 1.45805
 1.41974
  1.2442
 1.26491
 1.43667
 2.08826
 1.03326
 1.20734
  1.2069
 1.21253
 1.13703
 1.48735
 1.97931
 1.39331
 1.16512
 1.34511
 1.12114
 1.36444
 1.13145
 1.08506
 1.14331
 1.21881
 1.03075
 1.15782
0.981214
 1.15447
 1.21412
 1.10664
 1.33107
 1.24761
  1.0481
 1.18028
 1.34068
 1.00848
 1.69643
 1.56907
 1.24075
 1.99298
 1.31847
 1.27785
 1.51395
 1.36406
 1.48753
 1.96966
0.998212
   1.521
  1.5839
 1.48623
 1.16685
 1.21684
   1.274
 1.54449
 1.21608
  1.7629
 1.17624
 1.15123
 1.18668
 1.19564
0.988656
 1.26743
 1.21024
  1.2037
 1.15096
 1.07719
  1.1739
 1.01934
 2.68899
 1.63828
 1.30279
 2.58037
   1.863
 1.88788
 1.40921
 1.79752
 1.96522
 1.87261
 1.82328
   1.811
 1.86751
 1.16404
 1.28582
 1.09785
 1.21506
 1.00283
 1.16149
  1.1842
 1.18495
 1.00766
 1.23914
  1.0838
 1.13825
 1.00255
 1.13776
 1.25752
 1.11929
 1.26398
  1.1925
 1.04582
0.987893
0.967218
 1.14416
  1.0503
 1.06191
 1.01658
 1.12554
 1.08232
 1.13261
 1.02104
 1.17274
  1.0817
 1.07922
 1.09825
 1.15249
 1.09368
0.969932
 1.19796
 1.13234
 1.04624
 1.16222
 1.01591
0.977673
 1.10138
 1.18981
  1.2436
  1.0357
 1.14025
  1.2715
 1.29739
 1.23249
 1.21743
 1.27216
 1.34301
 1.13516
 1.15267
 1.16382
  1.5715
 1.31608
 1.43692
 1.37603
 1.65904
 1.24207
  1.2112
 1.35327
 1.29449
0.986716
 1.32716
 1.35197
  1.3769
 1.22375
 1.11851
 1.39864
 1.59271
 1.07209
 1.16644
 1.17369
  1.1251
 1.04065
0.955693
0.996976
 1.18771
 1.02282
 1.37174
 1.03907
 1.05902
 1.02123
 1.08514
0.937061
0.911422
 1.10568
 1.23122
 1.13553
 1.14101
 0.94805
  1.0614
0.982803
 1.18875
 1.14443
 1.08012
 1.27526
 1.37304
 1.32434
 1.27688
 1.22241
 1.18487
 1.16168
  1.0033
  1.0052
 1.36345
 1.35765
0.971744
 1.08952
 1.02672
 1.14167
 1.10012
 1.18771
 1.16906
 1.34047
   1.436
 1.16013
 1.11091
 1.15225
 1.22211
 1.28328
 1.24937
 1.19338
  1.0709
 1.28768
 1.28252
 1.01954
 1.45264
 1.22951
 1.32798
 1.19387
 1.19898
 1.06212
 1.41348
 1.40877
 1.13339
 1.17906
 1.35412
 1.18415
 1.26247
 1.31411
 1.23534
 1.08392
  1.1299
  1.0548
 1.18026
0.960336
 1.02905
 1.03639
 1.07565
 1.20546
 1.17509
 1.06757
  1.0946
 1.21943
 1.06008
 1.04397
 1.01967
 1.22624
 1.10748
 1.18579
 1.16361
 0.90795
 1.12031
 1.19791
 1.12058
 1.18029
 1.23294
 1.06951
0.929883
 1.05567
 1.03791
 1.19478
 1.07348
 0.98433
  1.1831
 1.20932
 1.13971
 1.16679
 1.33473
  1.1509
 1.23455
 1.18677
 1.24038
 1.44652
 1.50108
 1.10647
 1.50045
 1.51383
 1.27391
 1.24982
 1.21916
 1.71338
 1.28168
 1.33889
 1.33806
 1.75921
 1.15396
 1.57059
 1.28717
 1.36216
 1.50034
 1.35149
 1.12707
    1.64
 1.31486
 1.53423
 1.30789
 1.82558
 1.35057
 1.32733
 1.49117
 3.92162
 4.77639
 1.76023
 2.91926
 2.89759
 3.04612
 1.79207
 3.98199
 3.91931
 1.25022
 2.56332
 1.08056
  1.0645
0.976102
 1.08101
 1.09723
 1.03804
 1.02935
 1.26425
 1.05983
0.921391
 1.17925
 1.00732
 1.01941
 1.10012
 1.05864
 1.11683
 1.09686
 1.08826
  1.0351
 1.26295
 1.13685
 1.03147
 1.08781
 1.04623
 1.08765
  1.0257
0.946676
 1.09427
 1.09507
  1.1097
 1.21286
  1.2583
 1.09255
 1.23497
0.941894
 1.12915
 1.17215
 1.04817
0.924353
 1.21192
 1.05594
 1.12509
0.937049
 1.14342
 1.17251
 1.09237
 1.06218
  1.1342
 1.14725
 1.10045
0.939525
 1.04758
 1.02739
 1.04424
 1.35232
 1.16637
 1.29257
 1.20398
 1.39117
 1.87291
 1.42014
 1.44452
 1.16206
 1.46596
 1.31897
 1.43272
  1.4478
 1.75916
 1.71308
 1.26988
 1.57403
 1.16924
  1.2228
 1.80086
 1.32153
 1.32678
 1.17711
  1.4708
 1.12144
 1.35993
 1.46505
 1.76018
 1.45357
 1.88025
0.950529
  1.3176
 1.44296
 1.48847
 1.57222
  1.8961
  1.2527
 1.38243
 1.31138
 1.63277
 1.63878
 1.43138
 1.22942
 1.07787
 1.25698
 1.19811
 1.41763
 1.21726
 1.12948
 1.16194
 1.10793
 1.16514
 1.19792
 1.05789
 1.06543
 1.21565
  1.0903
 1.22882
 1.05947
 1.05782
 1.20357
 1.07025
 1.01283
 1.40995
  1.0548
  1.2181
 1.14041
 1.42092
 1.19038
 1.22388
 1.25257
 1.13642
 1.14768
 1.29322
 1.58327
 2.31015
 1.53307
 1.27088
 1.13949
 1.18926
 1.67252
 1.14026
 1.90247
 1.35145
 1.19249
  1.2029
 1.32155
 1.10332
 1.24876
 1.18986
 1.10669
0.992846
 1.06928
 1.00938
 1.12037
 1.24771
 1.21848
 1.05428
 1.12849
 1.10115
0.937345
 1.10948
 1.08874
 1.25129
 1.09608
 1.01687
 1.02259
 1.19091
 1.01924
 1.21915
  1.1115
 1.14046
 1.25548
 1.05894
 1.24309
 1.08808
 1.03151
0.832132
 1.27503
 1.06549
 1.18832
 1.07763
  1.1877
 1.11673
 1.05967
 1.05412
 1.08962
 1.16244
 1.00374
 1.10854
 1.19121
 1.30571
 1.11321
 1.21954
 1.03793
 1.17243
 1.07717
 1.08721
 1.14199
 1.17518
 1.11443
 1.06753
 1.14011
 1.27687
 1.04888
 1.19052
 1.13181
  0.9584
  1.0408
 1.16185
 1.20321
 1.18471
   1.142
 1.04919
 1.04675
 1.23481
  1.0224
 1.09788
 1.21377
 1.21198
   1.001
 1.11857
 1.07043
 1.17114
 1.06842
 1.08019
 1.12951
 1.24576
 1.25475
0.993421
 1.28125
 1.15681
0.985255
 1.03744
 1.03538
 1.15494
 1.04617
 1.06523
 1.17821
0.993844
  1.2676
 1.08173
  1.1746
0.945011
 1.10315
 1.05687
0.918208
 1.12918
 1.23396
 1.16773
 1.10891
 1.18447
 1.25716
 1.18795
0.982158
 1.25161
 1.01435
  1.2904
0.973572
 1.15581
0.981269
0.999392
 1.09496
 1.17392
 1.04391
0.999852
 1.02073
0.993357
 1.03741
 1.05893
 1.16087
 1.11574
 1.01135
 1.26758
 1.06251
 1.02052
 1.11081
  1.0325
0.980865
 1.03942
 1.10161
 0.98999
  1.0622
  0.9145
 1.12573
 1.12252
 1.08411
 1.20369
 1.16176
 1.19246
 1.03024
 1.19128
 1.00943
 1.18634
 1.47182
 1.28416
 1.03967
 1.29344
 1.30402
 1.37696
 1.43951
 2.05461
 1.37102
 1.23282
 1.15587
   1.457
 1.43054
 1.04406
 1.03196
 1.01142
0.804104
 1.15811
 1.15375
 1.22671
 1.35101
0.941825
 1.05449
 1.05516
 1.28141
 1.17607
 1.16393
 1.43535
 1.49232
 1.22972
 1.29434
 1.35294
  1.5464
 1.26838
 1.47751
 1.29876
 1.45691
 1.33026
  1.1733
 1.24018
0.997615
 1.15685
 1.18749
 1.08646
0.891261
 1.18488
0.988286
0.965205
 1.17362
 1.26587
 0.96151
 1.21356
 1.14334
 1.03628
 1.22357
 1.18774
 1.18982
 1.27255
 1.04116
 1.14084
  1.0624
 1.07311
 1.01747
0.948432
 1.26675
 1.19482
 1.22335
 1.17146
 1.09863
 1.16922
 1.18043
 1.33596
  1.0425
 1.09789
0.904874
 1.06992
 1.23518
  0.9844
0.928041
 1.14782
  1.0033
 1.03778
  1.0999
 1.12851
 1.24751
 1.15498
 1.29935
 1.10091
  1.3021
 1.07178
 1.14267
 1.09657
0.950785
 1.11443
 1.20694
 1.03488
 1.08078
  1.0828
 1.23254
  1.0165
 1.08384
 1.10777
 1.13401
 1.21496
 1.15104
 1.16249
 1.13697
 1.13442
  1.3545
 1.04217
0.997046
 1.02998
 1.02317
 1.31702
0.980222
 1.19953
 1.26789
 1.08147
 1.12987
    1.17
 1.06784
 1.18277
 1.13583
 1.09561
 1.04788
 1.22963
 1.19173
 1.03148
 1.04544
 1.14881
 1.09351
 1.15645
0.980485
 1.09731
 1.10502
 1.07608
  1.1779
 1.14036
 1.02078
 1.09233
 1.02305
 1.09446
 1.14958
 1.18997
 1.29651
 1.06295
 1.04975
 1.08053
0.993754
 1.04063
 1.06658
 1.00274
 1.16425
 1.01724
 1.03646
 1.05011
 1.13698
0.977944
 1.14463
 1.16039
 1.02515
0.964152
 1.20777
 1.30696
 1.13804
 1.18975
0.981224
 1.02323
 1.14982
0.946949
0.980607
 1.30538
 1.08986
 1.04163
 1.15323
 1.08447
  1.0057
0.935043
 1.03955
0.956854
 1.04995
0.969394
 1.20136
0.957244
 1.04299
 1.19868
0.997073
0.987996
 1.06459
    1.04
 1.01199
 1.24203
   1.023
 1.02809
 1.57871
 1.16913
 1.05502
 1.14219
 1.13156
 1.05382
 1.03602
 1.01336
 1.23026
 1.07277
 1.09608
 1.27532
 1.21579
0.967914
 1.20913
 1.03522
 1.08857
 1.15706
 1.25041
 1.12083
 1.02635
 1.03149
 1.22242
 1.01306
 1.27003
0.953596
 1.02142
 1.11198
0.973023
 1.20072
 1.20692
0.966923
0.991022
 1.19395
 1.15319
0.983783
 1.12443
 1.20253
 1.26145
 1.10067
0.951624
 1.31921
 1.20046
 1.19357
 1.11989
 1.21409
 1.19621
 1.10883
 1.04947
 1.15475
 1.04824
 1.05968
0.877462
 1.11883
 1.13468
0.977537
 1.05991
 1.12533
0.979984
 1.09545
 1.09578
 1.12519
 1.24011
0.987279
 1.01364
 1.07437
 1.03563
 1.15883
 1.07415
 0.98611
   1.253
 1.41308
 1.09025
 1.21209
 1.29533
   1.042
 1.13287
  1.0317
 1.26533
 1.31536
 1.48648
  1.3107
0.965073
 1.11232
 1.45642
 1.22646
 1.25457
 1.14785
   1.364
 1.20185
 1.32993
 1.44657
  1.2178
 1.28789
 1.26071
 1.16874
 1.16275
 1.42485
 1.21463
 1.30937
  1.1962
 1.15559
 1.41319
 1.36592
 1.33213
 1.17121
 1.15645
 1.29413
 1.35387
 1.24249
  1.2836
 1.05178
 1.92548
 1.34881
 2.81861
 1.95312
 2.56692
 1.99444
 3.98869
 2.27865
 1.24055
 2.13303
 2.87998
 3.51076
 3.14471
 1.99193
 2.24696
 3.58267
 2.15391
 1.84268
 2.98927
 2.61142
  3.1813
 2.06715
 2.89697
 1.16877
 1.27093
 1.01723
 1.00842
 1.11677
  1.1685
 1.19355
0.988018
 1.19843
 1.07945
 0.99289
 1.15843
 1.04058
  1.0871
 1.11109
 1.21369
 1.12252
 1.12534
 1.11291
 1.01315
  1.0599
 1.11214
  1.1666
  1.0357
 1.13236
 1.12674
 1.22262
 1.03413
 1.14813
 1.22315
 1.13574
 1.16525
