 1.05907
 1.02335
 1.13368
 1.01536
 1.21884
 1.09311
 1.00134
 1.14639
 1.30501
 1.13227
 1.20426
0.960855
 1.07624
 1.02149
 1.07807
0.940219
 1.04097
 1.13663
  1.0778
  1.1707
 1.14089
 1.00943
 1.06612
 1.20779
 1.10115
0.915012
 1.32629
  1.2443
 1.04239
 1.04463
 1.13108
 1.05577
 1.21708
 0.95484
 1.15583
 1.16546
 1.05943
 1.08248
 1.14705
 1.09016
 1.15976
 1.02718
 1.16922
0.911468
 1.08734
 1.19554
 1.45816
 1.41965
  1.2441
 1.26496
 1.43667
 2.08822
 1.03329
 1.20733
 1.20694
 1.21262
 1.13706
 1.48723
 1.97925
 1.39312
 1.16509
 1.34501
 1.12121
 1.36432
 1.13146
 1.08507
 1.14329
 1.21881
 1.03076
 1.15782
0.981212
 1.15444
 1.21412
 1.10649
 1.33107
 1.24707
  1.0481
 1.18018
 1.34053
 1.00839
 1.69692
 1.56879
 1.23883
 1.99272
 1.31847
 1.27776
 1.51409
 1.36425
 1.48781
 1.96925
0.998208
 1.52107
 1.58321
 1.48614
 1.16669
 1.21665
 1.27396
 1.54482
 1.21611
 1.76286
 1.17624
 1.15124
 1.18667
 1.19565
0.988608
 1.26741
 1.21028
 1.20369
 1.15096
 1.07722
 1.17392
 1.01934
 2.68891
 1.63796
 1.30267
  2.5805
 1.86311
   1.888
 1.40918
 1.79755
 1.96549
  1.8725
 1.82341
 1.81123
 1.86771
 1.16348
 1.28586
 1.09787
 1.21078
 1.00283
  1.1615
 1.18418
   1.185
 1.00765
 1.23914
 1.08383
 1.13831
 1.00258
 1.13777
 1.25753
 1.11925
 1.26397
 1.19242
  1.0417
0.987888
0.967217
 1.14411
 1.05024
 1.06187
 1.01652
 1.12555
 1.08227
 1.13259
 1.01932
 1.16899
  1.0817
 1.07923
 1.09827
 1.15249
 1.09368
0.969938
 1.19801
 1.13234
 1.04623
 1.16228
 1.01594
0.977681
 1.10141
 1.18981
  1.2436
 1.03571
 1.14024
 1.26982
 1.29745
 1.23246
  1.2174
 1.27215
 1.34308
 1.13499
 1.15263
 1.16215
 1.57133
 1.31607
 1.43696
 1.37591
 1.65896
 1.24238
 1.21118
 1.35317
 1.29448
0.986661
 1.32736
 1.35202
 1.37707
 1.22357
 1.11872
 1.39863
 1.60059
 1.07209
 1.16644
 1.17371
 1.12591
  1.0406
0.955693
0.996967
 1.18776
 1.02265
 1.37156
 1.03903
 1.05526
 1.02123
 1.08516
 0.93707
0.911447
 1.10567
 1.23122
 1.13553
 1.14101
0.948058
 1.06137
0.982816
 1.18872
 1.14442
 1.08012
 1.27762
 1.37276
 1.32647
 1.27759
 1.21996
 1.18909
 1.16416
 1.00479
 1.00602
 1.36356
 1.35889
0.971937
 1.08963
 1.03032
 1.14308
 1.09806
 1.18871
 1.16669
 1.34092
 1.44101
 1.16291
 1.11284
 1.15193
 1.22235
 1.28169
 1.25137
 1.19181
 1.06985
 1.29003
 1.28725
 1.02212
 1.45175
 1.23012
 1.33305
 1.19708
     1.2
 1.06439
 1.41367
 1.41807
   1.132
 1.17985
 1.35243
 1.18395
  1.2609
 1.31615
 1.23533
 1.08393
 1.12991
 1.05478
 1.18026
0.960366
 1.02904
  1.0364
 1.07564
 1.20546
 1.17511
  1.0676
 1.09461
 1.21943
 1.06007
 1.04394
 1.01965
 1.22616
 1.10757
 1.18579
 1.16361
0.907989
 1.12034
 1.19791
 1.12058
  1.1803
 1.23289
 1.06951
 0.92993
  1.0555
 1.03791
 1.19475
 1.07348
0.984311
 1.18316
 1.20932
  1.1397
 1.16676
 1.33473
 1.15092
 1.23457
 1.18676
 1.24038
  1.4465
 1.50109
 1.10648
 1.50049
 1.51384
 1.27389
 1.24981
 1.21923
 1.71337
 1.28168
 1.33886
 1.33807
 1.75858
 1.15402
 1.57058
 1.28722
 1.35942
 1.50033
 1.35155
 1.12707
 1.64001
 1.31491
 1.53415
 1.30788
 1.82557
 1.35053
 1.32727
 1.49122
 3.92164
 4.77644
 1.76023
  2.9192
 2.89758
 3.04613
 1.79204
 3.98199
 3.91931
 1.25019
 2.56332
 1.08052
  1.0645
0.976122
 1.08106
 1.09723
 1.03803
  1.0293
 1.26434
 1.05982
  0.9214
 1.17925
 1.00734
 1.01713
 1.10011
 1.05864
 1.11678
 1.09687
 1.08821
 1.03504
 1.26291
 1.13685
 1.03149
  1.0878
  1.0462
 1.08765
  1.0257
0.947116
 1.09433
 1.09508
 1.10967
 1.21289
  1.2583
 1.09255
 1.23496
0.941933
 1.12911
 1.17218
 1.04616
0.924373
 1.21191
 1.04606
 1.12509
0.937058
  1.1434
 1.17252
  1.0923
 1.06214
  1.1342
 1.14727
 1.10052
0.939524
 1.04757
 1.02739
 1.04422
 1.35238
 1.16638
 1.29255
 1.20419
 1.45144
 1.87299
 1.42034
 1.44429
 1.16185
 1.46721
 1.31885
 1.51028
 1.44866
 1.75918
 1.71415
 1.27015
 1.57447
  1.1693
 1.30479
 1.88295
 1.40333
 1.38896
  1.1772
 1.47107
 1.12152
 1.36002
 1.46483
 1.76032
 1.45398
 1.88011
0.950371
 1.31753
 1.50659
 1.48563
 1.57035
 1.89852
 1.25803
  1.3847
 1.30922
 1.63362
 1.67743
 1.43396
 1.22845
 1.09389
 1.26658
 1.20165
 1.41799
 1.21663
 1.13166
 1.16604
 1.11143
 1.16807
 1.19171
 1.05634
 1.06556
 1.22372
 1.09168
 1.23072
 1.06429
 1.05728
 1.20644
  1.0713
 1.01939
 1.55287
 1.05494
 1.22203
 1.14501
 1.43723
 1.22969
 1.22809
 1.25225
 1.13727
 1.15024
 1.29391
 1.59387
 2.31488
 1.53989
  1.2621
 1.13937
 1.18903
 1.67271
 1.14027
 1.90239
 1.35148
 1.19258
 1.20289
 1.32156
 1.10332
 1.24877
 1.18986
  1.1067
0.992808
 1.06928
 1.00941
  1.1204
 1.24773
 1.21841
 1.05433
 1.12846
 1.10119
0.937582
 1.10951
 1.08875
 1.25127
 1.09607
 1.01687
 1.02264
 1.19094
 1.01925
 1.21915
 1.11146
 1.14046
 1.25545
 1.05896
 1.24308
 1.08808
 1.03154
0.832114
   1.275
 1.06541
 1.18831
 1.07765
 1.18769
 1.11671
 1.05985
  1.0542
 1.08961
 1.16244
 1.00369
 1.10854
  1.1912
 1.30572
 1.11323
 1.21953
  1.0379
 1.17241
 1.07717
 1.08724
 1.14201
 1.17518
 1.11439
 1.06751
  1.1401
 1.27688
 1.04888
 1.19055
 1.13007
0.958445
 1.04081
 1.16181
 1.20226
 1.18472
 1.14201
 1.04917
  1.0468
 1.23479
 1.02241
 1.09789
 1.21372
 1.21192
   1.001
 1.11854
 1.07043
 1.17113
 1.06844
 1.08019
 1.12967
 1.24577
 1.25472
0.993409
 1.28124
 1.15683
0.985255
 1.03747
 1.03538
 1.15494
 1.04616
  1.0653
  1.1782
0.993953
 1.26757
 1.08173
 1.17465
0.945002
 1.10324
 1.05686
0.918201
 1.12913
 1.23392
 1.16774
 1.10886
 1.18455
 1.25716
 1.18792
 0.98216
 1.24553
 1.01433
 1.29039
0.973577
 1.15583
0.981269
0.999398
 1.09493
 1.17384
 1.04391
0.999883
 1.02073
0.993374
 1.03738
 1.05895
 1.16087
 1.11574
 1.01135
 1.26759
 1.06289
 1.02054
 1.11081
 1.03258
0.980866
 1.03944
 1.10161
0.989998
 1.06218
0.914511
 1.12572
  1.1225
 1.08405
  1.2037
 1.16176
 1.19246
 1.03025
  1.1913
  1.0094
 1.18634
 1.47184
 1.28414
 1.03963
 1.29332
 1.30095
 1.37673
 1.43931
 2.05507
 1.37089
 1.23277
 1.15593
 1.45698
 1.43068
 1.04404
 1.02996
 1.01152
 0.80411
 1.15801
 1.15373
 1.22671
 1.35101
0.941851
 1.05449
 1.05508
 1.28141
 1.17607
 1.16393
 1.43532
 1.49234
 1.22973
 1.29438
 1.35296
 1.54639
 1.26845
 1.47743
  1.2987
 1.45705
 1.33028
 1.17342
 1.24024
0.997575
  1.1569
 1.18751
 1.08647
0.891252
 1.18489
0.988233
0.965198
 1.17362
 1.26586
0.961508
 1.21335
 1.14326
 1.03632
 1.22357
 1.18775
 1.18982
 1.27255
 1.04115
 1.14086
 1.06245
 1.07321
 1.01749
 0.94841
 1.26675
 1.19481
 1.22337
 1.17147
 1.09863
 1.16926
 1.18041
 1.33599
  1.0408
 1.09789
0.904863
 1.06992
 1.23512
 0.98444
0.928016
 1.14789
 1.00329
  1.0378
  1.0999
 1.12853
 1.24754
 1.15498
 1.29936
  1.1009
 1.30209
 1.07178
 1.14267
 1.09658
0.950813
 1.11442
 1.20695
 1.03479
 1.08087
 1.08283
 1.23265
  1.0165
  1.0838
 1.10776
 1.13401
 1.21499
 1.15099
 1.16248
 1.13551
  1.1344
  1.3545
 1.04221
0.997051
 1.02998
 1.02318
 1.31687
0.980216
 1.19948
 1.26787
 1.08148
 1.12984
 1.17004
 1.06785
  1.1827
 1.13263
 1.09569
 1.04788
 1.22964
 1.19179
 1.03145
 1.04546
 1.14877
 1.09349
 1.15644
0.980489
 1.09728
 1.10502
 1.07608
 1.17789
 1.14035
 1.02073
 1.09234
 1.02304
 1.09184
  1.1496
 1.18998
  1.2965
 1.06295
 1.04975
 1.08048
0.993805
 1.04063
 1.06655
 1.00271
 1.16423
 1.01724
 1.03647
 1.05017
 1.13698
0.977938
 1.14459
 1.16042
 1.02515
0.964151
  1.2078
 1.31061
 1.13808
 1.18975
0.981197
 1.02328
 1.15145
0.947725
0.980983
 1.30563
 1.09014
 1.03987
 1.15597
 1.08464
 1.00555
0.936317
  1.0387
0.957132
 1.04953
 0.96943
 1.20264
0.955935
 1.04249
 1.19945
0.996064
0.988199
 1.06394
 1.04034
 1.01305
  1.2423
  1.0226
 1.02847
 1.57556
 1.16832
 1.05337
 1.14438
 1.13079
 1.05353
 1.03606
 1.01372
 1.22851
 1.07293
 1.09596
 1.27532
  1.2158
0.967884
 1.20915
 1.03921
  1.0886
 1.15694
 1.25042
 1.12083
 1.02637
 1.03144
 1.22249
 1.01296
 1.27003
0.953623
 1.02138
 1.11195
0.973024
 1.20072
 1.20699
0.966927
0.991003
 1.23931
  1.1531
0.983837
 1.12441
  1.2026
 1.26145
 1.10062
0.951601
 1.31918
 1.20046
 1.19356
 1.11989
 1.21409
 1.19613
 1.10883
 1.04946
 1.15482
 1.04825
 1.05976
0.877455
 1.11883
 1.13466
0.977537
 1.05994
 1.12538
0.980003
 1.09545
 1.09579
 1.12519
 1.24011
0.987357
 1.01386
 1.07437
 1.03563
 1.15882
 1.07432
0.986138
 1.25301
 1.41308
 1.09026
  1.2121
 1.29544
   1.042
 1.13288
 1.03168
  1.2653
 1.31538
 1.48643
 1.31067
0.965049
 1.11232
 1.45644
 1.22644
  1.2487
 1.14785
   1.364
 1.20187
  1.3299
 1.44652
  1.2177
 1.28792
 1.26072
 1.16873
 1.16279
 1.42487
 1.21458
 1.30938
 1.19623
 1.15584
 1.41322
 1.36592
 1.33211
 1.17104
 1.15646
 1.29414
 1.35387
 1.24245
  1.2836
 1.05178
 1.92549
 1.34887
 2.81861
 1.95313
 2.56686
 1.99438
 3.98869
 2.27862
  1.2406
 2.13302
 2.87998
 3.51077
 3.14472
 1.99195
   2.247
 3.58268
 2.15391
 1.84268
 2.98928
 2.61143
 3.18131
 2.06715
 2.89696
 1.16877
   1.271
 1.01724
 1.00845
 1.11679
 1.16854
 1.19353
0.988041
 1.19848
 1.07944
0.992873
 1.15842
 1.04152
 1.08714
 1.11108
 1.21368
 1.12256
 1.12533
 1.11303
 1.01317
 1.05991
 1.11217
 1.16659
  1.0357
 1.13231
 1.12675
 1.22263
 1.03413
 1.14813
 1.22312
 1.13572
 1.16525
