 1.05907
 1.02332
 1.13362
 1.01537
 1.21879
  1.0931
 1.00138
 1.14639
 1.30502
 1.13193
 1.20426
0.960851
 1.07624
  1.0215
 1.07807
0.940206
 1.04096
 1.13663
 1.07777
  1.1707
 1.14088
 1.00943
 1.06867
 1.20778
 1.10116
0.915012
 1.32626
 1.24428
 1.04239
 1.04463
 1.13107
 1.05577
 1.21708
0.954812
 1.15582
 1.16547
 1.05943
 1.08248
 1.14705
 1.09016
 1.15977
 1.02718
 1.16922
 0.91148
 1.08734
 1.19555
 1.45811
 1.41966
 1.24414
 1.26495
 1.43671
  2.0882
 1.03327
 1.20734
 1.20696
  1.2126
 1.13702
 1.48728
 1.97927
 1.39316
  1.1651
   1.345
 1.12117
 1.36435
 1.13145
 1.08506
 1.14329
 1.21881
 1.03076
 1.15781
0.981214
 1.15445
 1.21411
 1.10663
 1.33103
 1.24759
 1.04811
 1.18025
 1.34064
 1.00846
 1.69648
 1.56905
 1.24073
 1.99285
 1.31847
 1.27784
 1.51394
   1.364
 1.48753
 1.96963
0.998214
 1.52098
 1.58387
  1.4862
 1.16679
 1.21681
   1.274
 1.54452
 1.21608
 1.76288
 1.17624
 1.15124
 1.18667
 1.19565
0.988633
 1.26742
 1.21026
 1.20369
 1.15096
 1.07724
 1.17391
 1.01934
   2.689
 1.63824
 1.30279
 2.58037
   1.863
 1.88789
 1.40921
 1.79752
 1.96522
 1.87261
 1.82325
 1.81099
 1.86754
 1.16402
 1.28584
 1.09787
 1.21503
 1.00284
  1.1615
 1.18419
 1.18498
 1.00765
 1.23914
 1.08381
 1.13829
 1.00256
 1.13776
 1.25752
 1.11927
 1.26397
 1.19245
 1.04576
 0.98789
0.967218
 1.14414
 1.05027
  1.0619
 1.01656
 1.12555
  1.0823
  1.1326
 1.02102
 1.17274
  1.0817
 1.07923
 1.09826
 1.15249
 1.09368
0.969934
 1.19799
 1.13235
 1.04623
 1.16225
 1.01592
0.977678
 1.10139
 1.18981
  1.2436
  1.0357
 1.14024
 1.27157
 1.29748
 1.23257
 1.21738
  1.2722
 1.34305
 1.13507
  1.1527
  1.1639
 1.57147
 1.31609
 1.43691
 1.37592
 1.65889
 1.24221
 1.21113
 1.35312
 1.29453
0.986726
 1.32707
 1.35202
 1.37703
 1.22372
 1.11869
 1.39852
 1.59297
 1.07215
 1.16647
  1.1737
 1.12593
 1.04063
0.955693
0.996968
  1.1877
 1.02275
 1.37161
 1.03904
 1.05897
 1.02123
 1.08514
0.937067
0.911445
 1.10568
 1.23122
 1.13553
 1.14101
0.948055
 1.06139
0.982812
 1.18874
 1.14443
 1.08012
 1.27762
 1.37276
 1.32645
 1.27758
 1.21999
 1.18909
 1.16414
 1.00477
 1.00602
  1.3635
 1.35889
0.971928
 1.08963
 1.03032
 1.14307
 1.09812
  1.1887
  1.1667
 1.34091
 1.44101
 1.16292
 1.11285
 1.15193
 1.22236
  1.2817
 1.25137
 1.19184
 1.06985
 1.29003
 1.28725
 1.02212
 1.45176
 1.23014
 1.33307
 1.19707
 1.19999
 1.06438
 1.41367
 1.41806
 1.13199
 1.17984
  1.3524
 1.18395
 1.26103
 1.31615
 1.23533
 1.08393
 1.12991
 1.05478
 1.18024
 0.96035
 1.02904
  1.0364
 1.07565
 1.20546
  1.1751
 1.06759
 1.09461
 1.21943
 1.06008
 1.04396
 1.01967
 1.22619
 1.10754
 1.18579
 1.16361
0.907958
 1.12032
 1.19791
 1.12058
  1.1803
 1.23292
 1.06951
0.929893
 1.05557
 1.03791
 1.19476
 1.07348
0.984322
 1.18313
 1.20936
 1.13969
 1.16677
 1.33473
 1.15091
 1.23456
 1.18677
 1.24038
  1.4465
 1.50108
 1.10648
 1.50044
 1.51382
 1.27391
 1.24981
 1.21921
 1.71337
 1.28168
 1.33886
 1.33806
 1.75952
 1.15398
 1.57059
 1.28719
  1.3616
 1.50033
  1.3515
 1.12708
 1.64001
 1.31489
 1.53421
 1.30789
 1.82557
 1.35056
 1.32731
  1.4912
 3.92162
 4.77642
 1.76023
 2.91921
 2.89757
 3.04613
 1.79206
 3.98199
 3.91931
 1.25021
 2.56331
 1.08051
  1.0645
0.976111
 1.08105
 1.09723
 1.03804
 1.02935
  1.2643
 1.05982
0.921393
 1.17925
 1.00733
 1.01939
 1.10012
 1.05864
 1.11677
 1.09687
 1.08822
 1.03507
 1.26293
 1.13685
 1.03149
  1.0878
 1.04621
 1.08765
  1.0257
0.947106
  1.0943
 1.09508
 1.10968
 1.21287
  1.2583
 1.09254
 1.23497
0.941877
 1.12913
 1.17215
 1.04816
0.924368
 1.21192
 1.05605
 1.12509
0.937052
 1.14341
 1.17251
 1.09233
 1.06217
  1.1342
 1.14726
 1.10045
0.939526
 1.04757
 1.02739
 1.04423
 1.35233
 1.16638
 1.29258
 1.20399
 1.39116
 1.87295
 1.42014
  1.4445
 1.16204
 1.46595
 1.31896
 1.43273
  1.4478
 1.75917
 1.71309
 1.26992
 1.57402
 1.16924
 1.22281
 1.80086
 1.32156
 1.32677
 1.17711
 1.47083
 1.12145
 1.35993
 1.46504
 1.76017
 1.45355
 1.88027
0.950524
 1.31761
 1.44296
 1.48973
 1.57252
 1.89784
  1.2536
 1.38422
 1.31094
 1.63204
  1.6478
 1.43343
 1.22718
 1.08079
 1.25936
 1.19917
 1.41649
 1.21831
 1.12994
 1.16366
 1.10873
 1.16621
 1.19656
 1.05743
 1.06621
 1.21806
 1.09038
 1.22907
 1.06026
 1.05881
 1.20494
 1.07165
 1.01534
 1.43849
 1.05524
 1.21978
 1.14218
 1.42557
 1.23233
 1.22611
 1.25211
 1.13541
 1.14823
 1.29277
 1.58583
 2.31091
 1.53561
 1.27092
 1.13937
 1.18913
 1.67267
  1.1402
 1.90232
 1.35156
 1.19261
 1.20289
 1.32155
 1.10332
 1.24878
 1.18986
 1.10669
0.992825
 1.06928
 1.00939
 1.12038
 1.24771
 1.21845
  1.0543
 1.12847
 1.10118
0.937587
  1.1095
 1.08875
 1.25128
 1.09608
 1.01687
 1.02261
 1.19092
 1.01924
 1.21915
 1.11148
 1.14046
 1.25546
 1.05895
 1.24308
 1.08808
 1.03152
0.832123
 1.27501
 1.06546
 1.18831
 1.07764
 1.18769
 1.11673
  1.0598
 1.05419
 1.08962
 1.16244
 1.00372
 1.10853
 1.19121
 1.30572
 1.11322
 1.21954
 1.03792
 1.17242
 1.07717
 1.08722
   1.142
 1.17518
 1.11441
 1.06752
 1.14011
 1.27688
 1.04888
 1.19054
 1.13179
0.958429
 1.04081
 1.16188
 1.20319
 1.18472
   1.142
 1.04918
 1.04677
 1.23481
 1.02241
 1.09789
 1.21368
 1.21196
   1.001
 1.11854
 1.07042
 1.17113
 1.06843
 1.08019
 1.12954
 1.24577
 1.25473
0.993416
 1.28124
 1.15683
0.985255
 1.03744
 1.03538
 1.15494
 1.04617
 1.06523
  1.1782
0.993901
 1.26759
 1.08173
 1.17462
0.945009
 1.10317
 1.05687
0.918197
 1.12918
 1.23394
 1.16774
 1.10888
 1.18452
 1.25716
 1.18794
 0.98216
 1.25155
 1.01433
  1.2904
0.973574
 1.15582
0.981269
 0.99939
 1.09495
 1.17387
 1.04391
0.999865
 1.02073
0.993365
  1.0374
 1.05894
 1.16088
 1.11574
 1.01135
 1.26759
 1.06289
 1.02053
 1.11081
 1.03252
0.980865
 1.03943
 1.10161
0.989994
 1.06219
0.914505
 1.12572
  1.1225
  1.0841
 1.20369
 1.16176
 1.19246
 1.03025
  1.1913
 1.00942
 1.18634
 1.47181
 1.28415
 1.03968
 1.29344
 1.30399
 1.37698
  1.4395
 2.05462
 1.37102
 1.23282
 1.15587
 1.45699
 1.43053
 1.04404
 1.03195
 1.01147
0.804107
 1.15809
 1.15374
 1.22671
 1.35101
0.941845
 1.05449
 1.05515
 1.28141
 1.17607
 1.16393
 1.43538
 1.49233
 1.22971
 1.29436
 1.35295
  1.5464
 1.26843
 1.47748
 1.29875
   1.457
 1.33028
 1.17338
  1.2402
0.997596
 1.15688
 1.18749
 1.08647
0.891257
 1.18488
0.988259
  0.9652
 1.17362
 1.26587
0.961505
 1.21343
  1.1433
  1.0363
 1.22357
 1.18775
 1.18982
 1.27255
 1.04116
 1.14086
 1.06243
 1.07316
 1.01748
0.948433
 1.26675
 1.19482
 1.22336
 1.17146
 1.09863
 1.16924
 1.18042
 1.33599
 1.04249
 1.09789
0.904839
 1.06992
 1.23514
0.984442
0.928027
 1.14786
 1.00329
 1.03779
  1.0999
  1.1285
 1.24753
 1.15498
 1.29935
  1.1009
 1.30209
 1.07178
 1.14267
 1.09658
0.950799
 1.11443
 1.20695
 1.03486
 1.08089
 1.08282
 1.23252
 1.01649
 1.08381
 1.10776
 1.13401
 1.21498
 1.15102
 1.16248
 1.13697
 1.13441
  1.3545
 1.04219
 0.99705
 1.02998
 1.02317
 1.31695
0.980221
 1.19952
 1.26788
 1.08148
 1.12985
 1.17002
 1.06784
 1.18273
 1.13584
 1.09567
 1.04788
 1.22964
 1.19175
 1.03149
 1.04546
 1.14878
  1.0935
 1.15644
 0.98049
 1.09729
 1.10502
 1.07608
 1.17789
 1.14036
 1.02076
 1.09234
 1.02304
 1.09441
 1.14958
 1.18997
  1.2965
 1.06295
 1.04975
  1.0805
0.993754
 1.04064
 1.06657
 1.00273
 1.16425
 1.01724
 1.03646
 1.05014
 1.13698
 0.97794
 1.14461
 1.16041
 1.02516
0.964151
 1.20779
 1.31064
 1.13806
 1.18975
0.981219
 1.02326
 1.15072
0.947331
0.980982
 1.30547
 1.09016
  1.0408
 1.15535
 1.08489
 1.00566
 0.93537
  1.0388
0.957248
 1.05016
0.969234
 1.20225
 0.95633
  1.0425
 1.19844
0.996662
0.987914
 1.06366
 1.03993
  1.0129
 1.24186
 1.02273
 1.02824
 1.57737
 1.16863
 1.05433
 1.14362
 1.13113
 1.05364
 1.03556
 1.01369
 1.22946
 1.07287
 1.09604
 1.27532
 1.21579
0.967898
 1.20918
 1.03921
 1.08859
   1.157
 1.25041
 1.12083
 1.02633
 1.03146
 1.22246
   1.013
 1.27003
0.953604
  1.0214
 1.11197
0.973024
 1.20072
 1.20696
0.966926
0.991014
 1.23933
 1.15315
0.983809
 1.12442
 1.20256
 1.26144
 1.10065
0.951606
  1.3192
 1.20047
 1.19356
 1.11989
 1.21409
  1.1962
 1.10883
 1.04948
  1.1548
 1.04824
 1.05967
 0.87746
 1.11883
 1.13467
0.977537
 1.05993
 1.12534
 0.97999
 1.09545
 1.09578
  1.1252
 1.24011
0.987312
 1.01389
 1.07437
 1.03563
 1.15882
 1.07416
0.986124
   1.253
 1.41308
 1.09025
  1.2121
 1.29533
   1.042
 1.13287
 1.03168
 1.26531
 1.31536
 1.48645
 1.31068
0.965062
 1.11232
 1.45643
 1.22646
 1.25451
 1.14785
   1.364
 1.20186
 1.32991
 1.44655
 1.21776
 1.28791
 1.26072
 1.16874
 1.16277
 1.42488
  1.2146
 1.30938
 1.19621
 1.15572
  1.4132
 1.36592
 1.33211
 1.17113
 1.15647
 1.29413
 1.35386
 1.24249
  1.2836
 1.05178
 1.92548
 1.34885
 2.81862
 1.95312
 2.56688
 1.99441
 3.98869
 2.27864
 1.24055
 2.13303
 2.87998
 3.51077
 3.14471
 1.99194
 2.24698
 3.58267
 2.15391
 1.84268
 2.98927
 2.61142
  3.1813
 2.06715
 2.89696
 1.16877
 1.27094
 1.01723
 1.00843
 1.11678
 1.16852
 1.19353
0.988033
 1.19846
 1.07945
0.992882
 1.15842
 1.04093
 1.08713
 1.11108
 1.21368
 1.12255
 1.12533
 1.11294
 1.01316
  1.0599
 1.11215
 1.16659
  1.0357
 1.13233
 1.12675
 1.22262
 1.03412
 1.14813
 1.22314
 1.13573
 1.16524
