 2.0982e+06     -342.85           0           0           0           0           0           0           0      2962.8           0           0     117.229           0
    -342.85     1079.11     55.8687    -64.4116     7.08472    -567.081    -200.359           0    -20.2818    -34.0084           0    -70.7979     15.0181           0
          0     55.8687     49660.7     183.612           0           0           0           0     10465.5     127.805           0    -49.5783    -67.9555           0
          0    -64.4116     183.612     97054.6           0           0           0           0           0           0           0           0      113.27     452.342
          0     7.08472           0           0     8408.51           0           0           0           0    -98.2609           0     10.7909     13.8633    -559.068
          0    -567.081           0           0           0 5.63488e+06    -27819.8           0           0    -2402.56           0           0     1058.51      160788
          0    -200.359           0           0           0    -27819.8      877315           0           0     6446.97           0    -46.9895     468.676           0
          0           0           0           0           0           0           0 1.74284e+10           0           0           0           0    -74019.7           0
          0    -20.2818     10465.5           0           0           0           0           0     60785.3    -370.523           0     -56.859    -95.7924           0
     2962.8    -34.0084     127.805           0    -98.2609    -2402.56     6446.97           0    -370.523     4514.53           0     13.6063    -1.27601     42.8006
          0           0           0           0           0           0           0           0           0           0      182773           0    -141.536           0
          0    -70.7979    -49.5783           0     10.7909           0    -46.9895           0     -56.859     13.6063           0     332.383     -2.8361     59.7762
    117.229     15.0181    -67.9555      113.27     13.8633     1058.51     468.676    -74019.7    -95.7924    -1.27601    -141.536     -2.8361     13.4039     85.0046
          0           0           0     452.342    -559.068      160788           0           0           0     42.8006           0     59.7762     85.0046      173948
