-22.5924889834889,6.90019901759483,-4.50883410008466,1.25281599812068,8.20812478283394,-16.641324577501,0.0104785164533055,4.05552132944824e-15,0.00666194944016289,0.000431170346386199,-0.00617701129662226,-4.41251258936163,0.0146302663060756,6.359309223535e-13,-4.14206747821461e-13
-24.138837094964,6.30852306836747,-8.35322316818083,13.1111958767334,-3.81018947327415,-22.005908931907,0.0254623951619994,-4.62224110426686e-15,0.0153308885214694,0.00730186822845667,-0.0223409829106654,12.223750160088,0.00180145960919763,8.42812324481422e-14,5.14292539166933e-13
-30.5592022249017,5.35616747758724,1.56967706077717,-10.7998821529551,-1.54825667492244,-13.0966453539182,-0.00440375552427936,-1.19805701380403e-14,0.00406501340329452,-0.0111427062898166,0.0126516709880473,-1.60227606282539,-0.00234882195439433,1.17609928925255e-12,-2.54000932058175e-14
-15.0315652622801,41.0624248902154,-1.75882105952128,8.05153486823753,18.676728614527,1.92825224098649,-0.00384952709990118,-1.49482783324035e-15,0.00998524905408303,0.00180034657328039,0.00126847902262767,-5.21809743008071,-0.010285823539463,-7.74640705724505e-14,8.83543750435684e-13
-23.8395265581084,3.06690981449367,-9.48534736210624,21.3514828560287,-2.53980777264737,-12.2046507852141,0.00676377870839687,5.65115870578918e-15,-0.0161916579304114,0.00256954103742197,-0.00208230619473256,-0.70812069716744,0.00866992692381394,-1.77004135096646e-13,-3.59486076912285e-13
-19.9249337624178,-9.47996223531857,-7.93798185745878,-11.4745403469184,8.35594539076392,26.8754140755139,-0.00118516610985512,-8.36499661735117e-15,0.0234409813966241,0.00833866030532963,-0.00676368637082123,18.1034214474237,-0.00891438499697747,6.19133852983032e-13,9.32755103441668e-13
-29.1618306472834,6.63469104264342,4.24566330069086,-16.9846186758816,-14.6003874928995,44.3508551116386,0.00843179767257414,-7.19848641201122e-16,0.00780749419993158,-0.00297486118947752,-0.0373552944500287,4.69062049540311,-0.00467334076303942,-1.14175367599568e-12,8.9399307877141e-13
-22.434541834924,23.5948231858809,5.82422780288047,13.3063313102653,27.4756524166353,2.02298673846254,0.014686008010099,7.69671840894612e-15,0.00966117457355957,-0.0132234578152874,-0.00778992261157503,28.3101649273296,-0.00457578801258767,-5.82026013425505e-13,5.53210096248184
-22.3950110731574,-3.84361664789648,-28.3362474215289,0.634818478969225,-5.56355011279718,-10.3860609293515,-0.00148635981463418,2.05364332777731e-15,-0.00546612202719955,-0.000302417781822063,0.0122352223844649,-2.41163626283318,-0.000617003976337156,7.82707723813174,4.30580074229588
-19.5310250248127,-10.9839149974201,-4.33001055674287,17.0036443531976,-28.1675052380025,-7.47922960291768,0.00329725011936955,-6.77102708425802e-15,-0.00789876961987149,0.00613855235472902,0.0141338594749157,37.4890395061821,-0.00371148709563256,9.51805814766194e-13,4.19589672158259e-13
-25.7943897944314,22.2955759792653,-9.27955022507325,7.57493256966882,-11.8337662642404,13.6868935138986,0.0142895941306079,-5.85954867889225e-15,0.00164100985852706,0.00235093575042031,-0.012464685858626,-8.74301425506303,-0.0150094151954927,-2.01048960915088e-12,8.20997911196428e-13
-13.3031950269826,-9.70410740248894,-20.2629763214102,-9.97655863172996,-12.6317971994842,26.0007790322847,-0.00167113440214899,1.28392076117826e-16,0.00787084112588468,0.00344549830388918,0.00586699143647494,3.22490304690722,-0.00411165360507008,1.03377106864475e-12,1.03426520117749e-12
-22.4362496560318,-12.6622266371741,-15.7692448969456,-0.0991723126362179,16.4004933457626,31.0836405150493,0.00656185484234058,4.24836445071034e-15,0.0318904291729372,-0.00715383776718591,0.00576144552045596,-30.7831273140741,-0.00643407136085555,-8.16143983215535e-13,-4.61519327821547
-26.6114769012467,6.48249959985913,3.58434128818476,1.9968696228755,19.1383460446344,38.0577712609888,-0.00384443085054591,-7.52530011443247e-15,-0.00705695992050892,0.00291371272023795,-0.008713004699775,-7.17069335456145,0.00241831518555588,9.8259009526966,-8.49566760719377e-13
-27.9975941566097,-2.65375626555372,7.96877431521674,23.6277214388141,-27.6878178953278,8.90685225697768,0.0153330841417921,-2580.88426020004,-0.00329361574395787,0.00341940069479294,-0.0112087225001409,15.8612621927842,0.00432655527111049,-1.79318119543512e-12,5.13913055887479
-24.455152531294,14.1851909093515,5.69106653470564,25.7994184140092,17.1026427498256,-3.21147098438037,0.0121959070788693,-1.86452488875371e-15,-0.00903916767261565,0.00742303593895686,0.0179817630127299,-36.4507742416043,0.0173497925355008,1.62673981220403e-12,5.81743202984022e-13
-33.30793740867,-7.82213907100516,16.3549898599503,-14.4648196914428,-16.0121995729176,-26.2389515573622,0.0302074891508032,-1.12595392599948e-14,0.0155806120050789,0.00417913681586046,0.0215681230281449,30.7318899636907,-0.0134029947715921,-8.74309196764214e-13,-6.32439715534704
-23.2597112268343,20.8547511002183,0.637202955153766,29.9082582274412,-9.77071047235049,-11.1959537550326,0.0117824167867838,-1.09313786513599e-14,0.0079887892599902,0.003007054773628,0.00564629225500241,5.93246606980815,-0.00294124687490009,-7.02036774970528e-13,1.08856343088639e-12
-23.1283340205818,7.76554453117479,-2.2890239688641,-14.3764672556393,28.0184072230521,43.6919847507794,0.0109961760740877,-1.68678806317577e-14,-0.00469904396352836,-0.0151165937738571,-0.000918777528899216,-9.30956605373005,0.0293098006892248,-5.53987673536532e-13,-1.03137016037147e-12
-19.7368764676391,-2.60354822911719,1.5494526784108,1.41387171538301,-5.02077023847454,63.78511274671,0.0346359540265725,-2.60544437980865e-15,-0.00697538808496772,-0.00347443870738384,-0.00168147692363657,-21.1389650205262,-0.0204638364885842,1.14016356346222e-13,-6.33592679252464e-13
-23.0090816055853,34.5473574331166,-8.33773699626318,-2.34694849200004,4.50734667325902,8.32889138539111,0.00322758316182579,4.27396466154852e-15,-0.00392050529944295,-0.00618003269916204,0.0016566115292476,-5.70911136361289,-0.00765276503387724,-8.77715611265192e-13,7.11575887976681e-13
-26.6421633897454,-21.9564865667295,11.8222771597556,-0.0497633990661981,-23.0668809361282,5.73306175209985,0.00629630142716345,7.13089306946179e-15,0.0201317083527295,0.00480502483900666,0.00291185073561729,19.8388021999117,0.0311625038159829,-1.25088132875261e-12,1.05778850715269e-12
-21.1024379902697,2.48795990278177,4.00406960595148,12.7267099275571,7.03930384515093,-11.8632323677144,0.00551023994944608,-5.46899095909756e-15,0.0405917949132466,0.00680318271105161,-0.0176246065383337,-27.8734768041837,-0.0034164017783961,1.53846604116225e-12,6.50579065292956e-13
-27.4919001500572,10.8332662187602,0.177850702879304,4.73324644233661,19.9720856746336,17.8933441192123,-0.00178194042957073,-2.33943733564499e-16,0.0212472362152511,-0.0127285889400675,-0.00558409632223636,-19.0442110439761,0.042459088806656,-8.72391693312601e-14,9.6905558866329e-13
-19.3245399095614,0.153100313726332,2.08469421683529,-4.12477244490359,5.25096155590451,-9.66361985159775,-0.000144768767226913,8.17981403913893e-16,0.0134157099373316,0.00539636990052848,-0.00379311718122143,-9.55448756585782,0.0106071430363599,-1.70209483594233e-12,7.45908238817755
-18.5914747616278,11.5959627719358,-0.414347193898955,28.1703359968578,9.15262478736127,16.6028405016086,0.00399379978926692,-1.37050779493338e-14,0.0382102846846735,0.000293015499035006,0.00501869562163194,-4.41511042649355,0.0044088684820154,1.96578670578589e-13,6.86547764654773
-27.1237987140406,18.8561745940496,-22.4208143733909,-12.9490416417231,14.570713409455,-18.6147522300203,-0.0068421872395516,9.45062885684117e-15,-0.0292155008289532,0.0136151209023097,-0.00154948438700229,-19.1139999034861,-0.00407717918634987,-4.53198388242568e-13,2.33774939339664e-13
-30.6155979415473,-20.2663931495543,10.2803361924918,-3.11062862790281,-14.2470805575624,-28.9707135529585,0.0348684732127798,-4.96803108726244e-15,-0.0181088757151946,-0.00795014151291348,0.00225545744863428,15.1225877675432,0.00197345648050736,1.83081512481506e-12,7.42620804281537
-25.2074725299871,-10.6131357764926,9.02481579722488,-7.68816721168544,-8.86216120807075,-14.7577132133706,0.00847311031914691,3.64622872330671e-15,0.0119215005547309,0.000984934656613295,-0.00751314025622452,-43.4758486532319,0.00904329662049625,-9.86672221217524e-13,5.8578428153616
-24.8163455046709,11.0252984944112,7.08341341814583,3.01788609337854,5.85887388596823,-19.4590693825991,0.00283377317423368,-9622.90614949467,0.00962095919607615,-0.00193786378746204,-0.00893340140828424,18.815479761474,-0.0105468791555348,-1.89007981861947e-13,9.54267064979622e-13
-37.4312729471228,5.15634389805238,-20.513850071037,11.9727320280658,-37.7183920872098,-4.12691602507731,-0.00995909386044243,-14476.5447781202,-0.0151784023159648,-0.000370651710863423,-0.0390100294495491,1.54248265450903,0.0173398163454692,1.43909375066744e-12,1.59812083570307e-13
-39.5646458900258,-14.8987602736457,2.07915736470491,7.15948793629782,-11.8489310613507,30.4564953424667,-0.00521162854955443,-19775.4832040575,0.0135603391103021,-0.00198870776458434,0.0114423179916295,-39.4507944435231,-0.0147514911498587,1.08047763921764e-12,-6.1806195873184e-13
-41.9263054714916,39.4528895637887,4.99813889179989,-12.4282491240546,18.700149580564,12.3360335853648,0.00119148246049962,-25308.5129783957,-0.00227412363417103,0.000959575407903373,0.0179158563650669,3.29264628207331,0.0156734358282977,-2.06352083043279e-12,-6.03027271559175e-13
-43.4921269570371,-9.75860293076492,-5.96760466921969,8.06617386034861,-14.9264355313165,5.70387762747352,-0.00211226478149176,-31761.9630703203,-0.00385849237209837,0.00511262125007944,-0.00546519031816913,28.3688239736069,-0.0156332925979909,1.25127318371028e-12,5.1239640600203e-13
-22.4632091771026,42.810364736511,3.90448505066899,13.770680988265,20.2337822265916,-13.9194924270515,0.0100589330218994,-2.56142708712914e-15,0.000399570213440517,-0.0023042485092266,0.00887828514899395,-22.0984343862197,-0.0199804892690054,-2.14205668150489e-12,-2.36110109996297e-13
-28.0201661715102,23.9260717798587,-23.2246492001539,-11.8754650778994,17.1756822570051,-13.2271349756357,0.00674153234078854,-5.3421680054743e-16,0.00525370149419756,0.01608107483766,0.0103105102603413,42.8080256431661,-0.00561639567001725,1.65985291600091e-12,4.70358559098499
-27.9312028049382,31.6459293483308,5.19614387232222,2.28840811085756,-2.64417652860931,4.36971269299769,0.025094582435368,-2207.86248020193,-0.0102409962405806,-0.00317646650502249,-0.00877676311421494,-0.412449544634498,-0.00481408514351969,-1.44296512327808e-12,7.64074449240192
-35.7093996879002,-15.0821407665478,-4.71592356256384,-8.40925023434001,23.8831436767014,31.6791421152009,-0.00276621540737198,1.24636042959863e-15,0.00610583900857492,0.00155728271528736,0.0182558571108641,7.61337631084656,0.00494933720031938,1.25237872673394e-12,2.70220151224021e-13
-30.2654636768607,17.7530713555719,-1.03725257062266,-5.55738701802229,11.039871597629,44.1185348957388,-0.00886567110634159,-2389.50687715959,0.0258059217494533,-0.00546788536473883,-0.0248298015156892,24.7648309030084,0.00949429076989227,2.84199866499981e-13,-2.72114006203987e-13
-23.4481856261641,19.469926695675,0.698800659634572,-2.89457591306414,12.1393838586706,29.6452447219327,0.00616255586027345,-6.25756033019243e-15,0.013950183533295,0.00497711142230066,-0.00505195772869027,-15.2656804951704,0.000181130980474021,-2.50917205146024e-12,3.7968024260815e-13
-22.771004308256,24.3086143252296,6.25649532457825,8.9087315947505,-13.9258224972125,-0.527481135537529,0.01892125296085,-3.28814139381956e-15,0.0265834995234596,0.00693169855371325,-0.00679941143492269,-7.22770184735858,0.00429674007940176,1.27055801307138e-12,7.43384949834898e-13
-26.4754360640184,14.9235822198915,-17.4034179531334,4.54662186880058,34.7859095683564,11.0833844369858,0.0198059847738814,4.07144513611659e-15,0.0104861386994659,-0.00655387220476025,-0.0250837872683955,37.4542315102739,0.00265414241098145,-1.09833394708812e-12,-6.89064192111084e-14
-41.2648218946463,-10.8069051765188,-11.9218300073973,29.7443418840907,27.9801102053231,129.585239679461,-0.0190804944274569,4.04425851555528e-15,-0.00881502521409322,-0.00517208855136961,-0.0136391498779646,30.9245884503096,-0.0161316771289484,1.54244104997427e-12,-1.22648199944448e-13
-18.4865298425324,0.518890179901221,-17.6355025759495,-4.53343962460286,20.4230637367652,24.4259082416535,0.0091056233291639,-5.93611631734284e-15,-0.0145517229345407,0.00231620348999751,0.00279137752369971,-4.20755526781063,-0.010216182279003,-1.1278994949286e-13,2.95114093743066e-13
-35.418304171295,-12.7072847623208,2.70236021615391,-13.0398100182607,7.18669979567354,80.8067701292924,0.00264053086808729,-5.72086927597223e-15,0.0277740607989869,-0.00564724857692277,-0.0440052785436044,3.57278079153072,0.00205140285309327,1.69767049157908e-12,40.9423003069217
-24.0987329505396,-9.51436312168628,-10.8131926938848,14.9387819064987,21.6314132250085,-7.2954299933,0.0038290302731929,-1.46442322580687e-14,0.0202245394714751,-0.00227750899660941,-0.008235454071142,-14.3727368340895,-0.00678631839099668,9.68453565226875e-13,18.3280838350798
-34.8712266420053,-17.3984781347627,-8.71024637031979,-7.84837274118626,-10.2228248240225,15.6523693235081,-0.0100854513571725,-2.93127703344748e-15,-0.00477095147680965,-0.00577676307362422,0.0213802463425072,-71.3071949762322,0.00304323329038316,-1.1670487890501e-12,40.4578206554922
-55.2599722494544,-8.39221764781498,-2.48158842169984,-6.23858209195876,3.9971025976516,917.104917533175,-0.00157687455467458,3.87819594626076e-15,-0.0159612608343266,0.00344160802916046,-0.00932547559852552,1.57473078392318,-0.0337711647219598,-2.03018448872789e-12,55.1821229323357
-44.3597984870781,15.8832075698054,10.4588720756732,-11.425557116611,-4.76237059273236,661.949803716013,0.00722854873264214,4.39524810340743e-15,0.00448026327631261,-0.00305798821103426,-0.013837933418938,-13.866405859641,-0.000948663256620106,1.63878400598826e-12,62.8290730146828
-35.2494055491458,2.29700098015118,3.8647101533021,-5.18381062367422,-3.87147270447193,703.049137287487,0.0029231918445025,1.77988528868827e-15,-0.00738766701720179,0.00356818860486628,-0.0038540692127861,-0.714237435243396,-0.00461406823514067,-2.17775842299062e-12,-3.230215941739
-34.5587313755659,2.42308719283814,-25.0998177810574,0.928483426513757,-8.58621574387114,308.426530238065,0.0115771706830775,1.09786217183827e-14,-0.015076238670956,0.00320057893195543,-0.000507151098894766,-25.4774022049678,0.0010348996270139,1.74559661071937e-12,21.6762168341735
-34.6445562514118,-22.5655808348644,10.1686174674078,-1.5095866814481,-20.6904895470877,181.818143902997,0.0025485442958226,-1.23790637954752e-14,0.0104916595249234,-0.00264582881083899,0.0195424741124777,13.56620287041,0.0206723793147388,-1.68791365240145e-12,-7.18538289927287e-13
-26.5528310195352,37.7252961629149,-2.82807552865991,11.8296221483885,-0.57243138528613,402.38752568103,-0.00332911423819156,2.6532674416396e-15,0.0477451504396242,0.00883609947256342,-0.00343944281976331,11.4036030940092,-0.00354722024853646,1.35596658188896e-12,7.05926249999631e-13
-28.7304181845808,-5.83447696350928,-7.04299890951071,-11.3126246861999,22.9174413401557,288.929217286207,-0.0058142597268639,5.62940095915237e-15,0.0203071971071465,0.00996804321134333,-0.00236975942032578,-11.3698177177417,-0.00686557865791844,-1.35123493768447e-12,-3.52621682075022
-41.4157564854553,1.37240249082626,20.0612332625877,2.80159387618788,-32.8197122348064,236.653122083658,-0.0130905673172535,2147.1662800949,0.00340035406093037,-0.0114347848032428,0.0177918224711011,-7.3484224625618,-0.0259495714297291,1.83264606047462e-12,-3.78960962623704e-13
-41.8357988042844,-15.1362051001262,2.30607878593057,4.69293410235336,-15.4968178726355,1043.39235460339,0.0248583889858758,2.32569179644114e-15,-0.000817236357015684,-0.00242668948151987,-0.0158418576378484,0.0965968809609399,-0.00731143141968264,-2.15024545966501e-12,-7.17430988264022
-34.3800928834511,14.436063299006,0.0504331347565184,-0.320921916778121,34.2367379278563,322.178861236827,0.011609327493843,-6.23460774070383e-15,0.0669973278017229,0.00223436408060579,-0.0100543625827003,10.2276814645787,0.0140670203868332,-7.12439382467828e-13,-6.43264801301692e-13
-40.3398824897012,-14.0106693070133,9.28501620110826,11.6789321823607,28.1316922608206,589.194927458135,0.00618468802426147,-1.7745523301113e-14,0.0104480994187994,-0.00129971683826651,-0.00913274338147459,-22.479434772562,0.0215596909721489,2.66342508154479e-12,-11.8925052931214
-24.2083765870631,1.4378143419736,-32.3741754724521,2.79957434374655,10.8347933938131,130.232241011229,0.00779930925315276,-9.74041950068509e-15,-0.0065513672588666,-0.013143665562271,0.0127249897626371,-25.6143817696721,0.015377646432618,7.99866657313058e-13,-3.41120483730314
-34.7930189611617,9.9169646616476,-0.455130673087006,-19.966673937381,-1.52250559568493,675.866716648119,0.0108191908611886,4.79250884174871e-15,-0.0138093700251546,-0.0115393198407157,0.00183893838708915,-19.415645055169,0.0411982951021677,-4.26193975328108e-14,-6.19110179970606
-25.7092777513999,10.1507235248384,10.0246634154936,16.8124175319542,-7.03739150799428,360.561244538195,0.00866257683668618,2.7063912217057e-15,0.000289317536649266,-0.00411834952077613,-0.00171924899362695,10.5585764316571,-0.00551674371700889,9.45572762824207e-13,6.49722155676903e-13
-56.3536233575704,-1.63895748338203,-14.8948541956783,-5.84524129733876,-24.28040329654,809.200517519259,-0.00330648535552624,-4.17997855829452e-16,0.00357204770207426,0.0130210604244785,0.00399201162038999,-34.3315107659629,0.0139752191009217,2.16628516291149e-12,-24.7311209572575
-46.3226019215302,3.96874706719861,-1.08181582938729,6.58857206392213,-28.6070257749781,774.503715072987,0.00721848845783863,2299.72832062791,0.00180147568160343,-0.00597397631023014,0.02130837965845,23.4691152291177,0.0123484621955926,-5.10419973983847e-14,-12.6942904440708
-22.9037981144611,1.36896868360949,-3.65767378953695,-13.317263790891,7.37033601240187,-21.7508191185771,0.000930084801458463,3.58235321842395e-15,0.021621479563911,0.00521181542755816,0.00685600326828165,-16.8480000977624,-0.00302662297709135,-3.43740107948809e-13,9.6236040483909
-20.9714376071537,17.1434749406263,-1.89697823500124,4.91832690077855,-7.23748164313401,190.829793348718,0.00325334138317591,1.55887885659219e-15,-0.0118446512961992,-0.000746876972991141,-0.00343826142061135,-15.6267329000078,0.00293711043181619,4.10664896379084e-13,1.42504626083014e-12
-34.0611605149425,-5.39858077091907,6.67316524874189,-0.390619815656802,-11.7840385563126,641.424578188038,0.00711866344087114,1.00025326225948e-14,-0.0142839077716176,0.00928268983147277,0.00631035424059056,-2.92124660188475,0.0201097030182651,-9.80702480743669e-13,-4.49654308466266
-24.348679244373,1.46854745375639,6.40341336479033,20.2451420817086,15.8936149215645,45.9137558387674,-0.00632849445723006,8.69243173151906e-15,0.0253500603275845,0.00722963192272969,-0.0199389555418765,7.96594703036539,-0.0061829385037365,-2.2679357053592e-12,8.08044341578358e-13
-18.2852964544411,-2.69518324890438,-6.90868228161913,-3.53356081201498,11.5260818441473,-5.9954107020299,0.0110502061127352,6.12643928494081e-17,-0.000531102494791473,-0.00169217874228269,-0.0141800099409291,1.22416765683916,0.00694577655078705,1.05930944546337e-13,-2.4629985825701e-13
-20.8775071198929,8.94643517954762,-1.86607192572704,-6.78273336954101,8.20637884656059,35.1580719546093,0.0101660263565674,6.83383112092747e-16,-0.0162055097673742,0.00447920382234263,0.00543839274344029,-24.6199687091198,-0.00272673113391533,-7.50494160421938,-3.57362394864851e-13
-19.9375318574583,-2.29201485898315,-12.332471782911,-6.34413558588509,-1.59131309220684,-7.91617852453428,-0.000892069799187741,-3.60391762676427e-15,-0.00546843004825975,0.0033433366511706,-0.0143407412076858,-40.1235650980852,0.0145095640182484,-5.50849751007614e-13,6.4920545578459e-13
-22.396907766283,1.50889844926002,-21.2810011622187,10.6645876149404,-2.86640145435553,59.6937099511581,0.0221772411485148,4.58940495996143e-15,0.0179169218886094,0.00108955616720034,-0.0227221412042223,-3.61311371789754,-0.00198041248292436,2.57285954354949e-12,-1.07501089741618e-13
-42.1010023721258,33.7167013414299,9.20450841319708,-15.5074506966476,-9.35764780018289,-43.6553905583126,-0.00959046957763427,7.98490430485802e-15,-0.0300904253522833,-0.0148424171230831,0.021919106515813,-136.738151553108,0.146088715497549,-11.7077892869931,-6.16447147873681e-13
-53.6180288804386,-2.06189147860484,-14.1850071764426,-7.17491130696734,-10.9797615100462,-15.6104472862303,-0.0269905994424806,9.49373931834898e-15,-0.0234631551853748,-2.88479972801662e-06,0.013763241898703,-152.872648103224,0.187032174455824,-15.3530934289624,-8.33541214517433
-36.3978676383726,-10.8524292796769,6.3036700587928,-6.28442584412998,-24.4116913723255,25.7182757426063,-0.0132436747093295,-1850.98270628209,-0.0262097888084252,0.00435204115299873,0.0254144757564448,-144.003854161918,0.126714409799124,-13.2892902437463,6.83893761916001e-14
-43.9477673772594,-8.09483793289199,24.1159295186374,-19.9243195002136,-77.8262021125911,-52.0163820985009,-0.0277670273585632,-4.63125216000785e-16,-0.0421753466561313,-0.00915989823755431,0.014894198226215,-144.954352959052,0.175572710799456,-16.2425907956794,-1.39316379935715e-13
-60.5850251741817,-13.1800354356289,35.0399098299319,-25.6093343430624,-107.219728143336,-49.0591921908626,-0.0224995242119062,6.89920795535848e-15,-0.0250900219579958,-0.0029809799470085,0.0313540312705668,-231.48670616358,0.28187873345137,-21.240902525767,-7.66259989181289e-13
-18.0636176151912,-7.33552755850803,-19.2752509338698,-7.97378127061306,13.2865943490851,27.4311755003704,0.0164117077344521,-6.27974241451168e-15,0.00427594243673132,0.0100638034522678,0.00728037297684587,-3.37637404317324,-0.00500175397320897,1.46550224755601e-12,7.59923824519291e-13
-18.49026892458,1.55192251352535,2.61680791980058,27.5771856303667,14.359850306305,7.96001553831835,0.0280179629368122,-6.23173360244748e-15,0.0332523811006158,-0.00681015807878333,-0.00571419589978388,4.42601732451105,0.0192294207428751,-1.14021203429953e-12,-5.06691347301815e-13
-22.5094475777494,-1.20261674215611,-8.86919665504949,-0.921408972128803,-3.22360629888744,-9.65404901708955,0.00355112622997246,4.65151970766902e-15,-0.0151196111290901,0.00354367601180517,0.0125638438503168,19.5619419845851,0.00290930335734104,-6.03784637450902e-13,-5.74749340209048e-13
-26.2143541522857,3.03511301218631,2.08192654311252,-15.3557177519669,12.0776089032926,-19.2556200175851,0.00793087925367252,-1.23337862664382e-15,0.01041240913692,0.00682206314705459,-0.0349602449329342,-28.4898058290123,0.00188286601522896,9.73058014714747,-1.51748163467148e-13
-17.3468191325707,-1.01931707616435,1.6632271994903,0.451253387418366,22.3827188989768,36.0014429539504,-0.00386387312012585,-1.3575260043595e-14,-0.00235603661522755,0.00384660211323355,-0.0353706193720918,-4.50620346628274,0.00133525923744346,8.65581115444529e-13,9.27163237791109
-20.1689774173274,14.1714651634698,-3.11495130301495,-2.52493641858456,-9.47028981920581,-10.2765954807304,0.0101628242042933,-9.41710923519106e-15,0.00293074053857132,0.00353183520172197,-0.0138913243270706,3.45697274202339,-0.00591640180277399,-1.27437564163168e-12,4.97841190634679e-13
-31.7741078481778,-19.8873991232138,1.18500353419078,-19.6471098426528,12.6224445247003,-47.4703329883816,-0.00290073521522443,2.6908411681883e-15,-0.0117433928784836,9.65677301776114e-06,-8.45766673424877e-05,12.7147207496746,-0.0010285390497689,2.3329957934743e-13,4.84048702214001
-32.34693626678,-10.6106790022294,1.85526359723616,13.2939713022833,23.334896832215,24.2427785774804,0.00239991879976786,2.97163976640991e-15,0.168419348844717,0.0147076637123071,0.0203739930057994,26.310440467117,0.00795406328221621,-5.88316832826903,-3.4086117535096e-13
-36.4491278986428,-8.65647234072659,8.52496427143375,17.9386722531706,5.84771243343765,81.5501888372876,0.0216791077722428,7.5821310420919e-15,0.215088047322846,0.0309957376051704,-0.0113143662503803,2.39329626239189,0.00671822107992947,2.2531982386115e-12,8.64907035536415e-13
-37.6317034549688,32.0737446925617,-8.77775606393532,1.7219240635622,95.7304399170532,-22.2290443004919,0.0102426977909979,-2.06639516911665e-15,0.333010746472874,0.0423751972038556,0.0137341719860795,18.5423997369159,-0.00441984230353255,2.71166903482749e-13,3.89672636380678e-13
-45.3781505860389,-22.9034020672174,-9.8715822567827,7.42537124467753,10.970272492804,-30.4687465586524,0.0075550833889799,6.30831747734684e-15,0.266359629407879,0.0523449692208474,-0.020390561412959,11.0033724131816,-0.0101719295809058,2.58308365605087e-12,6.63883373072166e-13
-45.1178452990737,-16.8127040772724,4.09224155395788,-9.82976822493246,25.3810122189156,-39.71161972394,0.00687091217322972,6.21039725965603e-15,0.32715184792758,0.0518810072701099,-0.00663937907284225,74.2013620275966,0.00782446883219568,-7.34308097215613e-13,1.4803496768236e-12
-34.1566250153473,57.4778732928274,5.04512184777882,-18.6053009894852,8.05992398070122,-30.0487008505505,0.00288025696620176,5.25436315601536e-15,0.202888739107314,0.044415237487906,0.0360242600804219,21.5023573718359,-0.00162873305024125,1.33849292592392e-13,-4.22257363930828e-13
-35.7260896066982,18.1545375227981,0.34071980753438,-5.01743710649612,79.5530305179644,10.702568401048,-0.00267012426216356,-1.2116776696147e-14,0.102090710223801,0.0297497806944581,0.0120277275608465,-5.20088256621637,0.00577399000985131,-9.86528147860155e-13,3.86216273844531e-13
-47.9278128882399,-34.1552118678751,17.919046537472,-20.080153647814,47.2196977560402,-42.3505138250729,0.00363605793581206,5.04945783224643e-15,0.359231785050847,0.0597080829557631,0.0067957510417846,23.2222263926505,-0.0182351011899175,1.27640310918829e-12,-7.83487378914897
-30.490014170637,-17.07337658869,-6.809384574304,5.55075709761031,55.3559142712358,6.44356457614228,-0.00339667508455105,2.69517349819068e-15,0.104581026348551,0.0300475546948224,0.00311273205428828,-7.09624055902993,-0.0188513972707756,-2.43300341594745e-14,3.8788325812987e-14
-48.5186095756872,-25.7879216296147,-12.2850164204709,-25.9724047016956,319.867923630026,-2.85819271674972,-0.00382703372772004,7.9885581921502e-15,-0.0847520753524634,0.117393344445005,0.0154367174888752,46.74115176608,0.0129442372930068,-4.58026530129064e-13,-7.55550578567589
-33.517470385418,-13.396227312807,-0.158283427610946,6.6757256557682,77.4534779973261,62.8450100602024,-0.000654460845119646,1.65125145234606e-15,0.0312079172530357,0.0386004936056082,-0.00858300076852606,14.0842344146943,0.00049123652083906,-8.46372706299627e-13,1.41329727429188e-12
-29.3003006396817,-14.3149422520997,-26.9117065988277,5.32119053377961,151.032682332933,-10.3973190286589,0.00906523597209944,5.4693783142217e-15,-0.0326128578241003,0.0619272498660456,0.0114961196974557,-2.98645820166645,0.0104900147646098,5.71866588585965,3.36308966449738e-14
-49.5682100503139,-12.9830055931599,5.83749732093707,-11.497779967123,499.499920339985,-39.0150753852048,-0.00529605064370031,8.01719706776434e-15,-0.102567549871549,0.182941620291001,0.0294851091640952,29.2599683470514,-0.000358746861780903,1.03148609835373e-12,-1.07218448403345e-13
-28.0514748412456,0.226560764748323,-36.6844459254021,-7.06831050733618,148.105865731453,14.1238449289332,0.0130033279761117,-1.26628114759894e-14,-0.0281139140478352,0.040072429725625,-0.0113462616705468,-5.10248791986271,-0.00798219132545181,6.20738399525668e-14,7.31753756655066e-13
-39.5320872483105,2.52386752373729,12.856391487708,5.82311535406616,216.129580301673,-26.9473159806219,0.0081442624407554,7.08239885209623e-15,-0.0428555629809246,0.0762206195095324,0.011307188310528,24.9331913511018,0.0508292969824001,-7.62215320816512e-13,6.62529469019317
-38.4673189857979,8.16113906703802,14.4739754372615,-6.81415139723519,140.298639433193,-39.5590082714551,0.00427513854929135,-2680.14651198584,-0.00225859989843482,0.065723787016687,-0.0291676863858198,15.501466900028,-0.00669914328037477,6.15922813341382,9.39813491879145e-13
-40.6058047418662,-0.487536446456708,-2.04491823462882,-7.73085851202432,224.454162818074,70.3805074019959,-0.00852089629776787,-4166.08000712751,-0.0221703519500622,0.0757374907986543,-0.00909091411621245,-12.092169252574,0.000428781951668365,1.70243528166841e-12,-8.58029226270864
-46.8833892711445,7.67436419590476,14.0828904711281,23.1958280940052,197.529970057899,3.93267041220846,-0.00672761412019351,-6.76842027239004e-15,-0.0413635138609685,0.0874000177648684,-0.0121278869210286,-1.66596869582514,-0.00264867078027002,7.4225132642628e-13,1.27337695075371e-14
-17.426610551754,-7.30847772222118,-22.279157347588,-5.10949289861635,71.7244581869704,19.4513596451254,-0.00406790412497035,3.79414519812021e-15,-0.00659080011266107,0.0315033259127362,0.00204651645314111,-0.144233581864321,0.000200085040151198,6.86167129706336,-7.54091104492325e-13
-50.7883544643499,-16.9716127626459,2.12413316439113,-27.1284181264525,350.763637675255,17.9000310345672,0.029001632572806,-1.38235014937813e-14,-0.0847839289502307,0.126948743126526,0.00247215479034887,21.2096482974708,-0.0269072319726945,-13.5441567619053,-5.99396288876181e-13
-22.5134955997225,3.20248784633904,-3.74750290626078,-9.06573753387461,112.481783688852,-11.7606733646818,-0.00533684437755086,-5.02884780680825e-15,-0.0133174377732252,0.0328240871760708,-0.00345961804295369,-9.4774282492729,0.00904467097406588,-6.73923252258604e-13,3.05141370322791e-13
-17.7294744713636,-16.3557335519944,-1.27074847652018,7.12887510889054,6.54676032548065,-16.4666738532698,0.0273535921601337,-2.34935176860914e-15,0.00438927359858169,0.000349403272979165,0.00272346088303994,27.6577244273539,-0.00303963037812678,7.17576641708219e-13,-2.82269190703671e-13
-18.8334179837322,2.08294797640229,-15.0933551107596,13.8933004125259,-4.56130605372032,5.68054926393413,0.00321986852839216,3.30143104105133e-15,0.0289568619307415,0.00969770313476473,-0.0132137468461135,5.82455194030623,0.00285774096697361,-1.07588368237277e-12,8.30007315360154e-13
-28.6302209131585,-7.21507704000599,10.171550554743,-1.8667433991617,-0.38779033370841,19.0353967842232,0.00157516303054017,-1.62278784171163e-14,0.0201179575064332,-0.00649632651940032,-0.0250841053493744,-48.7489837832688,-0.0293516101141854,-17.6992317791528,-2.40662474820857e-13
-54.9393981630947,-19.7926195626041,9.36147321878839,-11.6438113945617,-17.1063813823874,-28.3145566938778,-0.0199949414103211,1.7426173366206e-14,-0.0100928242903002,0.0118844899920505,0.00383321336327286,-169.601728865827,-0.182273600629013,-61.1676966847744,-7.36994673008636e-13
-50.9245140182601,7.41899203118518,15.503687991353,3.52811285500826,-30.5209214001332,17.5602503520286,-0.0116005106392589,2.80625224625404e-15,-0.0132083002917981,0.00946365908896403,0.0276234452103184,-187.597730497596,-0.10148763296144,-47.916981847707,-6.17486095238326
-66.2275872037494,-17.262040102096,-17.5289138190174,-10.9261061595903,-17.5583944118937,-27.5167258819485,-0.0137998936254786,1.28696020809084e-14,0.0168838589560838,0.0143418994817192,0.0415369568266609,-200.340019002109,-0.182797663736741,-51.4974478963114,-5.72379004645259e-13
-50.952405577525,-29.513327001604,2.19264884373702,6.66385526392116,-20.0007121403325,-55.1144818260122,-0.0156643756783122,4.8860413910619e-15,-0.0244126549720263,-0.0102014353985021,0.0176801196535739,-180.221083759031,-0.175206237169324,-51.384727004497,2.22008944975333e-13
-32.5227916060472,-24.266971761506,9.2301654641128,-9.44666004003415,25.4407115730783,-22.9821558790125,0.00479147454995738,-1.06528220796494e-14,-0.0233674960887036,0.0241248951069024,-0.0192848739595082,-10.0018288291341,-0.0328819228326308,-12.5190595777788,3.35135784452084e-13
-49.4871333300541,14.7691951288734,-258.759815126244,12.6282144215382,12.2898591244312,-20.0092756272598,0.000106521564550342,1.1367461606458e-14,-0.0087911636963096,0.00389899006059566,-0.0240188718756769,-34.7772049927436,-0.0630440788429625,-15.2965628721106,-7.62181435711657
-39.760917524753,-15.7702817488424,-127.057336743763,9.670826747073,27.8069310988747,10.053840252673,0.00504446162105392,-1.10562088938546e-14,-0.0166747901360113,0.00381898650267337,0.00822551072441292,-12.3124368291731,0.0351006511836079,1.55886235100402e-12,-7.33808908989752
-34.3501727973356,18.7059725020797,-125.735047239241,1.0521867608879,24.4798730967721,-14.4411398397746,0.00875307198266988,-8.9929190787005e-15,0.0194789909845306,0.0275145002926371,0.0146505486204579,-3.77144078903302,0.0193987941736361,-9.48477917044654e-13,-9.13825723555001
-28.266620616127,37.9508607396053,-26.16863077605,-6.17580843891947,21.0931948376123,-1.18064891712969,-0.00320658860279929,-4.87092624104627e-15,0.0119414227934711,0.00195515691382916,-0.00127398730719723,-43.9496318683857,0.0363033853158392,2.52415356070726e-12,3.2911044414267e-13
-29.6335295422907,6.47399629215343,-330.765526753263,3.85279992783089,14.4273884342703,-8.25146286158653,-0.00196918506713257,-1.0638036708203e-14,0.0086354524733342,0.00246954988922864,-0.0204697189154723,1.88848704133081,-0.0065771305160575,8.84629058715947,4.07894049346132e-13
-39.2711709788937,21.9787601876002,-166.569046095052,-6.98967875782793,23.0615850115738,8.23338589376518,-0.00531671116178786,3.47789152491138e-15,-0.00751231661748011,0.00760313303993301,0.0228919909661068,-17.6241241597207,0.0178427045788899,3.11718958099238e-13,-7.07794311901316e-13
-31.7579923233859,-12.6380809460742,-257.741650663138,-0.202642593662653,-5.72360423826875,17.4447068973254,-0.00816682261422352,-4.94334007703292e-15,0.00433896236249469,0.0029711483736293,0.00621553437222507,-27.5283621501207,4.25199026592934e-05,-2.05905280038965e-12,-4.03474776011103
-33.2167654322878,-13.4994517517169,-83.0260111641874,13.4346644502316,18.1996321581768,45.8328421206164,0.0158060258836109,-1.16658669377531e-15,-0.0296033512393686,0.0152330730979833,-0.00994623636169921,-23.6967913884895,0.0159357693734337,2.32727264636105e-12,-4.4283434550733e-13
-33.5311390376871,-6.47195683411695,-224.271633536241,-12.6698569892662,-22.0297412584498,22.2859858827812,0.00326958547662638,9.81852369509495e-15,0.00205943244188066,0.00690584849745556,-0.0100869214654091,2.43167020858338,-0.0173073158852401,-1.00147837506509e-12,-6.23791098902828
-40.178090989986,-1.97375791697871,-128.068382579,-10.1864195787895,-33.379607489761,-9.3289326791458,0.019947521665401,4.76903980637338e-15,-0.00462960714247731,-0.00112196635719942,0.00156833461121186,29.2603033683879,-0.0336644709707012,7.51935083645009e-14,-1.4733207230906e-12
-44.5677395606471,-4.8718801439819,-186.755918493341,6.51669528015291,-6.42576234220583,-2.97862349759076,-0.014629288575183,1.15938002342744e-14,-0.0166501418759222,0.00153205408216009,0.00541843458796971,23.9727046309567,0.0045323938414639,4.88755851203169e-13,15.7922907955665
-42.6839535482403,-18.4042906970538,-227.518025363428,17.9644687559764,16.7324685805362,-14.8876769701637,0.0212442494611791,1.16230347064059e-15,-0.0023009273393795,0.0150121333917188,-0.0164933872299967,5.90229064104822,-0.00190445262489723,1.08384137948885e-12,13.646722617908
-28.1119967067757,18.2864366312299,-71.261896138116,-9.1692431460934,46.6442878585828,-7.24284802837728,-0.00551513569273574,-2.8934084841231e-16,-0.0109236926948795,0.00641947054652729,-0.0261803682563369,-17.0761741621551,0.00259692155424233,-1.80143142765793e-12,-7.45062799174368e-13
-19.6494987423398,-3.66866598361141,-45.4249804511704,13.8819235352415,-4.16139038014906,6.77709153516147,0.0374657444253123,-7.97565868810682e-16,-0.0115210884849387,0.00626178416411525,0.00238759189239936,-5.14531675337706,0.0217717802288971,-4.12701123848878e-15,-3.24130271348965e-13
-47.5354867002521,10.2942361392139,-208.901025017615,9.57514774279323,-8.12738932213185,17.8228897972428,0.019756739025568,-1.70776984208864e-14,0.0131022201387745,-0.00744621349453325,0.00997078770992589,-9.74201143856999,0.018145911062238,-2.33597885346831e-12,11.3161511640592
-32.8216268109132,5.20061678155034,-135.419126661676,20.7798657271171,-6.67370005553333,1.80322921402304,0.0156242498851587,1.03414990399926e-14,0.000610900740115234,-0.00518680685109909,-0.018347178188784,50.6388491633814,0.00782912947243778,9.07807258680958e-13,4.34904954741171
-32.6165305802873,4.90629825568425,-197.109275320618,23.0192676995051,-10.1459989032335,-9.1564467520891,-0.00677798072166393,9.80907889978792e-15,-0.019131874946246,0.000646146808369474,0.00112011084895978,-24.6808557449733,0.00728900148707936,-3.03168570416138e-13,7.07410574250887e-13
-26.3697182777551,26.5957978925725,-94.549664954852,14.0008867668857,1.36692748253968,68.3531074608198,-0.00126731495330397,-7.14121796513687e-15,0.00859253792506549,-0.00507003686394902,-0.0521371013213282,7.40394106744072,0.0182466144401611,-6.84235122956911e-13,-9.52163867445193e-13
-35.1575162121156,1.11889922088634,-233.330895362937,-12.3964164749557,-3.92062096149105,17.7546984922629,0.00468348930204324,1.37012502936803e-15,-0.0177650598651448,-0.00729413704176105,-0.00197451315178887,9.79735667606205,-0.00411087504112988,-4.62958304912394e-13,-5.1109111805988
-23.9545485453802,4.05920484741673,-134.939978706228,8.35158314203479,54.5124938697231,-5.50915246420658,-0.00204742506728843,-4.51093745665914e-15,0.00728359256051325,0.00604717005593851,-0.00548049365755881,-7.17627845961451,0.00545213335240552,-1.18757267905753e-12,1.2668609908316e-12
-24.6806822819454,-8.18622803426916,-8.94112043528044,0.133701683337445,-24.8935407783498,-23.1425403159859,0.02449958001834,2.86847315646511e-15,0.0111305708401925,0.0062963457697869,0.00566774530847776,22.229636534338,0.00233307328316932,-2.01537452802299e-14,-8.19149525459968e-13
-26.3853551650262,20.6599741044623,0.273044566751459,27.0495151456425,16.0327639892527,7.8646422308907,-0.00435023034657983,-7.05458847571026e-15,-0.00802789370583504,-0.0179397763430934,0.0142708240995938,-27.6688668384496,-0.00670503256697504,-3.79757144793889e-13,1.04293415682119e-12
-25.9496324243575,-7.74269809642302,-4.04136318162919,3.79155080446774,10.5325394920115,32.3858479024295,0.00218129553684798,-8.45450562326583e-15,0.0124265872395843,-0.0110580746918761,-0.0156891142148968,-4.93758800623072,-0.00658271681781358,4.48130717832985e-14,1.44541664253865e-12
-25.8778296520541,17.1242661941392,-24.5177918608056,2.30819258364389,30.0575432088761,0.450519278588851,-0.00500191670147167,-1.30451978746677e-14,0.00608709892405226,0.00783780197908453,0.00226135313165336,-14.8668537754399,-0.0160948158159173,4.05535904950098e-13,4.81072175644629
-25.0210390954494,-2.25445619719135,-0.0771607047008766,9.8149282131783,-9.88251949083893,-6.67079482578043,0.00343130314922131,2.4875378821781e-15,0.00289287703231057,0.0103579074493573,0.00690327035030274,-39.608561216286,0.00557551979098807,-6.89962907540658e-13,9.89918609728012
-25.9462080093507,5.35610880306849,-17.6354403255269,26.9024902680653,32.1927665938397,56.2806529580088,-0.00212686760488569,-1.71448716343069e-14,0.00640304111622886,0.00853560437219628,-0.0348408072753742,3.88311617563897,0.00182066372756999,-2.75940729148495e-13,9.27020383489309
-20.9479305406626,-11.8445561981182,6.97082541418411,0.834397045295761,0.515802152519903,-30.1030516176907,0.00970696549823078,-4.83059837881595e-15,-0.00690686387507247,-0.00477813202900828,-0.00246078120388687,-3.09320848187844,0.017763351094725,-7.69418913219043e-13,-6.14965089502167e-13
-28.9091425719295,2.55940492280758,15.8154496369189,10.5320682265779,10.922157094678,43.9786935481622,-0.0103507240710544,9.21140857004163e-15,-0.0240388077849724,-0.0134826551691903,0.0130242876694501,5.34526632644725,0.0127587670216911,2.13259470546663e-12,-3.49423031897295e-13
-22.9710071808265,2.47307799684305,-0.140483918168253,0.175921675961196,12.3053354176392,-7.5504281899996,0.00655095479975688,-2663.9145472799,-0.00524363550458281,0.0027151014670678,0.00848164491977433,-20.6376906702655,-0.013383080574429,-2.28246789543763e-12,-5.14533815182461e-13
-22.8215050888065,-2.88645207722804,8.69254216789852,-5.92167557410222,18.892876271975,-3.23156695600156,0.00404106516899433,-1.13247859471351e-14,-0.00167411921398354,0.00503065190422964,0.010571847784838,16.2243057769467,0.0211157015664872,-9.94640684532416e-13,-5.8994360924785e-13
-21.3438328253984,-11.4220962241132,-4.41367979277237,-2.47937683244568,52.1028007293565,17.5134261437037,0.0272056802876628,-2.96224348121595e-15,-0.0043262524079675,-0.0182477628685005,0.00867399263719002,-12.619011487423,-0.0139756613373172,3.61937377775102e-13,-4.32087296550482e-14
-15.9143522640729,-11.0655383294339,0.0670722266745133,-0.81110176405634,2.95829841925235,72.634330886767,-0.00182893462722894,-9.89495685207015e-16,-0.00480512030405066,-0.000259833373691627,-0.00725878438259421,17.8242042535558,-0.00905685691142713,-9.31409184802768e-13,-4.50072833597371e-15
-31.2162280102912,9.06280338983577,14.4413064384043,-7.75958072927174,-26.0484371128546,-13.4245105209278,0.00779896537207388,7.26120553249527e-15,0.0249787927525568,0.00678957189456604,0.00616998659254261,-23.4283757270493,0.0187613812682337,2.19832167121729e-13,1.10788055773379e-12
-30.2981911580209,13.0476673304665,-6.12727940291769,8.75688399328287,-41.26968725225,-4.76959406361818,0.00638895757404917,5.73532922695247e-15,0.00979962466592529,-0.00180907151446876,-0.0133415023488168,-10.7098810268876,0.0634519586857449,-7.72790105064156e-13,3.26030678125706
-28.3771639024908,28.4272151937543,11.4036415096345,6.48745044983469,-2.23223811619678,-29.9140900211681,0.0181966685017106,2.45439263908254e-15,0.0314788282604919,0.00490680812225288,0.00671414861891577,9.18865015076489,-0.0140488017940143,-4.99732799018071e-13,5.48706010112773e-13
-25.8570773860827,5.39554264436358,7.53011920315742,11.911490585588,-2.47483888573334,-22.926617658602,0.00756854949969302,1.13916085301977e-14,-0.000131595619037302,-0.00653873918368372,0.0164784528487226,-4.23789924161595,0.00804413642605894,-7.95562183820776e-13,-7.76679550376508e-13
-28.0046404742657,-7.92311459599875,6.69688776356599,-8.31689554906181,-2.14661921880389,3.9847937212249,0.0166415254821144,-1.11000451239859e-14,0.0122044690517925,-0.012261384795495,-0.00751691008844855,-19.0885836678428,-0.0123542675335204,-7.68225329705951,-5.65748029804e-13
-25.0617327015027,-7.90443016739888,-5.44035647028,-1.01401799138829,45.3898604821449,-14.6347641039779,-0.00910837635991269,2.25372655357122e-15,0.0131697990478759,-0.0166821000796952,0.0180712753880828,-22.9429094704596,0.0428118415761629,1.82430077772669e-14,-8.79781560174829e-13
-15.207868959848,-13.8104098719021,-1.55713083120231,2.1008201422324,-2.57202301460308,12.2075844828772,-0.00290001621083654,6.83655583911494e-16,0.00707707710591612,-0.00140438075205639,0.00637990605589808,-3.15770669394626,0.00630138625486469,1.36027533558028e-12,4.31958847316845e-13
-25.7018212622818,22.2128209091407,1.76625276385366,-10.9560188661775,15.8665661623794,60.4308058587914,0.0133828038492608,-8.87787573872419e-15,0.0155960928384837,-0.00757828538600761,-0.00381405056458089,-7.00836916963764,-0.0136697403736735,2.18681460255084e-12,11.7463737768815
-14.743742861866,8.20870797435427,-1.4385730401527,1.79405517053793,0.113238146550962,5.50740387448328,0.00828115661401398,1.69634631856839e-17,0.0300423696344845,0.00887057842236553,-0.0029535975504864,6.43705221400324,0.00134843013416302,1.19552735269284e-12,-3.9861529561169e-13
-24.9848498773917,23.3489180206941,-16.2972746350388,-0.259409588695688,28.3269101194706,-4.54106680383117,0.0061928132827478,-1.89258159858667e-15,-0.00780684648324882,0.00255657821244172,-0.000411828287556843,10.8043577659541,-0.00273120270317609,1.03914722378778e-12,12.7092675341465
-26.3549992732992,-0.766466863141663,-8.80878957466855,3.64911540716602,-20.2101236794844,13.3944985382097,0.0127150378816956,4.87796918261898e-16,0.019059166452717,0.00562749584081738,-0.0115407498066874,-7.97321043779307,-0.0144503685180498,8.03048098437802e-13,-3.60939053239494e-13
-24.0277341331488,8.84445913383012,0.665011087145987,-3.53892642471935,-0.743274745206524,-19.7377695720822,0.0095229691632147,6.85327750222981e-15,0.0381672001941293,0.00762869502893291,-0.0118709270367991,16.4229688831426,0.0258333758131154,5.48705269768395e-13,2.08302887856852e-13
-35.9852739661221,430.814507011103,6.39208716047839,-18.8482796931589,5.29974886671294,-32.5857634479348,0.00252443889731645,-2.2617651192693e-15,0.000325805063207189,0.000460073923223924,-0.0160976050405313,2.41649670063477,-0.00651961526909677,-4.10355443300488e-13,6.27793509288118
-34.2350011139758,332.568902315826,7.28302590453885,12.7984883186471,-5.71299031880072,36.5993506092528,-0.000663867794445224,-1.54280042623377e-15,0.0175981240035476,0.00811642382030509,-0.013496447147448,6.57868023230894,0.00409294861985862,1.422504742706e-12,3.47717401576697e-13
-41.2788502870726,449.034229838999,3.77970205064348,-2.94312073882618,-27.3415667555708,-13.2555480248605,-0.0023521597900967,-6.31163794930479e-15,0.0181273991078534,0.0133568244290494,-0.003275982752052,-58.332211056623,-0.0115055975017947,3.30717187838094e-13,-7.38271717738883
-33.5898090361316,383.448496596517,17.6330884500996,-2.31704434152595,35.2891470388303,17.0070484823629,0.000424412322299356,-5.76447780854435e-15,0.00677005662391165,-0.00508340363932332,0.000183648958743247,-20.7135387937758,-0.0079142224704758,1.75999481075703e-13,7.89497437234755e-14
-32.9597773951395,239.497644992898,5.35382335737156,-6.33169669920711,-10.6648413558278,39.3542739473382,0.0179528797555496,8.48630603880453e-16,0.0210131741510494,0.00427906278748125,-0.000533149312074079,6.14458533507236,0.0151312254731695,3.34829472272384e-13,11.6974923882959
-35.0995876931067,452.090621115675,-21.4272056916138,-0.636292042190884,-19.7112452569539,63.1458870589946,-0.00591550217098345,5.28900108102867e-15,-0.00263114817794817,-0.00443159259075009,0.00651348959633267,-20.870671427048,0.0133367751315501,2.20618117279734e-12,-6.60644277708533e-13
-37.0995878584153,236.879177662408,-3.41528789980571,-0.549756082409705,-9.98872942168799,111.840476654066,0.0100630876965789,-6.81220255813261e-15,0.002170715839123,-0.000629747321940338,-0.0022829136296022,11.2602157757883,-0.0120576425155938,-8.84331407813415,5.62977994048541e-13
-33.8678439945391,432.205526569035,12.098417260253,14.9394474486277,19.1740168294821,-20.8264178600443,-0.000104671053134919,-2914.04597113529,-0.0120500632591215,0.00828083104141258,-0.0201302829938516,2.55974667552317,0.0240187557471028,-1.44923237520033e-12,-5.1896041030661e-13
-33.5689141960244,242.579250245983,15.6836407232127,18.8937496730473,23.8245345244519,12.1976646702191,0.0141458465118399,7.28491583053544e-15,-0.00423933207161623,-0.0101620754692404,-0.0191952804052126,-12.2298170688416,0.00789013507810295,-2.77937387364361e-12,-7.06913224037973e-14
-31.7331857777944,260.906126569967,-17.3144920834926,0.756650588319151,9.31219815788152,34.8135054218192,-0.0036072503835977,1.55316514675927e-15,0.0310795218986561,-0.0164702693835236,-0.00458605346614458,33.7906152728781,-0.00944324148145351,1.93354848743748e-13,-5.62256382167602e-13
-34.5833572815776,369.205133700712,-8.86960343637029,11.4298951466466,14.3715933587501,29.3857714324868,-0.00204668415100092,9.71073974634539e-15,0.00516407105619522,-0.00368096392341626,-0.0155999734069037,28.580140561188,-0.0315028248174703,1.90041322407056e-12,1.62827857965261e-13
-34.3673886853809,374.310349586262,10.6211743023834,4.11140054399038,35.9058743830992,29.8321225980362,0.0202016547601135,-1.65656063292544e-14,-0.00650667653122131,-0.00545606459489472,-0.0152223414404781,-12.5382555897113,0.00295833381125876,2.0915052168001e-12,-3.65603872057841e-13
-36.9614113391446,447.841396219896,-2.33083101588688,-5.56607868312051,-10.1202879229684,-17.1335133221395,-0.0117932153942971,-1.00787371592314e-14,0.00296752279715629,-0.00626888046145448,7.00831720887269e-05,-22.3223747535784,0.00230396567046265,1.7912589553705e-12,1.08509743443616e-12
-37.8052858135737,294.273380068224,-5.57930367372991,-7.74563555692154,-26.0943610429362,63.4011937677108,-8.88913821455588e-05,-3.77172554266398e-15,0.00525118010521538,-0.0028142395005278,-0.0149306290687239,-17.7318219206083,0.0319186144932063,-2.17162332433071e-12,9.55284752279568
-29.119177090963,26.5528864035797,2.40703269655464,5.11731967045818,1.30949370585212,-9.96414169697234,-0.00358422602634585,9.21700360997311e-15,0.00427689903446484,0.0115435437189726,0.0104550867331496,-10.9268763074716,-0.000395911253713776,1.35360744571075e-12,-7.72565374691154e-13
-45.9163577920043,448.340617555062,18.6657502130834,0.855623132529461,2.23981015708485,-19.5034215939471,0.00719311786661273,1.0453072747826e-14,-0.0208614957618988,0.00662820600381856,-0.0349115156992469,-9.35644463451466,0.00118708337777908,1.38124939053974e-12,-7.61098163619041e-13
-33.4222446889944,356.352662176904,6.80671538223751,-6.25549021237805,3.18662152538666,-15.0406192039444,-0.00412499664231186,-2459.2508820666,0.00965429295485689,-0.00131773011401992,-0.000992443313832406,-15.553875318319,0.0174976000691447,-8.24749617930721e-13,-5.01985961897765e-13
-36.7087188629175,466.927609949696,-14.7333086663909,3.76956866828816,13.1983638806511,34.3553833388357,0.00268995527049533,-6.86259663487294e-15,0.00212088316035386,-0.00276186845458806,-0.047815108565898,28.4406052349882,-0.00940298396537322,2.53207247887753e-13,1.3881207781319e-12
-45.7942255656523,744.739502785829,-14.1118812748459,-9.19795695937019,-10.0584269627516,-31.5776143728661,-0.00593446078063395,7.58430213133778e-15,-0.00550018785242099,-0.00515680806370644,0.016529493770641,-16.6194922017402,-0.019198608000999,-2.32315581170345e-12,-2.13948996792908e-13
-16.0518626741141,1.2205440811696,-21.3358126658412,2.71218039635253,-7.55121894379806,8.44482123068376,0.0155796200584806,-1.33012657173562e-14,0.0144010432892084,-0.00023795289361251,-0.00198855607275345,-5.42576039538667,-0.00476343151740257,-1.28975738693998e-12,1.14759793431839e-12
-26.0281015307388,32.7190316985668,11.6460275127134,8.98728214271815,24.1949090853888,-5.88140606776985,-0.00179854938510736,1.00745710175309e-14,0.00759696142224035,0.0231315839549637,0.00885099206800161,-28.5643831848539,-0.00148205097444636,-10.1451826005349,6.27628519391774
-14.8769888141299,12.5183249534524,-8.88527544265557,0.937568910355074,11.9150260733485,26.5558928659779,-0.00579162563052476,5.69103507520575e-15,-0.00593563921285668,0.00276688419743759,-0.00489924914864891,-3.83015150691385,-0.007260044578159,8.95416331436692e-13,5.84187000785801e-13
-17.0945395732134,-2.49651933532234,-4.44107618859328,-3.92242664790689,16.070412178713,54.3304569005178,-0.00274789889808764,-1.03405390329173e-15,0.00698944996342949,-0.00145928208723958,-0.0101301003814629,-6.52797931855692,-0.00396366927958127,1.52219342512091e-12,1.46656272597329e-14
-24.5084016836675,29.4385673805212,6.09390656430462,-2.54816239932007,8.76834365148672,-25.3205364879371,0.0132964440425061,-2.89375268265446e-15,0.00104946978256634,0.000571710073137175,-0.00251267428108224,8.25904579924571,-0.00817197533771202,-8.20615868312769e-13,8.07282285668813e-13
-21.6812856756116,16.6597320406186,3.61661731340049,0.888465835162269,42.8050940789247,-18.9159269745504,-0.00266011777316878,4.87720149508177e-15,0.00666265831333073,-0.0068578929778831,-0.0519632614667782,-9.94105492761584,-0.0161523164312583,-1.20205016869304e-12,8.08985334066168e-13
-17.2959741428793,1.33792989553756,-20.9524014179796,3.15666084869412,9.51886523039798,17.9842146896336,0.00335736636437007,-4.68301932950991e-15,-0.00202829523424004,-0.000131654845827227,0.000455244524091081,-10.2488273468279,-0.00250523100175308,1.57040111736271e-13,6.03038639531917e-13
-22.9763722507543,14.6357988718997,3.91641794161889,1.74776556214914,-33.9799431870432,-35.3154042134948,0.00861972411060136,9.4742348850283e-15,-0.0140739449401667,-0.00268352024792334,-0.00850405494867787,12.0563769728924,-0.00458095866340222,-3.68761817163466e-13,1.13713722653451e-14
-19.9843178801707,0.715394983945091,-0.561374646308169,0.82454461221308,18.788248808032,36.5650613046901,0.000646736944650754,-1.03208964552382e-14,-0.00162495513125432,-0.00121620489856489,-0.0167888855067681,0.486496301105921,0.00966536878819202,-1.50847141220013e-12,1.84605437307495e-13
-23.4323904696016,-1.4784340579002,-10.9564651599632,34.4461874118398,-0.205363715190904,-8.50276281525418,-0.00238891995158892,-9.31532781665527e-15,0.00305415773361033,0.00976683549384706,0.00470128406476338,-37.306528094998,-0.0164759398229825,1.55064744097634e-12,2.03300725236152e-14
-31.5535531770784,-13.5732956585206,4.43302275281174,-10.716942852535,-12.2834756317134,1.27822986938763,-0.00212123341142545,2.3626925652703e-15,-0.0128080754428157,0.00014486547062481,0.00167168852503844,-22.7547296563977,0.0236918030292257,-1.18931170683733e-12,6.40930558131865e-13
-35.1070906062208,-16.8592751099114,-6.02341814413154,-7.42653989486482,-33.0348185130223,-23.6850041812974,0.126563608929795,9.31765040725096e-16,-0.00717043693566966,0.00671464884400669,-0.0102283086102902,-20.3484278513219,0.0165795593396875,7.67011699426398e-14,6.06106068445104
-38.1777969070799,-28.8326524303367,3.75921184046339,-0.886427457773125,-21.7906743736056,-3.25261586222434,0.0639527725442512,1.38837317248451e-14,-0.0102170161869356,-0.00234178664148585,0.020196045449143,1.34819812475697,-0.00310489665625358,6.86443799427751e-13,1.93804912659024e-13
-34.1825599217041,-4.7967477733603,0.619560439981138,17.9964018667922,-6.13147463038629,-20.7831846896544,0.0930840391582917,7.54621218292805e-15,0.00720201945499607,0.0031006223699844,0.0153355750874322,0.593467140116541,0.00193636059500126,8.31434665296804e-13,-4.20260516322057e-13
-44.5727112758306,6.74678764180235,-1.75326586992243,-17.3418333269355,3.98531603561223,-47.9565602320712,0.151374107695835,-8.59537931320563e-15,0.0179645893232945,-0.0132452222694932,0.0292108918341118,-17.9018478036906,-0.0133831408495179,-3.49713394976262e-14,-5.9840798120991
-39.3250056373818,1.95690689086291,-5.80448815150552,19.1421991457214,12.1936905898558,-19.4269754993016,0.121395939889346,7.71365876385429e-15,-0.0107609902000199,0.00107574085105014,0.0196280047026638,-22.711713637069,0.0388246760718207,1.23320249901892e-12,2.19399732028603e-13
-36.3242736736262,-2.95730892519691,9.28101627925306,3.34648355973165,25.9127816673181,-15.6751397781193,0.175592148886636,-6.18766105647402e-15,0.0141191476925912,-0.00080652998598755,0.0132877817719141,30.9914961657147,0.0154833037925393,5.27517750587481e-13,-1.187477727089e-13
-33.1674230646185,-22.4832880976885,12.2917545094799,4.23718900763427,8.71820975184583,0.543370976982165,0.062650111373318,-1.91312098874416e-14,-0.00676643459307681,-0.00603459903657956,-0.0230416066202157,36.1093151470684,-0.0171978141958252,1.03907180652405e-12,2.70435786503851e-14
-34.1797943496947,-2.81442561290451,4.84225500010126,-1.54397491612852,-22.701096392349,-21.2377165812055,0.0943275474610195,9.76534197011492e-15,-0.00437861522444664,-0.00570055799511952,-0.0260418184207101,27.7837209787802,-0.0180182517053446,1.09419949842131e-13,18.4904625504057
-45.0996791815003,-5.35372585577675,-11.3728987986115,18.6449457558451,-15.6964240564209,-3.42371132590542,0.16421973630347,-1.39829489084414e-14,0.0359093669393469,0.00262443307756366,0.0176101265290351,44.6654497540193,0.0100691771704235,-6.09730429101798e-13,-1.17785168520389e-13
-36.6474852334564,5.21754498993858,-21.0434092090968,-6.36216105811639,-50.9121680951531,-28.3968155553449,0.124617873093239,5.43685833271332e-15,-0.0190850595404116,-0.00248209327686285,0.0173378728058392,7.30431178433318,0.0204893061861279,-1.40049291547315e-12,-4.37006019230545
-25.6191761127171,-18.3737224462175,7.57669999318095,-10.0543015441901,20.8493938751389,-2.60666371337731,0.0475250355862572,5.55311221794123e-15,0.0025282848633068,-0.00912763497451704,-0.0222229190523264,0.142530567493031,0.00794257574900498,1.31532767313968e-14,-4.87010593857525e-13
-26.1189527892951,-6.23326043327004,-0.115216089479878,-20.2608394736042,-26.3232305198199,-14.3870034237925,0.0530118843985887,6.0391888291699e-15,-0.0105953343324266,0.000529625178623081,-0.021769782684689,0.344800307640781,-0.0145865778478578,-9.47598213814184,6.77990070197976e-14
-25.8239778984031,43.8313260822181,-1.15804061672602,16.9900237342356,-12.4942868865199,-28.9654953942161,0.0496122343803126,8.92317239133929e-15,-0.0134416375256994,0.00317451546781717,-0.0294396166508801,16.9999784175153,0.00418153766116853,1.40050171903513e-13,1.07860853261472e-12
-27.2703666938131,-12.8795124760781,0.606357078851558,-5.58209081089082,-27.3746751316358,-35.1619974410188,0.0508335973744332,1.07473547576348e-14,-0.0222481514597937,-0.00145548678229167,-0.00405955197341455,27.1982322291023,-0.00326000046703708,5.54135534625654e-13,-8.189226951777e-13
-44.0899031286283,6.76239241488626,7.6310825390226,-5.76597891872333,-53.4158138600202,-37.6247095897487,0.173629304620924,9.95992885202786e-15,-0.0222980464643273,-0.00254016769922109,0.00341575244194398,42.0954419342014,-0.00952082386406838,1.22991379577918e-12,1.25586716517581e-12
-35.6494222015685,9.35075377703998,21.3149549201236,-4.61980471225222,-6.72447684481906,-30.2707376934003,0.14595818784559,-3.38096949128125e-15,-0.0223989758698338,0.00113368382759898,-0.00746862996340565,1.21400115236875,-0.00240853076635688,1.53879468789974e-12,5.77603908492835e-13
-38.1753581134405,-14.5311163110163,8.06904654296092,-5.65739635626403,-47.4901210619916,-42.065742306227,0.170787945909854,-4.58193037591413e-15,-0.0209630844687679,-0.0093313317928714,-0.0142768161875859,2.21623841468265,-0.0159933056761672,-2.0954983246683e-12,5.0765963228133e-13
-30.7176141821072,-7.28087064870563,-5.49278168452674,-12.5597097040559,-13.6356625729594,42.2682533261881,0.166774569232985,2.3867169550137e-16,-0.0151901864867468,-0.00165275494156513,0.0239249099850777,2.37568740950169,0.0138823730833245,-4.72740584766944e-13,-6.66340417879052e-13
-40.9992111061065,-25.6498689250478,12.3654572559028,-7.06097438779069,-34.3614465163076,-20.5271241474801,0.247577393626717,4.68446499603152e-15,0.0091156564729397,0.00340279993314435,-0.00169519486565037,24.0755836898319,0.000847047570677606,-1.20655907901959e-12,-5.87707696408282
-28.8704162632074,-16.1173535806936,0.119357376717702,14.3787206884874,27.2845074255922,30.9235721192899,0.0916137294125684,2.28782759843749e-15,-0.0109865557284217,0.0108203936570994,0.00907328798021853,24.1419061645519,-0.00857257204792291,4.78308681581384e-13,4.43823076511986e-15
-14.5772430878418,-1.36016414736186,5.28669017146424,8.57726773767009,-19.4664752461273,79.9262101870631,-0.00200980698501553,-6.73016693194848e-15,-0.00276059527537918,-0.00239673915110737,0.00356496034829453,-4.66473549567586,0.0107288860379421,-1.46648477000019e-12,-7.07328704330893e-13
-25.5113194612841,3.66824324421344,-22.158578397727,-6.79016247034267,-3.35691801746465,35.2363232810713,0.0125033871204717,-8.26477677100103e-15,-0.00943338006193318,0.0016716926025817,0.00629311281785037,-8.02913035353424,-0.00265819945390781,-1.07896648822752e-12,8.54533386137627e-13
-24.7650887032188,14.4174161289645,-5.15584417232217,-2.05514458334379,-12.3792558632531,-22.9621626400413,0.00867481210809079,7.22193349371719e-16,-0.00521103202008846,0.00540755477752395,0.00709084607208442,-2.58877259660185,-0.00595477968122093,8.10477031988292,5.60447881151939e-13
-19.8891652241849,-19.2831621127627,3.7499331084174,-12.1190089358784,32.2361824758597,52.1878129689676,0.0252102952576406,-1.34095522712016e-14,0.00116631226992077,0.00167691872855564,0.0182074305066051,11.5722376199119,-0.0121715211721267,3.89446372275381e-13,-1.53633221335074e-13
-22.7664262385071,-22.3305092899653,-4.17679163610767,8.62354998075952,-16.9035362229917,-9.60909034296294,0.0163122005897172,8.3314447915552e-16,0.00437759023592783,-0.00118976497156805,-0.0141041270116021,31.8218488777471,0.00498740789165473,-8.23291447897383e-13,-3.67820357450519e-13
-20.0460107728066,62.4880084621256,12.9415868323383,4.87194922784939,10.3980019386606,-29.2846195020302,-0.00402766663144769,3.79622023115022e-15,0.0072120023612758,0.00451945837438865,-0.00251668014590507,-6.98315064366362,0.00275755911847911,1.2862373696938e-12,-5.30173313111626e-13
-42.1860620023664,-9.70174454716653,-9.83837269506111,-18.8975463846307,58.096820988925,-4.22013569797848,-0.00455351812594945,1.20820089235787e-15,-0.0130473346805509,-0.00539129183902,-0.19258946028006,29.7472417599614,0.00115532519462072,-1.52559656768033e-12,-6.60150096884078e-13
-29.4340891929326,20.9350445571493,9.79239247880369,1.24475926353611,-0.415976679826478,4.11158871033713,-0.00206364363227602,-2.07362065293011e-16,0.0231869776808863,0.000995842580085017,-0.0602621636434093,16.1517586028093,0.0080258839089088,-2.99577736839646e-12,1.52284816810607e-12
-51.5512803128748,75.0907348654276,7.23665112199033,-6.36289431222234,-35.4291396847454,8.44130622743679,0.0112367342842723,1.4549397850439e-14,0.0515606678126454,0.00578691912258242,-0.209655116774116,57.6887919479157,-0.00412118046469437,5.40663310371762e-13,5.14836540225888e-14
-32.5965446207619,19.3345653686907,14.7704341489914,45.4380580056751,-2.9926726831242,-13.7681130431121,-0.0043283809541124,-2.36027650301673e-16,-0.00355856097400743,-0.0139086929013031,-0.136757503692294,30.5241402226509,-0.00151431987360484,-1.64437285380962e-12,-8.11170643117359e-13
-44.7754146394726,-16.2852235051058,13.9099278093385,-25.3916905371669,-27.9706280216849,-38.6845030659866,0.0274421649105849,-6.54457552655295e-15,0.00335868505990229,-0.0212468516635285,-0.254569740021059,90.4783469177649,-0.00348784655493892,9.5633952050074e-13,-2.63574170779517e-13
-20.7891210455666,-8.50190134409421,-15.8762455659228,67.1890391255053,-17.5054370182956,4.43868713434286,0.0119174795347158,-1.10892680314279e-15,0.0145468077596992,0.00049395510126475,-0.057948426571525,-4.67621740912252,1.86792374720289e-05,-3.51688872984767e-13,-4.90133587233924e-13
-107.700187532959,-84.7513732649011,67.6609523362627,-78.303156694654,-172.348531385087,-251.644760220172,-0.0227852475145289,6133.88069904232,-0.0868131640311747,-0.0146528947467087,-0.0893394054968663,224.892671885848,0.029043513658489,8.54405008747016,-2.37105649670453e-12
-102.687512235286,-95.0024619066828,51.1189693601009,-77.6995642721634,-183.627659452989,-194.313844411345,-0.0450044398021469,4115.07473844015,-0.0354522054924791,-0.0186050346202027,-0.303285803174527,337.758218345307,0.021792415728332,2.55878951618917,-16.3689201698558
-87.9409011390147,-70.0559726564177,56.8599965920871,-41.098424657352,-179.714088616072,-224.981103377976,-0.0491955386307399,3892.83431362205,-0.057749170188735,-0.00615530740765082,0.0678120316433747,247.774378291159,0.0146904162769273,-2.08346515738894e-13,0.285271248169525
-93.6713614632583,-105.660713831661,43.9731949683678,-60.8348767817811,-120.678053841867,-239.585044513712,-0.0258810434243309,4729.88725472509,-0.0869151753878657,0.00324572793485951,0.0727858365636883,272.442406567066,-0.0115942385967132,9.06733407434232e-13,-1.48690587840166e-12
-148.863799893884,-162.316493728791,67.5750325904039,-113.418041751741,-339.569718166969,-349.161764258537,-0.100943154539256,8437.84783169227,-0.151688337095557,-0.00575568899104201,0.157448391439956,456.464453240896,0.00254968650399792,2.8314758037041e-13,-26.7796989491426
-30.6734020486298,-20.7664274694526,7.74622994075551,10.9642634736638,37.1241193231022,1.6266527789671,-0.011415748727388,-1.20863854544246e-14,-0.00872096069532647,0.0101046099535279,-0.054514424983204,21.900129179958,-0.0129176676981138,-1.78305152053951e-12,3.20168505965361e-13
-22.5744717595071,34.1076697037644,-13.3955423835218,4.18400543606131,48.9396275486532,14.6232704153137,0.0166294978901815,5.08471478535119e-15,-0.00802667441646002,0.00760554665186864,0.0061229034184105,0.352767592840199,0.00607332374629572,-2.43415877823098e-13,7.75380056075735e-13
-35.1597590998025,11.0349128978784,12.3238710424143,16.1082038196502,-7.74023694811656,-14.5575810606392,-0.0154848265719242,3.01863047489736e-15,-0.00421085248909392,-0.00335158693588418,-0.00596965240543878,28.4040939286942,0.00169156268198603,-5.62632443346146e-13,1.78669880176268e-13
-17.8402968577653,-12.5625711457764,-22.9508305455672,7.76840521639111,35.9616105762729,10.867505417035,-0.000119975872038299,-4.22070822141513e-15,0.0311024455867708,-0.00125033024409065,0.0080228801463571,-7.30919422324123,9.18153305612181e-05,-1.18444565515161e-13,1.60134512611932e-12
-22.3684331541976,-6.99197995247454,4.9512369659306,-7.34882607232138,-8.60820081584626,-29.9107680144937,0.00301421949606426,-4.38782502233718e-15,-0.0105259184298462,-0.00511905201145339,-0.00365393692715272,-11.4525850819151,0.0157084099569036,-4.31111146537053e-13,3.10457940057656e-13
-21.1788830023323,-3.9786557221878,-16.1289363334644,7.79769817617161,-17.2370121770826,0.343330826995708,-0.000468031084944016,2.1784507102833e-17,0.0277141761103929,0.00223981849466717,-0.0315385620847303,3.0497635490291,0.0159243788242856,-1.03977323182564e-12,-4.48240886233525e-13
-21.1273207338964,-5.13834825050148,9.13386675855478,2.07384539420618,5.87807186667656,124.265434901681,-0.00198662178477573,7.10235459562622e-15,-0.0130253636487992,0.00594860791602697,-0.021673472158833,-0.664175253829901,-0.000560904754538242,9.52192199327815e-13,-1.04229731726381e-12
-27.017529327922,14.3849244368645,7.6690802389659,2.28518182081361,6.68372942045048,13.2929243555634,0.00631800109652918,3.19382631898921e-15,-0.00140613963983034,0.00424707367965847,-0.00344834781634997,-11.5849836219292,0.00664035953253327,-6.07008949214204e-13,7.68116538440376
-21.2349367166995,54.2928463402488,-3.10463137062548,-6.71723059571786,18.8563600367222,-15.8514116754151,0.0127444558667639,3.23533068771643e-15,-0.0126211129934894,0.00151370686547589,0.0129388818293166,-16.3329962157393,-0.0207096053364466,-2.42826528259808e-12,-2.30655895036327e-13
-36.6894114084152,5.08839461694155,6.45634658324913,308.79830124956,-34.7193635586938,-10.5250209963677,-0.0068914829048707,-6.89987139037719e-15,0.00348517270735995,-0.00355878546909293,-0.0530947087625469,-8.55627658961714,-0.0285457983480705,-9.5828556300999,-8.59352751070761e-14
-24.3962463453929,-12.6024762226991,-22.9981582259624,53.7510365018309,-12.1623689957174,6.52807596459352,0.00058449780951827,-1868.8819555911,-0.00538108297991998,0.00227822806009007,-0.018607840436657,-34.8798480139873,0.00428415062936157,-9.43531296321743e-13,2.83934273437247e-13
-37.1033087096324,21.340189824473,-1.44473763099807,306.682072316727,25.2275404364226,-27.199247046533,0.0043991481504788,-1.61895758991705e-14,0.00804140052820373,-0.0068880753383441,-0.0116686451413114,-17.6491754878079,-0.00291137149563731,-1.34701200740468e-13,9.25560938743907
-25.8888737318446,34.2162309347434,7.35553285897052,6.62006855765015,0.948446216809532,-29.0701002403769,0.0104193654889694,-1.81868263979713e-15,0.0058403803853814,-0.0145161570660648,-0.00884679064979583,-10.3509513209596,0.0222127146037497,1.05983549861669e-12,-6.06977438259068
-40.1075237658322,-11.3367909179877,-12.691856751443,153.579537712882,-15.7370301974874,-49.1084009094455,-0.0206530507918163,-1.39063539835878e-15,0.00776073162348406,-0.0190034826970457,0.00984723743039817,-55.8485408242449,-0.0106296129490199,2.70289437179632e-12,-2.95067408240008e-13
-34.6086677259897,25.7890180736903,-5.1952702866291,314.795689629698,-12.3703436984894,34.920650199813,0.0106661582907833,-4.50418053978056e-15,0.0147864575935754,0.00289937624685274,0.0016456245910938,-13.256103928097,0.00739637635302216,-9.55019115233677e-13,-1.09390551601566e-12
-17.9271103652728,10.5811274134803,1.82033015589407,33.2109943810604,1.07188468610886,19.3857263565033,0.0110705318758631,-3.00290873785911e-16,-0.00573681932369669,-0.00934313941911464,-0.0191503545303917,11.6857636363564,-0.00313184340925563,-7.09759378960155e-13,7.97970795262423e-13
-38.7574928472781,-3.56434368881657,-16.8337992825017,259.155301543784,-8.32845422546896,22.6684537644008,-0.00890030177229952,-7.90683613076416e-15,0.0112525528809514,0.00953498999782495,-0.00488197892215965,-0.345193309080376,0.0317545441994885,3.30007687299701e-13,13.8235806796205
-39.6463919612693,20.5603288866079,7.84689454902535,354.678570427255,33.4940014673924,-19.4046998610005,0.0222293434811516,-7.82767303048932e-15,0.0355850700025622,-0.00110044086642366,-0.0118373410808914,12.1678365844209,-0.0255768635233776,-2.43043317455274e-12,8.70676658806735e-13
-33.9010489229141,29.7122829698107,-11.2050429333824,158.731570752588,-4.13722545463177,-11.9016245609394,-0.0105088424280525,1.92264572130592e-15,-0.0004662774793767,-0.011357126794561,-0.00172848161885777,-25.0832862720513,-0.0267653136725026,-10.9237862721354,9.68395894173165e-13
-35.0339355297008,1.87312534735023,-3.65877005929892,129.248292206423,62.0062112535884,-10.9805492106428,0.000519863966808707,1.31921404731612e-15,-0.00211509141087156,-0.0187622820025413,0.00479933252425799,10.4731652156121,0.000757241269773542,6.97729352633945,3.20699238273529e-13
-38.3118458579008,1.32019870514495,11.4073982132319,204.627781349879,23.26488230983,-31.6848217571616,0.00606690858376788,5.11760999917445e-15,-0.00907513050279619,0.00429899773689984,-0.013896769911277,-14.859913339561,0.00661968008205715,1.12227404118827e-12,-2.8357881473237e-13
-49.4396680621269,61.2913020890856,-3.01663997434016,432.083902358202,-4.52288337612241,29.30284037996,0.0111319072018098,1.23736489909201e-14,0.0101029263828947,0.00593925368580734,0.0103604704499801,-3.87217460372837,0.00393182785974074,9.6502985886312,-8.80251094590576
-26.5462592775838,-0.471059773387313,-5.37648225978859,131.491063301313,-2.33298091853276,-2.13399732002738,-0.00396608760329991,-5.43823967299001e-15,0.00464428909314422,-0.00751387404075755,0.00115513589557797,-14.7628897151526,0.0312912191392088,-1.16125701774759e-13,8.10341790434289e-13
-30.8629520587813,-18.3486630992342,-5.62686618841257,235.296013247716,-26.0460838928965,18.5899071020817,-0.00670560247577812,6.36235016716052e-15,-0.0120491294478826,-0.00196748190460665,0.00569496281464204,4.9921813873004,-0.00760959576625509,2.70159447048979e-13,-4.93734870478161
-30.389949759848,13.5930350349445,-5.35305701262362,302.372249218714,40.4942237576503,-17.5688124475111,0.00732721890233777,6.47547505249519e-15,0.00185593510413663,-0.0052752544914321,-0.00211135307453129,-5.41714505751045,-0.00427556948332541,-2.32924053177528e-13,-5.52112181051401e-13
-19.4818517055938,38.4992439813239,-5.08148309792528,-7.01870982887956,-2.80688629224094,56.1261752276451,0.00785954633209437,-4.8384363457889e-15,-0.00484237796915831,-0.00406040130539887,-0.00936574063209599,-31.3253482722961,0.0141227376369338,-7.21479593880682e-13,1.87980084420814e-13
-31.5081977856719,30.4307316985445,7.28114272005804,101.311378404964,-2.90775923335495,52.1634811336613,0.0018658033535025,-3.81955949672943e-15,-0.0149487798053394,0.0126305601335343,-0.00133095009756144,-18.3377957716354,0.00469596104630431,-1.71359056095097e-12,-5.7802739523141e-13
-31.979564749584,-16.8968536868564,-5.04448446628241,166.517941246718,3.44803975354995,28.7282981231083,-0.0058883657613264,6.83399069117657e-15,-0.00396978869944814,0.0062252803791166,0.00603988862497097,32.8722457856844,0.0119167410426768,2.42997975580643e-13,-8.05881202133007
-52.2782122246801,-13.0949093361377,8.9501385696951,446.390632418841,-38.3432600572352,-11.0113984259929,-0.0115946416505831,3.62963640754774e-15,-0.011230332581577,0.00170893875406557,-0.000135076746048655,-2.77989158022812,0.000305442585047238,4.24900946961603e-13,4.52977379981893
-20.9271283349081,10.7796440364707,-3.96226276691233,16.3788774621966,11.1313734258903,54.6482439245707,0.0188140835002629,-5.78199521165056e-15,0.0014022579428784,0.00307679739865234,-0.00726875277491345,-16.0593660838616,-0.00892416661979428,1.42366319854203e-12,-4.13037753979577e-13
-38.6623228849315,31.7043048254052,3.63976050513349,6.97870214256078,-10.3563695159188,20.2299663905908,0.0221478679862258,-8.57430422069953e-15,0.0389308846909835,-0.000850049086210475,-0.0131833620459615,5.39609808289269,0.029554331175479,-9.26753777081889e-13,8.08031332662034e-13
-23.5163869021292,-17.8915583016822,8.74161083637001,19.1631108684952,15.1309057553876,37.3633933966069,0.0105799612491789,-3.83724290070501e-15,-0.00990721369333639,0.0113720384508512,-0.0038919312418037,19.3111234805249,0.00262790418661129,1.03611146055727e-13,6.46435688999934
-25.4681746551561,2.93777907006907,-11.7284365698199,-9.9937483567511,9.78165044185679,-12.1580861515656,-0.00937583176359047,-4912.22231993381,0.0040796840345916,0.0106171816162763,-0.00480706803500534,-20.3229984357821,0.00952779787866036,8.95038372089969e-13,-4.9620391051377e-13
-25.7889692054326,-10.0977924966143,10.2065085066526,2.30233072120324,-6.76255196321909,-23.5200636251917,0.00157260014640182,-1.67108192706901e-15,0.0178726895334165,-0.00141854947306422,-0.029095326832608,26.190360401703,0.0128250163458961,1.06558753715809e-12,-4.07701743703291e-13
-23.3356609913136,67.4063030655181,-0.912999727365922,-7.35821185770334,60.3399086848008,1.35678993143704,0.00507934738947583,7.31251054861737e-15,-0.000161701176788315,-0.015224755982437,8.47250979941306e-05,-21.0495196034021,-0.00447518072967514,7.2632888039725,-2.89174998957426e-15
-15.8821608314838,-5.10880450100498,3.76546575908413,3.66054570993582,-13.577286739309,23.2252008687017,0.0207041074681413,-4.45825817340474e-15,0.0160211450560424,0.00496868384952515,-0.00953959518963371,-6.4569055816063,-0.00634847446654974,1.52298244674936e-12,6.49917382820291e-13
-19.6732627735275,-9.427691905166,3.65150352559912,-5.81483011612225,0.5330521501186,-5.45569202564924,-0.00436172395818909,-5.7026778674228e-15,0.000250717849409039,0.00568117134340021,-0.0163206994495199,-15.4333791770211,0.018313195215754,-1.2901200145892e-12,6.24629848768411e-14
-58.3754658324009,-32.3903616162805,11.2873265868349,-25.4988681789872,-79.6934053492296,-48.3525938963991,-0.0242491658873545,1.13174468571667e-14,0.00545663956102273,0.00511530083213127,0.000982770334254147,-196.089204172196,-0.0254988366544776,56.9970970385847,-5.36853303062115
-27.4102493092842,5.64784593019002,-34.0917205026976,10.4388248418691,19.9978516937253,-18.7335035497874,-0.000390620758031823,-5.82652931911149e-15,0.00190722768359005,0.00612015056690347,-0.0146954707376088,-13.7480282566319,0.00438284925028771,-6.04598439384566e-13,1.17933909584869e-14
-53.1295897658983,-24.1248076021405,-7.20110477717452,-16.733538376769,-42.3066520648603,-54.0971633862711,-0.0233445128802385,1.12932181968735e-14,-0.0189136286686287,-0.0231992418351562,0.0190361765243608,-207.196525057342,-0.0187363626792107,62.7419844796124,2.09374027061753e-14
-22.1777971020992,7.58612144342719,-21.2391055043398,3.47235384283682,-9.34612445944106,64.7329336090825,1.4998112355607e-05,-2.91878916260309e-15,0.00353098223501815,-0.00779541524617259,-0.00938638460394284,-12.9423194523933,-0.00504610328619519,-1.12476846178429e-12,-2.27372685918537e-13
-41.9496710552964,-11.3609281066551,14.5041027691914,-20.6022464035106,-57.2804322514969,-36.0411428856436,-0.00639162414999776,-4.84356948380362e-15,-0.00932958333252401,0.00121237862314823,0.0259097966037978,-203.609813491849,-0.0563360104059713,51.8702067752513,-1.43365840114092e-13
-26.917238338287,-0.334624352059821,2.3038911288583,25.6436737836536,12.441632664885,-25.0583257426531,0.0447762074938282,8.67603734562093e-15,0.0161380537237114,0.00139902904803353,0.00274102725693076,-9.37648961091461,-0.0134258289754891,1.32499001833209e-13,-8.80919342911069e-13
-37.1127776439957,0.253537021471753,6.78713276640449,0.668146194621598,-34.4965840684348,-34.0289846926923,0.0190609538055215,6.08386957477503e-15,-0.0124377840860976,-0.00233023257412014,0.0267297290659901,-121.452352099608,-0.044172240360854,39.8420542423478,-3.62767949003848e-13
-25.9932200536032,21.8538095304231,10.9176092497233,32.5177603896624,-12.2057479491264,7.04966042920349,-0.00515107685176176,-5.77851236388643e-15,0.00647305769029727,0.00211917098588034,-0.00149707605508549,27.1671585177158,-0.00639778074523944,1.41149773189197e-12,-5.57041213754202e-13
-21.5885812007236,-3.71326572249621,1.13741095573222,-2.64534521125283,16.7159719554073,42.0302360482507,0.0166471464172453,-1.61865919155315e-14,-0.00904131630538723,0.000429099029446036,0.00272856423055999,-14.9584315043311,0.00729911476317766,7.7390268711245e-13,1.35060469810935e-14
-20.8057958571449,-17.9021404376523,-7.23846407234444,-11.5829648485177,27.526817167748,28.3658792213333,-0.000108120514115001,-1.22412707261449e-14,-0.00545908292834908,0.00347564185041939,-0.00176366502351216,-21.7996185443056,-0.0105619109909991,1.80985889684251e-12,-2.42540081104749e-13
-22.6664061818451,17.4422060634844,4.3061408501605,0.268627088265654,31.775430009379,-8.60449175679449,0.0125101151112513,9.10333023318274e-15,0.00309123474009653,-0.0116342796390788,0.00447681441607064,-24.8061526415799,0.0101265845619443,2.11118983922798e-12,9.59640129283719e-13
-18.1159211418736,-6.06364604400962,-3.32416186106099,24.4536360922819,50.6848832122421,35.3629142503837,0.00443675357471341,-2.43618751874363e-15,-0.00917065138211684,0.00981327596906075,-0.0189131455213029,6.36560624707207,-0.0161559896206501,-2.17258853237624e-12,3.27482596849395e-13
-18.6457253525553,1.2949323593984,6.77604105633684,12.1135793469274,-3.35609333512385,36.6852139486211,0.000917601219901832,5.91772672548092e-15,0.00827517338158642,0.00147596959977817,0.0056080282445938,-8.63274339966885,-0.00884065377519894,-2.02670396909337e-12,-4.97786214526476e-13
-20.430316583049,59.1163660361785,-6.68664114922759,25.359879068854,-14.1569801239735,49.3425762545,-0.00156615486070758,-1.59771453603007e-14,-0.000340376186110484,0.0017774914559915,0.00702698162023026,-20.8355030310405,-0.0226494895857802,-2.1160674006773e-12,1.79393093873569e-13
-19.3726396440047,-5.2388656473514,-7.44010885268089,1.45744652919693,42.3126384891428,13.9416072967226,0.0119899935739769,2.07701908843048e-15,0.0223348089029795,-0.0106326311732433,-0.0035032326196273,-8.91879331739427,-0.00567882974124547,1.07266257863808e-13,-2.34224193465204e-13
-45.1003841956355,3.81838700826312,-24.9381132463649,-23.5878891858964,160.102246853033,38.657711831427,-0.00775380477740187,-1.1453193502622e-14,0.00496884640573525,-0.0541810066827811,0.0126526363341443,-29.7113688125682,-0.0292518814767137,2.71602099686507e-13,-3.50167973952034e-13
-32.860269712232,-8.58360447018969,1.54511921553726,1.76760964360498,136.41926835489,10.2391596897715,-0.00868364157066902,-6.98945390286421e-15,0.0151774640585163,-0.0396060220327367,1.92957986478505e-06,-22.4987240923419,0.0186003903220686,-1.66747882901811e-12,6.87253437407762
-42.3930678416841,-11.4908228008862,13.5562721408643,11.0360397556033,266.714131817493,7.19226859948709,0.0115490512459185,5.72982444332269e-15,0.0672592299243641,-0.0493195148979137,0.0365705694352919,11.3318013919151,-0.00239430525222983,-1.13843818560038e-12,2.19481303019863e-13
-44.7293130635674,5.27361424848837,-37.3915131218394,-16.1340512772728,284.979450578856,18.185108561408,0.00226002890644354,7.54275615160604e-15,0.0115668895419748,-0.0796624340164204,0.0135933054622257,16.6271496471514,-0.000109443594743585,3.46389785614027e-13,-4.46610335069906e-14
-22.5941207868777,3.97811317820086,9.05476475066369,-9.34914325722399,40.1181883790699,11.2658014063271,0.00175811991425674,-2.35778706117378e-15,0.02541083335999,-0.00581078779975476,-0.00896009508409103,1.9015384123589,-0.00647794436565569,4.45577768122607e-13,-4.33822110263656e-13
-43.5883374211975,-15.6052205542177,9.43512446388609,10.1984621461998,384.461576794477,-6.2667168199733,-0.0156246551200119,7.2074283945388e-15,0.046318471166654,-0.10882494859408,0.000979088237941461,6.98103680830102,-0.000468565532853704,-1.53890229049322e-12,2.27884320822218e-14
-29.5647963175461,-5.90507641773972,-8.24553278624638,-2.21374093640194,158.446834028483,0.65338461087846,0.00499893861262281,-5.85226166742761e-15,0.0160189604661768,-0.0711032645911681,0.0113559057355178,6.05097808433257,0.0114557348032952,1.48842432108157e-12,3.38271892694735e-14
-32.1162958397586,-18.6434892593202,3.13715330957261,5.36495656491588,204.224876649412,-18.1227007116889,-0.00840929590943634,2.1033571932671e-15,0.0206741472845185,-0.063623436071759,-0.0287184111825802,26.4305277563967,-0.000302477987868038,-8.00705065881436e-13,7.34446881019387
-38.6897025690814,-22.9435592713153,1.3863676849789,4.26694006712595,316.025232972906,-28.3143549220305,-0.0161225830845945,7.88898590919976e-15,0.0178571964341936,-0.0861539817995857,-0.00791780397415296,21.1893189811779,-0.00211754267900378,6.64409560574065e-13,-7.08822229587671e-13
-29.7239496501954,16.206723419549,-7.02678290318512,-5.83567809296439,156.610998336612,-8.63718237228159,-0.00186933807259046,6.76632818107352e-15,0.0390000185965598,-0.0665389196889095,-0.00123197374244584,38.0322633011514,-0.00998123058303175,-1.37191918208124e-12,-1.03478162125498e-12
-50.7384406363304,7.98259250270158,14.4387631354662,19.5609263157678,458.889103250635,-39.5413400296288,-0.00694103852372847,1.00931776147011e-14,0.0457920605461014,-0.169451575955025,0.0151620396091451,14.6512704124198,-0.00536331444087065,6.55385212943386e-13,1.71367647152372e-13
-23.175455981235,4.79058416924326,3.28566902352859,23.3006522637559,42.5677710080154,49.004716887335,0.0195552974741098,-1.90036464328965e-14,-0.00686478297661671,0.00868589270780689,-0.00691699801447134,-8.96359969537515,-0.00506760980789983,-6.70120685617013e-13,-9.64731739737676e-13
-22.532320698588,-8.06187406128553,-8.28511843961948,-11.4832059532302,20.2545528815995,-28.4593915427863,-0.00844495602133496,2.59905487618946e-15,-0.00104752408009559,-0.0048042692347821,0.000627006608378164,-2.62019234660969,-0.00999927876945497,1.02634883143237e-12,6.61424684689177e-13
-23.9446433749117,2.92238619649933,3.6337512912343,17.4817361656459,18.4566809717591,80.5617254882391,-0.00579748666627545,-1.74573098827019e-14,0.00165914957125312,-0.00169940436887947,0.0136179325557071,-25.083851431849,0.0161132311296448,10.3870803120641,-5.24609656800989e-16
-26.4743477669158,-4.41288566715183,0.215500754054181,3.18364193842759,20.5630157820125,-10.0604725748544,-0.00293240973976672,4.33838234628493e-15,-0.024531955458956,0.00119370132958479,-0.000322531394487317,5.25663704134146,-0.0175629429331059,-1.78967992768992e-12,5.81388402065202
-26.9067960241461,-9.07730046080121,-13.5014714634676,0.145833672554452,40.364141391047,26.9217491305892,-0.00741570962938324,-5.7099188238999e-15,-0.015521572384191,0.0069841659586606,-0.0258143728039087,-15.800138592107,-0.00536431593243717,-1.4768653314354e-12,7.4285257377333
-31.0978070071539,-11.1600930703895,1.64901999029334,-8.43622963421729,-9.48564933161217,24.2312226862492,0.0228317787238071,4.36123032733103e-15,-0.00749537714868764,0.00740664483461953,0.0206567890842684,-62.2910408342195,0.00052224208821648,8.77401978790129,-2.81560414834422e-13
-30.7099843587632,-1.34956192240377,3.42572615353532,-4.42182889172719,40.6765311065869,73.0996363475092,0.00211957196826525,-2.30222085940061e-15,0.0103299716987865,0.00223981229397837,-0.0138416234430594,-34.3688304865707,-0.0309653993694463,8.8011588760949e-13,4.39383250824579e-13
-18.8680078701029,1.63571598216146,3.97043849883506,-6.7300789974434,15.567106749087,11.9080715715774,0.0101253553949783,-1.70158742904606e-14,0.00506489625247027,-0.00465877122700814,-0.0296693035924977,-0.464034379496189,-0.00194199897390218,-1.32789347331695e-12,1.36831157508846e-13
-20.7938092825949,8.24227294553071,-1.7655964521232,3.48876152680211,-14.5375682416852,55.0655138825407,0.0201177194073053,-9.64619710321984e-15,-0.00431843417434531,-0.00343636834420097,-0.0101781487364945,9.28477040069239,0.0125240361321276,-6.73183888813867e-13,9.03945882318912e-13
-19.8115740533328,20.431398855148,2.47975343856,47.2570431959398,-16.4522081728725,30.962021618035,-0.0017793589351645,4.18866672071686e-15,0.00805816900396219,0.00137408328514219,-0.0202641462799158,2.07336624897186,-0.00397937732838755,-4.61939977003943e-13,-8.38203610937825e-13
-18.873948871485,14.8075367380125,-13.1816869541149,12.5650267063692,-4.50219836346538,2.20411224142055,0.00544682707654163,-3.71840136815554e-15,-0.000363046165250021,-0.00264483467128914,0.00327871405603158,7.18398972857216,-0.00367575909737598,-5.76154985995727e-13,7.69277746361055e-13
-22.8673366824862,-12.7165367363084,8.21556297515223,5.38208763073982,35.9346470530529,8.81531735669677,0.0284164740974821,-1.17984520683433e-14,-0.00273626703270463,-0.00176804338190373,0.00265142383131076,2.04389645704037,0.0194203907271482,1.45303217380098e-13,-8.05207289892515e-13
-21.7480699702352,-0.785575747987045,7.49657285339493,-4.88802289621583,-0.592197436060461,50.4901073541749,0.0142907756163804,5.91802157367347e-16,0.0124633012450182,-0.00202006351063317,-0.00439345776264877,-5.17695843426957,0.0154516842356229,-3.35342469440866e-13,1.46822233889531e-12
-14.1881993593123,37.8907351510874,-12.1496445201627,4.06786131219398,3.35409584635586,0.839205534523366,0.00810939134741013,2.07934691217913e-15,-0.0013327053312023,0.00668861966727739,-0.00312858902020605,-0.155971273544989,-0.00727410019905577,2.69072962652155e-13,-2.34080479062523e-13
