     31.1992     -300.186            0  0.000233511      2.36141      8.88666            0
     34.2473     -299.851            0 -0.000463498     -6.83042      32.5078            0
     26.6728       197.55            0  4.23049e-06      1.66019     -13.2174            0
     23.5611      429.964            0  0.000334382     -5.69025      -21.298            0
     11.9337      -469.68            0  0.000654101      10.7185      -4.2647            0
     26.6309      4.35668            0 -1.54698e-05     -10.1917       -4.695            0
      17.237     -287.666            0  3.62385e-05      6.94045     0.256416            0
     17.6201       64.807            0  0.000102781     -2.55774      3.95442            0
     20.0711     -476.655            0  0.000248053     -19.3373     -14.1436            0
     19.2363     -181.519            0  0.000551331      1.36801      9.55157            0
     33.6787      212.976            0  0.000220793      7.71882      8.24072            0
     14.3796      96.4433            0  1.11555e-05    -0.536101     -4.22245            0
      24.007     -347.174            0  0.000458554      10.5536     -22.2649            0
     12.1515       -197.8            0 -0.000773551      17.4138    -0.106185            0
     30.5724      230.271            0 -2.90701e-05      6.55749      4.68827            0
      5.9837     -251.924            0 -0.000274612     -6.94795  -0.00171006            0
     45.0198      64.5269            0  8.33946e-05     -2.05178      6.90545            0
     24.8721      24.6824            0  0.000148265    -0.017893      10.6169            0
     40.8998      487.608            0  0.000445309     -12.1098     -17.9779            0
     34.8232     -263.688            0 -0.000115133     -5.49289      23.8999            0
     11.5292     -128.836            0  0.000521967      14.3884     -8.31497            0
     19.1517     -357.783            0 -0.000809345     -3.39518      4.51096            0
     22.5016     -253.028            0  0.000217312      -12.637     0.690197            0
     25.1341     -272.228            0  9.65217e-05       13.307      4.34067            0
     20.2228     -324.236            0   -0.0008123     -19.2271     -21.1309            0
     18.2287      101.726            0 -0.000545495     -1.21985      6.86843            0
     35.8445      298.127            0  0.000104278      7.68353      2.06321            0
     40.8924      381.951            0 -8.95734e-05      6.55209      7.44467            0
     35.2978     -83.8672            0 -0.000170298      15.1448      20.7604            0
     7.67584     -402.137            0 -0.000644109      -3.0584      3.81088            0
     8.69031     -433.975            0 -0.000181816     -15.4478      1.72025            0
     4.03549     -259.924            0  0.000354698      2.89677     -8.46698            0
     25.6267      222.042            0 -0.000273989      1.16488      2.17663            0
      17.264      -482.49            0 -0.000820893      9.23791     -19.9876            0
     12.7947     -284.325            0  0.000246262      5.82925     0.277269            0
     9.30896     -38.2298            0 -0.000252343      5.28861     -12.1193            0
     12.7407     -76.6802            0 -0.000282697     -4.17799      8.18286            0
      16.966     -55.1961            0  0.000344196     -5.77004     -3.58848            0
     31.3649      330.695            0  0.000292352     -13.9557     -11.3067            0
      9.3501     -391.204            0  0.000191997      1.57936     -9.52094            0
     17.3331     -556.966            0  0.000184053     -17.5595      10.3147            0
     14.8644     -103.967            0   0.00024894     -2.71612      9.44154            0
     8.87068     -224.207            0   0.00024872     -3.19992       3.8217            0
     8.02282     -118.029            0 -5.38283e-05     -1.51954     -5.38855            0
     10.0851     -40.6297            0 -0.000641251     -1.55211     -1.27633            0
     27.2661     -258.292            0  0.000220963     -4.16602      13.0754            0
     28.5401     -194.148            0   0.00036334      8.88139     -18.2106            0
     34.1071       309.02            0 -0.000335866      4.02466      7.11898            0
     22.1586     -191.133            0  0.000286878     -23.2324     -11.6987            0
     16.6297     -510.866            0 -0.000118981      19.4245     -7.78545            0
     9.48813     -215.266            0 -0.000591372      16.0489     -7.26814            0
     17.0732      213.559            0  0.000199224     -1.28782     -7.87524            0
     20.5771       103.54            0 -0.000402381      7.04974      7.77421            0
     20.9721     -327.972            0  1.76095e-05      9.43611     -2.66876            0
     25.5243     -111.689            0  0.000410112      9.91702      15.2231            0
     27.1449       281.41            0 -0.000121238    -0.125923      5.32951            0
     7.14889     -96.9559            0   0.00019943     -4.16368      2.97272            0
     13.9453     -225.657            0  0.000362597      14.2352    -0.424453            0
     14.8812      190.372            0 -0.000552567    -0.273189     -11.2758            0
     20.8684      39.7618            0 -0.000399301      1.86096      6.03796            0
     14.3588      95.7238            0 -0.000856186      1.78477       6.7242            0
     12.9506      147.595            0  0.000184883      2.28159     -2.11256            0
     5.85995      60.5733            0 -0.000626482     0.925751      1.55276            0
     8.13467     -127.371            0  8.21691e-05      -3.3599      4.74672            0
     33.5998     -487.392            0  0.000689146      6.83619     -2.69202            0
     6.39498      -399.38            0  -0.00027392      10.3991     -11.1018            0
     19.9215      53.3665            0 -3.66591e-05     -4.67059      8.95299            0
     21.4592      192.222            0 -0.000234275      6.31587     -18.2569            0
     12.6181      -137.12            0 -9.88607e-05       4.4871      4.88079            0
     2.83378      -211.71            0  0.000221462     -4.96268      1.54733            0
     3.23258     -247.046            0  0.000243808     0.491441      -2.7922            0
     13.7534      61.4181            0 -0.000511578     -8.96495     -2.67468            0
     19.3508      -15.365            0  0.000214018    -0.993224    -0.086312            0
     12.3343     -251.266            0  0.000406784      13.5924     -5.62078            0
     14.9751     -290.218            0  0.000380923     -8.16756     -12.5146            0
     22.4461      89.3086            0   0.00056439     -21.9992     -17.3676            0
     25.3076      78.0915            0  0.000177594      2.14441       10.449            0
     19.8842     -263.759            0   0.00013009      25.3578     -14.0286            0
     9.99377     -174.652            0 -0.000972632     -8.83002      5.40258            0
     16.6795     -138.745            0 -0.000194116      8.14567      -21.933            0
     10.1669     -23.3386            0 -0.000411177      9.45637     -6.18997            0
     31.9989     -3.01612            0   0.00042984       14.917      9.51986            0
      12.178     -452.443            0  6.27895e-05       10.696     -9.17699            0
     35.5533     -112.801            0  0.000204589      1.27038     -15.8686            0
     18.5179     -162.225            0 -0.000311374      3.92928      3.26794            0
      18.734      3.44673            0  0.000308027      11.8031      -14.283            0
     19.6906      45.5173            0  0.000305768      12.6634     -5.84893            0
     4.03731     -260.843            0 -0.000253338     -5.03702    -0.164845            0
     16.1879     -170.686            0   0.00017805      2.88991     -7.59567            0
     19.9676       62.918            0   0.00038685      7.60451     -1.97332            0
     11.2504        14.71            0 -0.000931345      2.73607      8.13497            0
     19.3113      150.006            0  -0.00129127      1.71252     -7.75345            0
     29.8161     -94.5286            0  6.26396e-05     -6.19048      20.6922            0
     10.5075     -39.3899            0 -0.000103695     -2.60288      -5.3025            0
     35.6266      147.321            0 -0.000371764      1.04646    0.0356199            0
     25.4674     -185.732            0  0.000505924     -6.37633      1.00766            0
     27.4959     -94.2171            0  0.000122605     0.859389     -3.48679            0
     22.1149     -184.065            0 -0.000360522      7.93313     -6.88142            0
     19.0173     -16.5139            0  0.000200592      4.71029      7.50843            0
     39.2007      299.588            0  0.000269225      1.84147     -2.96428            0
     27.2485       518.47            0  9.82567e-05     -3.56979     -6.94287            0
     11.8126     -200.728            0  4.19757e-05      7.55021     -8.37342            0
     9.17278      105.557            0 -0.000285882      2.12402     -6.68707            0
     26.0575      263.531            0  0.000216637     -10.5997     -8.52251            0
     35.2932      262.779            0 -0.000259993        11.55     -1.35175            0
     30.7493      45.0325            0  0.000370528     -9.43375       3.1929            0
      14.334       83.954            0 -3.48097e-05      2.58383     -3.33259            0
     23.5548     -21.9849            0  0.000483089     0.321096      3.02787            0
     35.8062       576.22            0 -0.000618844     -2.78519      3.47351            0
     8.05431     -323.959            0  2.13113e-05     -2.35719     -1.29527            0
     25.9676     -42.3857            0  6.91341e-05     0.631482      16.1897            0
     24.2012      229.462            0  0.000206423      2.55363      -9.4226            0
     19.8795     -161.779            0  0.000196452     -9.78393     -8.48057            0
      19.491     -184.314            0 -0.000517999      13.5417      10.7394            0
     28.9683      314.796            0  0.000509345      7.94026     0.320556            0
     14.3937      67.6038            0  0.000264941     -10.3277     -12.3916            0
      30.743     -67.4406            0  -0.00030333      10.7944     -12.8296            0
     23.8875       58.055            0  6.96489e-05      6.65654      9.52194            0
     21.3946     -316.875            0  0.000444735     -12.7048      12.3193            0
     5.19309     -79.2058            0 -0.000312757      10.7339     -8.86135            0
      21.252     -221.981            0 -4.57865e-05     -2.69496      1.77984            0
     38.0148      136.211            0 -0.000426534     -22.9688     -9.49443            0
     25.2792     -211.859            0   1.6649e-05     -7.32727      1.61552            0
      11.314     -255.551            0  0.000198288      5.18746     -6.89537            0
     23.2146      157.573            0 -2.44593e-05      3.45968     -12.3935            0
     16.5806     -345.288            0 -0.000924188       14.254     -6.09319            0
       15.54     -92.2635            0 -0.000780374       6.8153      -1.3822            0
     15.7342       77.267            0 -8.68555e-05      6.66505     -0.78004            0
     18.0151     -29.1823            0  0.000245025      7.22887     -19.5698            0
      17.413      -169.69            0 -0.000343686     -14.5407     -15.1002            0
     16.5327       -443.4            0  0.000242542        1.372      1.00578            0
     11.7905     -460.848            0 -0.000251467    -0.995577     -2.18929            0
     25.7286      9.19987            0  0.000151605      6.43213     -14.5883            0
     16.4576      -235.26            0 -0.000398633     -6.26764     0.990088            0
     9.96143     -13.7254            0 -0.000617412      7.38196     -1.90768            0
     26.1926      341.121            0   -0.0003589      1.39322     -1.26384            0
     25.9734      205.777            0 -0.000258847      4.07257     -8.77995            0
     27.6479      -40.969            0  0.000337099    -0.233717      27.3339            0
     8.18436     -240.748            0  1.54384e-05     -1.96095     -2.87955            0
      29.202     -101.834            0  0.000470827      5.50925      15.1544            0
       7.316     -369.502            0  0.000118185     -19.1653    -0.872893            0
     20.2605     -194.682            0  0.000480437      6.93618     -3.68689            0
     11.6471     -119.605            0   0.00028051      1.15624       3.1529            0
     11.7804     -659.069            0  0.000267876      8.49735     -10.8246            0
     30.9287     -301.409            0  0.000600084     -12.0937     -14.4538            0
     6.18581     -247.795            0  0.000280907      10.5933     -12.3443            0
     28.5318     -131.755            0 -0.000279528     -13.5779      7.32535            0
     17.0739      86.2217            0 -0.000662415      7.95035     -20.1134            0
     36.2148      435.415            0  -3.8083e-05     -10.8394     -16.7565            0
     19.9206      233.131            0 -4.02389e-05     -3.82334     -2.65045            0
     37.5856      260.323            0 -0.000342607      16.6075     -3.96246            0
     36.2533     -102.211            0  0.000642197     -15.3687     -15.7045            0
     9.33989     -15.4785            0 -0.000126351      4.88516      3.71463            0
     31.2035     -74.5589            0  0.000374144     -4.88401      7.84509            0
     28.4144      -50.834            0 -0.000468313      7.21913      9.02162            0
     25.0218     -515.299            0  9.19112e-05     -7.23284      3.02293            0
     5.85446      47.5354            0  -0.00106134     -1.14186     -3.48775            0
     12.8483     -202.715            0 -0.000186929       6.2314      2.64107            0
     23.2109      171.307            0 -7.38445e-05      3.06017      6.77212            0
     13.6133     -565.902            0  0.000397733     -13.8517       3.4966            0
     11.5515      6.45858            0 -0.000483441      8.29791     -11.3976            0
      17.711        107.1            0 -0.000433879       5.7661     -5.79985            0
     16.7216      302.752            0  0.000258265     -3.74746     -4.36678            0
     14.3561      69.6811            0  -5.0702e-05     -3.11541     -17.5977            0
     21.0282       24.267            0  0.000178262      4.01115        2.484            0
      9.6124     -193.856            0  0.000322588    -0.183001     -3.98949            0
     8.98793     -200.277            0  7.05462e-05     -4.73829     -2.60746            0
     19.1648     -284.792            0 -0.000379811      1.64271     -15.3126            0
      34.796      233.189            0 -0.000278199     0.415183    -0.157101            0
     18.4302      195.416            0  0.000332819      1.57148     -12.1276            0
     11.5027     -227.429            0 -0.000312898     -7.01107      11.1921            0
     21.3373       31.379            0 -0.000532425     -8.36003      6.13812            0
     12.2759     -439.428            0  0.000284535      4.73357     -11.5994            0
     7.69427     -75.0712            0 -0.000526336     -1.38931      6.06621            0
     24.5688     -176.841            0  0.000342892     -11.0007     -3.95723            0
     15.9181     -149.795            0 -0.000217861     -7.80973      4.01013            0
     21.1766     -52.4654            0 -0.000390547      13.4597     -3.28152            0
     5.78913     -249.583            0 -0.000212475     -9.53098     -3.85951            0
     16.0444      29.5964            0 -0.000641193     -5.78413      2.33659            0
     15.9992      86.4794            0 -0.000775806      6.71453     -2.66861            0
     34.1946      129.981            0  0.000321534      17.1058      8.74401            0
      16.779      94.9626            0  0.000288259      8.33072     -5.74572            0
     24.6609      -73.022            0 -0.000210395     -11.3176     -8.86887            0
      30.321     -49.8628            0 -0.000770694     -7.65453      11.7236            0
     30.4427      123.242            0  0.000109147     -9.06499     -2.03149            0
     33.2196     -91.1765            0  0.000266746     -3.63708      9.45861            0
     15.2279      5.39412            0 -0.000167059      5.87586    -0.763215            0
      19.387     -186.034            0  5.97368e-05     -8.04491     -7.28785            0
      6.1753      -284.69            0  -0.00019378     -8.44692     -4.10252            0
     29.0123     -231.938            0 -0.000280701     -3.09521      5.69858            0
     16.1111      176.176            0 -0.000508807     0.427525     -7.83483            0
     24.9429       120.63            0  0.000423449     0.334012     -15.2087            0
     13.3227     -164.158            0  0.000190613      0.92991      3.75414            0
     33.1409      14.4352            0 -0.000506852      14.0393     0.438889            0
      29.117     -32.6922            0  0.000217094      4.47861     -23.8147            0
     10.9114     -387.494            0 -0.000766445     -13.9001      4.74964            0
     10.2404     -366.243            0    8.958e-05     -13.5422      4.77476            0
     28.8882     -86.5413            0  0.000672813      26.2259     -6.42604            0
     22.1204     -317.935            0  0.000318273     -13.9058      9.13717            0
     22.4078     -175.813            0  0.000146885   -0.0886276      10.1174            0
     12.9704     -269.147            0 -3.37197e-05      -9.3403      3.49966            0
     38.0243      397.883            0 -0.000271799     -5.29256      -24.827            0
       8.299     -483.058            0   0.00038258     -4.48717     -6.80085            0
     17.6261     -267.833            0  0.000462361      21.5792     -21.3735            0
     15.7846     -63.9088            0  0.000249215      3.65224      3.20701            0
     5.03614      12.1916            0 -0.000195765      2.18643    -0.548922            0
     25.4527     -135.862            0  -0.00031255      9.57823     -16.7736            0
     22.8383     -173.585            0 -0.000829605      10.2091      4.65928            0
     17.1327      281.302            0   0.00016797     -4.18254     -7.45054            0
     17.9486      370.224            0 -0.000505256     -5.18411     -11.7933            0
     9.43162      -254.72            0 -8.61743e-05     0.761667     -5.41755            0
     17.2622      242.464            0  7.84795e-05    -0.300237      1.34377            0
     17.2965     -72.0906            0 -0.000263308      6.32489      2.18638            0
     33.5243      225.182            0 -0.000748793     -13.0737     -8.45227            0
      27.408     -387.047            0  2.37962e-05      8.13909      14.3067            0
     11.1076     -164.924            0   4.0501e-05      3.33263      7.77849            0
     30.7091      447.723            0  0.000140581      3.44234     -22.8293            0
     32.0541     -41.0577            0  0.000568564     -20.1547      2.09557            0
     19.5821      26.1546            0 -0.000209112    -0.483039      5.00659            0
     24.7366     -577.152            0  0.000414139       21.988     -6.28021            0
      9.5307     -43.9654            0 -0.000351368      2.61652      8.42137            0
     37.2981     -403.944            0  0.000723963     -2.19541     -21.7739            0
     13.8552     -53.7116            0 -0.000254905      5.90758     -3.49752            0
     26.7558     -234.032            0  0.000369697     -8.29302      2.23489            0
      13.887     -67.9118            0 -0.000260213     -4.49072     -12.4452            0
      15.754      -165.76            0 -0.000281333      7.51798     -10.2563            0
     7.26149     -243.971            0  -0.00135327      1.08318     -4.69675            0
      26.613      174.136            0  0.000161996     -8.77396      6.76706            0
      6.3699     -120.708            0  -0.00060259     -1.42937      2.27717            0
     31.3128     -51.3694            0  0.000609708     -24.6079     -17.8629            0
     15.3651     -29.3424            0 -9.23588e-05      1.13398     -1.65322            0
     24.4722      471.015            0 -0.000729952     -3.18684     -14.9378            0
     22.6131      96.0145            0  6.10837e-05      9.19479      12.8628            0
     16.2899     -344.414            0  7.28483e-05     -7.36176      9.83346            0
     13.2412      74.0177            0 -0.000235428     -3.37174     -9.58937            0
     27.4311     -59.3484            0  0.000177112     -7.50125      6.43739            0
     9.22977     -226.042            0 -0.000170947     -4.32808     -3.11455            0
     25.8638     -53.1439            0 -0.000353793      8.10888      12.5056            0
     15.7551     -291.178            0 -0.000292312      20.1725     -13.9037            0
     10.5759       97.447            0  -0.00025201    -0.975662      1.76432            0
     18.4558      -323.29            0  0.000312137      18.5284     -7.34669            0
     30.7406     -78.5418            0  0.000409162     -3.90112      6.40093            0
     13.2705     -161.988            0 -0.000567332     -4.09394      4.95629            0
     50.1317      392.232            0 -0.000963711      9.56735      23.2008            0
      28.228     -99.8656            0  0.000435295     -16.0982      1.65092            0
      15.019      -153.89            0 -0.000207487      1.09198      1.23419            0
     22.3219     -436.052            0  0.000260239     -1.63791      7.47079            0
     25.6672      361.707            0  -5.8383e-05     -3.02051     -3.29798            0
      7.4024      58.5859            0 -0.000123995      1.23079     -3.76461            0
     12.4269      47.5641            0 -0.000131798     0.994548     -12.3533            0
     15.3175     -83.5781            0  0.000186011      11.8503      -2.6413            0
     23.5762     -225.648            0  0.000241335     0.869066     -1.86604            0
     21.0449      221.635            0 -0.000271527       1.7323      9.34777            0
     38.7938      297.872            0  0.000278545     -4.48718      16.2253            0
     17.1904       -53.28            0  0.000159265      4.36912     -1.21435            0
     30.0728      402.254            0  5.35916e-06     -3.15003      2.49751            0
     30.0942      22.4001            0  2.24389e-05     -9.22086      6.54176            0
     25.5762     -215.019            0  0.000259064     -3.86206      5.24863            0
     27.8069     -9.41192            0  0.000312503     -7.88989      8.35195            0
     43.4046     -304.452            0 -0.000257401      9.34456       16.691            0
     20.0379     -588.556            0  -2.3048e-06       3.6221     -2.31122            0
     31.3966     -249.506    -0.742262  0.000469524      4.41768     -5.31172            0
     13.7299     -62.9947    -0.754051 -0.000645484      6.20832     -9.81117            0
     9.89346     -368.222    -0.666189 -0.000372161      -5.4413     -7.66223            0
     9.63369      -166.19            0 -0.000430553     -5.20695      7.79187            0
      16.599     -139.053    -0.761597  1.11978e-06      6.52047      3.71698            0
     24.0488      221.876    -0.412659 -0.000258093    -0.916606     -6.95532            0
     24.6739      260.687    -0.682766 -0.000401822      1.25488     -7.85683            0
     13.1733     -345.501     -0.36062   0.00040471      7.28267     0.403918            0
     30.8953      634.751    -0.669869 -0.000482397     -8.69979     -12.8036            0
      13.719     -10.2351    -0.809342  0.000166273     -8.89165      1.11645            0
     4.59024     -192.551    -0.273412 -0.000199306      15.7834     -11.3127            0
     13.8052     -209.153    -0.658376  0.000106131     -7.78995      5.69452            0
     10.4028     -62.6363    -0.732456  0.000147886      13.1002     -7.29768            0
     25.7513      382.828      -0.4893 -0.000543458      3.70328      1.60337            0
     9.15242      58.2046    -0.984509 -0.000114305    -0.215673     0.445906            0
     28.1617      186.839     -0.58897  0.000158688      5.67156      10.6039            0
     28.7727     -84.2889    -0.650664  0.000723556     0.563542      23.1523            0
     2.44133       -186.1    -0.942438  0.000160671     -5.87422      1.07736            0
     18.4339     -33.5904    -0.394712   9.6346e-06     -15.3876     -9.69097            0
     10.9994     -229.956    -0.442274 -0.000416014      15.3948     -14.3939            0
     10.0855     -272.268    -0.389842 -0.000462229      7.77783     -1.51978            0
     5.96955     -44.5946     -0.23777 -0.000282817      -2.1935     -2.88703            0
    0.906713     -273.639    -0.304069  0.000288394       6.4546     -6.61539            0
     11.5543     -325.256    -0.796042 -0.000230206     0.155908      13.3991            0
     7.62233     -145.016     -0.39246  5.06109e-06      5.66072     -11.0866            0
     19.3396      40.4425    -0.459237 -0.000421819     -8.52005     -16.0598            0
     23.6511     -523.814    -0.622271 -0.000415923     -22.2259     -16.9461            0
     31.1208      433.788    -0.362462   0.00011973      1.74173    -0.886903            0
     55.5183      445.775    -0.775631  0.000299461      26.6603      5.30146            0
     25.0428      -413.48     -0.61875 -0.000283084     -13.5375      19.2131            0
     7.98985     -321.834    -0.482243 -0.000237527      0.91464     -6.36458            0
     34.4539      241.926     -0.39681 -1.54538e-05     0.975507      13.6871            0
     14.6447      -395.98    -0.705521   0.00038614     -3.00675       1.6782            0
     23.3124      460.564    -0.761159  0.000280039     -6.01687     -13.4358            0
     24.2423     -82.5195    -0.355279  0.000325181     -15.0007     -7.67579            0
     29.9635     -21.0462            0   0.00019814      3.50922     -14.4828            0
     14.5662     -369.689            0  9.83688e-05     -6.85809      10.5555            0
     12.2551     -436.667            0  -0.00060996     -19.3801     0.862053            0
     28.6516     -100.262            0  0.000424714     -15.1611      4.87461            0
     20.4779     -12.0432            0 -7.82622e-05     -14.7641    -0.370197            0
     13.9612     -392.815            0  7.27077e-05      4.48142    -0.371976            0
     22.9444       234.03            0  -6.8564e-05     0.842545      3.09873            0
     12.6485     -122.425            0  0.000102172      9.66181      2.92126            0
     17.2456     -164.252            0  0.000333224     0.752947     -6.67086            0
     31.4197      20.3324            0  0.000210004      19.1402     -5.63053            0
     25.0196     -183.876            0  5.07862e-05      -9.5692     0.203512            0
     25.8886      342.586            0  9.59516e-05     -2.73266     -21.4305            0
     22.5325      409.563            0 -0.000419251     -6.38951     -12.7086            0
     14.4495     -237.898            0  0.000503122      17.9287     -13.8059            0
      21.759      117.102            0  5.67304e-06     -8.37914     -12.2628            0
     42.2321      210.805            0  0.000166302      15.5605     -9.89517            0
     35.7598       164.78            0  0.000257817     -10.9005     -1.79746            0
      17.615     -240.995            0   0.00012237     -4.45412      12.6789            0
     8.10996     -346.844            0  0.000290219      -12.669        1.681            0
     15.8805     -80.7516            0 -0.000694477    -0.352023      11.4891            0
     14.6179     -21.8359            0 -8.05689e-05     -7.80862      3.87227            0
     7.72675      -187.48            0  0.000128784     -5.34848     -10.0794            0
     19.5333     -138.986            0  0.000305125       3.5859      7.69592            0
     28.8988     -318.966            0 -0.000378563      8.36282      -21.501            0
     19.8472     -248.359            0  0.000330822     -7.04658     -18.3323            0
     23.8696      127.238            0 -6.10179e-05     -5.27483     -1.52414            0
     9.67815     -350.132            0 -9.80569e-05     -11.9973      6.48377            0
     17.4743     -170.991            0  0.000118304     -5.90628     -9.80601            0
      8.3822      -129.33            0 -0.000306264     -7.61787     -2.31521            0
     32.0921      255.177            0  0.000701845     0.896406      1.72485            0
     39.8691     -33.5704            0  0.000475285     -2.07765      26.3737            0
     1.46782     -372.448            0 -0.000141245    -0.533568     -3.17216            0
     13.9742      107.085            0   -0.0004627      6.31515     -12.7265            0
     28.9725      110.756            0   3.7449e-05     -4.64652      2.29609            0
     12.1683      112.101            0 -0.000284239      2.87718      3.30068            0
     11.1583     -295.417            0  7.67299e-05      7.51552     -7.57786            0
     26.9256      34.1523            0 -0.000189545      8.01288      21.9949            0
     4.67848     -385.559            0 -0.000731337      1.55025     -5.50223            0
     15.2435     -132.572            0 -5.63855e-05      -10.672     0.415754            0
     17.7216      126.385            0  6.83843e-05      1.56214      4.58855            0
     26.1613     -144.628            0 -0.000311233     -18.1706     -16.8626            0
     20.5982     -88.7589            0 -0.000186723       -7.109      8.64888            0
     23.0445      3.71611            0 -0.000897883      6.01575      17.1605            0
      23.609      290.143            0 -0.000856092     -11.8111      -12.446            0
      24.523      121.993            0 -2.56107e-06     -10.8168     -24.5519            0
     26.5178     -151.704            0  0.000352317      -1.4449      26.5506            0
     12.0745     -441.977            0  0.000196668       6.9529      -12.566            0
     11.6903     -30.3181            0  0.000273831      9.50315     -15.3314            0
       14.97     -51.0237            0  0.000364585      4.20911      1.65381            0
     13.0396      22.6831            0  8.73309e-05      1.29383      1.07877            0
     16.9392      -749.07            0  0.000323179     -11.1437     -10.7946            0
     5.34433      62.1594            0 -0.000134038       1.6874     -4.14628            0
     10.5699     -514.554            0  8.33157e-07     -12.0436      6.74441            0
     5.50626     -62.2641            0 -0.000161417     -3.39576     -2.08383            0
     19.0427      323.425            0  0.000116968     -3.46296     -9.90423            0
     17.6958     -301.582            0  0.000255145      1.52597     -2.08181            0
     15.0128     -93.7162            0 -0.000818358     -1.37271      5.57856            0
     19.9156     -65.3457            0  0.000268143     0.892376      3.98459            0
     15.3493      74.3084            0  6.05691e-05     -3.40268      -5.7641            0
      18.955       16.581            0 -3.22025e-06     -3.46955      5.90726            0
     26.7933     -115.654            0    3.687e-05      1.99528      4.65282            0
       22.25     -18.8284            0 -0.000371268     -7.73788     0.446722            0
     26.9622       94.136            0  -5.3211e-05      4.82654      4.12177            0
     5.21347     -234.569            0 -0.000110901      2.14082     -9.30691            0
     7.74642     -593.866            0   3.3082e-05      7.58738      -11.257            0
       11.35      38.8127            0  -0.00028642     -4.58535     0.355663            0
     21.2178     -4.26276            0  0.000345325      -7.3576     -15.0594            0
     17.1525     -360.425            0 -0.000353991      1.28469     -16.5758            0
     12.9009      40.4052            0 -0.000454558     0.380019      3.90124            0
     28.7752       61.409            0 -0.000230087      15.7408      13.5737            0
     10.5214     -24.2444            0   -0.0011066     -6.52987     -5.48557            0
     31.6792      412.614            0 -0.000240562      3.02366     -4.19917            0
     28.6286      181.085            0  -0.00151144      -5.2609      5.07657            0
     5.16696     -200.053            0 -0.000866886     -1.65889     -2.33253            0
     13.5905     -30.1066            0 -0.000168989    -0.464584     0.879515            0
     11.6958     -261.928            0  1.53592e-06      18.3009     -22.2622            0
     19.2325      -66.822            0 -0.000446435      10.5478     -13.9164            0
     15.5923     -262.761            0  0.000251878     -0.40596     -19.6554            0
     24.1994      79.7101            0 -2.94277e-05     -9.61654     0.951782            0
     19.8022      137.714            0  0.000187464    -0.897025     -5.55579            0
     13.8545     -46.6632            0 -0.000129312    -0.633186     -4.85285            0
     33.4669      168.965            0  0.000125144       3.0029       8.5529            0
     39.0401      574.593            0  0.000416794      -2.6993      1.35252            0
     17.7222      23.3752            0 -0.000273601    -0.614577      4.56835            0
     17.0061     -1.96499            0    0.0001172      1.25853     -11.7921            0
     9.07438     -288.603            0 -0.000381899      5.90532    0.0251221            0
     8.54053     -402.722            0  0.000191075     -2.37553     -5.94495            0
     6.42651     -4.65743            0   0.00017717     -4.67284     -2.95614            0
      8.3905     -248.086            0 -0.000291748     -11.6604     -4.21503            0
     25.6666     -194.993            0 -0.000118348      5.92086      3.11148            0
     34.9421     -51.0256            0  0.000595508      18.4244      12.5296            0
     8.26669      -129.76            0 -0.000890215      -6.3436      4.08668            0
     28.7997     -322.495            0  0.000472954      9.61161      3.95782            0
     18.7796     -281.212            0  0.000337263       7.9525     -24.1273            0
     23.2548      133.267            0   7.9579e-05      12.1012     0.879552            0
     1.14693     -222.965            0 -0.000298047       4.4645     -5.97563            0
     26.2715     -29.0341            0  3.05834e-05     -3.45276     -12.2602            0
     9.03003     -95.2033            0  9.90621e-05     -3.66592     -11.2949            0
     15.0765      118.151            0 -0.000353741      7.10616     -7.08502            0
     19.0283      49.9965            0 -0.000185989      10.4835      8.27603            0
     9.37396     -176.577            0 -7.51605e-06    -0.881518     -12.0906            0
     41.3854      360.828            0 -2.70423e-05     -7.95986      2.56007            0
     15.0261     -147.902            0 -0.000185642      10.2119      4.87933            0
     15.1023     -22.4831            0 -0.000602889      7.24998      -4.7451            0
     23.1093       -143.7            0 -0.000530367      9.68158      15.8629            0
     22.1202      67.5132            0  0.000175249      -8.7801      1.32358            0
     7.18731     -365.684            0 -0.000282839      16.3136     -5.60912            0
     36.2232      -78.924            0   0.00050171     -3.02369      17.2867            0
     25.8949      123.786            0  0.000179171      -13.508     -9.09899            0
      20.959     -406.689            0 -0.000117952      20.5938     -9.86944            0
     30.3404     -8.72852            0 -0.000653847      -2.7678      26.2946            0
     29.6361     -122.995            0  0.000536455      -6.4981     -9.56617            0
     3.37724     -232.261            0   -0.0012569      13.5181     -9.96281            0
     22.3075      152.555            0  0.000294545     -8.31598     -17.0927            0
     10.8263     -109.758            0  -0.00019349     -3.98306    -0.874005            0
     15.0182     -245.192            0  0.000405239    -0.805275     -4.76584            0
     20.2099     -126.018            0  0.000131202      4.02858     -3.67467            0
     11.7363     -155.536            0  0.000128119      2.29697      5.81969            0
      14.122     -211.307            0  -0.00101798     -10.7206       3.8386            0
     53.5234     -254.747            0  0.000399637     -7.89236      7.53941            0
     13.8497     -109.196            0 -0.000113415     0.192726     -6.56963            0
     48.0839      414.882            0 -0.000736576     -3.10248      17.8381            0
     18.1653      3.55929            0 -7.10521e-05      2.23406      3.27838            0
       33.82       58.588            0   0.00066335     -3.19714      14.1738            0
     26.0699     -62.2099            0  0.000257628     -4.73671      5.58923            0
     14.8986     -751.667            0   0.00049967     -20.8184      7.82814            0
     20.0913        101.9            0 -0.000289262     0.348409    -0.755996            0
     4.92029     -335.249            0  0.000464131    -0.411041     -1.53665            0
     22.5654      216.003            0    3.623e-05     -7.13014     -11.7872            0
     26.3952      322.612            0 -0.000273183     -6.57482     -1.40913            0
     28.4741      37.0318            0 -0.000572731      5.41783     -6.93034            0
     9.06508     -137.584            0 -0.000155214      13.9158     -16.6414            0
     19.3047     -205.494            0  0.000518451     -2.93612     -7.78569            0
     12.6286      29.9576            0  0.000144219     -14.3071     -10.2293            0
     23.0412      134.957            0  0.000486933      7.11166      11.8535            0
     17.6866      153.627            0 -0.000411636      6.25155     -10.2609            0
     20.0151     -189.645            0  0.000116038     -6.22283      15.4141            0
     49.0352      436.669            0  0.000144647      13.0396      15.9779            0
      30.821      288.417            0   0.00032975      7.89658       23.502            0
     38.6074     -160.703            0  0.000341086     -20.7505     -20.1102            0
     23.9323     -350.899            0  -0.00023485     -14.8731      19.3868            0
     25.4803     -46.9869            0  0.000177297      9.03672     -22.7569            0
     14.4432     -94.7867            0 -0.000238933    -0.747556     -1.46482            0
       20.32     -47.7405            0 -2.18932e-06      6.84829      14.6839            0
     34.9786      191.404            0  0.000170105     -10.6735     0.941044            0
     9.21048     -86.1407            0  5.97663e-05     -8.60868     -6.96619            0
     26.0273     -552.733            0 -0.000266598     -25.5764       2.4732            0
     22.2336       36.767            0 -0.000487502     -2.58694     0.103237            0
     24.2755      18.0415            0  0.000351307      1.15343      3.42354            0
     19.3803     -169.017            0   0.00013292     -7.35599      11.9108            0
     8.79181     -135.836            0 -0.000167557      1.46592     -6.23038            0
     18.2375      87.5299            0 -0.000519414      6.00346     -15.1336            0
     16.8266     -150.035            0  0.000244305     -10.0821      6.24102            0
       16.03       96.323            0  1.43227e-05      8.92986     -15.8715            0
     26.5161      101.272            0  0.000105022       5.8389      22.6962            0
     8.14152     -31.6999            0 -0.000107366      9.97887     -4.87381            0
     16.8376     -138.528            0  0.000136331     0.914157      11.7175            0
     36.5286      110.045            0   4.0851e-05      17.1686      24.5848            0
     23.9846      17.3625            0  0.000453569      12.0384     -4.78024            0
     23.9755     -521.237            0  0.000336808     -1.57252      4.73587            0
     12.5629       74.713            0  -0.00063004    -0.351889     -1.76105            0
     15.5495      8.56261            0  0.000220062    0.0172463      6.34923            0
     17.6074     -391.822            0  0.000123306     -12.9277     -4.88519            0
     34.9199     -345.875            0  0.000454338     -7.25051      31.5502            0
     16.4226      62.5534            0   -0.0003571     -1.96832     -9.81967            0
     10.6848     -128.824            0 -0.000663578      6.85353     -3.19027            0
     13.5109     -342.583            0 -0.000768993     -15.8067   -0.0602031            0
     14.1887     -37.6721            0  -4.0533e-05      4.07115     0.865479            0
     9.43168     -5.67893            0 -9.67671e-05       5.6947     -9.31574            0
     19.0869     -91.8548            0  0.000317423     -5.68399      4.61747            0
     14.1701     -542.018            0  0.000354243     -13.8509      8.31438            0
     12.5048     -102.416            0 -4.46215e-05      7.97627     0.156089            0
     24.2751     -357.458            0  0.000487045     -6.40808      12.3014            0
     23.0929     -29.4237            0 -0.000479264      2.50117       16.523            0
     24.0761      337.462            0  0.000233541     -12.4324     -21.6962            0
     34.4062     -123.364            0  0.000320712      18.4562      22.8281            0
     14.4992      -80.493            0 -0.000921058      1.58174      2.67088            0
     19.4092     -119.785            0  3.89066e-05      9.77478     -12.7311            0
     16.2844     -206.787            0 -0.000128496      7.08906      3.71929            0
     14.4055     -346.949            0  0.000397665       3.4652      -8.0516            0
     27.2319      206.129            0 -0.000514442    -0.250917     -1.13177            0
     34.9196      368.378            0  4.66911e-05      -2.6546      11.1654            0
     19.2343     -586.652            0  0.000262128     -3.24892      8.81252            0
     30.1304      81.8843            0 -0.000250205      12.2796     -4.09255            0
     20.7466     -194.216            0 -0.000248453     -11.1949     -12.9891            0
     5.05165     -404.719            0 -0.000556622     -1.52738     -2.03526            0
     39.3359      210.918            0  0.000167253      3.45948       29.221            0
     24.9038     -198.017            0  0.000315013       22.383    -0.123149            0
     28.1576     -466.869            0  0.000399662     -1.38139     -2.94382            0
     16.5339      53.7859            0 -0.000323573     -1.43873     -3.60224            0
     49.6753      324.449            0  8.74198e-05      5.81248      3.90634            0
     17.6867      108.416            0 -0.000196907      4.09288      16.0632            0
     42.0446      126.115            0  0.000353635      9.57702      4.81685            0
     28.2822      511.067            0  0.000142015     -9.13867     -12.1065            0
     27.7613     -215.911            0 -0.000467117     -2.08571      8.93181            0
     21.1895     -398.169            0  0.000654846      1.94772      5.12318 -3.05257e-07
     8.72872     -8.02209            0  5.56162e-05      5.47282    -0.239162            0
     15.2129      106.498            0 -0.000649918      2.18498      5.72698            0
      34.766      52.9739            0  0.000364359      8.84476      1.25645            0
     20.8114      22.5594            0  -0.00113176     -2.24356     -7.21808            0
     17.1895     -176.943            0  0.000209121     -11.2948     -6.34718            0
     14.5416     -389.709            0  -0.00016497     -3.01807     -5.42985            0
     23.3338     -136.198            0 -4.88009e-05     -8.74456      10.6626            0
     27.5898     -217.105            0  0.000546889      10.4725      10.1651            0
     34.0642      96.5437            0 -0.000800943      11.6856     -15.3645            0
     12.8765     -132.923            0  0.000218078      10.0044     -4.99564            0
     34.3908      468.368            0  1.95205e-05     -1.94962     -1.45343            0
     25.5369      -168.43            0  -0.00044526     -1.74115      19.1017            0
      12.569     -146.247            0 -0.000247003       7.3243      5.35471            0
     15.1229     -70.4161            0  0.000492506      5.98573      13.5209            0
      14.696     -148.564            0  0.000359477     -1.51606      12.0985            0
     20.0158     -76.6913            0  0.000253095     -12.6345     -15.2776            0
     29.7605      292.124            0  0.000233595      5.12158     0.714795            0
     7.34135     -303.825            0  0.000215036     -9.82951    -0.218213            0
     15.2658     -296.523            0 -4.42671e-05     -2.30257     -4.55652            0
     5.56079      34.8736            0 -0.000148117    -0.365558     -5.60419            0
     8.17871     -278.747            0 -0.000500847      1.98989     -9.45404            0
     21.2816     0.362474            0 -0.000647289      17.5919     -18.4622            0
     12.2338     -428.447            0 -0.000204259      1.95594     -6.12768            0
     15.8363     -397.643            0 -0.000391254      -1.5592      8.74167            0
     17.9208       31.264            0 -0.000297499      2.25261      12.1555            0
     16.3963      83.0868            0 -0.000638875     -4.75267    -0.128074            0
     15.6911     -190.712            0  -0.00170689      3.61668       2.0327            0
     13.6909      99.3172            0 -0.000196991     -9.53897     -6.26679            0
     12.2468     -92.6814            0  0.000117494      -5.0459      1.64213            0
     22.2997     -323.772            0  0.000585125      1.98304     -20.4035            0
     25.4676      365.529            0 -0.000768233     -1.24889      -9.2488            0
     20.1732      138.447            0  -0.00015725     0.539124    -0.145165            0
     26.3831      162.784            0 -0.000132836     -2.31989      12.6292            0
     37.2429      53.2927            0 -0.000173175    -0.103461      30.2094            0
     35.2197      496.341            0  -0.00066336      3.35019     -29.5959            0
     16.2545       63.484            0 -0.000184911     -10.4406     -10.3975            0
     12.2832     -154.233            0  6.87355e-05      5.15533      7.45418            0
     23.5596     -156.422            0 -0.000393386     -5.27019      8.43993            0
     22.1013      143.437            0  0.000250553     -9.77927     -8.89806            0
     13.3068      71.7536            0 -0.000997351     -4.90806     -8.05394            0
     9.05889      145.193            0  -0.00075443    -0.794572     -1.98733            0
      8.2684     -681.286            0   0.00020032     -1.31243     -7.17935            0
     41.9875      246.016            0 -0.000453128      3.57937       19.321            0
     19.3856     -275.825            0  6.99384e-05     -5.97894      12.6282            0
     29.9125     -43.1509            0  0.000166488      8.59976        18.92            0
     21.5834      325.414            0  0.000262889     -11.9269     -16.8041            0
     18.6488     -13.7594            0  0.000101266     -7.08884      11.4376            0
     26.3922      199.719            0  0.000268677     -1.21628     -16.3561            0
     17.2233      56.6965            0  6.36783e-05     -8.29579      -13.258            0
     31.7753      -464.19            0 -0.000185814      21.3025      16.2192            0
     19.3972       201.04            0 -0.000310835      -10.692     -12.1286            0
     7.40113     -280.777            0 -1.10289e-05     -5.91344     -4.12647            0
     37.1244      415.494            0  0.000134675     -5.95639      7.43227            0
     37.0098      418.887            0 -0.000364138     -6.36125      1.17669            0
     3.09653     -92.2584            0 -0.000448902      5.21311      -7.1424            0
     14.3334     -58.1943            0 -0.000777711      11.8211      4.07367            0
     22.1419      17.0018            0  0.000337382      2.34662     -22.2845            0
     9.86185     -284.812            0 -0.000235479     -7.31507     -10.1768            0
     31.6776      187.666            0 -0.000143373      2.83616      9.67932 -3.47162e-07
     12.0954      66.1671            0 -0.000449207      -6.3857     -2.61143 -6.16159e-07
     4.07225      9.90304            0 -0.000466046     -2.28534      -1.0603  -7.3252e-07
     19.0037     -25.2388            0  0.000155607     -4.26562     -18.9439 -4.08113e-07
     9.71385     -349.747            0 -0.000126154     -5.84933     -4.53601 -3.80525e-07
     40.4673      554.071            0  0.000386558     -7.42305     -1.34331 -8.18624e-07
     26.0715      255.661            0 -0.000197723     -6.37683    -0.610677 -4.29863e-07
     21.4275     -269.872            0 -8.34053e-05      2.42874      12.6084 -4.15862e-07
     11.0847     -369.705            0   -0.0002258     -12.6369       1.9139 -2.87346e-07
     16.7654     -663.267            0  5.45964e-05     -21.6539     -8.63081            0
     15.3807     -80.5809            0  0.000172373     0.953233     -8.56845 -4.43382e-07
     15.9125     -75.5416            0 -0.000722305     -1.54587      4.51256 -2.76949e-07
     12.4567     -424.114            0  0.000248676      24.6118     -25.7492 -4.01306e-07
      16.335      7.17064            0  0.000541527     -11.4832     -6.13205 -4.44269e-07
     17.1603     -348.948            0  0.000286591      8.31987     -1.20603  -5.5027e-07
     21.4433      8.37308            0  0.000309814      8.35223      10.4642 -3.41999e-07
     34.8042       104.38            0  0.000191408      12.5477      2.82259 -4.19779e-07
     35.3076       382.67            0  -0.00116713      1.49093     -8.88755 -3.86666e-07
     41.0581      11.3692            0 -0.000337176      7.64461      13.5542            0
     16.4108      165.585            0  0.000382762      4.63834     -8.67842 -4.69987e-07
     8.14099     -66.8544            0  -0.00105127      8.09462      3.99574 -4.19008e-07
     18.7638      126.697            0  0.000468595     -2.00482     -12.7208 -4.35891e-07
     9.23112      47.3971            0  0.000132877      1.93857      7.08442 -4.49298e-07
     26.2097     -4.65771            0   0.00042512      12.0915      15.9585 -4.67221e-07
     12.4355     -593.683            0  0.000603151     -3.95043     0.271881 -3.24974e-07
     22.9276      278.887            0 -0.000568046     -2.04293      2.00636            0
     11.6212     -205.146            0 -0.000411197     -6.32071     -1.82959  -2.2423e-07
     19.6909     -715.437            0  0.000257285     -10.9859      14.4991 -5.15869e-07
     8.22327      -131.36            0 -2.74176e-05     -5.39205     -4.95612 -4.55077e-07
       14.15     -75.1381            0 -0.000212065      1.94129      -3.2121 -8.30539e-07
     20.5798      207.325            0  0.000106756        4.676      5.92141 -4.37446e-07
     21.6005      146.294            0 -0.000268891     -1.28917      4.76876 -4.56813e-07
     22.0115     -158.017            0  0.000197692     0.472835      2.22222            0
      13.997     -261.874            0  0.000261917     -6.07799     -3.42086  -6.8177e-07
     19.7462     -1035.92            0 -0.000107435     -21.8047      2.72149 -6.33329e-07
     11.9247     -207.867            0 -0.000379076     -1.55432      5.11519 -5.31656e-07
     30.5736     -142.622            0  0.000707099      25.5181      2.66816 -7.94782e-07
     14.9729     -198.528            0  0.000385488      -4.9741       6.1813 -3.74724e-07
     17.6062     -60.5199            0  -0.00037567      5.37626     0.878894            0
     13.8205      -314.47            0  -0.00050533      21.9983      -5.8917 -3.64645e-07
     15.6339     -335.477            0  4.77879e-05     -16.4328     -5.32133 -5.62112e-07
     16.9274     -45.9489            0  0.000352745     -4.15522     -5.24139  -3.6666e-07
     8.33271     -97.9751            0 -0.000211391       6.2121     -4.06238 -5.39634e-07
     26.1468      195.076            0  9.87803e-05      -8.3071     -4.90511 -6.01221e-07
     25.6831     -486.994            0  3.59275e-05      1.64829     -4.38476 -5.34682e-07
     5.18284     -292.935            0  0.000114978     -8.91423      2.04072 -8.05601e-07
     14.1602      174.566            0  -0.00023998     0.801614     -17.6423            0
     17.6865      250.113            0  0.000135166      0.72714     -8.94698            0
     19.1081     -203.051            0  9.05061e-05      23.6267     -31.1479            0
     13.1787     -106.473            0  -0.00086311     -6.13224      5.65025            0
     6.33592     -124.187            0  -0.00015135      7.35132     -8.21518            0
     9.49376     -110.712            0 -0.000888989     -7.29903     -10.8999            0
      25.729       312.38            0 -0.000160772     -5.92756     -8.13615            0
     21.3141        161.4            0 -0.000165726       6.7744     -10.5625            0
     1.94138     -315.541            0  0.000168841     -2.72951     -2.79225            0
     13.5783      49.4768            0 -0.000289061      12.0619      1.37986            0
     22.8775     -8.54878            0  9.31878e-05     -10.4415       7.3309            0
     14.3586      164.052            0  7.38276e-05     -3.64129   0.00273758            0
     36.1931      163.133            0 -0.000135206     -19.7398     -11.2497            0
     16.7432     -168.547            0 -0.000237478       15.959     -4.15816            0
      29.689      -93.471            0 -6.14573e-05      12.1362     -28.0794            0
     8.44147     -192.155            0 -0.000135608     -1.76923      1.37897            0
      21.248     -47.8543            0  0.000566042      14.3272      -1.6801            0
     9.80847     -48.0542            0 -0.000278822      7.32788     -9.91436            0
      29.691      139.435            0 -6.27494e-05      14.4635     -2.77446            0
     11.7901      -167.45            0 -0.000185817      8.26757     -16.6805            0
     18.9339     -200.107            0 -0.000219425     -14.1014     -1.51173            0
     17.4223     -343.218            0  0.000494973      4.66899     -18.9185            0
     23.2288      2.30863            0 -0.000863523      10.7333       17.646            0
     7.36948     -130.732            0 -0.000475645      1.00777     0.561914            0
     29.7659     -141.287            0  0.000246512     -1.47983      10.6503            0
     28.3119     -456.637            0  0.000330574     -8.14272     -1.14863            0
     20.1832     -86.1174            0 -0.000607962       7.9943      2.17618            0
     25.7098      94.5646            0 -0.000256349     -9.09019     -5.52247            0
     23.6249     -79.7995            0  0.000368932      12.7451      9.20337            0
     40.0316      265.972            0  0.000300145   -0.0543759      20.7825            0
     29.9119     -352.695            0  0.000499726      9.26747      12.2923            0
     15.5049      -137.16            0 -7.78418e-05      4.82694    -0.935621            0
     11.6839     -360.293            0  3.61741e-05      15.9745     -14.3291            0
      12.865     -392.952            0  -0.00088604      11.8194     -3.47461            0
     13.5167     -155.563            0 -0.000275386      8.71211     -4.57206            0
     22.0838      185.904            0 -0.000923177     -6.85383     -1.37101            0
      46.794      7.30312            0  0.000122092     -15.3448      11.7481            0
     31.2764     -316.315            0  0.000609062      -9.5518      7.27124            0
     14.8692     -240.849            0  1.31366e-05     -6.93756     -1.05886            0
     2.12676     -219.279            0 -0.000320864     -3.33908      1.01506            0
     21.0722      260.326            0 -4.78336e-05     -6.34595      -2.3484            0
     27.1478      111.289            0 -0.000324198      1.76085     -0.53798            0
     37.0682      104.639            0    0.0002129     -5.17882     -2.27769            0
     31.9478     -11.2572            0  0.000548127      2.77109      10.7087            0
     10.4046      -212.25            0  0.000199301      10.4194     -4.52392            0
     15.3061     -131.187            0  -3.3931e-05      15.2702      5.00482            0
     31.3239      57.5624            0  0.000201168     -5.99088     -32.1646            0
     34.9045      202.795            0  3.38134e-05     -3.73385     -4.54901            0
     10.2372     -127.508            0 -0.000421421     -7.67394       1.5172            0
     20.6692      23.5568            0 -0.000190382    -0.418846       10.955            0
     7.64309     -350.008            0 -0.000440971      3.13699       -3.493            0
     25.9509      466.335            0 -0.000200963     -10.3164     -12.7601            0
     13.3986      63.2308            0 -0.000296321      5.11045      2.06317            0
     27.9506      32.0503            0  0.000192847      1.49738      12.2402            0
     12.5434     -116.649            0  0.000134209     -16.1625     -7.90398            0
     8.14093      -477.19            0  2.73054e-05      4.28513     -2.29131            0
     21.9178     -32.2511            0   0.00026374       1.0764      14.1476            0
     22.1867      61.2384            0  0.000475132    -0.521113     -21.7062            0
     20.8653     -145.082            0   0.00016597      4.21045      8.72256            0
     11.9444     -219.274            0  -8.4608e-07     -18.8147     -6.85509            0
     32.9259      112.449            0 -0.000124527     0.701557      5.79902            0
     10.5826     -196.325            0 -0.000746492      1.78545      7.04341            0
     24.0872      8.60022            0  0.000115723      2.51189     -13.6548            0
     7.67602     -168.709            0  -0.00163376      4.04353     -3.37275            0
     64.2948        142.1            0  0.000149388     -4.24394      7.59893            0
     18.4173      71.9356            0  0.000354157      1.39377      14.8361            0
     7.47946     -486.416            0  0.000204943     -7.58201     -4.28788            0
     22.6489      40.9902            0   0.00011347      6.48761      21.2119            0
      17.217      9.56458            0 -0.000313762     -1.32459     -2.48017            0
     34.0384      275.794            0 -0.000113697     -17.9051     -9.71788            0
      15.348     -419.964            0  0.000197238     -1.99027     -8.68829            0
     15.4975     -4.76545            0  9.19924e-05     -15.7202     -6.91451            0
     5.71403     -314.944            0 -0.000418185     0.335038     -4.09566            0
     16.8349      244.217            0  -0.00019698     -4.00067     -12.7167            0
     24.6933      -326.19            0  0.000232553       -8.081      17.6017            0
     5.66474     -247.398            0 -0.000283903      7.55434     -9.03071            0
     26.0516     -189.312            0  0.000695983      -8.6454     0.101099            0
     26.9645     -185.859            0  0.000417764      12.3769     -3.61477            0
     22.5588      82.7037            0  1.23571e-05      2.07045      5.55856            0
     38.5815     -82.5322            0  0.000315421      24.0183      -11.062            0
     13.2662      235.069            0 -0.000452262     -3.54928     -4.28392            0
     9.32327      -564.67            0  3.55852e-05     -13.1548     -5.59498            0
     34.5181      310.257            0 -8.07135e-05     0.360892      19.7279            0
     31.9761     -17.0217            0  3.28149e-05      6.34314   -0.0166873            0
     17.6092      300.921            0 -9.88539e-05     0.584229     -14.6526            0
     34.4411     -19.1213            0  -0.00049748     -6.34652      24.0995            0
     15.6568      -401.09            0   0.00033686       2.5221     -16.7932            0
     28.2618     -44.4856            0 -4.51664e-05     -10.0037       11.573            0
     7.92101     -213.996            0 -0.000210688     -3.48512     -7.16473            0
     6.49659     -270.994            0  0.000265633      4.10057    -0.756009            0
     10.4535     -347.843            0 -0.000461254      -2.1832      1.14947            0
     11.3828      -396.92            0  0.000151353      15.1379     -16.3152            0
     23.6954     -17.1749            0 -0.000257295      13.0019     -17.5387            0
     27.3101       142.35            0  0.000223397     0.520337     -13.4679            0
     8.14098     -327.447            0  0.000139325      6.36769     -14.6815            0
     11.8973     -433.124            0  9.83465e-05      11.5883     -13.6745            0
     16.9473     -116.413            0  0.000436369      9.19203      7.12492            0
     17.6592      222.404            0  1.83463e-05     -1.93912     -17.3698            0
     16.2567     -275.913            0 -0.000393332        8.436     -7.97048            0
     10.6637       10.162            0 -0.000470733      6.86365     -15.7225            0
     9.32007      115.764            0  2.11197e-05     -3.52864     -1.47354            0
     25.5018      481.637            0  0.000136883      -5.6947     -20.9388            0
     32.1346      14.2021            0   0.00030023       14.006     -20.6703            0
     17.8476     -296.085            0 -0.000499636      2.29173      4.65294            0
     22.2986      178.863            0 -9.52239e-05      -6.4539     -6.21207            0
      14.802      52.8992            0 -0.000222687       5.3306      7.65932            0
     39.9221       332.66            0   0.00047892      11.2602     -17.9451            0
     19.6041     -301.852            0  0.000396915     0.965765      17.2538            0
     24.4188      17.1892            0  0.000312619     -3.99808      12.5484            0
      12.849       163.36            0    -0.000292     0.952972     -9.22829            0
     20.6047      97.0769            0 -0.000450513     -2.58068      12.3211            0
     12.4325     -294.883            0 -0.000950697     -5.15316      2.77297            0
     5.95693     -118.275            0  0.000105117      3.39994     -3.46124            0
     15.8151     -122.166            0 -0.000187566     -8.02373       -3.262            0
     39.7876      245.802            0  9.91836e-05     -8.93581      6.28624            0
     12.7787     -150.826            0  7.59605e-05     -3.88242     0.985823            0
     25.3526      170.446            0  2.11573e-05      4.75863      -17.593            0
     23.1012      356.239            0 -0.000839729     -4.14627     -2.41631            0
     22.5646     -316.608            0  -0.00070481      14.1184     -1.24895            0
     12.9762     -123.164            0  0.000127348     0.545205    -0.444224            0
     26.6814      362.535            0  0.000333243      2.44371     0.759416            0
     17.5781     -66.3866            0  0.000270338      13.1901     0.396871            0
      23.427     -130.955            0  7.45416e-05    -0.737082     -22.9544            0
      26.215      258.895            0  0.000161858       1.8197      2.00444            0
     22.3928     -645.497            0   0.00022329       16.608     -10.4981            0
     18.1696     -462.608            0  3.95104e-05      7.90263      1.30437            0
     27.6789      -271.29            0  0.000161366     -10.9169      8.19409            0
     11.9458     -46.2206            0 -0.000421189      8.78314      1.22847            0
     8.78825     -553.292            0  0.000427714       9.1934     -17.1499            0
     26.5912     -117.303            0 -0.000822956     -1.68377      2.98056            0
      15.149     -5.81544            0 -0.000143524     -1.40313      4.07311            0
     4.02509     -163.938            0 -0.000772079     -7.02819      1.45798            0
     20.8001       123.39            0 -0.000299077    -0.513867      9.15971            0
     17.6983     -40.6512            0 -0.000558213      11.9133     -11.1013            0
     29.6381      241.577            0  6.43289e-05     -5.94446        3.885            0
     7.48785      -320.62            0  0.000111641      21.3429      -12.735            0
     29.9605      341.554            0  0.000390907      1.16325     -2.55601            0
     22.5089     -40.1917            0 -0.000750361      9.26863     -8.22225            0
     27.4341     -262.687            0  0.000367996     -13.6557     -26.4836            0
      16.519     -212.298            0 -0.000317312     -19.8333     -5.32382            0
     43.3879      167.057            0  0.000473342      7.58658     -8.53192            0
     24.1333      204.444            0 -5.34137e-05      6.35404        20.71            0
     24.0735     -188.861            0  0.000284016      11.8709     -7.37602            0
     20.6395      -494.15            0  0.000205989      7.51652      -6.5261            0
     13.1763     -127.892            0 -0.000142552      12.1194     -10.1927            0
     24.9823     -529.038            0  0.000573113      8.15217     -10.2883            0
     35.6737      144.841            0  0.000114979     -4.37019     -20.4836            0
     19.3697     -45.3235            0  0.000236876      4.58229     0.300844            0
     15.6997     -62.8577            0   3.5238e-05      -12.084   -0.0363191            0
     15.9398      134.332            0  0.000379117     -6.41369     -12.1042            0
     24.9483     -39.1946            0  0.000144288     0.438217     -15.0726            0
     20.8575     -301.521            0 -0.000403983      1.42201      3.37611            0
     9.54164     -226.875            0 -0.000135047      2.89602     -0.94686            0
     17.1427      104.906            0 -0.000153504      5.03283     -25.2126            0
     39.8294      195.857            0  0.000472202     -5.36827      19.2905            0
     2.41466     -400.063            0 -0.000421174     -6.63041     0.279829            0
     51.0641       146.39            0  0.000662112      9.16737      11.8396            0
     14.9113     -1.34009            0 -0.000727814      8.38421     -5.71031            0
     12.7188       -9.085            0   0.00019297      4.14625     -15.8409            0
     17.4689      282.891            0 -0.000385783      2.05265     -18.9753            0
      17.325     -358.973            0  -4.6426e-05      3.19177     0.016908            0
     14.1652      -264.22            0  0.000375221      8.00837      3.78211            0
     7.63625     -304.951            0  0.000250393       8.5413     -3.42023            0
     23.2259     -72.6094            0 -0.000218302      9.96772       3.8209            0
      9.7126     -339.561            0 -3.18591e-05     -5.92613      3.62165            0
     43.2899      232.529            0  2.75306e-05      20.3858      18.7164            0
     12.6281     -13.4927            0  0.000308587      4.05255      4.34626            0
      24.423      118.408            0 -0.000276712      8.73885      9.17497            0
     9.24565     -702.871            0  0.000350497      1.90239     -13.8123            0
     18.1516      71.6399            0  0.000327463        2.852     -20.2908            0
     16.4492     -516.627            0 -8.15415e-05     -13.5783      2.30679            0
     5.84751     -649.707            0  0.000460766      -8.5822       -3.433            0
     12.0325      63.3327            0 -0.000470251     -2.48058     -11.7736            0
     12.0308     -198.206            0 -0.000177252      2.34259      8.54993            0
     14.7256      82.0889            0  0.000339546      1.41552     -4.75867            0
     12.9829     -154.612            0  0.000353636      4.05918     -13.1835            0
     9.55155      -126.86            0 -0.000343996      1.81418      3.57885            0
     23.1619     -224.773            0  0.000694607     -17.5704    -0.796927            0
     22.6132      43.7678            0  0.000351981      6.31298      12.7184            0
     8.94917     -92.1589            0  1.95593e-05       4.8665     -5.39725            0
      11.522     -369.613            0  0.000251756     -6.97366     0.149831            0
     20.8275      45.9753            0  4.62962e-05     -6.86309     -2.15318            0
     19.7475     -93.3334            0 -7.63346e-05      7.37837       2.5133            0
     21.8675     -84.1973            0 -0.000116121      19.1434      2.83683            0
     12.3717     -403.259            0 -6.49284e-06      6.80179     -5.86451            0
     12.1092      153.174            0 -6.14803e-05     -2.55735     -8.35557            0
     21.4941      68.0254            0  0.000171825     -16.4822     -15.4719            0
     15.5039     -711.166            0  0.000448148      -2.4724     -16.2666            0
     23.6262      -292.86            0 -0.000156509     -20.6681      3.79519            0
      11.961     -27.4361            0 -0.000267625      -8.1668      -2.8461            0
     19.3421     -495.535            0 -0.000643174      5.64052     -17.1811            0
     13.4219     -423.609            0 -3.95402e-06      13.3647    0.0577282            0
     8.69827     -189.945            0 -0.000358617     -1.91234     -5.75662            0
     17.4882      133.837            0  -0.00025052     -3.52093     0.801824            0
     20.7545     -108.451            0  2.88002e-05     -7.87565    -0.874408            0
     7.27526     -103.521            0 -0.000181535       1.7018     -8.77759            0
     3.28652     -66.2141            0 -0.000312385     -4.55505     -2.68249            0
     11.1276     -1.04522            0 -0.000563697      4.98305     -10.7228            0
     17.2631     -157.316            0  5.06141e-05      13.5217      9.18624            0
     17.8841      100.909            0 -0.000470289      2.46223      6.99403            0
     30.1331      235.171            0 -0.000624215      7.14423       29.807            0
     8.48781      -507.84            0 -9.23914e-05     -4.26022      1.66471            0
     32.2548      188.028            0 -0.000103138     -1.97024      8.09389            0
     8.75489     -240.198            0  -0.00010038     -11.1789      7.48228            0
     21.6369      -217.25            0  -0.00034587     -10.2952      8.34428            0
     21.4488      155.668            0 -0.000818349     -3.50455   -0.0698815            0
     24.3615     -172.287            0  0.000586889      24.6711     -4.01229            0
     10.0573     -241.345            0  -0.00109528     -12.3314       1.1378            0
     18.8654      141.888            0 -5.37499e-05     -6.16961     -14.3062            0
     26.1567      451.629            0  0.000185463     -5.59023     -21.0191            0
     18.3212     -19.3195            0 -6.54592e-05      16.0271     -2.47954            0
     15.6307      184.187            0  0.000171385     -1.05553     -2.51188            0
     31.4486     -53.6723            0 -0.000438156      0.93702     -7.21898            0
     19.2793      112.746            0  2.79586e-05     -9.58492      -14.366            0
     25.5017     -9.99779            0  0.000214751     -15.1733     -14.6129            0
     15.8849     -317.834            0 -0.000628487      1.20707     -3.72253            0
     15.1752     -228.413            0  0.000288732      8.36099     -5.98148            0
      14.166     -202.605            0   0.00045644     -11.6962      6.09343            0
     23.9661     -366.501            0  0.000459147       12.974    -0.701599            0
     15.7661     -151.804            0 -0.000472757      7.13418     -15.1287            0
     27.6116      286.096            0 -0.000181567     -1.83057      4.76871            0
     24.8558     -106.008            0  0.000167964     -13.8929      1.47563            0
     14.7837      26.5444            0  0.000193695      5.16751     -1.76272            0
      29.469      -45.915            0 -3.03256e-05      -1.8201      12.4883            0
     21.4218      358.002            0  0.000199311     -3.09917      -9.0475            0
     30.8015      253.704            0  0.000495522    -0.730112      14.1603            0
     9.64658     -85.1239            0 -0.000818145    -0.671398     -10.4976            0
     11.8888     -276.015            0   0.00022577      16.2777     -4.63192            0
     23.8805     -134.152            0 -0.000229378      11.5169      15.9678            0
     36.0942      149.814            0  0.000553659       16.428     -2.06395            0
     23.1978      242.947            0 -0.000275547     -9.94984     -18.0185            0
     21.5012     -658.268            0  0.000824236     -1.68453     -2.18452            0
     42.4125     -23.1642            0  0.000184693      2.64817      36.2136            0
     19.1685     -80.3779            0 -5.59116e-05       5.3232      13.1545            0
     29.4809     -40.9288            0  0.000274319     -4.55679     -17.3161            0
     22.5678     -298.508            0 -0.000225836      7.02225      -21.127            0
     13.6953     -90.3288            0 -0.000464864      5.22261     0.803185            0
     9.77691     -171.928            0  0.000111464      1.20501     -13.0347            0
     26.9296      307.839            0  0.000224407     -10.7071     -8.63113            0
     16.2946     -230.233            0  5.73077e-05      8.43075     -7.30084            0
     25.3323      349.449            0 -0.000870743     -4.14451     -5.84615            0
     4.75361     -349.011            0  2.25139e-05     -11.3024      -2.8248            0
      15.846     -490.832            0  0.000119446     -15.5361      15.7134            0
     23.7233      138.557            0 -0.000175671     -14.2951     -16.9528            0
     29.0886     -60.9424            0  0.000455563    -0.392148     -9.37613            0
     26.3304      184.441            0 -1.00603e-05    -0.260361      8.10631            0
     25.6162     -119.853            0   0.00029206      12.1657      2.63622            0
     13.7361     -112.786            0 -0.000220095      -12.899     -9.62106            0
     15.7829      -65.512            0 -0.000287577      16.3275       6.2166            0
     7.09222      92.0773            0 -0.000181106    -0.932112      -3.6232            0
     4.74367     -242.956            0 -0.000720829      16.0551     -9.39539            0
     12.8463     -53.8295            0  0.000108268     -3.60609     -1.01528            0
     15.9225     -219.231            0 -0.000482135      5.23009    -0.207689            0
     4.17716     -221.712            0 -0.000437053      -3.1294      3.08695            0
     19.0671     -40.4076            0  0.000449997      9.89691      4.59826            0
     16.8887      53.4853            0  0.000137286     -3.24479     -2.00774            0
     10.8091      -44.152            0 -0.000287838       10.727     -8.22561            0
     11.3422     -5.97751            0  -0.00140549     -6.59443     -2.20531            0
     7.26886     -310.381            0 -0.000267972      14.9574     -8.66145            0
     35.2436     -158.458            0  0.000462885     -1.80304      -7.7392            0
     13.6833      128.218            0 -0.000211855    -0.538052     -7.40945            0
     29.6928      203.133            0  0.000227568     -4.85767      6.94714            0
     17.6209      -138.51            0   0.00054055      12.7457     -21.5348            0
     20.0264      75.5248            0  6.77911e-05       7.6384      13.0317            0
     5.18233     -315.224            0 -0.000154871     -1.87277     -1.81286            0
     31.0038      117.129            0   0.00034047       16.411      9.84644            0
     26.8099      230.373            0  0.000211592     -4.77497     -7.79933            0
     21.7648     -216.497            0   0.00042207      13.6114      -12.681            0
     35.5683       159.78            0  3.82363e-05     -2.60384     -14.1497            0
     8.27887     -187.935            0 -0.000198525       12.701     -6.80306            0
     19.1598      87.0044            0 -0.000159218     0.599729     -6.13628            0
     13.4415      -132.05            0  -0.00134423    -0.855494      6.61413            0
     16.9095      44.2518            0 -0.000914308      7.65119      8.87109            0
     33.1198      184.409            0  5.54382e-05      9.82046     -23.4956            0
      23.643     -35.8761            0 -0.000196925     -8.16058    -0.558041            0
     19.1797     -223.721            0   0.00028408      -11.733      5.52195            0
     31.4065      303.334            0  0.000108389    -0.982408     -10.5529            0
      11.932      11.0385            0 -7.60015e-05     0.721113     -10.8368            0
     32.3697      281.193            0 -0.000551176     -4.86246     -14.0021            0
      13.374     -213.375            0  0.000285465     0.481002     -3.96006            0
     21.0801      36.0616            0  0.000113302      8.71508      18.7184            0
     16.6938     -600.756            0  0.000609755      5.50497     -4.12005            0
     19.8363       110.72            0 -6.21178e-05       3.8435      3.63689            0
     26.9964      -475.74            0   0.00024329      4.17357       1.3147            0
     15.3016     -431.004            0 -5.70838e-05     -15.2854     -4.54115            0
     32.7383      332.209            0  -0.00126989     -1.07156      11.6681            0
     19.9846     -83.6437            0 -0.000483533     -14.9303     -13.7568            0
      32.037      40.3026            0  0.000474462     -2.80266       20.077            0
     37.1082      199.025            0 -0.000264898          4.5     -12.3382            0
     44.0591      221.656            0  0.000287814      4.72854       2.9515            0
     23.1156      26.3312            0 -4.69826e-05      8.10505      -4.0165            0
     16.2757      94.4612            0 -0.000453435     -8.83162     -14.9167            0
     7.78146     -249.133            0 -0.000578404      1.93483     -2.23829            0
     39.8836       40.766            0 -0.000103717     -14.3005      8.61793            0
     20.7768     -345.706            0  -1.1188e-05      20.1622     -6.87674            0
     41.7227       527.67            0  0.000108934     -9.16785     -30.2247            0
     29.4986      284.127            0 -0.000303004     -3.98802      5.85904            0
     19.6807      58.5266            0  0.000219789      2.14923      9.29839            0
     15.9365      36.0678            0 -0.000628429      3.67302     -2.41076            0
     27.0196     -499.154            0   0.00044847     -13.5202      14.6712            0
     13.9535     -97.7355            0  -0.00019734     -1.26958     -3.23981            0
     13.7583     -94.3539            0  -2.2308e-05     -9.82911      2.29303            0
     19.9764     -72.0669            0 -0.000262163     -1.57942     -10.1967            0
     11.1287      26.3529            0 -0.000171472      4.24293     -4.07292            0
     7.27717     -5.05477            0  6.32371e-05     0.838472    0.0794368            0
     10.6185     -117.742            0 -0.000218957      3.57062     -5.75106            0
     21.4364     -39.4073            0  4.51144e-05     -16.7765     -9.56804            0
     6.51439     -46.3111            0  0.000391337      5.10148     0.230923            0
     16.6454     -267.807            0 -0.000109311     -1.73708     -4.46881            0
     9.79035     -561.565            0 -1.02622e-05     -15.3718      1.14798            0
     27.8755      456.876            0  9.29428e-05     -10.6387     -17.0912            0
     13.5963     -336.899            0  0.000122522      12.9871      -9.5234            0
     19.7056     -464.901            0  0.000105334      8.00411     -1.45345            0
     12.7968     -91.3117            0  0.000186767     -2.24721      10.4844            0
     11.8426     -587.063            0   0.00054537      10.3354     -10.5237            0
     22.3436     -558.186            0 -0.000435926     -27.1074       8.2308            0
     18.5674     -282.447            0  0.000410744     -9.68126       6.1431            0
     13.0619     -177.852            0 -0.000330513      2.72748     -15.3721            0
     45.9091      340.437            0 -0.000176323      5.02117      6.01339            0
     9.99452      24.2197            0 -0.000270024      1.12994      9.27497            0
     6.36609     -570.816            0  0.000485015     -9.04301     0.848779            0
     8.61966     -88.0961            0 -2.13544e-05      -9.9722     -3.36957            0
     20.8804      325.492            0  9.25647e-05     -8.16356     -11.3348            0
      32.503     -408.564            0   0.00058317      11.4501       21.239            0
     28.0533     -306.947            0  0.000472115     -6.86831      15.7027            0
     37.7366      82.8274            0   0.00017523      7.00882      29.7003            0
      12.911     -331.429            0  0.000206879     -13.8223     -10.7615            0
     13.5388     -411.575            0  -0.00056306     -2.09872      6.26553            0
     10.1902     -110.627            0  6.91843e-05    -0.183454     -11.7182            0
      10.795      68.2325            0  2.45945e-05     -8.47045     -5.62624            0
     39.9129      334.647            0  0.000452996     -8.78562     -5.48051            0
     6.41191      -460.44            0  0.000554185      -18.231     0.798931            0
     20.9453      101.732            0 -0.000560949      -15.255     -16.4122            0
     23.0506      125.047            0 -6.71158e-05     -6.87332     -10.0349            0
     30.8597      177.548            0  0.000233018      4.17069     -9.98555            0
     17.8606     -537.108            0 -2.05604e-05      21.5009       -8.488            0
     30.9178     -55.0635            0  0.000636749     -7.50652     0.821675            0
     6.76458     -38.3711            0  8.01798e-05     -8.10387     -3.84811            0
     18.2386      67.8568            0 -0.000510152      1.63358      5.52026            0
      6.5192      -330.32            0  9.13342e-05     -4.51511     -3.72858            0
     35.2802      296.879            0 -2.12099e-05      2.54385      18.5673            0
     25.9156     -331.186            0 -0.000843552     -9.08603      14.9385            0
      11.201     -343.159            0   0.00022022     -8.39828      -6.4697            0
      8.8347     -525.849            0 -5.71091e-05      7.80704     -4.84773            0
     12.8473     -178.948            0   0.00052052      -12.699      -6.9762            0
     10.7634     -146.165            0 -1.44897e-05      10.8602     -4.53543            0
     14.3235     -135.937            0  0.000295184     -1.73623      11.9789            0
     7.95442     -60.2617            0 -1.51041e-05     0.779896     -5.79467            0
     9.84236      116.277            0 -0.000943772      1.61518     -6.99683            0
     25.3624     -268.529            0  0.000210065      20.7221     -6.51114            0
     12.3853     -154.992            0  5.30798e-06     -9.96706     -6.32536            0
       19.76      128.768            0   3.2982e-05     -1.07137       3.7196            0
      5.4377     -290.991            0 -0.000544104     -10.6773     -1.37742            0
     31.8727     -67.7948            0 -8.03936e-05     -16.3769     -6.26255            0
     18.4306     -383.093            0  2.84077e-05     -5.01771      11.5384            0
      25.346     -168.489            0 -5.86106e-05    -0.292277     -12.3158            0
     21.2998     -528.038            0  4.58103e-05     -4.89131      5.28715            0
     23.6762      124.875            0  0.000304437      7.24317      3.59417            0
     23.1914      133.076            0  0.000140709      5.51824      18.1332            0
     32.2665      421.679            0 -0.000203951     -5.93435     -2.60753            0
      41.971      351.462            0  0.000282103      1.26967     -13.4072            0
     23.5951     -72.7279            0 -0.000134536      21.1561     -4.23564            0
     20.6691      96.3802            0 -0.000112874     -12.9744     -18.0799            0
     9.07443     -376.816            0  0.000130167     -2.80264    -0.816188            0
     10.5424     -181.302            0  4.96394e-05     0.240835     -9.44401            0
     18.1529     -343.789            0  0.000468388      15.8783      -18.129            0
     15.0907      42.9049            0 -0.000227337     -6.10618      2.30565            0
     36.3505     -30.5117            0  8.57327e-05      3.11061     -16.7648            0
      17.916      55.8778            0  0.000154986    -0.141201      11.2146            0
     16.7435     -413.952            0  0.000466791      21.9511      -12.752            0
     23.2192      174.435            0 -3.57785e-05     -1.22982      7.65141            0
      17.299     -13.1315            0  0.000333422      4.49191      3.23025            0
     6.36245     -127.292            0 -0.000226452     -5.46928   -0.0173398            0
     18.3704     -29.2203            0  0.000295833      11.4364      5.06697            0
     25.2503      124.264            0 -0.000645295     -15.2179     -4.25598            0
     5.28744      4.51433            0 -0.000386625     -1.52658     -1.81443            0
     33.7293        503.9            0   0.00040457     -7.46174     -3.77964            0
     45.7894      645.162            0  0.000247732     -4.05415      3.58699            0
     21.0406     -1.06791            0 -8.75509e-05    -0.817351     -20.9112            0
     36.8684     -6.18679            0  0.000551471      20.1357      11.1223            0
     14.6081     -34.1142            0  0.000267196      12.8998     -13.7944            0
     15.1308     -80.5857            0  -0.00020516      6.19222     -1.24184            0
     25.9147     -73.1339            0 -0.000303233      -5.3011    -0.724314            0
     16.6196     -543.548            0  0.000344397     -17.6485     0.792581            0
     22.7325      93.6086            0  0.000188588      -6.4125     -13.9202            0
     15.6823       129.48            0  4.87303e-05      3.38884     -7.73967            0
     8.03564      -216.74            0 -0.000182707     -11.5131     -6.16726            0
     15.2038      67.0438            0  0.000264084      7.09349     -5.28259            0
     35.2869      335.846            0  0.000207499     -11.0598      0.89358            0
     15.0991     -124.506            0 -0.000212484      13.5666     -7.49524            0
     21.6989     -29.6374            0 -0.000659921      8.93526      3.89801            0
     20.2894      95.3442            0 -0.000592652      7.68756      15.2163            0
     12.6647     -14.7645            0 -0.000406566       10.137     -2.35233            0
     7.91601      -452.65            0  0.000343219     -3.01814     -7.86016            0
     35.1179      222.196            0  3.28482e-05      -12.733      7.58534            0
     27.4373      64.3599            0  0.000204728      18.8558     -15.0645            0
     15.9259      18.4036            0  -0.00066792      5.94399      2.21286            0
     15.1242     -10.1175            0 -0.000156134      2.10281      8.39732            0
     16.9892      306.495            0  -0.00052062     -8.11464     -11.1545            0
     12.6111     -65.7536            0 -0.000315875     -8.73205     -2.12649            0
     5.18965     -374.452            0 -0.000581415     -11.4835      2.54775            0
     24.9663     -308.647            0   0.00028025     -11.0961      -11.763            0
     5.58977     -287.218            0 -0.000361615      4.32057    -0.780683            0
     20.1544     -760.239            0  0.000354183      -12.199     -7.44843            0
