16.9533
  14.71
11.2867
9.24667
  11.85
12.4067
11.1067
7.03667
14.8267
10.5367
13.4733
5.28333
17.3267
      8
   10.8
   5.91
20.6067
10.2467
15.8433
15.8867
7.93333
  11.79
12.4467
14.0833
  16.47
6.30333
  12.99
13.1133
  15.12
7.90667
8.92333
   6.19
8.89667
  15.31
8.95333
   5.94
6.53667
   8.68
12.7267
    9.3
13.2867
6.69667
7.00333
   5.28
   5.65
13.5133
18.6467
   11.9
13.2067
13.5933
7.64333
   6.46
7.18667
13.5667
  10.79
8.85333
4.11333
   7.85
6.05667
   7.66
4.76333
    4.6
1.99667
4.18333
  21.22
   8.87
7.53667
   9.77
   6.96
3.52667
4.26333
   5.83
8.69667
9.14333
  10.99
11.9067
   9.42
14.7133
   6.14
12.2633
6.22333
14.4967
11.7233
  18.85
10.8367
9.29667
9.19333
4.72333
9.31333
   8.38
4.41667
8.92333
  12.35
5.40667
14.4467
13.3933
14.1367
13.7333
7.72667
15.5233
8.00667
8.80667
4.51667
  10.42
14.4833
  13.79
   6.55
10.7033
11.0833
7.05333
  11.29
10.2833
  11.43
10.2767
  11.13
7.87333
16.7633
   9.76
12.3367
4.41667
11.3333
18.1567
13.2333
8.40667
10.9733
  12.05
9.21333
7.15667
10.4133
10.8667
11.9067
10.6033
  14.34
9.62333
5.08333
   9.05
10.3467
9.77333
6.17333
13.9733
7.28667
  11.74
6.18333
14.1067
19.1467
   6.09
14.5567
8.95667
14.3033
7.20667
15.2633
  19.19
3.68667
13.9167
12.2133
  16.36
2.89333
7.99667
8.32667
11.3267
   6.99
7.62667
4.80333
8.08667
9.42333
7.44667
6.09333
14.0267
  14.01
   8.56
6.86667
9.14667
11.7633
3.33333
13.4567
8.45667
  10.47
5.29333
7.46333
6.65333
  14.03
8.35667
   14.2
13.5933
  14.22
15.2167
   7.07
10.8567
   6.32
15.1533
   7.04
11.9867
7.76333
  14.65
16.8967
9.52667
   7.55
14.9633
13.0133
11.0267
   8.71
  17.12
9.25333
  13.24
8.32667
2.66333
16.4367
12.7767
   6.42
   5.46
7.15333
5.79333
   8.78
  13.42
16.3133
6.30667
12.6867
15.2833
8.16333
19.2533
   3.55
  23.84
7.44667
14.1467
8.96333
10.6133
6.11333
9.51333
4.05333
16.7133
7.27667
8.81333
    8.1
10.9867
6.52333
12.2433
   6.87
10.7767
12.9567
3.68667
12.2133
14.4433
6.87333
17.9567
14.1533
8.54667
  14.82
8.62333
3.49667
6.02333
7.82667
13.8533
    6.5
  12.94
8.51333
   9.38
13.7667
13.3033
12.1633
21.6867
15.8033
24.6533
15.0567
  16.74
5.65333
  15.52
13.9933
16.0833
  13.02
  15.88
14.1767
8.05333
  14.38
  13.87
13.6167
15.0967
   16.3
18.6167
  12.59
  13.69
12.2967
  12.52
   5.69
   7.01
  16.34
10.9067
  15.44
  25.05
13.2233
  30.14
  19.83
13.5367
16.1433
17.3467
14.9567
  17.41
16.0233
9.96667
   9.22
  13.47
   9.58
  10.91
7.62333
7.68333
10.8233
  14.78
12.8567
  10.63
7.53667
  10.91
9.72333
17.6333
  15.01
9.26333
7.29667
   6.79
6.43667
   7.03
9.29667
  19.48
14.7267
9.84667
7.76667
  10.79
6.14333
12.9667
15.2733
    5.1
   6.89
12.2533
4.46667
    9.1
   9.74
7.23333
7.79333
6.81333
15.8667
10.2733
9.12333
    9.1
  12.82
10.4067
11.8833
   7.91
6.99667
5.90333
17.1867
2.35667
  10.19
3.27333
6.06333
  12.57
7.40333
9.05333
7.19333
7.94667
12.8367
9.94667
  10.79
   6.08
   10.7
   4.94
10.8967
13.4967
5.45333
11.2533
   5.66
10.9767
11.4733
   4.48
   5.96
10.3167
10.6667
11.5733
  10.12
8.20667
   7.77
12.6867
  11.52
6.67333
   9.24
8.13667
8.85667
3.45333
6.94667
  14.64
15.1233
      5
15.9067
14.3167
   9.51
3.84333
14.5467
7.01667
6.54667
   7.68
7.65667
  14.26
   7.69
   8.02
  12.34
9.41333
   8.55
  16.07
  11.37
16.2433
  12.64
16.2833
   5.47
10.3467
   6.15
   9.85
  11.55
   6.72
8.32667
  26.65
7.91333
15.7067
8.17333
12.6333
11.2867
  14.06
   7.72
   6.01
9.92667
9.22667
13.7667
7.83333
11.6533
7.07333
7.79333
   7.58
9.44333
  16.31
8.21333
21.7267
13.2733
  14.27
7.98333
8.64667
  14.46
6.15333
18.3767
9.50333
10.6333
   9.67
6.68667
9.13333
9.47667
   8.58
8.55667
   5.65
8.95333
13.1833
12.1867
17.0567
5.23333
   6.99
12.4133
16.4933
   7.87
7.04667
  10.04
   7.48
   5.72
   9.87
11.1867
7.67333
  13.76
9.71333
10.6433
14.9733
7.26333
  11.86
9.96333
11.6033
  10.74
11.0733
  13.86
  12.98
12.8667
7.13333
  12.49
  14.44
  18.31
7.52333
  19.42
4.66333
17.7733
9.32333
14.3833
13.9233
4.07333
5.68333
15.0167
9.81667
10.4033
11.9233
  10.75
13.7833
  16.56
7.04667
11.3433
11.8133
   7.14
6.30333
6.95667
11.3267
10.3267
   6.86
  10.95
3.32333
7.31667
12.0633
  10.14
  10.42
6.53333
   6.63
9.64333
5.83667
7.07333
15.0333
   9.51
   7.31
8.79333
  13.56
15.2633
8.86667
   7.01
11.9967
9.49333
6.18667
3.24667
  10.46
14.8167
10.7733
11.4333
8.64667
7.35333
12.2167
8.87333
  18.08
8.71667
   6.67
12.3133
  12.69
   3.79
   6.92
  11.97
8.40667
11.7267
6.03333
2.60333
11.6833
8.51667
  13.75
10.2667
11.9133
   8.69
15.5867
9.45333
8.11667
  13.31
   8.47
11.8267
8.51333
15.4633
14.0633
18.0933
7.53333
   4.95
9.31333
3.29333
  10.31
  11.86
   7.59
7.95667
15.3733
5.69667
   8.96
8.29333
8.69667
  11.94
9.94667
20.1267
7.69333
15.7033
8.38667
   9.11
11.0533
  10.73
9.13333
   5.17
11.1633
16.6933
5.45667
7.05333
6.90333
15.0333
6.98333
   5.09
6.90333
10.0367
   9.75
4.58333
   6.38
   9.98
4.96667
  17.59
  10.36
  19.51
5.91667
10.3267
5.88333
12.5267
    9.1
11.0667
13.3633
8.72667
5.36667
14.8467
18.3067
   9.86
11.4667
  10.69
13.0467
15.9267
8.31667
10.3567
10.2233
   8.15
8.86667
20.4933
17.5133
   9.71
3.52333
   7.24
  11.77
16.6267
13.9133
7.54667
8.53333
  17.47
14.7467
5.72333
   7.82
7.28667
8.16333
5.27667
11.2533
7.59667
9.17667
8.91667
12.4333
9.63333
8.69333
13.3367
   5.93
12.0333
   5.76
  27.38
6.05667
   9.17
7.93667
8.34667
13.8667
12.3333
   8.04
6.55667
7.01667
  12.74
   6.64
  14.18
15.8933
   9.33
18.8967
4.27667
  10.21
10.9733
   14.8
   7.11
  12.73
13.5567
13.1033
6.83667
   6.13
8.29667
  11.29
13.2367
12.0567
9.32333
12.2433
   8.08
   7.95
10.6633
   7.27
3.85667
9.27667
17.5167
  10.61
9.62333
5.43667
17.2433
10.7967
   9.58
   5.15
   7.23
8.23667
   4.11
8.84667
  14.52
   7.63
12.2467
7.51333
  13.94
   7.29
   8.81
8.62333
15.0033
9.00667
18.5467
13.1933
14.6133
6.25333
12.6067
13.7167
   6.26
3.68667
   7.18
8.94667
  10.34
   8.76
  10.85
11.5333
18.5367
10.3933
19.5567
   7.12
13.3567
   16.4
8.41667
  18.01
  16.81
9.68667
   8.17
   7.38
13.9833
13.0267
6.67667
10.2233
  14.17
5.33667
  20.27
7.26667
7.69667
7.39667
11.4233
   9.43
6.94667
11.2433
7.61333
14.8867
5.88667
9.92667
12.9733
  10.42
12.7833
9.62333
6.76667
7.38667
   6.91
9.09667
   5.74
  14.23
   9.55
   6.33
   8.76
9.09667
10.0167
11.7733
11.4633
   5.35
  10.87
16.3667
  13.66
   6.54
16.4733
11.4267
7.15667
6.96333
10.8233
5.98667
2.84667
6.99333
9.32333
7.20333
9.03333
   9.86
  12.98
   6.56
  10.79
   8.53
14.1767
   7.51
9.04667
9.22667
9.17333
5.32667
15.6567
   9.22
14.0367
     12
   10.3
   8.05
  15.09
11.0733
9.09667
13.2433
    6.2
12.5167
7.56667
10.5233
   6.85
9.20667
10.6033
16.1333
10.1967
17.0633
  16.58
   8.35
14.9267
  15.84
7.43333
7.97333
10.5533
  11.61
   8.71
6.87667
10.8133
11.2567
  14.99
10.6633
   13.1
   8.43
   7.45
   2.69
6.18667
6.53333
10.2267
4.20667
    9.3
7.14333
6.24667
6.01667
8.05333
18.3467
   5.78
10.9567
12.0233
   6.93
   6.32
12.2567
11.2667
13.3333
15.4633
6.69333
8.40333
   7.45
7.53667
15.5867
11.2633
   11.9
12.4633
   6.67
12.9833
8.55667
7.44667
14.2833
   7.06
16.0133
11.8367
10.1667
11.9933
  12.13
15.9267
17.4467
11.6467
   8.06
6.98333
17.6467
  14.39
16.9767
10.6533
   8.46
   7.16
  16.09
7.96333
6.88667
  11.22
   5.28
3.18667
6.33333
  11.15
3.33333
10.4933
9.43333
9.96333
10.7733
14.5133
5.89333
12.6367
  15.85
10.9467
9.80333
17.3067
3.51667
8.04667
   4.96
      7
  17.35
15.4633
13.0167
11.3767
9.74333
6.88333
4.47667
15.5967
   7.33
10.2433
11.4367
14.1567
  15.11
  15.19
   4.42
6.97333
6.24333
10.6967
  13.19
9.34667
10.6467
8.46667
   7.86
    6.6
   4.66
3.81667
15.0733
8.57333
6.98667
   6.12
15.5767
11.1833
15.1367
  15.25
9.59667
   7.83
12.1133
17.5767
  12.62
   9.35
9.06333
7.23667
13.6367
6.17333
19.1767
6.93333
  13.69
   8.11
7.68333
4.50667
   8.91
11.5467
2.42333
  11.14
13.9867
11.8167
  15.46
9.30667
   8.14
  12.52
13.3867
10.8667
6.86667
6.74667
6.89333
13.2433
9.65333
10.0267
7.61667
6.24667
9.53333
  13.05
  14.45
   8.09
6.33667
6.14667
   6.59
   5.64
  15.47
5.51333
18.3833
