   0.0733432
   0.0485795
  -0.0108167
  -0.0605881
 -0.00822675
   -0.123024
  -0.0488163
   0.0673685
   -0.144872
  -0.0424965
   0.0491034
   0.0154762
  -0.0314295
   0.0347176
 0.000376789
   0.0744962
   0.0416815
  -0.0198939
   -0.123661
  -0.0642982
-0.000390452
  -0.0151876
   0.0444167
  -0.0451011
  -0.0648362
   0.0589138
   0.0412501
  -0.0015084
   0.0095863
  -0.0978893
   0.0593476
  -0.0590595
  -0.0110972
   0.0473702
  -0.0271044
  0.00224929
   -0.209373
   -0.148927
  -0.0243206
   -0.193792
    0.122572
  -0.0196151
    0.085174
  -0.0105285
    0.173875
  -0.0230868
    0.132234
 -0.00878612
    0.127825
   -0.144009
  -0.0630975
    0.126715
    0.128923
   -0.124134
   0.0568572
   -0.065403
    0.024672
   0.0713342
   -0.134828
   0.0400048
 -0.00491948
  -0.0218377
    0.100108
    0.134167
  -0.0162633
   -0.188069
  -0.0270976
   0.0759163
     0.11601
  -0.0707683
   0.0875962
  0.00942998
   0.0624379
   0.0682206
  -0.0802714
  -0.0849829
   0.0293792
  -0.0891605
    0.117726
  -0.0856251
    0.106311
   -0.125664
    -0.01007
   0.0824859
   0.0182827
    -0.10166
  -0.0277455
  -0.0186527
 -0.00832504
  -0.0960972
   -0.161081
  -0.0345734
  -0.0445881
   -0.015872
   0.0532344
   0.0320253
-4.64505e-05
   0.0122281
   0.0865578
   -0.056073
  -0.0460319
   0.0605007
  0.00781881
   0.0511747
   0.0154883
  -0.0348015
   -0.015717
  -0.0141416
   0.0910831
   0.0395279
-0.000859384
   -0.109525
   0.0753933
   0.0218888
   0.0734876
   0.0782947
  -0.0777438
   0.0491924
   0.0132204
  -0.0295576
   0.0755599
   0.0407078
   0.0146239
  -0.0569577
-0.000319099
   -0.106318
  -0.0345813
   -0.087906
 -0.00055321
  -0.0274121
  -0.0918287
   0.0441894
  -0.0922224
   -0.059636
   0.0463374
   0.0427621
  -0.0360432
     0.03619
   0.0445544
   0.0584132
  -0.0338629
    0.116446
   -0.168587
   0.0447924
    0.106595
     0.16805
   0.0871666
  -0.0896421
   0.0289885
   -0.124929
   0.0410602
   0.0239208
  -0.0836759
  -0.0848035
   -0.159222
  0.00732876
   0.0824031
   0.0211185
    0.129801
   0.0552472
    -0.12031
     0.05534
   -0.069947
   0.0970415
  -0.0545503
   -0.112608
    0.102881
   0.0481151
   0.0527454
    0.090189
   -0.127224
  -0.0463156
   0.0927875
    0.126407
   0.0242943
   0.0320206
   -0.155519
    0.102823
   0.0118918
   0.0760073
     -0.1441
  -0.0241571
   -0.032616
  -0.0345773
   0.0263884
  -0.0127961
   0.0109068
   -0.117755
  -0.0338389
   0.0244625
  -0.0576324
    0.100291
    0.103978
   0.0351591
  -0.0500665
 -0.00465902
   -0.124788
  -0.0391503
   -0.140855
   -0.291924
   -0.157964
  -0.0290924
    0.179704
    0.173699
  -0.0360577
    0.126218
    0.241004
   -0.184126
    0.130204
    0.209794
  -0.0181323
     0.14177
   0.0560207
   0.0665319
   -0.018149
    -0.04578
   -0.158085
    0.118091
   -0.112349
   -0.130995
    0.137889
   0.0696587
   -0.039043
   0.0879251
   -0.223208
    0.251343
    0.215998
    0.118564
   -0.185272
    0.105677
  -0.0988485
   -0.184566
   -0.106827
    0.184217
  -0.0550491
   -0.160774
   0.0316744
   0.0626634
   0.0469373
   0.0193981
   0.0607052
   0.0696906
   0.0568663
  -0.0488252
  -0.0182644
   0.0806456
  0.00859222
 0.000573429
 -0.00282321
  -0.0224823
 0.000547581
  -0.0203448
  -0.0907564
   -0.037003
  -0.0591348
 -0.00598991
  -0.0296421
  -0.0293454
 -0.00599311
    0.186474
   0.0004988
    0.152674
   0.0458853
  -0.0257449
   -0.119281
   0.0841125
 -0.00870754
  0.00597432
   0.0505891
   0.0535701
   0.0460161
     0.10842
   0.0246668
   0.0105928
    0.136557
   0.0853273
  -0.0244473
  0.00794085
  -0.0824193
   -0.038591
  -0.0306202
  -0.0438272
  0.00424373
  -0.0616707
   0.0298736
  -0.0220952
   -0.043998
   0.0438173
  0.00975061
  -0.0175922
   0.0822409
   0.0273408
  -0.0291689
  -0.0423549
   0.0240773
   0.0874121
   0.0189567
  -0.0159985
  -0.0373843
  -0.0262937
    0.123462
   0.0277302
   0.0576271
  0.00625099
   0.0145465
  -0.0366787
   0.0727315
   -0.017452
  -0.0303666
   0.0354744
  -0.0139691
   0.0588847
 -0.00534333
   -0.087449
  -0.0720772
  -0.0369906
   0.0232411
    0.122672
  -0.0716963
 -0.00301479
  -0.0102784
     0.11344
    0.103887
  -0.0697238
   0.0328722
  -0.0410669
  -0.0986176
  -0.0557507
   0.0575676
  -0.0347588
   -0.019624
    0.102987
   -0.043734
   0.0228053
-0.000369834
  -0.0507019
  -0.0382125
   0.0136512
   0.0411728
  -0.0131152
  -0.0559128
   0.0175565
   0.0169092
  -0.0694939
   0.0484219
  -0.0687484
  -0.0302877
   0.0391462
   0.0080311
   0.0168417
 -0.00727467
   0.0509146
   0.0303212
  -0.0711214
  -0.0642787
  -0.0554861
   0.0487459
   0.0672901
   0.0117609
    0.105827
  -0.0550535
  -0.0766721
  -0.0574875
  -0.0573811
  -0.0443682
 -0.00182792
  -0.0915199
  -0.0534036
   -0.157177
   0.0128328
   0.0463907
   0.0914254
   -0.116748
   -0.014281
   0.0777908
    0.044602
   0.0382945
   0.0627498
   -0.052789
  -0.0427489
  0.00093371
  -0.0763521
   0.0428793
   0.0096939
  -0.0199214
   0.0164166
  -0.0533533
    0.153627
   -0.173773
    0.113756
  -0.0447762
    0.115632
  -0.0544266
   0.0950282
   0.0447517
   -0.017416
   0.0994751
   0.0678191
   0.0966571
  -0.0402495
  -0.0894354
   -0.102783
    0.103634
   0.0861513
  -0.0070833
   0.0647838
  -0.0506862
   0.0989533
  -0.0188879
   0.0316478
   0.0465722
   0.0948441
    0.124869
  0.00166285
   0.0214904
  -0.0502862
   0.0122526
 -0.00710031
    0.049856
   0.0112521
  -0.0213538
   0.0931765
   0.0530564
  -0.0800372
  -0.0677345
   0.0152279
   0.0101426
    0.108846
    0.124955
  -0.0237122
  0.00437897
   0.0426954
    0.201954
  -0.0642131
   -0.111138
   -0.043645
   0.0914612
  -0.0611407
  -0.0583016
   0.0195224
  -0.0258309
  -0.0356062
  -0.0197411
    0.155265
    0.117732
  -0.0566572
   -0.126029
   0.0185779
   -0.024299
 -0.00220057
  0.00334296
  -0.0971783
     0.00885
  0.00789196
  0.00126549
   0.0103082
   0.0479739
  -0.0403494
  -0.0125255
  -0.0674839
   0.0424526
 -0.00610568
  -0.0668565
  -0.0815649
   0.0515746
   0.0579834
   0.0524556
  -0.0413892
   0.0466486
   0.0465335
   0.0758303
    0.103236
  -0.0731532
   0.0446313
   0.0999649
  -0.0595607
  -0.0838395
   -0.174825
  -0.0315776
   -0.102228
   0.0347722
   -0.119687
   0.0876404
  -0.0717972
   0.0037311
  -0.0589268
   -0.014103
  -0.0351356
  -0.0568836
  -0.0470996
  -0.0402954
   0.0230291
   0.0749882
  -0.0285476
  -0.0687929
   0.0166451
   0.0856856
   0.0250648
   0.0361912
   -0.008365
  -0.0430622
   0.0687377
   0.0122587
  -0.0287038
   0.0367186
  -0.0168165
  -0.0288559
  -0.0643608
  -0.0602939
  -0.0306403
 -0.00133492
 -0.00363892
  -0.0121607
   0.0574135
   0.0481845
   0.0567496
   -0.107401
  -0.0390694
   0.0244067
  -0.0399339
 -0.00894332
    0.153507
   0.0376622
  -0.0937128
   0.0292953
   -0.155309
   0.0748003
   0.0413501
   0.0422655
    0.134005
   -0.215458
  -0.0735527
   -0.109094
    0.102667
   -0.142157
    0.159379
    0.124001
   -0.249268
   0.0300791
  -0.0673958
  -0.0542934
    0.036625
  -0.0603576
   0.0138251
   0.0932771
   0.0651463
     0.09228
   0.0605636
   -0.137774
    0.111461
   0.0219033
  -0.0504376
    0.019047
   0.0886741
  -0.0658786
  -0.0392562
  -0.0408706
  -0.0166084
   0.0693601
   0.0132122
   -0.101126
   0.0491773
   0.0861663
   0.0413734
   0.0974191
 1.06551e-05
  0.00626042
 -0.00255648
   0.0016322
   0.0414373
   0.0561435
   -0.023062
 -0.00333658
  -0.0387306
  -0.0198496
   0.0127586
   0.0424993
 -0.00263521
   0.0686736
   0.0241641
 -0.00137934
   0.0325519
  -0.0245121
  -0.0622859
  -0.0189341
 -0.00996038
   0.0814091
    0.023161
   -0.181027
   0.0448677
   0.0103127
   0.0760432
   0.0443877
   0.0735402
  -0.0332485
  0.00546291
   0.0237514
  -0.0509331
   0.0191369
  -0.0669131
  -0.0748719
  -0.0441045
  -0.0714478
    0.050204
  -0.0293087
   0.0486648
   -0.030145
   -0.025591
   -0.167173
   -0.044765
   0.0740766
   0.0300302
   0.0128694
  -0.0429016
   0.0401811
  -0.0241961
   0.0162353
  0.00157316
  -0.0488973
   -0.018749
   0.0242681
  0.00208158
  -0.0460551
   0.0317668
   0.0928077
    0.100292
  -0.0284072
  -0.0192682
  -0.0540932
   0.0211393
   0.0693847
   0.0477885
  -0.0496279
  -0.0171678
  -0.0511369
  0.00866113
    0.102246
  -0.0438626
  -0.0513435
   0.0749546
   0.0442805
  -0.0622298
  -0.0693325
   0.0257259
  -0.0582833
     0.03396
 0.000334716
   0.0267227
   0.0342164
 -0.00710017
   0.0166612
   0.0711712
   -0.078413
  -0.0308024
   -0.130452
   -0.102255
   0.0782671
-0.000585804
   0.0157357
  -0.0857656
    0.043071
  -0.0545005
   0.0614411
   0.0477291
  -0.0263311
   0.0205237
    0.113329
   0.0151726
   -0.052627
  -0.0598829
  -0.0390135
  -0.0284104
  -0.0398521
   0.0550481
  -0.0227844
    0.043903
   0.0889111
   0.0636848
   0.0567638
   0.0154623
   -0.045059
  -0.0629058
   -0.160543
  -0.0167144
    0.142107
  -0.0936275
  -0.0412739
    0.174219
   -0.107641
   0.0590865
  -0.0812389
  0.00828893
   0.0602247
    0.235442
    0.160422
    0.146406
     0.11372
   -0.107352
   -0.187413
   0.0500893
  -0.0745825
    0.100865
   0.0838927
  -0.0444232
   0.0880368
  -0.0577658
   0.0845913
   0.0332311
   0.0916904
   0.0747246
  -0.0199091
    0.045292
   0.0798776
   0.0271228
   -0.106158
   -0.083394
  -0.0276401
   0.0074749
 -0.00526716
  -0.0249501
  -0.0567783
    0.132888
   -0.011849
  -0.0552024
  -0.0336567
  -0.0300527
   0.0679955
   -0.037581
     -0.0541
   0.0328925
   0.0031355
    0.104606
    0.153565
  -0.0348579
  -0.0343792
  -0.0680001
   0.0374387
  -0.0147194
  -0.0140733
   0.0242244
   0.0538223
  -0.0117423
   0.0598859
  -0.0630236
  -0.0698034
   0.0365821
  -0.0283377
   0.0152756
  -0.0805408
   0.0148688
 -0.00912359
   0.0109091
  -0.0536978
  0.00827145
  -0.0282718
  -0.0278804
  -0.0353489
   0.0429278
  0.00428099
  -0.0369647
    0.154942
  -0.0424978
   0.0133166
  -0.0666938
  -0.0523984
    0.010592
   0.0543572
   0.0251115
  -0.0202498
  -0.0811509
  -0.0176853
 -0.00262043
   0.0515897
    0.102406
  -0.0258979
   0.0230987
   0.0541243
    0.136161
   -0.119216
  -0.0197694
   0.0359438
    0.119633
   -0.048989
   -0.120253
  -0.0589814
   -0.076551
  -0.0356144
   0.0956768
   0.0588275
  -0.0114496
  -0.0629357
   0.0116584
  -0.0538344
   0.0818405
   0.0446376
   -0.110151
   0.0487714
  -0.0724231
   0.0772436
   0.0431341
   0.0960125
   0.0286865
  -0.0435666
   -0.017361
  -0.0227363
 -0.00411921
   0.0663797
 -0.00444258
 -0.00878368
   -0.102836
   0.0419706
  -0.0093511
 -0.00573101
  -0.0176735
   0.0154669
   0.0618471
    0.131932
  -0.0109998
   0.0963838
   0.0171345
  0.00192298
   -0.047077
   0.0461787
   -0.019475
   0.0135453
   0.0348025
    0.084768
   -0.065664
   0.0370006
  -0.0122714
    0.095391
  -0.0376524
  -0.0108589
   0.0418988
  -0.0463395
   -0.104089
   0.0753082
  -0.0645486
   0.0405236
   0.0414301
    0.034037
   0.0644346
  -0.0217979
  0.00875844
   0.0723261
  -0.0327046
  -0.0808343
   0.0665236
   -0.185759
    -0.03449
  -0.0113401
    0.026564
   0.0369114
  -0.0134273
   0.0176941
   0.0439019
  -0.0348184
  -0.0276857
  -0.0623442
  -0.0263965
   0.0344068
   -0.023466
    0.130589
  -0.0677462
    0.138231
  0.00105181
   0.0860629
   0.0158801
   0.0798234
    0.155637
  -0.0304466
  -0.0915141
  -0.0429214
   0.0853856
    -0.10777
   -0.135995
 -0.00355885
   -0.123031
   -0.182639
  -0.0313534
  -0.0127584
  -0.0287111
  -0.0219618
  -0.0231128
   0.0316929
    0.164814
   0.0701235
  -0.0640349
   0.0322395
   0.0897828
  -0.0273139
   -0.205375
  -0.0300629
  -0.0241172
   0.0424541
 -0.00929357
   0.0183588
    0.180461
   0.0683131
   0.0460241
   0.0774381
    0.168732
-0.000255771
    0.013586
  -0.0590292
  0.00238707
  -0.0383469
  -0.0632659
   0.0689037
  -0.0325418
   0.0600807
   0.0785776
    0.053206
   -0.172425
   0.0311213
  -0.0140291
   0.0746648
   -0.101253
  -0.0892382
   0.0358511
   0.0467525
  -0.0593357
  -0.0875368
   0.0235466
  -0.0172573
  -0.0567891
  -0.0781792
   0.0126525
  -0.0796591
  0.00969494
-0.000932455
   0.0655429
   0.0606363
   0.0333893
   0.0994731
  -0.0270795
  -0.0533861
   0.0206846
   0.0726467
 -0.00647585
  -0.0337845
   -0.035827
   -0.090308
  -0.0274707
   0.0288014
  -0.0197062
 -0.00987524
  -0.0680654
   0.0377685
  -0.0125059
   0.0156918
   0.0695595
  -0.0531477
    -0.11148
   -0.129776
   -0.135402
   0.0020891
  -0.0391658
  -0.0188178
  -0.0802032
  -0.0917798
  -0.0326155
   0.0347873
   0.0138718
  -0.0402716
  -0.0409044
  -0.0926493
  -0.0244002
   -0.011908
   0.0354417
  -0.0954231
  -0.0323028
  -0.0311298
   0.0427193
   0.0480521
  -0.0172129
  -0.0782516
    0.069056
    0.024466
   -0.114321
  -0.0713887
  -0.0171771
   0.0470805
   0.0309977
   0.0614794
    0.106838
  -0.0205979
   0.0129352
   0.0479316
  -0.0304527
  -0.0417812
  -0.0338163
   0.0297694
  0.00322975
   0.0138942
 -0.00180622
  -0.0556611
    0.064017
  -0.0438675
   -0.015464
