 1.20411
 1.07585
 1.20665
0.950384
0.995214
 1.01042
 1.17902
 1.04148
0.995826
 1.05717
 1.06934
 1.02638
 1.12093
  1.0426
 1.21614
0.984526
 1.21853
 1.06924
 1.08632
 1.08802
0.997796
 1.25865
 1.07809
 1.22018
 1.03864
 1.06594
 1.26214
 1.21531
 1.32717
 2.04101
 1.77119
 1.48326
  1.5659
 1.21489
 1.32529
 1.82245
 1.55568
 1.52487
 1.19475
 1.39802
 1.51259
 1.06491
 1.50742
 1.37065
 1.81492
  1.4581
 1.69987
 2.27783
 1.39233
 2.28852
 1.07086
  1.1253
 1.08358
 1.24991
 1.15647
 1.09068
 1.32102
  1.0918
 1.28971
 1.29668
 1.47131
 1.07256
 1.08454
 1.22863
 1.01846
   1.044
  1.1447
 1.08849
 1.16877
 1.09699
 1.37601
  1.1832
 1.16115
 1.07334
 1.33751
 1.23697
 1.11885
 1.14125
 1.37618
 1.21359
0.995945
 1.21555
  1.0569
 1.10644
   1.308
 1.28265
 1.20352
  1.2583
 1.07448
 1.26915
 1.22231
 1.28113
 1.12226
 1.05054
  1.0829
  1.1841
 1.35063
 1.31151
 1.00541
 1.18299
 1.24141
 1.49504
 1.09849
 1.09174
 1.07749
 1.08382
0.935416
 1.17181
 1.28426
0.996418
 1.18352
0.902685
0.982035
  1.1705
 1.09871
 1.05675
0.996196
 1.25848
 1.01888
 1.15494
    1.08
 1.18261
  1.3659
 1.00095
0.983276
  1.1993
 1.17107
0.996271
 1.11531
 1.07862
 1.27249
 1.28318
 1.21337
 1.24557
  1.0416
 1.20835
  1.5102
 1.28048
 1.58335
 1.42341
 1.36117
 1.21941
 1.29337
 1.16402
 1.04794
 1.08758
 1.85546
 1.33857
 1.46798
 1.33473
 1.31245
 1.39047
 1.48324
 1.24047
 1.25746
 1.57718
 1.59108
 1.40788
 1.23059
 1.28733
 1.12767
  1.6061
 1.54879
 1.87378
 1.48393
 1.90265
 1.53175
 1.71448
 1.16167
  1.1804
 1.25801
 1.25681
 1.12724
 1.23859
 1.17316
 1.36312
 1.28911
  1.1924
 1.16646
 1.36649
 1.27802
 1.22226
   1.236
 1.53831
 1.69256
 1.25815
 1.12822
  1.2899
 1.48557
 1.05367
 1.43339
   1.352
 1.61735
 1.52356
 1.15365
 1.24366
 1.33106
 2.03284
 1.06008
  1.1907
 1.26489
 1.25857
 1.25967
 1.23299
 1.05744
 1.20361
 1.40479
 1.15492
 1.23655
 1.34861
  1.1364
 1.09483
 1.30824
 1.36116
 1.23764
0.990719
 1.01563
 1.32233
 1.18393
 1.23227
 1.11462
 1.31234
  1.2221
 1.22166
  1.2441
 1.14571
 1.49688
 1.26129
 1.25587
 1.27605
 1.21864
 1.15222
 1.39674
 1.05151
  1.2435
 1.22027
 1.04615
 1.16212
 1.09612
 1.12071
 1.09653
 1.21885
  1.2547
 1.21829
 1.37937
 1.36712
 1.37155
 1.24875
  1.2098
 1.51864
 1.61233
 1.16191
 1.26838
 1.21401
 1.27909
 1.15353
 1.58055
 1.26258
 1.29953
 1.23985
 1.12653
 1.61288
 1.28853
 1.12375
  1.2419
 1.06716
 1.29715
 1.55605
 1.40495
  1.2519
 1.52359
 1.47621
 1.26174
 1.21466
 1.16815
 1.29429
  1.3762
 1.22447
  1.1773
 1.29897
 1.36356
 1.60744
 1.34372
 1.43029
 1.02903
 1.14509
 1.57492
 1.22761
 1.17366
 1.16103
  1.0839
 1.03319
 1.18828
 1.10983
 1.01637
 1.05009
 1.08323
 1.11693
 1.14508
  1.1122
 1.04469
   1.143
 1.04766
 1.02205
0.956821
0.934808
0.938566
 1.12902
 1.18324
 1.22449
 1.04638
 1.07263
  1.0716
 1.17317
 1.02131
 1.24272
 1.17879
 1.11055
  1.2773
 1.16145
 1.15092
 1.22066
 1.17979
 1.25212
  1.1509
 1.36537
  1.1392
 1.48288
 1.19601
  1.4848
 1.28893
 1.32665
 1.53288
 1.39372
 1.27529
 1.38871
 1.31017
 3.00866
 1.42267
 1.68095
 1.37616
 1.42877
 1.21544
 1.47141
 2.61166
 1.29349
 1.67012
 1.24773
 1.29226
 1.32212
 1.10659
 1.38493
 1.51689
 1.22113
 1.21906
 0.95471
 1.07912
 1.33176
 1.18409
 1.30652
 1.00159
 1.27444
 1.29658
  1.1602
 1.18699
 1.23275
 1.48508
 1.18051
 1.32321
 1.29697
 1.19647
 1.49713
  1.1603
 1.47885
 1.30433
 1.22175
  1.2218
 1.19011
 1.25135
 1.07068
 1.25688
0.899785
 1.15256
 1.12654
 1.05227
 1.10915
 1.01803
0.987849
  1.1763
 1.12316
 1.08942
 1.18411
 1.18075
  1.2313
 1.11367
 1.22549
0.978248
0.952148
 1.17387
 1.18361
 1.00802
 1.04213
0.980452
 1.26918
0.990695
 1.02602
 1.06503
 1.07932
 1.13223
 1.29623
 1.00988
 1.12258
 1.11661
 1.03284
 1.02274
  1.2911
 1.10672
0.959285
 1.16828
  1.0712
 1.08872
 1.08687
 1.00608
 1.20558
 1.06107
 1.11621
 1.04689
  1.0154
 1.18464
 1.19093
0.937522
 1.03552
 1.07043
 1.27645
0.953271
 1.16966
 1.23888
 1.13437
  1.7243
 1.13351
 1.10933
   1.082
 1.33117
 1.43214
 1.42999
 1.40103
 1.33738
  1.3284
 1.09535
 1.33908
 1.21016
 1.61639
 1.22328
 1.33506
 1.26579
 1.14769
 1.48128
 1.52576
 1.29883
 1.17928
 0.92211
 1.41472
 1.52632
 1.21796
 1.47778
 1.19732
 1.18336
 1.37227
0.982558
 1.03836
 1.20865
 1.40384
 1.63442
 1.04824
 1.20709
0.982566
 1.30665
 1.11502
 1.04173
 1.19402
0.983079
 1.05999
0.980017
 1.14068
 1.06134
 1.17852
 1.19028
 1.20109
 1.25517
0.978263
 1.07413
 1.05496
0.930499
0.917609
 1.15528
 1.31604
 1.32148
 1.66933
 1.13922
 1.39131
 1.53762
 1.22664
 2.16766
 1.19521
 1.04986
 1.19558
 1.53029
 1.75712
  1.4925
 1.48929
0.961137
 1.18605
 1.01097
   1.184
 1.12891
0.986687
0.911665
 1.27694
0.992938
 1.11233
 1.17215
 1.37235
 1.02449
 1.06423
 1.08016
0.986281
 1.03759
 1.11383
0.969397
  1.0153
0.931224
 1.12545
 1.14371
 1.00263
0.913751
 1.00859
0.927268
 1.21331
 1.21888
 1.05491
 1.16396
 1.11818
0.971007
0.987356
 1.10878
0.958981
 1.25599
 1.05108
  1.3023
 1.09078
 1.02167
 1.04008
 1.12847
 1.17079
0.983446
 1.13139
 1.17497
 1.16381
 1.35086
 1.08975
 1.07465
 1.25201
 1.00507
 1.05798
 1.61967
  1.3307
 1.11672
 1.62308
0.943921
  1.1135
 1.11114
 1.06362
 1.05596
  2.0173
0.959063
 1.09389
 1.08963
 1.30845
0.907717
 1.13523
 1.13582
 1.72577
 1.73044
 1.06249
 1.70958
 1.67389
 1.44445
0.937674
 1.94931
 1.03344
0.966544
 1.24504
 1.07372
 1.78235
 1.06943
  1.0184
 1.37895
 1.48588
 1.03642
 1.04008
 1.13273
0.971821
 1.22664
 1.14249
 1.07332
 1.07913
 1.07334
 1.23008
0.957278
 1.30898
 1.79353
 1.13351
 1.38062
 1.64395
 1.13173
 1.46958
 1.31097
 1.24383
 1.48115
  1.3858
 1.06414
 1.43476
 1.20729
 1.22109
 1.38896
  1.3331
 1.13913
 1.27246
 1.44636
 1.36301
 1.16944
 1.31526
 1.40152
 1.28909
  1.3396
 1.12934
 1.27546
 1.17706
  1.5807
  2.1593
 1.80746
 2.21254
 1.70547
 1.87205
 2.05456
 2.25556
   2.079
 4.66729
 1.47253
 2.87199
 3.05697
 2.82844
 3.86335
  2.3046
 2.65394
 1.67515
 2.56311
 1.06956
 1.16314
  1.0761
 1.04564
 1.13855
0.971508
 1.24121
 1.08539
 1.13218
  1.1446
 1.23545
0.963868
 1.10723
 1.20788
 1.11556
 1.10645
 1.05341
  1.1084
 1.18794
0.974824
 1.11207
 1.23259
 1.08554
 1.22737
 1.08773
 1.16426
 1.23122
 1.00789
0.996865
0.998951
 1.12715
 1.03038
 1.06592
 1.01799
 1.08713
 1.04217
 1.07599
0.912773
 1.19811
 1.16405
 1.12672
 1.11808
 1.19885
 1.05286
 1.08102
 1.13008
 1.11023
 1.21203
 1.06983
 0.94119
 1.03604
0.949687
 1.21067
0.893218
 1.35589
 1.25522
 1.20096
 1.10717
 1.14458
 1.20683
 1.12117
 1.21498
 1.03693
 1.06801
 1.22887
 1.08558
0.970434
 1.20173
 1.08602
 1.14701
 1.43779
 1.45628
 1.35287
 1.37671
 1.27219
 1.22865
 1.06658
 1.39007
 1.24772
 1.10637
 1.13673
 1.34209
 1.13569
 1.15349
 1.30522
 1.19818
  1.2759
 1.24501
 1.22309
 1.27152
 1.31914
 1.24349
 1.14467
0.995642
  1.2419
 1.13085
 1.21301
 1.22326
0.959761
 1.01293
 1.15993
 1.01818
 1.07442
 1.12128
 1.04803
0.939144
 1.15389
 1.15761
 1.10379
 1.04844
 1.13678
 1.14567
 1.10062
0.988194
 1.15286
 1.05327
 1.23058
 1.03259
 1.00678
  1.0695
 1.26419
0.920061
  1.1656
  1.2538
 1.36085
  1.4608
0.930984
  1.2047
 1.23125
 1.02061
 1.13545
 1.02685
  1.0579
0.931737
  1.1128
 1.05792
 1.18161
  1.0068
 1.09766
 1.29892
0.988043
0.935784
  1.2451
 1.18671
 1.04718
 1.12795
 1.00028
 1.07965
0.996756
 1.08027
 1.06465
 1.21085
 1.17322
 1.28459
  1.2368
 1.08607
 1.04633
 1.23515
 1.02581
0.946957
 1.11335
 1.27615
 1.28697
0.917736
 1.04894
 1.27908
 1.00145
 1.10514
 1.12876
 1.05012
 1.11558
0.889928
  1.0519
 1.27819
 1.05639
0.977555
 1.27697
 1.30046
 1.05838
 1.12147
 1.05485
 1.05042
 1.15695
0.999094
 1.13359
 1.27101
 1.08265
 1.03978
 1.11891
 1.01823
 1.09201
0.989047
 1.03165
0.963553
0.994131
 1.16493
  1.1041
 1.14138
 1.28749
0.952997
0.975595
 1.00121
 1.03172
  1.2258
 1.05051
 1.05076
0.976734
 1.10481
 1.19394
 1.23571
0.934247
  1.0465
 1.04409
 1.01581
 1.28183
 1.06682
 1.12632
 1.10843
 1.04833
 1.00459
 1.00821
 1.12452
 1.30575
 1.13081
 1.00769
0.961904
 1.21624
 1.08021
0.983522
 1.09545
 1.19881
  1.0717
 1.00395
 1.12345
 1.01322
 1.24097
 1.10005
 1.01359
0.911586
 1.03904
 1.05968
0.913125
 1.06075
0.985963
 1.12175
 1.23588
 1.16309
 1.17314
 1.19858
 1.19738
  1.0131
0.971373
0.963741
0.902366
 1.28626
 1.16478
 1.21473
 1.33689
 1.00318
 1.09139
  1.1062
 1.21299
 1.03514
 1.00803
 1.05595
 1.06091
 0.96349
 1.21559
 1.02644
0.963232
 1.24278
 1.11137
 1.08359
 1.02648
 1.14021
 1.15862
 1.25141
 1.07656
0.981361
 1.02125
 1.34518
 1.06554
 1.30022
0.972947
 1.19834
 1.16415
 1.26264
 1.01869
 1.05632
 1.06948
 1.25395
 1.12873
 0.89131
 1.07858
 1.05997
0.993594
 1.03118
0.999674
 1.12098
 1.05343
 1.35018
 1.02228
 1.14158
 1.30993
  1.3608
0.997389
 1.12402
 1.24386
 1.15339
 1.18133
 1.15775
 1.07053
 1.21578
 1.27794
 1.09055
 1.17721
0.982812
 1.11258
  1.0266
  1.1271
  1.1833
 1.14033
 1.21254
 1.10783
 1.03396
0.949084
 1.18159
0.993644
 1.15318
 1.14617
 1.05923
 1.21392
  0.8736
 1.28812
 1.19627
 1.08843
0.964564
 1.10433
 1.19849
 1.10771
 1.05298
 1.11951
 1.20545
