0.636667
    0.67
0.523333
0.763333
0.763333
    0.31
     0.5
0.613333
    0.46
0.546667
0.756667
0.606667
    0.51
0.276667
0.696667
0.493333
    0.58
    0.66
    0.38
0.476667
0.486667
0.603333
    0.59
0.526667
    0.45
0.543333
0.433333
0.763333
    0.69
0.493333
0.503333
    0.57
    0.36
0.616667
0.546667
0.573333
0.663333
0.636667
0.596667
0.636667
0.623333
    0.52
    0.61
0.433333
    0.56
    0.55
     0.5
0.606667
0.706667
    0.57
    0.46
0.703333
0.296667
    0.29
    0.54
0.473333
0.653333
0.616667
0.486667
    0.55
    0.41
    0.72
0.463333
    0.49
0.706667
0.533333
0.706667
    0.55
0.523333
0.553333
0.356667
0.586667
0.443333
    0.63
0.686667
    0.51
    0.42
0.513333
0.656667
0.666667
    0.63
    0.45
    0.53
    0.64
0.523333
     0.4
    0.68
     0.6
0.336667
0.453333
0.533333
0.386667
0.473333
0.483333
0.423333
    0.51
    0.66
0.686667
    0.42
    0.64
    0.43
0.643333
0.496667
0.386667
0.613333
0.603333
0.553333
0.546667
0.463333
    0.55
     0.7
 1.34667
0.976667
 1.37667
 1.35333
    1.16
 1.52667
0.913333
     1.3
 1.04333
    0.98
 1.39333
    1.38
 1.38333
 1.13667
 1.52667
 1.42333
 1.74333
 1.22667
 1.23333
 1.28667
0.996667
0.683333
    1.28
0.803333
0.903333
 1.04333
    1.32
 1.23667
0.406667
    0.48
    0.46
    0.49
    0.37
    0.55
0.613333
0.746667
0.576667
0.506667
0.306667
0.416667
0.466667
0.633333
0.423333
0.623333
0.586667
    0.52
0.433333
0.666667
    0.48
    0.49
    0.49
0.476667
0.536667
    0.49
0.523333
0.466667
0.376667
0.623333
    0.76
0.553333
0.563333
0.586667
    0.51
    0.53
0.653333
    0.57
0.573333
    0.78
    0.65
0.386667
    0.63
0.386667
    0.42
0.616667
    0.54
    0.51
    0.73
0.653333
    0.51
    0.78
0.576667
0.673333
0.603333
0.336667
0.496667
    0.52
0.646667
0.533333
    0.47
0.406667
0.513333
    0.41
0.883333
0.546667
0.336667
0.716667
0.503333
0.446667
0.543333
0.613333
0.466667
0.626667
0.586667
    0.52
     0.4
0.323333
0.513333
0.556667
    0.56
0.613333
0.616667
0.633333
0.766667
    0.49
    0.55
0.623333
0.473333
    0.75
0.533333
    0.36
0.353333
    0.59
    0.29
    0.64
0.503333
     0.5
0.693333
0.506667
    0.56
0.543333
    0.53
    0.58
0.536667
    1.47
 1.15333
 1.47667
 1.26667
 1.10667
    0.58
 1.38667
    1.38
     1.6
 1.18667
 1.00667
 1.03333
 1.28667
0.543333
0.726667
    0.46
0.536667
0.743333
0.926667
0.846667
     1.2
 1.15333
0.776667
 1.21333
    0.91
    1.52
    1.26
 1.40333
0.996667
0.756667
 1.29667
    1.07
    0.74
 1.39667
0.916667
 1.01333
0.786667
 1.54667
 1.24333
    0.95
 1.07667
    1.41
 1.23667
 1.27333
 1.05333
     1.5
     1.2
 1.07333
    0.69
    1.05
    0.88
 1.35333
    0.74
 1.31667
    1.21
    1.19
 1.10667
 1.58667
 1.07333
 1.67333
0.516667
 1.07667
    1.22
 1.08333
 1.27667
 1.26333
    0.76
    0.59
0.523333
0.696667
0.593333
    0.61
0.436667
    0.52
0.873333
0.796667
0.516667
0.563333
    0.83
0.656667
0.493333
    0.66
    0.47
0.563333
0.553333
0.423333
    0.69
    0.36
0.663333
    0.54
0.653333
0.406667
    0.44
    0.42
0.816667
0.496667
0.573333
    0.59
    0.48
0.583333
    0.61
    0.47
0.636667
    0.48
0.376667
    0.47
    0.47
    0.41
0.856667
    0.55
0.476667
    0.39
0.673333
    0.51
    0.49
0.366667
     0.6
    0.53
0.766667
0.373333
0.586667
    0.84
0.536667
0.636667
0.556667
    0.58
0.573333
0.546667
0.556667
    0.57
0.443333
    0.77
0.583333
    0.51
0.393333
0.583333
0.456667
0.613333
0.503333
0.683333
0.566667
    0.61
0.496667
    0.52
    0.63
0.416667
0.546667
0.686667
0.616667
0.636667
0.673333
0.633333
    0.54
0.506667
0.666667
0.503333
0.596667
0.666667
    0.49
0.603333
0.566667
    0.72
0.473333
    0.51
    0.43
0.326667
0.533333
0.583333
0.686667
0.576667
0.493333
0.443333
0.626667
    0.35
0.743333
0.406667
    0.64
0.526667
0.416667
0.476667
0.526667
0.796667
0.703333
0.556667
0.616667
0.566667
    0.51
    0.53
    0.51
0.466667
    0.64
0.366667
    0.54
0.576667
0.923333
    0.76
0.546667
    0.67
0.586667
0.793333
0.623333
0.653333
0.606667
0.786667
0.426667
0.533333
    0.63
0.356667
0.766667
0.446667
0.596667
0.696667
0.846667
0.673333
    1.09
0.813333
0.936667
0.896667
    1.01
 1.11667
 1.45333
 1.09333
 1.35333
 1.11333
 1.35667
    1.27
0.816667
 1.16333
 1.33667
 1.31667
 1.39667
0.966667
    1.03
0.956667
 1.38667
 1.36333
0.553333
 1.27333
 1.35333
    1.58
    1.15
0.916667
 1.22333
 1.02333
    1.13
 1.37667
    1.79
 1.00333
    1.49
0.473333
    0.71
    1.38
 1.31667
 1.50667
 1.52333
 1.77333
    1.04
    1.06
 1.15667
0.743333
 1.73667
 2.00333
    1.53
 1.27333
0.313333
0.666667
0.443333
0.783333
0.713333
0.673333
0.556667
0.493333
0.403333
0.563333
    0.63
0.543333
0.813333
    0.58
0.556667
0.506667
    0.43
0.663333
0.513333
0.493333
    0.64
0.566667
0.593333
0.686667
0.606667
0.483333
0.343333
0.506667
 1.15333
 1.23333
    2.06
 1.92667
    1.52
 1.48667
 2.31333
 1.91667
 1.53333
    1.44
    1.86
 1.40333
 1.65333
    1.11
    1.15
    1.34
    1.29
0.713333
    1.13
 1.16667
 1.24667
    1.25
     1.4
 1.19333
 1.26667
    1.18
     1.3
 1.84667
 1.34333
0.843333
 1.16667
0.793333
     0.9
 1.20667
0.986667
0.816667
 1.07667
0.936667
 1.23333
 1.20333
 1.41333
 1.16333
    1.02
 1.20333
0.876667
 1.28333
 1.14667
0.396667
0.536667
    0.32
    0.59
0.396667
0.643333
    0.32
0.363333
0.526667
0.533333
0.486667
0.506667
    0.55
    0.58
    0.39
0.516667
0.463333
     0.4
0.616667
    0.49
0.593333
    0.47
0.606667
    0.54
0.456667
0.643333
0.586667
0.463333
0.646667
0.636667
0.546667
    0.77
    0.47
0.586667
0.716667
0.646667
0.353333
0.506667
    0.31
0.533333
    0.47
0.493333
0.506667
0.596667
0.523333
    0.73
0.483333
0.616667
    0.61
0.573333
0.556667
    1.16
 1.04667
 1.35667
    1.33
 1.43333
 1.38333
 1.28333
    1.18
 1.35667
 1.32667
 1.70333
 1.01333
 1.58333
    1.16
     0.6
0.573333
0.406667
0.436667
    0.52
    0.71
0.376667
0.436667
    0.57
0.646667
0.483333
0.556667
    0.56
0.876667
0.586667
0.356667
    0.61
    0.63
    0.52
    0.44
     0.6
    0.71
0.513333
0.533333
0.616667
0.456667
    0.49
0.563333
0.466667
0.513333
    0.45
0.526667
    0.57
    0.44
0.466667
0.633333
0.393333
0.613333
     0.5
     0.5
0.633333
0.413333
    0.61
    0.58
0.683333
 1.02333
 1.42667
     1.7
 1.28333
    0.96
 1.28667
 1.14667
     1.1
 1.56667
 1.09333
 1.45333
    1.48
 1.22667
    1.53
    1.09
 1.21667
 1.33333
 1.31333
 1.54333
 1.85667
 1.30667
 1.66667
    1.61
 1.28667
0.996667
 1.04333
 1.10667
    1.32
 1.23333
 1.34333
 1.38333
    1.34
    1.23
 1.60333
0.726667
 1.16333
    1.12
 1.16333
 1.42667
 1.27667
    1.15
 1.53667
 1.36333
 1.75667
    1.73
    1.47
 1.41333
    1.01
0.726667
0.446667
    0.58
0.506667
0.396667
    0.59
0.496667
0.463333
0.636667
     0.6
    0.51
    0.57
    0.46
0.693333
0.576667
0.596667
    1.35
 1.57667
 2.14667
 2.51333
     1.9
 2.23667
    3.03
    2.93
 3.10667
 2.78667
    2.77
    2.92
 2.93667
 3.40667
 2.56667
    1.27
    1.12
0.846667
    1.13
    0.94
 1.34667
 1.20667
 1.77667
 1.08333
 1.35667
    1.34
    1.49
0.873333
0.826667
 1.05333
 1.08333
     1.1
 1.13333
 1.07667
    1.12
 1.10333
 1.50667
0.826667
 1.01667
 1.23333
 1.24667
 1.41333
0.786667
0.906667
 1.14333
 1.18333
0.803333
0.406667
0.386667
0.553333
0.493333
    0.47
0.673333
0.533333
0.506667
0.383333
    0.63
0.593333
0.426667
0.386667
0.556667
    0.56
    0.43
    0.55
0.473333
0.713333
    0.83
    0.57
    0.55
0.636667
0.536667
0.603333
0.623333
0.626667
0.493333
0.556667
0.593333
0.673333
    0.52
0.436667
0.546667
     0.7
0.636667
    0.47
0.383333
0.643333
0.743333
0.603333
0.663333
    0.44
    0.48
0.596667
0.623333
0.616667
0.606667
    0.69
0.373333
    1.49
    1.08
    0.72
0.956667
0.833333
    1.64
 1.62333
    1.06
0.916667
0.836667
    1.27
 1.09333
 1.36667
    1.44
0.946667
    1.31
    1.13
 1.54333
    1.19
 1.03333
 1.16333
    0.62
 1.48333
 1.57333
0.926667
 1.21667
 1.82333
 1.40333
 1.33333
     0.8
 2.01667
 1.11333
 1.32333
    1.11
 1.34667
    1.16
 1.57333
0.863333
    1.11
 1.18333
 1.50333
 1.17667
0.833333
    1.38
    1.06
    1.68
     0.8
 1.34667
 1.13333
 1.62333
0.626667
    0.71
    0.86
0.516667
0.586667
0.503333
0.576667
0.463333
0.663333
0.596667
0.523333
    0.71
0.456667
0.473333
0.553333
0.366667
    0.44
    0.55
    0.42
 1.31333
 1.38333
 1.21667
    0.87
 1.32667
 1.13333
0.693333
    0.91
    1.17
    1.21
 1.00333
     1.1
    1.11
    1.13
    1.12
0.856667
0.943333
 1.05667
 1.23333
 1.41667
 1.28333
    0.85
 2.19667
 1.25667
    1.67
 1.75667
 2.36333
 1.16667
    1.53
 1.45333
 1.64333
 1.31667
 1.26333
     1.2
    1.54
    1.02
0.483333
     1.3
 1.09333
 1.38667
    1.54
 1.43333
 1.09333
 1.32333
 1.00333
 1.02333
 1.26333
    1.46
    1.54
 1.39333
 1.37333
 1.34667
 1.34667
 1.16667
0.836667
    1.23
 1.56333
 1.56667
    1.02
    0.91
0.693333
    1.44
0.736667
 1.42667
    1.46
0.873333
    0.99
     1.1
    1.14
 1.32667
       1
 1.22667
0.543333
    0.51
0.676667
0.523333
0.623333
