0.701214
0.729377
0.536704
0.374477
0.448372
0.679808
0.723634
0.544651
0.606868
0.408263
0.875932
0.628304
0.595717
0.528142
0.556325
0.685925
0.598124
0.745217
 1.31083
 2.88689
 1.43144
  1.0735
0.949243
 1.24935
0.730525
 1.39828
 0.90714
 1.06156
 1.56433
0.780763
 1.78078
 1.09457
 2.48553
 1.54675
 1.26302
  1.3894
 1.14891
 1.36349
0.504266
 1.44891
  1.7762
 2.17437
 2.06046
 3.46595
 1.81484
 1.53933
 1.37481
  1.5106
 1.55107
0.942505
 2.28108
   1.153
 1.72908
 1.03141
 1.49553
 1.63129
 1.71341
0.873292
 1.10948
 1.68824
 1.60549
 2.26908
 1.77391
 1.87762
 1.25242
 1.54993
 1.46639
 1.63746
 1.31276
 1.12903
 1.82625
 1.75855
 1.94936
 1.44542
 1.62773
 1.59206
 1.54292
 1.26892
  2.0372
 2.35413
 1.36294
0.993061
0.972757
 1.22654
 1.27069
 1.27769
 1.81213
 1.18338
0.687241
0.671937
0.805852
0.845158
0.510161
0.609933
0.729539
0.784379
0.640265
0.660861
0.819021
 1.01176
0.644968
 1.08238
0.768636
0.492186
0.582993
0.704849
0.915761
  0.8225
0.639541
0.377819
0.551767
0.623247
0.676334
0.788115
0.879051
0.652511
0.789607
0.946696
0.808604
0.612794
0.652242
0.503269
0.569797
0.501755
0.510721
0.635322
0.617864
0.514254
0.430567
0.470517
0.557205
 0.79861
0.557857
0.482617
0.817919
0.488166
0.479527
0.760335
0.375818
0.670225
0.626341
0.580798
0.884271
0.728654
0.626939
0.562995
0.394852
0.804997
0.818731
 0.43186
 0.51747
0.497714
0.676924
0.651231
0.472088
0.525368
0.563071
0.460358
0.429837
0.721148
0.399509
 0.56146
0.435676
0.684902
0.448658
0.653193
0.737451
0.843723
0.502445
0.510443
0.573028
  0.6392
0.724783
 0.61123
0.488497
0.652183
0.450581
0.630461
 0.70628
0.908163
 0.39459
0.658544
0.604408
0.455161
0.751554
0.514039
0.575246
0.420473
 0.72741
0.538916
0.600579
0.787285
0.739048
0.679278
0.731701
0.608388
0.748362
0.739005
0.597571
0.652967
0.527417
0.523822
0.661736
0.779701
0.340346
0.761046
0.464351
0.565673
0.909766
0.645375
0.643946
0.751904
0.603037
0.503433
0.651473
0.602525
0.642538
0.674823
0.509538
0.504997
0.390322
0.495367
0.927494
0.810452
0.609462
0.450388
0.553748
0.395865
0.552661
0.803784
0.588559
0.858259
0.650617
0.511078
0.578556
 0.54576
0.718051
0.479449
0.631366
0.404006
0.483247
0.663648
0.616294
0.476843
0.750724
0.589525
0.439776
0.520746
0.460186
 0.58516
0.618884
0.749662
0.518891
0.568268
0.771118
0.797964
0.621238
0.721663
0.838749
0.574758
0.480784
0.800642
 2.68493
 1.13768
 1.22807
 1.21771
 1.84136
 2.21686
 1.59553
 1.11579
 1.23478
 1.60339
 1.29194
 2.02812
 2.08469
 1.28653
 1.17316
 1.34472
  1.3243
 1.81927
  1.4096
 1.44508
 1.74947
 1.60856
 1.16487
0.768594
 1.50822
0.765044
0.382294
0.512837
0.691241
0.413575
0.540962
0.501317
0.730081
0.686095
0.650239
0.754875
 0.60996
0.822777
0.547742
 0.57019
0.760851
0.573412
0.543718
0.527408
0.487866
 0.75937
0.652826
0.532696
0.713644
0.506308
0.530778
0.465602
0.652164
0.473869
 0.41512
0.772221
0.501129
0.674261
0.582989
0.759467
0.749784
0.742774
0.611399
0.400121
0.611124
0.513633
0.470635
0.662972
0.553855
0.833611
0.709546
0.504097
0.561648
0.595463
0.452983
0.477165
 0.60484
0.646674
0.594115
0.534671
0.769716
0.737911
0.547364
0.675322
0.583212
0.542474
 0.66813
0.543449
0.574803
0.608144
0.653961
0.792648
0.425371
0.629071
0.305246
0.571026
0.450904
 1.56056
 1.24142
  0.7844
 1.61775
 2.05377
 1.53553
0.992325
 1.46523
 1.17858
 1.06975
 2.02106
 1.49938
 3.77202
 1.46219
 1.79535
  1.4321
 6.56441
 5.17085
 4.36866
 4.75578
 4.65261
 2.35001
 3.82019
 3.79893
 6.50174
 5.48238
 3.84756
 4.51978
 3.82259
 4.11953
0.802858
  5.9337
 7.74818
  1.1097
 3.88981
 3.82413
 1.96923
 5.40579
 1.88901
 2.97775
0.461168
0.618366
0.620185
0.740045
0.780581
0.549466
0.392719
0.346122
0.528299
0.726214
0.721876
0.646148
0.376639
0.436377
0.558766
 0.81079
0.780268
0.724276
0.767018
0.937053
0.859307
0.738188
0.604527
0.913091
0.464869
 0.59166
0.690245
0.401212
0.607797
0.504042
 0.43849
0.993458
0.429934
0.583558
0.458694
 0.78478
0.524793
0.559476
0.485766
0.548525
0.544928
0.642373
0.474273
 0.58302
0.851186
0.468127
0.722947
0.604073
0.493303
 1.25627
 1.55706
 1.13408
 1.51769
 1.96208
0.878308
 2.06543
 1.32976
 1.09856
 1.54818
 1.48956
   1.262
 2.26444
 1.94002
 2.14371
 2.93376
 1.42408
 2.85316
 2.02985
 2.98563
 3.56295
 2.42739
 1.92008
 1.42203
 1.52788
 2.32257
 1.18937
0.429561
0.586735
0.693011
0.502742
 0.52276
0.397262
 0.52979
0.513889
0.778162
0.479501
0.614531
 1.14379
0.516384
0.730547
0.500396
0.710922
0.721937
0.841899
0.879101
0.627749
0.878075
0.491118
0.548263
0.754747
0.589429
0.580698
0.416285
0.564694
0.559777
0.811928
0.559103
 0.84956
0.401695
0.508394
 0.54217
0.331231
0.682837
0.716377
0.706567
0.476213
0.656346
0.474619
0.663614
0.647306
 0.48435
0.646538
0.322044
0.612074
0.903885
0.469882
 0.65677
0.593101
0.703024
0.350902
0.838657
0.551766
0.585921
0.629119
0.591909
0.500811
 2.11846
 1.82255
 1.81826
 2.41894
 1.56649
 2.31998
 2.15712
 1.62548
 1.78735
 1.55213
  1.1927
  1.0501
 1.36395
 1.36229
 1.50179
 1.97273
 1.71833
 1.57747
 1.42652
 1.20055
 2.08166
 1.56334
 2.36773
 1.59879
 1.47514
  1.9988
 2.14864
 1.34937
 1.51689
 2.44052
 1.42436
0.929093
 1.02347
 1.47385
0.508123
0.547404
0.346023
0.648683
0.517051
0.714383
0.516061
0.539379
0.726537
0.678556
0.662391
0.418264
0.830647
0.412707
0.885854
0.760877
0.428963
0.493994
0.576654
  0.9252
  0.4377
0.636131
0.639991
0.961008
0.682458
0.701107
0.664113
0.890071
0.511499
0.591382
0.891594
0.359084
0.669196
0.380162
0.522964
 0.42997
0.496191
0.590565
0.643236
0.679102
0.539373
0.412339
0.672162
0.767228
0.745367
0.782583
0.534857
 1.34684
0.606286
0.680306
0.548668
0.494446
0.493931
0.491532
0.591477
0.521554
0.659936
0.562126
0.511868
0.647274
0.418493
0.511288
0.528536
0.506233
 0.30157
0.448133
0.405924
0.556165
0.646694
0.797944
0.593062
0.315062
0.569825
0.409705
0.821246
0.726322
0.608813
0.707685
0.618863
0.677116
0.473659
0.590613
0.501896
 0.49062
0.655111
0.751718
0.518573
 2.24737
 2.56736
 1.53299
 1.61098
 2.19622
  1.9329
 1.42837
 1.10606
 1.11386
 3.47402
 1.57212
 1.18948
 2.19106
 1.52459
 1.16571
 2.30659
 2.82539
 2.21459
 1.28187
 1.72044
 3.49966
 1.57744
 2.09321
 2.99595
 2.73661
 2.27598
  2.5173
 1.74125
0.975905
 2.40166
 1.26321
 2.73681
 2.11403
 1.15371
 2.68664
 1.40753
 3.45804
 1.07736
 2.98758
 1.81037
  2.6187
 2.43017
 2.71916
 1.57176
 1.48757
 0.74073
 1.70172
 0.47044
 3.10988
 2.50137
 2.31137
 1.37575
 2.24735
0.781361
 2.59082
 2.30917
 2.20068
 1.94854
 1.90058
   1.274
 1.27283
 2.00963
0.700413
0.646058
0.696748
0.577116
0.680548
 0.75366
0.670949
0.686263
0.660687
0.443316
0.713815
0.504583
0.793907
0.649495
0.961381
0.590188
0.802244
 0.39056
0.704954
0.455226
 0.52029
0.603063
0.597653
0.577578
0.478022
0.466645
0.705308
0.488888
0.685184
0.350062
0.819768
 0.52234
0.466642
0.681283
0.424215
0.509894
0.501118
0.668998
0.455412
0.757525
0.623929
0.382829
0.619915
0.580134
0.794501
 0.50318
0.648532
0.520849
0.616176
0.549221
0.434502
0.332344
0.654048
0.602187
0.463517
 0.65492
0.626251
0.784948
0.743613
0.545112
0.485692
0.669745
 0.86451
0.424791
0.873103
0.719634
0.595087
0.667481
0.552677
0.628657
0.593474
0.611865
0.532646
0.562945
0.552391
0.478844
0.493443
0.937075
0.669068
0.653346
0.746272
0.472685
0.417223
0.696986
0.492581
0.585882
0.587879
0.505789
0.650277
0.632355
0.682146
0.647545
0.701699
0.517074
0.583306
0.715487
0.457202
0.487591
0.667897
 0.70559
0.453331
0.366061
0.786205
0.469753
0.783048
0.787078
  1.9661
0.486877
 1.58278
 1.63447
 1.09728
 1.98484
 1.28898
 1.35502
 2.09649
 2.38798
 1.87004
 1.40869
0.923649
 1.54523
 0.99774
 2.02008
 2.12202
 1.30346
 1.80056
 1.23019
 1.12704
 1.96501
 1.35742
  1.2752
 1.30917
 1.50478
 1.53599
 1.28315
  2.0805
 1.51001
 1.36778
 1.22421
 1.23122
 1.09801
0.228589
0.537466
0.786489
0.853589
0.534657
0.479587
0.627328
 1.26409
0.947792
 1.65403
0.962253
 2.13373
 1.46446
 1.66618
 1.74977
 1.49891
 1.19763
 1.23041
 1.41232
 1.64367
 2.04521
 1.50624
  1.6138
 1.60373
 1.31339
 1.62905
 1.23241
 1.20018
 1.79559
 1.36374
 1.96526
 2.19278
 1.15933
 2.21068
 1.98821
 1.82769
 2.35969
0.990482
 1.35721
 1.26566
 1.44876
 3.12362
 2.41465
 1.77033
 1.21368
 1.61424
 2.30888
 2.11327
 1.84753
0.704921
 1.76759
 1.47466
 1.07114
 1.23097
 1.34102
 1.43667
 1.00031
 1.86683
  2.1628
 1.15327
  2.1249
 1.20064
 1.67103
 0.94037
 1.64722
 1.56035
  1.7876
 1.47626
 1.55509
 1.85924
 1.56331
 1.07806
 1.27533
  1.0418
 2.18653
 2.04943
   2.941
 3.19018
 1.76532
 2.57516
 2.02861
 1.94846
 2.19271
 1.28238
0.759242
 1.21674
 1.22558
 1.47404
0.965799
0.985633
 1.28887
 1.06465
 1.02354
 1.36932
 1.47979
 1.17642
0.854444
 1.20878
 1.17365
 1.80051
 1.13598
 1.65947
 1.40534
0.753386
 1.63956
 1.42781
0.891322
 1.35776
 0.77859
 1.31967
 1.82851
 1.61294
 1.36874
 1.01491
 1.09403
 1.61165
0.467476
0.574818
0.671647
0.449603
0.386715
0.521475
0.679089
0.857394
 0.52125
0.778234
0.379834
0.482217
0.269223
0.704578
0.881865
0.464124
0.581069
0.661198
0.628131
0.851147
0.416668
0.360839
0.649139
0.693143
0.679457
0.474371
