    15.5719     215.793    -6107.39    -400.705     -147.12     2477.33     64506.6    -41.3486    -3905.18     761.264    -32.8603     31.1127    -1.19856      343003
    215.793      429045           0           0           0 4.03383e+06           0           0           0           0           0    -422.018           0           0
   -6107.39           0 4.82975e+08           0           0           0           0           0           0           0           0           0           0           0
   -400.705           0           0  8.2959e+06           0           0           0           0           0           0     4248.36    -3317.57           0           0
    -147.12           0           0           0     45796.4           0           0           0           0           0           0     88.8248           0           0
    2477.33 4.03383e+06           0           0           0 5.10342e+08           0           0           0           0           0           0           0           0
    64506.6           0           0           0           0           0 6.73679e+09           0           0           0           0           0           0           0
   -41.3486           0           0           0           0           0           0     2591.66     12281.4           0           0     39.0827           0           0
   -3905.18           0           0           0           0           0           0     12281.4 1.09681e+08           0           0           0     20450.2           0
    761.264           0           0           0           0           0           0           0           0 1.97522e+06           0           0           0           0
   -32.8603           0           0     4248.36           0           0           0           0           0           0     11348.1    -160.816           0           0
    31.1127    -422.018           0    -3317.57     88.8248           0           0     39.0827           0           0    -160.816     4181.27           0           0
   -1.19856           0           0           0           0           0           0           0     20450.2           0           0           0     8.17713           0
     343003           0           0           0           0           0           0           0           0           0           0           0           0 1.24049e+12
