 2.33953e+06            0            0            0            0            0     0.874696       197528            0            0     -372.575            0      3837.74            0      -3381.2      2.04184
           0  2.54861e+10            0      -469405            0      -432982      139.996            0            0            0            0            0            0            0            0      50.8008
           0            0      2860.03     -4.99684      2585.65      36.2157   -0.0392249            0    -0.514875     -622.599            0        67728      45.1923            0     -107.438   0.00369671
           0      -469405     -4.99684      11.0944     -1052.97      10.9897 -0.000464671     -492.208   -0.0280831      26.4997    -0.543711      572.383    -0.982857      792.887       5.3839  -0.00133858
           0            0      2585.65     -1052.97  3.12029e+08     -84720.7      11.1189  1.70898e+06            0 -2.80171e+06      2969.29            0            0            0     -81337.8     0.122708
           0      -432982      36.2157      10.9897     -84720.7      18057.3    0.0134251       -15473     -5.48174            0      57.4427            0      51.5949            0      73.2702    0.0277966
    0.874696      139.996   -0.0392249 -0.000464671      11.1189    0.0134251   0.00027685    -0.960945 -0.000175159   -0.0123846    0.0163641      2.14008   -0.0254463      7.21948    -0.198384 -5.98371e-07
      197528            0            0     -492.208  1.70898e+06       -15473    -0.960945  1.01089e+08     -96.0957            0     -1513.81            0      10500.2            0            0    -0.311564
           0            0    -0.514875   -0.0280831            0     -5.48174 -0.000175159     -96.0957     0.393502     -18.0071   -0.0241573      61.6132    -0.573154     -266.778      2.53477 -7.63696e-05
           0            0     -622.599      26.4997 -2.80171e+06            0   -0.0123846            0     -18.0071       397468      -69.359            0            0            0            0     0.106929
    -372.575            0            0    -0.543711      2969.29      57.4427    0.0163641     -1513.81   -0.0241573      -69.359      204.086            0     -11.8219      4390.99      53.5878   0.00292647
           0            0        67728      572.383            0            0      2.14008            0      61.6132            0            0  6.76334e+07            0            0            0     0.811302
     3837.74            0      45.1923    -0.982857            0      51.5949   -0.0254463      10500.2    -0.573154            0     -11.8219            0      6512.64            0      91.5723    0.0165368
           0            0            0      792.887            0            0      7.21948            0     -266.778            0      4390.99            0            0  5.34774e+08            0      3.73514
     -3381.2            0     -107.438       5.3839     -81337.8      73.2702    -0.198384            0      2.53477            0      53.5878            0      91.5723            0      71469.3    -0.063161
     2.04184      50.8008   0.00369671  -0.00133858     0.122708    0.0277966 -5.98371e-07    -0.311564 -7.63696e-05     0.106929   0.00292647     0.811302    0.0165368      3.73514    -0.063161  1.36141e-05
