     4.72303      -3.8977            0      29.8845            0      1.45623      6.07616
     3.39147     -2.90778            0       5.2879            0     -8.27113      39.1323
   -0.309237      6.64289            0     -8.21412            0      5.00488      25.5698
     5.06477     -23.6347            0      -11.344            0      15.1443      25.3325
     -1.7757     -1.37247            0      15.7793            0      2.73828      15.4918
     3.44245     -6.16419            0      12.3397            0      7.63032      11.4892
   0.0848768      3.46646            0      10.1661            0     -6.17002      15.4912
    -1.63909      2.29644            0     -6.63742            0     -1.55107      27.2904
    0.181699      1.90538            0      11.4127            0     -8.40734      13.5232
     3.23886     -17.6308            0      35.1339            0      7.63777      13.7661
    -3.92908    -0.117275            0      3.85943            0      15.9372      5.12734
   0.0623927     -3.88249            0      4.02647            0     -3.49627      10.7353
     4.61764     -33.5439            0     -8.96679            0      4.77247      35.7314
    -3.49028      16.7629            0      6.91037            0      11.7243      18.4578
    -8.62587     -9.04863            0      4.36444            0       7.7773      10.5681
    -5.51125     -9.90412            0     -11.6342            0   0.00495823      21.2761
     1.10938     -24.9633            0      2.82024            0     -2.17056      16.7195
     -2.1481      7.87136            0     -14.2058            0     -6.06912      34.0466
    0.704943      7.85949            0      4.67003            0     -8.17849      29.8234
     5.58719     -9.71786            0      1.38829            0      11.5795       22.918
     2.68551     -11.9219            0      35.9653            0     -11.0932      14.3277
    -2.13827     0.694232            0      27.3516            0     -4.69704      4.27546
    -3.99406    -0.954369            0     0.128188            0     -4.53876       12.776
    -1.03517      2.36432            0      2.14303            0      14.2131      26.2016
    -3.87391       6.0201            0      16.3107            0      31.5204      4.73063
    -7.91575     -1.40661            0      1.09367            0     -5.14603      21.2261
   -0.312981     -2.99983            0      35.2559            0      5.34589      13.1882
   -0.834302      2.43338            0      13.1943            0      3.55525      9.12361
     5.22479     -13.6545            0      7.29971            0      7.68312      11.1323
   0.0105525      7.70401            0      27.6601            0     -1.24704      16.7366
     1.36688      15.9737            0      -2.0717            0     -7.22245      28.0752
    -3.24584     -8.52939            0      11.2155            0      2.23662      12.4333
     2.61504      -1.8723            0      7.55622            0      22.9584      7.57272
    0.662297     -4.28453            0      2.94598            0    -0.214775      15.3672
    -1.51862     -8.03449            0     -10.8396            0      3.50462      20.8581
    -4.65136    0.0641617            0       14.032            0     -2.94111      25.9464
   -0.182884      18.8139            0     -25.6218            0     -6.80145      56.4994
  -0.0125971     -9.90955            0     -10.0422            0      7.32413      25.6334
   -0.770931     -11.0949            0      2.73525            0       -3.004      14.6865
    0.975193     -8.11207            0       9.5261            0    0.0959363      5.49846
    0.285392     -4.48453            0     -0.14889            0     -5.80218      11.7897
    -8.52825      -5.0691            0     -5.81668            0     -2.43641      16.8824
    -2.21656     -14.6332            0     -13.1143            0      -9.4673      32.3011
    -1.72804     -7.03482            0      11.5188            0      5.34549       19.847
    -6.20852     0.173538            0    -0.457655            0    -0.299699      9.50653
    -6.73547     -9.83319            0      56.7338            0     -16.5457      3.02341
     1.62574     -8.44558            0      53.4046            0     -4.22538      8.49881
    -2.40491     -16.6742            0     -1.47563            0      8.75752      16.4519
     3.60548     -12.3338            0      -10.106            0      1.05576      25.5756
     2.28487     -3.25984            0      11.3656            0      4.75255      5.91717
      4.0685     -6.28709            0      12.8045            0      9.92296      13.8392
    -5.36303     -7.10891            0      6.15531            0      12.7971      8.82986
    -3.92395      4.33507            0      29.4009            0     -11.8986      15.1909
    -3.03178     -11.6076            0     -17.2916            0     -0.44425      25.9582
   0.0234253    0.0924884            0       10.641            0      7.29613      11.0677
    -3.04491     -1.24333            0       21.253            0    -0.709536      8.37355
     1.93835     -19.2099            0      9.67005            0     -1.62864      16.8418
    -1.36721     -10.3217            0      10.3495            0     -9.67523      23.8201
    -1.33714     -1.58998            0      13.5813            0     -11.3654      18.7691
     1.16869      5.80646            0     -1.92293            0      3.40813      22.0209
     1.68278    -0.676799            0      18.9601            0      6.22786      7.09115
    -1.03188     -8.24268            0       4.2806            0     -4.98978      12.1709
     1.90473      14.4351            0      9.34155            0      2.28579      23.3945
     2.51981      1.58847            0      19.3985            0      16.7839      13.2248
   -0.324711      1.01942            0      -4.6286            0      10.6717       17.019
    -6.34073   0.00586741            0       3.0637            0      8.16019      5.05309
   -0.293009     -2.90438            0      1.16234            0      3.26403      7.82521
    -4.62383     0.197938            0     -7.11496            0     -7.04152      24.6645
     3.28712      9.84426            0      51.7045            0      5.61593      23.4651
   -0.327442     -6.41035            0    -0.110996            0      11.2268       10.786
     3.06919      8.92818            0      29.2379            0     -1.08304      17.6772
     3.01609     -6.71577            0      5.60081            0      14.9818      8.99321
    -9.08747     -4.07561            0     -1.80922            0     -8.82682       29.808
  -0.0204559     -13.5319            0     -7.47212            0    -0.428145      9.93877
   0.0886859     -7.10315            0     -10.5954            0     -6.97149      28.5874
     2.35874     -15.5809            0      -17.352            0     0.753146      31.5362
    -3.53556     -4.13807            0      6.52582            0     -3.83982       5.0987
     -5.0633      5.57641            0     -11.2891            0     -4.25563      20.3862
    -1.18534      20.5069            0     -10.8693            0     -12.0886      31.8364
     4.97149      3.71837            0      31.2291            0     -4.81823      10.7836
     4.06387    -0.204732            0      7.88374            0      5.80072      18.8677
     1.27885      12.9815            0     -10.6775            0     -3.56783      33.3608
     0.80134      10.3237            0     -9.94984            0     0.777686      27.9822
    -12.6505     -5.40481            0      9.39551            0    -0.576401      3.04884
    -2.84898     -15.9784            0      16.6047            0     -6.40717      11.9245
    -1.80376   -0.0551341            0      4.58469            0     -1.25903      9.85858
    -4.69153     -3.29424            0      4.94775            0      18.9462      10.8462
     2.14981      7.60362            0      6.78279            0     -2.21821      20.2946
     2.01438     -13.1643            0       4.3735            0      4.53484       20.885
    -1.66221     -20.6175            0     -2.75585            0     -9.41593      20.9487
    -5.79077     -6.54559            0        11.89            0     -5.61148      15.7925
    -2.39007     -1.52711            0     -3.92047            0     0.198866      13.2734
    -2.14578     -19.3245            0     -15.9672            0      7.32003      31.0087
     1.25038      3.18481            0    -0.740754            0      2.41374      19.7506
     1.31907     0.533777            0     0.304444            0     -2.36232      14.3172
     5.43271      2.40938            0     -17.5076            0      9.35247      45.0511
      3.9967      4.55039            0      23.1252            0      7.27243      7.93274
    -0.97204      -20.868            0      21.2451            0     -9.64502      13.9366
    -2.91087     -6.90711            0      3.70133            0     -1.19095      20.5917
    -5.27938      10.9149            0     -4.98223            0       2.4001      19.8212
     1.24216      2.62906            0      22.7157            0      21.7113      8.87398
     2.78394      24.0329            0      1.11438            0      10.5028      26.2634
    -2.70708     -2.40068            0      22.7096            0      11.5981      21.3402
    -2.08953     -11.3838            0      9.94178            0      1.53565      8.91908
     1.38426      2.40666            0     -2.73468            0     0.718282      10.4198
    -2.01654      2.29785            0     -4.64962            0      -0.2938      9.48578
    -1.34288     0.080239            0     -3.65026            0      5.88745       11.524
    0.383726     -16.2451            0       20.331            0     -6.37691      11.1206
     -1.5165      10.2939            0      8.07413            0     -1.12028      16.1151
    -2.30811     -4.57939            0      1.36232            0     -1.15192      10.7624
   -0.106303      7.10871            0      16.8046            0     -1.68867      23.1025
   -0.673376      6.65079            0      5.04263            0      7.19162      7.50622
     2.05887     -7.11007            0     -1.69883            0     -3.10553      19.7367
     0.59939      -41.218            0     -26.3799            0      9.79063      33.9151
    0.053382      -5.2249            0      -1.8527            0      10.9573      16.3375
     4.49939      19.3396            0      4.47833            0      14.4661      24.6869
    -1.03278      2.17456            0       4.9543            0      6.52122      4.96657
     1.41193      -15.477            0     -12.0479            0      8.23285       24.843
   -0.229013      1.81431            0     -4.38583            0      16.7526      22.8513
     -3.8691      12.7759            0     0.340722            0       6.4604      19.3935
    0.117689      2.20584            0      7.48045            0      -3.3095      17.3645
     2.80318     -9.13521            0    -0.770475            0      11.4488      19.4723
    -5.78306     0.384039            0      15.2832            0     -5.60066      7.18815
     4.22832     -7.64708            0     -11.8681            0      1.32484      29.8188
   -0.834017      6.40013            0       17.158            0     -10.5475      15.9942
    0.206088     -3.23078            0     -9.66779            0     -7.22422      22.9704
    -6.24056     -18.2112            0      -7.9961            0      1.20621      17.7615
   -0.952227      7.56843            0     -9.39901            0     -8.37957      20.8745
    -4.32038      15.4333            0     -13.5448            0     -6.91809      27.3901
    -0.46616     -12.9717            0      -5.4416            0      1.77942      9.60177
     4.09901     -5.27331            0      20.8438            0      9.16674      6.99936
     3.41771      6.38617            0       12.119            0      5.56464      24.4502
    0.129111      5.36962            0      7.13165            0      3.47244      15.1484
     6.20535      6.56111            0      6.44728 -0.000422958      15.2516      29.2353
    -1.99072      20.1919            0     -6.70006 -0.000182071     -4.00236      46.9285
   -0.326023     -1.06118            0      2.75759 -0.000275402      7.76948      8.87053
     1.10449      -7.1574            0      36.0909 -0.000255815     -5.20961      9.24392
    -2.98857      4.45842            0     -6.03019 -0.000346127      1.12008       22.554
     1.17823      5.05584            0      4.37908 -0.000425702      10.9495      12.5955
   0.0950505      5.39319            0      5.27619 -0.000330914       7.8104      16.3261
    -1.02359      14.3172            0     -7.14876            0      8.95764      35.0385
      3.5868     -13.3731            0      21.3371 -0.000416541      12.1261      26.0419
    0.423434     -10.2319            0     -15.8559 -0.000636823     -4.83955      26.1373
    -4.38758     -9.24091            0      6.81993 -0.000241687      1.22127      6.96692
   -0.444375     -3.74352            0     -11.4221 -0.000354025    0.0772113      24.1402
     3.13224     -3.19239            0      5.35471 -0.000335171      3.90539      8.73855
    -5.26944     -9.36475            0       3.8281 -0.000285868      20.0041      13.7434
     1.41655      10.7165            0      22.8632 -0.000493009      1.20584      19.0276
    -4.56819      11.1785            0      4.89973 -0.000237057     -11.4416      22.4612
     4.77548     -2.48203            0      47.7697 -0.000367138     -22.1149       19.109
    -3.03198      2.43546            0      5.91587   -0.0001548      10.5424      6.16921
    -9.67452      4.33447            0       11.252            0     -1.73269      28.6742
   -0.377294     -9.43833            0      29.0192 -0.000365406     -7.01425      7.49448
     2.76138     -26.0843            0     -1.96692 -0.000244041     -10.1593      26.0992
     3.56445      9.77778            0      20.6005 -0.000208955      7.34243      15.7902
    -3.11762      4.48896            0      13.3721 -0.000236929      -10.159      20.1789
     4.43245      8.25466            0      14.3012 -0.000608465      13.8569      19.9647
     -2.8628       3.8433            0     -1.78223 -0.000406187      -7.7484      36.8572
    -2.12837      -19.243            0     -6.95135 -0.000340693     -3.75763      24.9855
     2.46973     -10.4155            0      29.7789 -0.000266301      -16.897      19.3965
    -6.40179      7.40623            0      9.84604 -0.000146384       8.0627      30.6375
    -4.44487     -1.92487            0      27.2849 -0.000394595      1.19345      1.66355
    -9.30348    -0.973937            0      17.8897 -0.000187842     -6.40573      7.42532
     2.95713      11.6818            0     -3.60301 -0.000492266      18.9975      39.0737
       2.165     -5.41157            0      36.7732 -0.000267346     -1.00835      7.75661
   -0.269057      4.17967            0     -10.0286  -0.00026868     -5.09717      30.5657
     0.51387      5.95962            0      15.0652 -0.000172486       -10.01      18.9491
    -6.90865     -14.6094            0      1.98889 -0.000414139     -4.72793      13.9279
    -8.25339      -14.791            0      -8.8885 -0.000522019    -0.261741      15.7214
     4.48856     -18.0444            0      20.4475            0      1.79418      14.3661
    -2.50757      -13.222            0      4.38833 -0.000546706     -1.44718      11.0238
    0.391507     -12.6043            0      -11.502  -0.00054954      1.97994      22.4802
    -1.78095     -7.33712            0      4.55863 -0.000331564      18.6012      11.9843
     3.69432      8.20964            0      14.3749            0    -0.412736      30.5461
     4.65033     -2.78422            0      22.8477            0     -6.85434      8.47393
    -2.13992      10.3262            0       19.287            0     -19.5337      32.4724
     3.34969     -20.0602            0      8.92258            0     -2.66839       18.029
   -0.480629     -5.32309            0       13.024            0      1.64595      17.6467
    -4.16074     -4.84583            0      6.89654            0     0.711764      15.1791
    -5.66462      19.2655            0     -2.03829            0      10.6125      27.1748
     2.88443      4.78747            0      6.66316            0     -6.37946      22.2709
    0.853124      19.9546            0     -7.34825            0      3.46434      26.7622
   -0.780603      13.1307            0     -6.11727            0     -1.71966      19.3764
     4.14575      14.2621            0     -1.99551            0      11.0228      38.4106
     0.97285      9.38776            0       12.709            0      13.2366      15.3779
     3.59733      12.0654            0     -1.19932            0      19.5343      21.8324
     1.80658        9.093            0     -4.72809            0     -5.53685      27.7572
     3.14233     -25.1385            0     -23.8017            0     -1.68115      32.1193
     2.32673     -8.00653            0       3.8335            0      10.9903      9.05902
     0.87245      8.86874            0      5.62217            0      2.99828      17.5202
     1.31032     -7.32529            0      15.5616            0      7.39157      11.7973
     2.72449      -8.8607            0     -6.18687            0      6.09737      15.4515
     4.84091     0.532319            0      25.4425            0      3.71435      13.9135
    -1.22802     -16.9731            0      3.26417            0     -5.89887      22.7848
     2.16702     -6.94164            0      17.0678            0      20.2653      13.4416
    -5.93664    -0.583959            0      16.1243            0      4.51566      3.37393
    -2.98246   -0.0318799            0     -13.8205            0      7.48196      38.6971
    -5.79807      4.24323            0   -0.0255091            0    -0.311374      6.56242
    0.405273      2.71723            0      2.49521            0      -2.6311      5.20965
    -1.77746     -2.45869            0      3.29918            0      10.3267      20.2312
     1.15636      18.2417            0     -16.1879            0      2.29495      38.9706
    -2.82618     -16.1773            0       7.7457            0     -1.57579      18.0844
    -3.80382      12.5327            0     -4.63546            0     -2.06889      18.9946
    -12.0161     -15.0679            0     -2.62926            0      2.13627      20.6097
     2.23641     -21.6916            0      2.11494            0      6.62442      18.1895
   -0.372876      3.95247            0      40.3393            0      2.94096      12.0447
     1.04976      4.73787            0      -5.2962            0      1.21946      13.5411
     1.77467     -10.5833            0      1.32737            0      3.69087      26.3256
   -0.682982      -6.5773            0      16.3169            0     -3.96335      5.09211
    -3.47357       1.3428            0      2.21986            0      4.16769      16.4716
    0.705257     -11.2637            0     -8.84994            0      8.75359      27.3506
     3.87554      26.1748            0     0.696787            0     -2.81715      38.0568
     1.49943     -4.34018            0     -3.57003            0     -1.43401      29.8697
    -11.0976       13.862            0       10.717            0     -13.6176      24.0007
    -7.00979     -3.60313            0     -8.11087            0     -2.26901      24.3849
    -2.08367       1.2493            0      3.85853            0     -9.05772      17.3438
    -3.68197     -19.1347            0     -1.93733            0      6.66687       17.339
   -0.533217     -5.35774            0      1.20625            0      2.59816      9.71687
   -0.358455     -8.14032            0      -10.895            0      1.80951      15.6811
    -2.01429     -2.24465            0      1.87243            0     0.378811      2.99528
   -0.287948      4.58509            0      16.3342            0      5.80652      19.7098
      3.9704     -6.02359            0      17.1536            0      3.00187      10.4926
     3.62793     -10.9478            0     -2.07395            0      24.7277       21.172
     3.10775      2.32175            0      4.43896            0      12.2353      10.1821
    -2.97882     -20.8283            0      6.40741            0     -7.18295      19.0006
    0.984783     -2.77868            0      8.26042            0      7.77002      13.9865
    -2.05568       2.9797            0      7.80974            0      8.56955      7.61441
  -0.0643083      2.06192            0     -0.98368            0      3.44536      7.52279
    -6.39653      1.92319            0      7.89546            0       7.5538       4.5796
    -5.82954     -1.84677            0     -8.09779            0     0.469725      16.2659
    0.667487      -24.251            0      1.64838            0     -1.89211      14.9739
    -1.69814      8.55975            0      3.94427            0     -5.67668      22.0348
    -2.08936      1.44036            0      1.15013            0    -0.420081      25.1732
     3.52616      2.53377            0      2.51973            0      21.0156      11.7368
    -1.26419     0.158169            0      35.8991            0      9.91993      21.2918
    -4.67876     -3.94028            0      9.41782            0      9.01887      16.9807
     3.53999     -7.62075            0      5.49439            0      7.15669      17.6561
    0.177164      3.91433            0      7.51936            0      1.47755      6.57623
     3.90362      2.75431            0      18.3632            0      17.3949      5.17197
    0.535941      1.64141            0     -5.50068            0     -5.16775       20.911
    -0.60789     -8.21897            0     -4.13557            0     0.975364       12.168
    0.774976    -0.575396            0      -11.033            0      2.72379      19.3526
     3.68501     -4.16976            0     -5.36079            0      16.4941      22.7723
   -0.341588      12.5775            0      7.18695            0    -0.405711      23.1861
    -4.42712       3.7769            0    -0.607223            0     -11.9729      33.4974
     -1.8197      1.93966            0     -5.92177            0      1.36163      21.4961
    -4.31035      19.7571            0      3.18215            0     -7.85701      40.0794
    -4.29778      13.7999            0     -2.25239            0     -4.40579       33.147
     1.88554     -1.43043            0     0.558799            0      4.52208      16.4989
     6.13577     -15.4898            0      22.0892            0      35.3276      25.4127
    -3.99257     -1.56662            0      3.82583            0      3.60398      2.63683
    0.550266      20.0017            0      10.5116            0      15.8715      22.4366
     1.98894     -2.88565            0      23.6678            0      -2.7856      1.47762
    -4.44304      -3.4727            0      4.73891            0     -2.71171      11.1046
      3.4168      0.82146            0      3.67255            0     -2.67055      33.8066
    0.434786     -6.13199            0      5.74365            0     -7.42708      16.9901
    -9.07835     -8.43752            0      -3.8308            0      5.38813      12.1561
     5.33822      -4.8909            0      17.9219            0     0.512883      20.0774
     2.23595     -8.68477            0      32.8101            0     -11.4362      3.89976
     2.44294     -3.07033            0     -3.86163            0     -4.69151      27.4198
    0.462288     -14.1911            0      16.0253            0    -0.276714      13.2795
     4.83728     -11.0848            0      15.4091            0      9.67932      36.0914
    -5.45534      -7.7652            0      12.2728            0     0.748188      9.21036
    0.100851     -11.3755            0     0.434779            0     -8.12123      24.2882
   -0.594316     -4.96053            0     -2.55583            0      4.81213      6.36381
    -2.87748        1.572            0      2.86559            0      3.58305      7.15245
    -2.11036      2.22244            0     -1.80125            0     0.714459      13.4624
    -6.70992      8.45349            0      1.57709            0     -1.27562      17.8873
    0.153292      20.4958            0     -15.4569            0     -6.92138      35.8799
    -3.11995     -2.04825            0      8.35115            0      11.3107      11.7426
   -0.483647     -4.69121            0      1.36274            0     -3.13071      13.1433
     2.27051     -6.37656            0      5.50081            0      1.93822      6.79969
    -4.68943     -8.86272            0     -7.50452            0     -2.81366      21.6564
    -6.58136     -13.3107            0      12.7455            0    -0.322975      9.34019
    -11.9834      11.5027            0      18.2182            0     -3.24831      16.6736
    0.879921      1.91734            0      10.5489            0       11.899      6.08211
     2.84868     -23.8943            0      3.26603            0     -5.92185      19.1427
     1.99382     -7.64277            0      3.11828            0     -10.9871      21.0712
     1.38577      -13.768            0      2.15621            0      2.16689      10.2671
    0.174045     -14.8017            0      45.4597            0     -9.98464      11.6112
    -1.29475     -4.18215            0     -5.63371            0    -0.844212      7.73091
     -9.2762    -0.881489            0       6.7935            0     -2.56886      8.27707
     3.57694      -7.3923            0     -4.36681            0      4.87282      14.4766
     4.12141     -22.2091            0      -3.5283            0      27.6912      33.9589
    0.839568     -8.63043            0      -13.197            0     -4.15118      41.1897
     1.55504      5.89512            0      10.3905            0     -11.2311      15.6586
     1.35741     -7.40729            0      6.47326            0     -11.6428      30.3429
    -1.06513      7.79934            0      17.2032            0     -11.8138       11.923
     -6.3706      4.34901            0      1.54625            0     -2.95599      6.88007
     6.18552     -23.5135            0      19.5401            0      1.65364      23.0425
    -1.85703      6.61968            0      10.3672            0     -7.44504      15.0498
    -11.4271     -1.63647            0      4.97506            0      7.87618      18.4205
    0.550466     -15.9286            0      -4.9875            0      6.22082      15.3584
     1.41096     -4.27145            0     -10.7475            0      2.48438      26.4093
     5.62648      20.5974            0      14.4876            0      23.0144      38.4725
    -3.24807      5.00504            0      9.73477            0      8.27539      5.82185
   -0.992358     -4.96461            0    -0.264092            0     -9.07348      22.4481
     3.52105     -17.8109            0      10.4121            0     -1.62729      12.6866
   -0.725501     -9.59638            0      2.89041            0      6.32503      12.0252
    -2.77136      9.31069            0      4.33693            0     -2.93561      22.9688
      3.8101     -9.14621            0      25.0526            0     -4.03562      7.44952
    0.424294     -3.71997            0      23.6764            0     -5.63778      8.13033
     2.98698      -11.398            0      7.56732            0      15.8579      11.9822
     2.41604      5.03759            0      15.6683            0      3.71246      9.90505
    -10.5584      2.42226            0     0.996757            0      13.1436      29.9072
     5.32463     -1.52023            0      12.7611            0     -7.68457      27.9021
     1.59923     -16.1662            0      3.54404            0      -1.2605      14.1965
    -0.98378      -9.0049            0     -15.2663            0     -5.05731      35.6152
     -6.5939     -9.58089            0     -7.05068            0      1.31075      8.22189
    0.533029     -10.0262            0     -3.73106            0     -13.8414      44.3794
     2.61825     -10.9124            0      18.8552            0      12.8164      19.6737
     3.96509     -6.04238            0     -6.92032            0      11.5818      25.5584
    -8.10804     -1.37178            0       1.2853            0      7.92011       7.1718
    -2.08604     -8.08432            0     -3.08456            0      11.5341      21.4136
    -1.82294      1.44123            0    -0.409004            0     0.221831      3.14477
    0.713477      17.2098            0     -6.49596            0     -8.53058       31.139
    0.432959     -3.07757            0      7.80259            0      26.2062      29.0218
    -8.49788      14.1078            0     -4.31871            0    -0.784015      27.2832
     3.76027     -11.5993            0      22.0817            0     0.281427      9.94079
    0.298895     -22.4008            0     -22.5083            0     -2.69611      30.8504
     1.35305     -16.3679            0     -11.2035            0       4.6898      21.2693
     4.38547     -3.94663            0      12.1584            0      18.1683      14.9786
     1.24416     -2.04676            0      33.6901            0      11.9217      23.6163
     4.43856     -9.89948            0      15.8453            0      3.39413      11.6813
     6.96431      15.3624            0      41.7082            0      16.1095      19.4692
    -4.16058     0.714877            0     -10.4636            0     -5.61564      25.9465
   -0.270788     -3.89956            0     -12.7374            0       5.2931      21.2724
  -0.0972676      3.54795            0      3.09342            0     -1.33439      15.3709
     2.84749     -3.20464            0      20.3386            0     0.253641       25.011
  -0.0657315     -4.11771            0     -5.08392            0     0.103014      21.3009
    -2.87602    -0.847319            0      17.3217            0    -0.226327      4.14329
     1.70175      3.59826            0      6.87793            0      8.69027      6.75541
     5.05115     -15.1303            0      18.4972            0      -2.4488      13.8136
    -3.92829      10.6026      6.41057     -8.77389            0     -3.91569      26.3465
     2.54549     -19.1667      7.49953     0.326716            0     -13.9999      36.6722
     1.02812     -13.9414      12.9071     -10.5697            0     -5.44886      27.4361
   -0.174774    -0.486367      5.84439      3.85625            0      9.52929      1.99036
   0.0516386     0.987471      1.40755      20.8841            0      2.50211      5.52041
     2.61745      -2.8492       7.2362      4.85596            0      4.41017      13.5304
     5.49432     -18.9146      7.15024     -3.74778            0       11.483      16.3772
     1.68106     -11.7021      8.59196      24.3951            0     -12.9673      19.6757
    -2.83517     -6.45866      11.9305     -3.50407            0      4.03382      5.68885
     -7.3812     -10.3323      8.89447     -18.6929            0   -0.0766067      36.0695
     5.37324     -7.27587      8.03188      19.0582            0      10.5728      14.6056
     2.46818      14.2332      7.70719     -10.1282            0      4.43651      30.7372
     1.75766      3.78609      9.98013      11.9026            0     -1.67751      6.19327
     -5.5593     -3.40447      7.94088      5.65278            0      6.83558      1.88178
   -0.453101     -15.1674      8.42279      4.01405            0      17.6549      13.9562
    -2.90437     0.726734      1.36602      1.96137            0      10.3248        8.833
    -3.38165      -1.1924      6.49187     -2.32827            0     -5.57272      20.9819
      2.7058      11.1274       6.2554      16.9537            0     -11.0472      17.8095
    -4.45123      3.73492      8.11223      1.95932            0       6.4351      8.49959
    -3.03896       18.501      4.51646     -8.59568            0      4.11434      22.6236
    -1.61645      17.6027       9.5952      7.28464            0     -4.13728      27.8728
    -1.20346     -11.2009      5.37579      4.26646            0      13.7594       19.941
    -1.25601     -8.71778      4.98522      18.7402            0     -5.07118      14.2506
     1.12162     -12.5236       6.4082     -3.28339            0      13.9079      12.8346
    -1.80982      4.07855      7.57512       6.9868            0      7.72495      5.31538
   -0.541741     -3.09013      5.61271      13.1968            0     -2.66535      11.9249
    -1.79959     -11.0453       7.6915       5.5107            0      15.4045      15.7991
   -0.754776     -4.56101      4.22269    -0.204522            0      2.03483      6.14977
   -0.182613      6.01321      11.2923     -10.1079            0      3.36358      25.8967
     4.13712      23.2696      13.4927     -5.20842            0    -0.701875      48.7226
     3.95674      -1.6712      7.65524      35.9648            0       12.091      2.80716
    -1.20662      5.69337      8.32594     -5.18278            0      7.05667      23.5988
     2.26297      4.61454      4.14547     -3.42296            0      1.64333      16.8442
    -1.22495      4.80833       4.3423      8.52165            0       -3.427      14.9695
     3.62381     -7.48545      5.49161      30.5004            0     -6.68633       16.159
   -0.106248      14.6653      8.30794      1.47029            0      -8.3105      26.7424
     2.03082    -0.580654      7.12507       17.518            0      2.96301      11.3092
    0.571669     0.347318      6.10561     -1.32064            0      3.13847      14.6641
     3.12256     -6.86035      6.81662      1.20936            0    0.0370515      28.5735
   -0.858244     -12.8411      10.6578     -12.1792            0     -2.22458      19.2927
    -5.37189     -9.22439       7.1283     -1.82965            0      2.15338       6.9813
    -2.99528       7.6164      3.63581      2.74609            0      3.58258      14.7678
     -3.8736      7.45111      11.9002      3.23974            0      11.8178      8.41663
    0.833464     -8.92178      5.97083     -1.67229            0      1.52695      8.21124
     6.40322     -22.6157      8.64118      51.2268            0     -21.3255      17.5991
    -1.88194      14.0853      7.18181      3.02466            0      0.90933      15.3432
    -0.46928     -17.4762      9.07775      6.26976            0     -6.05699      12.4714
     5.59549     -20.7865      6.91077      17.6391            0     -9.50604      17.1872
    -2.81363     -4.88694            0      4.47601            0     -1.28584      7.38573
    0.138414     -6.87775            0      23.2196            0     -10.2685       19.512
   -0.430611      1.78072            0     -8.12071            0     -7.94859      29.7153
     1.88889      1.73235            0     -1.93302            0     -6.60028      24.2144
    -4.86074     -4.53974            0     -5.55526            0     -1.87632      12.2821
    -1.82508      5.23232            0     -1.63775            0     -5.75227      38.1728
     1.85584       1.1382            0      7.62668            0      8.43526      7.01725
    -6.59242     -8.29961            0     0.820067            0     -4.76942      17.3005
   -0.757043      12.9882            0       16.085            0      1.31659       22.556
     5.07398      -10.897            0     -4.79578            0      14.7828      31.0817
    -1.61726      4.88834            0     -9.24399            0      -7.1162      25.7675
     1.62639      1.57461            0      21.8315            0      13.0922      3.21043
    -5.41001     -4.48727            0      6.32018            0     -12.4882       20.027
     6.22291      3.44333            0      15.4149            0      30.2619      10.4648
     2.78755     -15.3393            0     -5.54707            0     -8.05049      17.6764
    -1.30744      6.10861            0      9.52458            0      5.31496      16.3847
    -2.31937     -13.8033            0      1.73421            0      4.87212      18.0357
    -0.70856      4.16454            0      2.73323            0      13.6206      10.3721
    0.906661      -10.416            0      21.0219            0     -6.37077      8.75595
     1.02775      2.20887            0      1.42116            0     -1.37122      12.7131
    -2.67725      2.97048            0      5.69525            0     -0.26134      31.6085
     4.06109       3.0707            0      46.7053            0      6.43231      14.4303
    -3.19467     -13.0475            0      9.51959            0     -4.27949      14.7533
     1.52028      10.6971            0     -3.51691            0      3.58346      24.7461
    -1.24202      10.9677            0      4.56482            0     -7.29259      24.6264
    0.273112     -2.50648            0      18.5829            0     -6.57281      9.09984
     3.14231     -16.1469            0    -0.952509            0      15.5264      17.5727
       4.566     -6.57279            0      8.53994            0      12.6347      20.4145
    -2.31825     -6.58694            0     -1.29511            0      2.82228      22.4437
     6.94729      6.55689            0      16.7743            0      2.47131      32.8625
    -4.56025     -9.22125            0      10.7751            0       5.8188       16.926
   0.0833208     -2.76618            0       1.4436            0      1.10825      21.2264
    -4.10401      2.52944            0      9.71943            0      5.98174      44.5285
   -0.797663     -13.2696            0      11.2263            0      1.34199      11.0078
     1.73877      7.83934            0     -2.48274            0     -2.76427      45.3997
     0.63958     -10.3877            0     -1.65065            0     -3.69621      26.6984
     1.72725     -7.11658            0    -0.928355            0     -3.64178      21.3082
    -6.74739      3.57147            0     -9.39284            0     -3.96782      22.6353
    -5.23472      1.88128            0     0.676423            0      3.35702      9.32348
     1.75052     -7.20891            0      1.32078            0     -3.43489       31.917
    0.539515     -4.64798            0    -0.164207            0      7.13341      9.13579
      3.7522     -17.2022            0      14.6528            0     -3.05306      20.2689
    -4.32205       2.7842            0      7.84231            0      2.09849      5.31939
    0.123579      11.3806            0      14.7216            0      -13.056      23.7869
    0.802189      1.14807            0      13.1008            0      6.18037      9.50981
     3.59733     -13.3089            0     -2.41183            0   -0.0529284       32.923
   -0.249886     -19.3313            0      17.6653            0     -9.31158      20.4748
     1.22172    -0.742203            0      12.2531            0     -1.78514      6.72243
    -5.63639     -19.5491            0     -2.80433            0     -3.92972      19.1989
    -4.56726     -14.5177            0     -2.19927            0      6.76866      16.6399
     -1.4335     -4.53286            0      3.15405            0      7.23775      25.2399
     8.61055      4.79843            0      22.0573            0    -0.198204      42.2901
     3.51977    -0.684905            0      1.69786            0    -0.139833      34.5022
    -5.92394     -8.57849            0      9.34779            0       1.2901      7.11996
   -0.194111      15.7911            0     -4.27082            0     -12.5618      38.0356
    -5.12017     -9.02114            0    -0.966165            0     -12.8127      31.8077
     -1.1522      4.54215            0     -10.2053            0      1.30022      21.1559
     2.54529     -26.7662            0     -11.9353            0     -4.57054       37.545
    -2.23884     -13.7967            0      1.79477            0      1.50604      25.5227
    -2.93633      2.49679            0     0.410411            0     -2.21846      13.2608
    -1.72858      5.15356            0      3.66699            0      -0.1385      14.9071
    -3.28763     -5.41086            0      28.5236            0     -9.10745      10.3345
    -1.98155     -3.45597            0     -1.54594            0     -3.14032      27.4046
      3.7483      9.88327            0      3.99906            0      4.58928      14.7704
      3.4213      19.5772            0     -3.77106            0      6.84679      36.1688
     2.21852     -3.99348            0      15.0162            0       8.2285      17.7606
    -1.31739      12.9666            0     -4.24113            0      8.03068      43.0002
   -0.300535     -2.80075            0      41.1118            0     -6.75799      4.21532
     2.15249      2.92102            0     -6.56836            0      11.4449      23.6199
    -1.17343     -18.5927            0     -10.7057            0      3.54384      17.5785
     2.35253      5.75258            0      32.6771            0       13.907      19.7712
    -1.81628      2.04565            0      15.3499            0     -13.4244      18.9944
     2.30959     -7.15556            0      15.9489            0      21.7716      11.5361
    -2.49498      3.84187            0      24.0544            0       4.9618      10.2707
     2.67018      9.52794            0     -11.1572            0     -1.96092      39.9416
     0.26403      4.84754            0      11.7917            0      12.2827      6.21682
     2.65514      1.54268            0     0.623018            0      8.19796      13.4839
    -3.10342     -2.36263            0      10.0176            0      1.79918      16.0405
    -3.34219     -7.05492            0       29.041            0     -11.1226      9.78303
     1.25078     -17.9666            0      7.54272            0      -3.5845      23.5801
     5.59817     -9.95524            0      17.6938            0     0.680954       21.706
    -6.97226      4.36743            0      12.3391            0     -2.71027      18.0851
    -1.47032     -9.55785            0     -14.3131            0     -3.68581      19.8072
     -4.8688     -5.52942            0     -10.1114            0      -6.0964      23.6504
     -3.0382      2.22111            0     -10.2238            0     -4.00776      20.8137
   -0.638427     -2.65389            0      2.35619            0      2.58238      7.94495
   -0.911383     -10.3767            0      3.57051            0    -0.867772      15.5027
    -6.61321      1.44081            0      3.66872            0      6.73801      21.3266
    -1.11855    -0.127764            0      3.30688            0    -0.109244      14.1132
     2.08256     -19.2477            0     0.146421            0     -5.20391      20.0958
   -0.957768      7.25328            0       -1.111            0      3.11076      18.9068
    -2.03919      -0.5067            0      7.97777            0      2.49043      18.5382
     2.04716     -17.8984            0     -9.93406            0      18.7522      27.2187
   -0.477574      -9.2411            0      10.0105            0     -2.78613      16.1291
     1.85943     -5.02039            0     -15.7787            0      1.10401      42.5456
     1.37692       18.845            0     -12.3709            0     -7.81094      41.5866
     1.93377     -4.93712            0     0.150863            0       6.6719      8.27007
     1.50571    -0.698792            0      1.89356            0     -2.19749      13.2574
    -8.09836      -6.9566            0      1.46936            0      -1.5786      15.8294
    0.270277      1.68824            0      3.78419            0      -1.9412      27.7531
   -0.118679      13.0157            0      22.0126            0     -20.4567      25.2389
     3.23215     -4.01993            0      13.4306            0      14.4719      18.1067
    -6.41078     -7.77398            0      18.8483            0     -1.98053      3.02028
     2.13843      3.50044            0      12.5104            0     -3.33009      16.2823
   -0.224449     -2.12472            0    -0.451467            0     -10.7655      25.7238
     4.80105      6.50915            0       40.143            0      13.7364       11.209
     3.07516     -7.83815            0      27.5725            0      6.12777      17.8499
     1.63154      6.17162            0     -3.03122            0     0.860862      25.5638
    0.386992    -0.698534            0    -0.682848            0       -4.557       18.332
     1.77371     -4.36275            0       15.244            0      1.49676      5.87086
     2.77279      5.00709            0     0.257479            0     0.135401      18.6326
    0.309296     -15.9387            0      10.9248            0     -6.54499      14.3892
     2.96078     -1.72681            0      22.2233            0     -3.97148      6.58002
     1.54927      2.52715            0      1.09203            0      9.43189      14.0044
     1.44635     -9.57208            0     -3.98748            0       3.2938      10.8903
    -3.04985      11.8961            0      23.0431            0       1.2505      13.6536
   -0.640893      3.01766            0      8.03333            0     -9.53968      17.3498
    -2.19714      3.86197            0      4.50698            0    0.0559672      11.1409
    -7.14741      11.3074            0      6.06408            0      14.2771      16.1464
    -5.40753      3.51102            0      10.8988            0      -7.4092      24.2198
    -4.12416      11.7388            0     -6.54487            0     -1.46958      28.3629
     -3.9128     0.997149            0       4.3122            0     -4.44667      16.3327
    0.475956      8.52682            0       22.199            0     -16.6325      26.3523
     3.75948      -4.8483            0      11.4255            0      -7.9648      40.9193
     1.83217     -2.79177            0      12.7849            0     -3.15573      11.8005
     1.07562     -12.4972            0     -6.93434            0     -7.97207      26.8886
     2.70296     -4.99962            0     0.720807            0      15.5667      15.5333
     3.85411      3.93849            0       27.973            0     -2.39192      24.5135
    -7.94068     -2.56654            0      6.95555            0      4.62488      5.71498
    -4.50519    -0.851521            0      34.4466            0     -5.70587      11.3847
       1.382     -13.3554            0     -2.81989            0     -1.59562      29.7051
     1.08785     -17.9562            0     -5.65799            0    -0.741886      16.8367
     1.67637    -0.342161            0      13.5277            0     -1.06838      4.20156
     2.48043      15.0678            0     -9.54369            0     -8.43809      31.6299
    -8.64375     -1.80931            0      21.2188            0      1.78572      9.72749
     6.31281     -2.33992            0      6.03393            0      15.4638      21.5479
    0.199385      3.83839            0      8.88559            0      -11.686      16.8609
    -1.81396      14.4094            0     -5.71253            0      13.0285      30.8847
    0.590627     -2.16176            0      9.17377            0     -1.02201      4.99951
    -5.07935     -4.21795            0      5.54964            0       4.9226      13.4098
     -4.9665      16.2367            0      2.18737            0     -7.22231      29.6541
    0.703738      -1.9216            0      9.57632            0    -0.889781      12.1128
     3.52675     -18.7255            0      18.8094            0     -9.14033        21.92
    0.556208      5.40187            0      11.2323            0      6.22277      10.4095
     2.36595      3.03925            0       12.889            0     -9.00736      15.7844
    0.412591     -9.95693            0       28.056            0      3.45801      12.3108
       4.313     0.458724            0      17.4068            0     -8.00159      22.4508
    -4.26666    -0.998602            0      -8.1005            0     -4.48214      19.1844
    -2.58059      5.24815            0      -9.8707            0     -2.58868      16.4573
    -1.98753     -4.19316            0     -1.33261            0     -3.60256      27.4076
      3.8942      3.79256            0     -2.77715            0     -14.7182      38.0867
     2.89255     -8.34203            0     -3.49708            0     0.212771      19.6775
      2.0263     -1.19017            0      20.8663            0     -7.67711      16.9547
     1.10597      2.38653            0     -3.52388            0      3.48508       16.483
    -1.83973      14.9794            0       27.293            0     -6.21528      24.4133
     5.22155      8.27382            0     -1.41422            0     -9.10237      39.7914
     1.96519      2.27636            0      10.6745            0      13.3824      14.8509
     1.00696      1.68428            0      1.99279            0      2.46872      27.5751
   -0.836975      -4.8382            0      14.5575            0      13.3702      15.3564
      1.3726     -10.8896            0     -12.8276            0     -1.83761      23.8312
    -1.77823     -15.5077            0     -5.30807            0    -0.618448      19.0277
    -1.58705        8.311            0      -2.2647            0     -6.49758       31.634
     1.59071      7.82939            0      4.19715            0     -3.36913      23.9454
   -0.389022       13.221            0       4.7137            0     -7.99604      22.9884
    -1.18499     -13.3652            0      9.24302            0      2.15308      12.9594
     -1.1065      3.08131            0      6.87688            0      11.4267      4.97033
     1.53984     -2.10046            0      10.0729            0       8.4271      3.52896
    -2.71611     -4.79701            0      2.00228            0      11.0783      11.7161
   -0.191933      11.5144            0     -4.16864            0      1.46778      22.8002
    -3.57195      2.21508            0      1.40671            0      4.63956      8.66378
    -1.94706     -13.8617            0     -1.99631            0      3.67189      15.8539
    -3.08826      6.01714            0     -3.22769            0     -1.01586      13.7487
     3.47214     -3.38372            0     -6.03577            0      8.77766      27.4689
     3.99744     0.116445            0     -17.2005            0      4.44063      34.0708
    -2.01757      16.3091            0      10.1112            0      8.86787      20.1805
     2.80701     0.414901            0      11.6878            0     0.764117      5.57982
     -5.8665     -14.0472            0      11.7911            0     -4.50586      14.5079
     3.67209     -4.35633            0     0.695525            0      7.50894      21.5101
     5.57149      -12.664            0      50.1548            0      -7.6277      6.32837
    -0.35855     0.813248            0      14.0133            0      9.86385      11.7207
    -4.81411     -5.07643            0     -6.21932            0     -4.05753      17.5056
    -2.31358     -4.29644            0     -8.90138            0      3.65393      21.3652
    0.753785      4.31116            0      10.0663            0     -2.09815       5.0567
    -1.07932      1.81773            0    -0.758958            0      14.0098      25.6938
    -7.15553     -2.40476            0      1.35612            0       7.6701      10.1163
    -1.55072      8.61344            0     -11.6723            0     -7.20512      34.3797
     2.72164     -7.55032            0      24.0131            0     -11.6154       11.096
     1.61223     -3.65502            0      1.88009            0      25.2916      19.2459
     3.10693      5.17993            0      21.2143            0     -19.7078      25.8304
    0.692455        8.418            0     -3.58001            0      13.7496      26.6928
     1.74005      3.56551            0      3.08941            0      9.90268      7.16349
     3.35987      -6.9015            0      25.1219            0     -5.46122      15.0656
     2.00255       8.5525            0     -5.60555            0      7.45028       16.158
   0.0785423      1.07744            0     -7.72395            0      8.17351      29.4129
    -2.13871     0.475056            0       4.1181            0      13.2503      3.57235
     4.86608      9.70129            0      20.4297            0      21.6955      9.25841
   -0.946678     0.258796            0     -5.23557            0      20.4555      28.9394
     1.21741     -18.3074            0     -14.2606            0     -1.00907      21.4702
    -5.45618      5.25681            0     -3.46924            0      6.94349      18.3197
     2.04186      -24.972            0     -9.49005            0     -1.72892      33.6024
    -1.86649      -7.0208            0     -5.70523            0      19.5365      19.9583
    -5.17313      6.94243            0     -22.1188            0     -8.73006      42.8839
     0.36403     -10.7413            0      19.4756            0      1.21176       12.951
     4.75926     -7.93172            0      12.1752            0      30.5817      25.3182
     4.28788      5.39098            0      1.03637            0      20.3625       31.303
      3.8133      9.12682            0      10.6382            0      15.9978      24.2117
     1.18182     -4.81517            0     -18.0962            0     -5.91305      36.5748
     1.67311     -2.86337            0      21.3612            0     -2.54216      1.33204
      1.4985     -3.82814            0      21.7191            0     -6.76634     0.559273
  -0.0593506     -3.33147            0      5.23096            0      7.25485       7.1892
   -0.642461      8.59984            0     -6.49427            0     -4.30323      17.7827
     2.58117     -12.2359            0     -1.22577            0      14.8584      26.8088
    -7.04741      13.2348            0      21.1236            0     -9.41706      17.9391
    -5.05216      5.35416            0      4.88824            0       6.2288      17.3486
     2.90658     -1.84375            0      0.65081            0     -2.45735       21.032
     4.43654     -7.97352            0      33.1948            0       2.5148      7.70038
    -6.42846     -41.0334            0     -17.9185            0     -9.60145      46.4421
    -2.52043       7.1312            0      9.36728            0      1.02012      38.8188
     6.95209      3.94105            0      6.11132            0       31.665      19.6002
     1.28267     -24.9381            0     -5.97163            0     -2.09949      16.4758
    0.176558     -2.18366            0     -4.45215            0      3.67636      7.43128
    -1.95899     -11.7147            0     -12.0927            0      6.17727      23.6814
    -2.84391     -0.21168            0     -1.68206            0     -2.90704      9.58835
     1.19584      16.7957            0     -14.0512            0     -3.69172       39.067
     4.35151     -4.51162            0      20.3895            0      3.70923      11.5434
     1.54272      3.39517            0      10.3367            0      8.80677      7.56126
      5.6932      8.49112            0      16.2669            0      17.1183      20.7824
    -3.91837     -3.99078            0    -0.736596            0      8.57612      18.1549
     2.06378     -8.51223            0     -7.71012            0     -2.85391      21.7957
     4.06037      4.88922            0      20.9618            0     -1.88577      15.1549
     3.06435     -19.0762            0      10.9798            0     -5.56719      20.6966
    -4.14175      9.06545            0      18.8683 -0.000115454     -1.28976      15.4387
     2.09781      -9.3049            0      9.52567            0    -0.168069      15.0016
     1.45059        4.325            0      15.2326            0     -4.84355      7.57031
     1.38317      2.14411            0     -19.4129            0     -3.64297      43.4404
    -3.27509      1.64552            0      12.3727  -0.00020676      3.13559      4.18283
    0.108252      7.15242            0      12.9038            0    -0.720893      20.4763
    -2.01155      12.1011            0      8.58125            0      2.99425      25.4275
     -9.7863     -10.3635            0      6.42122            0      4.47113      7.48941
     2.98608      -7.7774            0      16.3811   -0.0003458      5.85487       29.554
     4.86169     -9.11949            0      44.6708            0    -0.388075      17.1725
      4.7359      2.35534            0      18.4821            0      7.72813      15.8328
    -2.12094     -7.47053            0      5.53726            0      -3.0672      4.11601
   -0.299422     -3.08392            0      2.90731            0     -2.74051      23.1471
    -4.61257     -10.7335            0     -7.70388            0    -0.304423      14.9124
     1.30662     0.167744            0      11.7596            0     -9.88989      9.63978
    0.724057      1.70325            0     -4.00973            0    -0.562388      17.3716
   -0.294332      6.34495            0      -6.7402            0      -5.6943      22.3139
     4.30458      13.9187            0      -9.6163            0     0.300866      40.1227
     0.61255       20.244            0      15.4643            0     -2.73812      27.2404
    -6.87574      5.04944            0     -6.74061            0      -2.4708      20.8586
   -0.601656     -7.97258            0      6.60604            0      5.20429      16.0757
     1.96302      5.10302            0     -4.31287            0      -12.521      37.7608
     1.48743      9.76602            0       14.219            0     -2.80912      26.6145
    0.876034      13.9565            0     -7.31455            0     -1.08858      18.2525
     -1.1239     -5.76753            0     -1.12763            0      3.67515      8.47699
     3.91763     -22.4271            0      2.42622            0       -1.068      16.2662
     4.55302       8.7797            0      9.50213            0      13.5811      8.41449
     5.89008     -2.03759            0      8.47642            0      23.5512      13.5666
      4.0139     -21.6057            0       14.888            0      4.77057      16.0968
    -1.28168      8.42597            0     -30.2594            0     -17.9392      63.7269
     1.46046      1.32484            0      41.2141            0      7.61963      9.41292
     4.20805      22.0228            0      7.44169            0      6.11592      36.8248
     3.89861       4.2336            0      13.8219            0     -14.1042       24.202
     -3.2878     -3.73253            0     -3.36547            0      11.0901      13.2568
   -0.087738      4.95768            0     0.903997            0      11.2256      14.6228
     -1.5413     0.268344            0      6.21439            0      18.3867      14.9449
     3.77438     -19.1681            0     -2.89243            0      5.14043      24.1218
     5.04458     -3.83252            0      4.72643            0      12.9146      34.8333
    -6.44828     -4.14402            0      11.7836            0      4.16388      6.69163
     1.57645     -23.3297            0     -1.82359            0      3.02748      20.4873
    -7.03419     0.112697            0      10.5725            0     -9.54866       14.351
    -4.17373      3.19386            0     -13.2645            0     -4.25135      33.0574
    -2.56882     -4.71809            0      7.20025            0     -7.00284       14.485
      2.2907     -3.21881            0      13.1712            0      9.11827      13.2256
     0.79316    -0.103634            0      2.24833            0      12.5075      11.1852
    -2.42846       8.3804            0    0.0196716            0      5.52392      15.4948
    0.160058       6.9899            0     -5.40635            0     -4.31772      22.7041
    -3.06529      12.9968            0      3.65977            0      1.91967      17.3427
     5.72715      2.88324            0      50.7358            0      8.64905      14.0983
    -2.68736     -29.5709            0      16.5378            0     -13.5807         28.9
   -0.247293      9.44843            0      11.1051            0      18.2048      10.8336
   -0.735672      8.78612            0      3.43479            0     -9.23526      38.7353
   -0.681922      4.44822            0      5.62645            0      4.62959      24.9138
    0.593617      8.82381            0       22.925            0     -8.47185      19.1561
     2.43531     -3.71783            0        13.28            0      10.9843      9.64056
    -1.74432     -7.73332            0     -11.9051            0    -0.902339       16.682
    -1.23721      6.36254            0      12.9522            0      -3.0885      14.5382
      1.4354     -2.12171            0      26.2008            0     -13.9151      15.9852
     5.22988     -12.9023            0      24.2386            0     -7.33964      14.8616
     1.54715     0.387769            0      13.4961            0      1.48192      1.06072
   -0.766686     -4.74644            0     -20.9274            0     -3.78758      38.1769
    -2.75314     -2.58344            0      3.01568            0      4.64045      5.35034
    0.789393     -8.81953            0     -5.68357            0      -1.4602       11.969
    -4.47588      13.9441            0      -7.9524            0     -6.33503      19.0176
     4.50706      -2.0036            0      24.3259            0      1.30406      11.0978
     6.67941      5.93165            0      9.27032            0      23.8632       31.527
    -4.05015     -14.8779            0     -14.5027            0      3.70332      20.6837
     1.88233       1.7706            0     -4.72763            0     -6.24884      17.8687
   -0.223712     -10.6875            0      -16.843            0     -4.57547      26.3895
    0.578206      4.10925            0      14.2167            0      4.87863      12.1471
     3.07787     -9.93877            0      -20.346            0      1.28275      51.3463
    -1.85988     -7.22023            0      9.20657            0      -1.8151      11.3546
      2.6165     -3.93742            0       21.584            0      29.5851      13.3347
    0.446429      -3.6414            0      31.1119            0     -11.1322      3.37329
     1.54495      15.5426            0      1.93522            0     -5.87288      22.4511
     -3.9554      3.22489            0     0.875254            0    -0.528842      7.50653
   -0.634276     -3.05959            0      4.39438            0      14.5782      18.0101
    -1.46896     -18.5226            0      4.99204            0     -4.57196      23.8754
   -0.823076     -10.8437            0      32.4955            0     -6.37442      6.50736
   -0.601205      22.0388            0     -5.61601            0     -11.5546      45.5473
     2.28209      4.07124            0      11.5803            0      7.70656      15.2469
    -1.60666     -15.5104            0     -23.0641            0     -6.85356      32.3588
    -5.48232      8.84114            0      5.13169            0     -4.33885      16.9477
    -2.76433      3.29793            0      1.29884            0     -10.8613      34.7862
     2.35491      8.66576            0      9.54642            0      21.1796      11.9627
     4.32672     -12.8011            0      11.6783            0      7.03339      15.7019
     4.52772      16.1632            0      -6.3539            0      9.48535      35.9908
    -3.84302     -7.46036            0     -2.95892            0      2.42298      11.5616
     4.76746     -14.4867            0      31.3586            0      12.8426      16.0275
     4.18559     -1.03261            0      24.7799            0      13.9104      9.20867
     -9.8246      6.18763            0      5.28101            0      1.22973      9.63799
    0.542592      10.8034            0      6.39605            0      7.09777      29.5716
    -1.05591     -2.89785            0      10.0741            0      6.38657      8.02133
     2.63117     -5.06942            0      23.6512            0      2.57573      9.10942
     1.63829      3.93006            0      2.02719            0      18.6373      12.1709
    -2.69018      5.48946            0    -0.942795            0     -4.85358      13.5798
    -4.61388    0.0706456            0      3.56081            0      -1.7882      7.44841
     2.59985      9.97201            0      10.0645            0      8.98598      26.2218
      1.4266     -9.03232            0      3.29882            0     -2.26714      15.2153
      4.5844      12.3196            0      9.16956            0      9.80964      14.8982
     1.84892      9.88938            0     -2.22169            0     -1.66213      21.8512
     1.67717     -3.48645            0      4.25148            0     -15.4974      36.9649
    -3.36438      -9.2145            0      1.88694            0    -0.791603      5.19461
     2.27804       11.263            0      15.0571            0      9.29604      15.8392
   -0.029629     -8.97741            0      6.74615            0     -7.99745      25.7281
    -16.2059        20.88            0     0.346346            0      9.57736      28.9128
     5.53626     -3.46087            0       4.5105            0      16.1376      14.5652
    -2.79605     -6.97373            0      24.0626            0      -1.9976      3.64693
    -1.19562     -7.16512            0     -2.23193            0      6.37637      5.88326
     4.14065       18.796            0      12.0213            0      33.8895      24.3221
     6.93303    -0.566908            0      16.4456            0      1.70733      28.7792
    -2.11935      3.86435            0     -12.9022            0     -7.60265      30.2418
     0.98922     -2.05867            0      4.24999            0     -11.7891       31.178
   -0.755871     -32.7815            0     -8.38261            0     -10.7494      37.7301
     1.02272     -17.1895            0     -9.36387            0      2.43754      35.2549
     0.92306     -10.0952            0      5.63645            0      5.50968      18.2155
    0.880867     -12.2281            0      10.5455            0     -9.54694      19.2843
    -1.38687     -3.39436            0     -13.2884            0     -7.02067      26.3643
     6.44306      14.6819            0      27.2635            0       4.5196      21.7362
    -3.23765     -6.16629            0      10.9374            0      13.5525      13.5672
   -0.809196      4.30511            0      9.58079            0      11.1357       17.375
     1.21691       3.9496            0      11.4175            0      25.8065      15.2485
     1.86287      7.16326            0      1.21045            0      -9.7302      21.9837
   -0.460591       1.0869            0       15.198            0      -9.0134      13.1918
    -8.87919     -8.24722            0      8.34439            0      1.32802      11.7099
    -2.92669      10.3901            0     -2.59949            0      4.25088      26.9184
     2.69853      0.19771            0      12.3079            0      4.12352      6.48964
    -4.98593      17.3594            0     -6.78249            0     -8.21801      32.9859
    0.663538     -15.0244            0      23.0804            0     -2.00224      14.8403
    0.654635     -4.69886            0     -3.41623            0     0.335387      11.9102
     2.23392     -2.65702            0     -5.78114            0      17.4857      21.3774
    0.989334      6.91893            0      3.77844            0     -1.00609      13.3917
    -7.83746     -3.03638            0      6.24946            0     -5.83977      15.0913
    -1.68553     -11.0206            0      13.1284            0      1.66684      14.2183
     3.24874     0.477305            0     -6.42768            0      14.8842      34.8815
    -5.17853     -1.56738            0      35.6526            0     -10.3454      15.3797
     5.18572     -11.2922            0      6.96155            0      10.8294      13.3378
    -5.29582     -5.05233            0     -14.1184            0     0.365117      23.0622
     2.25859     -6.29254            0     0.750239            0     -3.81354      17.7345
   -0.934049     -8.07871            0      7.75985            0      2.45034      12.1493
     2.07611       3.4345            0      8.23202            0       -6.724      10.2219
     2.64684     -6.70387            0     -7.63592            0      14.2065      30.8461
    -4.28333      1.81041            0      12.7255            0      8.72476      6.18906
     1.74232      4.51466            0      13.3995            0      14.5766      17.5861
    0.111255      6.67931            0      13.2583            0       1.2965       11.201
     3.27881      -16.957            0      9.30017            0     -9.34319      35.4418
    0.410615     -14.8034            0     -3.34357            0      17.1088       38.702
   -0.867426     -3.08519            0      28.0145            0      10.3281      2.41958
     5.39976      3.57538            0      4.04781            0      9.80504      23.4626
    -1.28554      4.98481            0      12.9596            0     -3.38542      14.2353
     2.75367     -10.3808            0     -4.34413            0      6.25312      13.0784
     3.42037     -9.82279            0      4.03301            0      7.38912      15.7921
    -4.15195    -0.221649            0     -18.7051            0     -6.55653      32.8154
   -0.163853     0.594954            0     -2.93518            0      -8.4052      28.5377
    0.239749      11.7921            0      4.80991            0     -19.5556      37.6555
     2.71452      9.06206            0     0.854886            0      5.45645      17.8723
     1.10014     -1.39334            0      6.75349            0      10.3246      15.2296
      4.3624      -11.753            0      4.18729            0      5.85722      15.4038
    0.878147      9.43513            0    -0.776406            0     -3.64724      15.0399
     1.04165      -1.9244            0       3.4534            0      25.4859      19.0968
     4.38441     -5.10614            0       -2.923            0     -4.87312      26.6057
    0.236328     -2.50472            0      18.2101            0     -2.82872      10.8275
     3.96463     -8.42034            0    -0.289145            0      7.34185      26.0817
  0.00434899      6.99944            0     -2.44958            0      1.91866      33.3316
     1.15883      9.28637            0     -0.30081            0      5.88073      10.9091
     2.27108     0.928332            0      25.7134            0       8.3428      15.1121
    -4.18491      4.72096            0      2.14986            0     -4.91282      20.7757
     1.57071      3.09611            0      26.4126            0     -4.39172      9.44388
     2.37597     -2.51341            0      19.9918            0     -4.95874       3.0297
    0.505503  -0.00765981            0      30.7103            0      4.58778      13.4957
    -4.55926     -8.76126            0      4.36682            0       -4.408       15.993
    -2.29512       3.5784            0     -5.60964            0     -3.62247       20.708
    -3.38134      14.2291            0      13.2041            0     -4.02316       23.618
     2.55348     -10.2844            0      -1.4858            0     -7.47183      31.2348
     6.89365     -11.2424            0      17.7676            0       10.898      16.1952
    0.131311     -3.66365            0      14.5592            0     -5.97426      7.97204
    -3.52741      1.26181            0      7.05066            0      4.00668      19.4688
     2.67609     -17.3728            0      4.37928            0      -7.2642       20.921
     2.65059      -8.2562            0     -2.20476            0      8.62129      18.2291
     1.99285     -9.84423            0      18.2446            0     -15.3948       20.466
     2.81472     -4.82236            0      21.3384            0     -8.06704       19.419
    -5.58866      7.16347            0     -1.69484            0     -2.65643      13.1724
     1.80603    -0.422669            0      30.7501            0     -14.5195      8.37388
    -8.93915     0.806931            0      21.1622            0      10.6327      8.33779
       1.217     0.831849            0      7.49329            0      -6.2963      7.17099
     4.02464      5.66261            0      47.2572            0     -12.1028      16.6828
    -4.49231     -6.46251            0      30.5871            0     -5.77326      4.71425
     2.09212     -10.9196            0       13.649            0     -3.88723       12.675
   -0.546246      1.12311            0     -29.8803            0     -3.63129      41.1166
     2.47431     -1.28675            0      3.61129            0      15.9979      25.9757
   -0.685544     -22.8147            0      15.7114            0     -9.99572      19.9209
   -0.319348     -10.8317            0      9.55322            0    -0.780198      18.8616
    -2.31917     0.306218            0     -10.2318            0     -3.25371      19.9464
   -0.760902      8.48444            0      11.0008            0     -8.88944      22.2389
     1.19189      4.47465            0      4.00899            0     -9.10301      24.3887
      -4.884      2.42504            0      12.9541            0     -1.63872      3.96766
    -1.77672      7.73308            0      12.3693            0     -10.4885      15.4717
     3.45698      1.44301            0     -3.90327            0      15.7442      25.8961
   -0.095882      7.39957            0     -11.9122            0     -6.03688      27.3564
     4.96152     -12.4797            0      37.7792            0     -16.3234      12.1158
     6.06246    0.0363618            0      5.93127            0      27.5478      15.0808
    -4.62737     -3.08691            0      14.9485            0     -2.91616      6.40811
    -2.06155      -2.4497            0      22.2885            0      -7.6414       11.781
    -2.59751    -0.847077            0      21.5588            0     -2.67008      7.47344
    -2.99547     -9.17936            0     -8.35498            0     -2.39763      11.4553
     2.61354      2.91524            0      24.3295            0      10.9756      6.71414
   -0.475404      6.64985            0     -8.99834            0      2.78897      22.0133
     1.72644     -10.7046            0     -2.43359            0      3.13467      10.1145
     1.82563      7.70033            0      15.4938            0       1.6228      11.5981
   0.0928312      8.74697            0      18.0744            0      9.18831       22.318
    -2.98487    -0.207886            0     0.440745            0     0.899847      8.39597
     5.48967     -17.3682            0     -3.21169            0      7.28999      38.1854
   -0.324085      8.95276            0      2.10309            0     0.463576      14.6684
    -6.31777     -14.8982            0     -6.53013            0      8.21993      12.6128
     4.05197     -17.8447            0      13.6373            0       17.222       19.314
    -3.41064     -7.15752            0      13.5114            0     -17.2835      31.4127
    -1.73513    -0.423361            0      29.0427            0     -14.3514      11.2167
   -0.722409     -21.6748            0      28.4083            0     -1.44673       20.387
    -2.36491     -5.26825            0      24.0684            0     -7.20096      8.50811
     3.84224     -1.86886            0      9.61696            0      -10.368      28.3434
    -3.93027      2.30621            0      17.6959            0     -4.24802      7.25058
   -0.272637     -5.99311            0      18.1025            0      2.89631      5.20428
     2.52799      3.06616            0      23.0695            0     -2.54913       18.316
     2.28073    0.0949825            0      8.24469            0      5.62698      5.39101
     3.70333     -2.93205            0       38.304            0      24.6554      9.20186
    -5.58753     -1.41341            0     -1.22698            0     -8.53554      27.1295
     2.63408     -5.59419            0        3.503            0      15.0563      27.4252
   -0.681915     -10.2901            0      7.68116            0    -0.271892      23.1634
    -5.28796     -4.06798            0      12.2325            0      4.46297      3.59322
  -0.0318381     -14.7345            0      2.51152            0      8.11062      18.1335
     1.04155     0.723556            0     -13.6872            0      4.89745      30.3716
     -3.0059     -1.38783            0      22.0706            0      19.5407      12.0261
     3.18727     -15.5941            0     0.365434            0      2.95257      22.2808
   -0.752559     -5.26533            0      15.7003            0      -0.4377      17.4684
 -0.00685708     -20.6144            0      18.9824            0     -11.1513      20.2724
    -9.08098     0.107242            0      1.76061            0      1.17972      16.0412
    0.122892     -3.37331            0      2.64486            0     -5.01336      28.8105
     1.70259      5.97431            0      10.9792            0       17.811      7.45093
   -0.292759      12.1839            0       2.9976            0     -7.78767        17.99
     6.20896      9.19568            0       22.959            0      23.6599       13.874
    -6.27257     0.117131            0     -5.66725            0     -11.3488       25.908
    0.126945      -8.3543            0      10.1853            0     -1.90097      19.6727
     1.37014      9.59422            0      5.70638            0      17.9797      11.6343
    -1.52068     -4.80127            0     -9.73733            0      -10.208      29.0164
    -2.18216      4.50808            0      1.75737            0     -2.58128      15.2966
    -3.95305     -14.8768            0     -8.33858            0      2.52673      22.2469
    -1.51534     -2.56831            0      4.15788            0      0.61943      7.45657
    -3.31563      16.1809            0     -13.5091            0     -14.8389      55.0209
     6.83697      8.54452            0       13.066            0       32.717      20.5031
    -2.04737    -0.579953            0     -13.8889            0     0.669368      27.0712
    -1.53305     -19.5182            0     -3.14769            0     -2.50619      22.9583
    -3.82938      3.45147            0      4.39104            0      2.23683      20.4677
     3.50662    -0.996062            0      1.25368            0      9.57512      15.5082
   0.0886535     -2.34871            0      35.0933            0     -15.3369      12.3161
    -9.43297      7.49576            0     -5.44587            0      0.78253       12.384
    0.620148     -3.63593            0      12.8138            0    -0.169694      15.1405
      5.3371       -2.744            0      17.1092            0      1.68362      17.8389
    0.189858     -6.76409            0      5.40451            0      9.41777      18.3997
     2.30901      6.89198            0     -12.2938            0     -6.09136      33.5493
   -0.218071      3.72512            0      16.9534            0    -0.917762      11.0548
     2.62494     -5.50598            0      15.8918            0        2.061      12.7319
    -4.80314     -8.23239            0     -11.9051            0     -3.27297      18.1313
     1.12609      3.58189            0      13.8801            0      6.14236      11.9043
     4.52833     -2.40152            0      19.1918            0     -1.37242      19.2514
    -7.10376    -0.392712            0      3.35431            0      9.11974      3.90827
    0.724914     -20.8974            0      1.53946            0      3.36364       19.635
     1.05589      2.06391            0     -1.81036            0      10.9646      20.8755
     1.62565     -11.5786            0     -12.7068            0     -0.16303      14.2227
     4.61879     -16.8803            0     -3.67282            0       7.3591      29.2091
      2.0023      4.04223            0     -4.51705            0      1.59946      16.0654
     2.52538      3.41258            0      22.7459            0     -13.7866      13.8036
     4.45482     -13.2762            0      8.84461            0      6.36859      32.8607
 0.000543762      10.4375            0     -3.65329            0     -9.36999      25.7281
     -2.9276     -8.37734            0      10.2186            0    -0.641201       7.4337
     0.18973      5.64277            0     -14.2461            0     -12.8605      36.5577
     4.47866     -8.08205            0      29.9045            0     -2.74094      12.1667
    -1.61272      0.83935            0      19.3246            0      2.31649      4.38824
     -2.3213     -2.33955            0      14.7256            0     -7.38845      11.5492
     0.04883      9.52392            0      6.60957            0      9.75877      25.0937
     4.95278     -13.9839            0      11.8244            0      12.3041      22.2621
    -1.26284     -2.94508            0      7.33581            0      8.58468      5.99395
    -5.17532     -4.30391            0      10.7578            0      6.19219      12.5908
     1.26811     -10.5276            0     -8.41047            0      10.6023       20.872
     3.38309     -5.07931            0     -2.39422            0       4.5442      23.4581
   -0.412311     -3.53201            0      4.05511            0       2.4838      3.91943
    -6.84346     -4.04287            0     -0.71121            0      10.2475      8.85184
    -2.74725     -9.09839            0      1.83121            0    0.0843002      18.0724
    -6.36628     -4.02479            0       5.5407            0     -4.27611      8.13213
       2.598      5.79103            0      1.47931            0     -10.9411      37.6726
     -3.1549     -13.0456            0      10.0182            0     -7.54419      12.9779
     1.86082     -15.9359            0     -6.19077            0     -13.1817      37.1867
   -0.527928         9.19            0     -4.04398            0    -0.112938      23.0046
     1.86799     -5.12147            0      6.05103            0      9.27003      11.1913
     3.00988     -10.2944            0      24.6702            0    -0.735152      11.5776
     3.50611      3.53126            0      4.43702            0      13.3917      12.3494
    -1.18156     -8.44951            0      2.09636            0      19.0493      25.3634
    -13.3123      1.46392            0      8.21308            0      7.15555      4.85421
  -0.0196141     0.341129            0      1.26687            0     -4.40481      12.5915
     1.69922     0.937365            0    -0.302252            0     -3.68052      22.6967
     4.52624      -7.5239            0      21.2017            0      6.46364      20.4994
     1.91861      15.6723            0     -6.45036            0     -13.3199      38.6784
    -7.45076      2.24463            0      10.1231            0    -0.195828      20.0183
     2.17703      19.4197            0     -3.62431            0      6.68279      25.9002
    0.110778     -7.74125            0     -2.74715            0      -3.1627       11.128
    -5.18623     -11.7117            0     -10.4656            0      5.69602       15.701
     2.27792     -12.6513            0     -3.37296            0      26.9247      26.0374
    -4.34926     -3.42052            0     -5.38255            0      4.09012      15.3381
     3.61776     -3.49081            0      22.9916            0      2.48819      13.0798
     2.55198      20.8253            0      6.22279            0     -6.18665      33.8378
    -1.49689       3.0533            0    -0.212455            0      10.6928      17.1042
     0.95149      7.05241            0      5.80841            0      6.95316       11.045
        1.92     -7.56789            0      26.4736            0      6.60806      22.0993
   0.0596514     -11.5614            0      -14.887            0      2.06433      26.3041
    0.674591     -8.00864            0      17.1474            0     -3.43578      15.7767
    -2.48836      4.87295            0     -6.37162            0      4.20137      19.9796
     3.27795     -9.73382            0     -9.88385            0       8.3795       23.142
    -2.19304     -12.7641            0     0.788805            0      1.29644      10.3938
     0.86471      8.18946            0      4.77929            0      33.3222       32.541
   0.0671888     -3.96172            0      8.15532            0      6.70243      21.0449
     6.51676      15.3631            0      14.4051            0      21.5136      25.4448
    0.525512      6.27581            0      30.4697            0      4.35217      10.7363
      1.0301      -4.6582            0     -6.12332            0     -7.66667      24.9107
    -4.10094      12.2679            0      -16.688            0     -16.0726      43.4965
   -0.807649     -6.55155            0     -13.7563            0      1.82728      20.4985
    0.594723     -16.7598            0      -10.899  0.000161505      1.14819      36.1895
    0.130548      22.6366            0     0.793923            0     -3.95374      53.5293
     -3.3295     -1.58348            0      2.57897            0      9.95772      10.9563
    -1.02658      22.5944            0     -2.00773            0       1.9587      31.8358
     3.86788     -1.57398            0      13.5723            0     0.927699      37.6737
     1.64102     -6.28154            0      5.07809            0      12.3066      17.1318
    -4.35374     -7.06371            0     -12.4322            0     -12.6658      37.0851
  -0.0849518      19.9972            0      1.32648            0      8.09704      37.3051
     -4.5767      5.88374            0     -4.95588            0      5.19926      12.5574
     -2.7531     -11.1913            0       18.747            0     -7.55608      17.0055
   -0.185333     -4.98169            0      13.3892            0      14.2007      15.3591
     4.63194      10.6346            0        23.72            0      7.79002      16.8153
    -2.13146     -6.59515            0     -3.22957            0      16.7752      22.7786
     1.92379      6.87401            0      23.2143            0      2.24739      13.5593
    -3.49287      2.21958            0      7.28064            0      12.2712      20.2785
    0.751543     -12.0166            0      1.39166            0     -1.59441      10.8236
    0.293843      15.2691            0     -12.7071            0     -10.6876      33.3283
    -1.74226     -11.9484            0     -14.2906            0      2.42928      22.1591
    -2.16819    -0.436746            0      1.82334            0      5.55462      4.88363
     2.71616     -20.1389            0     -12.3726            0         3.17      23.6282
   0.0195547      -5.7253            0     -11.0027            0     0.765538      29.7702
    -6.71571       14.216            0      1.12325            0      -12.985      30.0781
   -0.701703    -0.491227            0     -1.77163            0     -5.11429      17.6991
    -3.38498      15.1237            0      21.4585            0     -1.26459      26.6938
     2.45818    -0.877017            0      -6.4304            0      5.01235      25.8885
     2.78419      15.4651            0      11.5532            0      14.2407      34.5942
      2.5802     0.778553            0      19.0537            0     -2.47328       4.8518
    0.602308     -20.5587            0     -3.08416            0     -5.13854      27.1179
    -2.10877    -0.384042            0      38.2675            0     -11.7054       16.675
    -2.22439     -16.8724            0     -9.45401            0      22.3489      25.2781
     2.18876      6.48633            0      18.9121            0     -11.1177       13.142
    -6.13222      2.63519            0     -2.33281            0     0.956394      10.2307
   0.0858508     0.890924            0      13.9885            0      19.2348      17.1468
     1.60184      1.67055            0      4.56407            0      3.74699      17.3052
    -8.15384    -0.836187            0      47.1747            0      3.79981      9.06698
    -3.55618      1.12178            0      7.52217            0     -3.25401       10.146
     4.17297    -0.468918            0      15.7232            0      5.44976      24.7843
     1.65457     -8.13314            0     -18.3293            0     -5.69906      35.8075
  -0.0396008     -1.27107            0      4.68012            0      12.7001      15.5312
     3.44902     -8.73501            0     0.455047            0      11.5509      17.2378
    -8.51965      3.14688            0      4.14046            0       1.6941      6.86361
    -5.96655     -5.21642            0      5.08102            0      1.96936      6.92341
    -7.19509      2.71867            0      14.3929            0      11.0865      8.68639
      5.6684       1.8069            0      29.0265            0      11.7415        15.27
    -3.90429      13.2034            0     -3.30752            0     0.544233      21.1282
   -0.970169      3.32933            0      7.84633            0     -0.35759       8.3196
     1.95079     -2.03443            0      -7.1978            0      2.76213       22.963
    0.566167    -0.798355            0     -9.82266            0      6.72586       26.242
    -1.85307      10.4162            0      3.46405            0      2.35974      19.5516
    -2.27193     -5.72256            0     -7.60516            0     -1.31356      19.8421
     1.20981     -12.9567            0      10.8795            0      -2.8809      16.3498
     2.99495      4.42324            0      48.9573            0      4.52479      9.40407
     -1.0792     -5.89746            0    -0.557227            0    -0.761455      6.36762
    0.599628      4.40236            0     -5.73308            0      7.14836      18.2821
    0.272779      7.27124            0      21.2253            0     -13.4524      24.1348
    -4.93706      19.6929            0      -10.493            0     -15.5055      36.8558
   -0.832729     -16.9096            0      -18.915            0     -1.87217      21.0055
    -2.44881      -23.687            0      -21.477            0      -1.6981       31.722
    0.418669      7.50057            0      9.79473            0       1.4639      18.3593
     2.86061     -11.4752            0       20.852            0     -7.07256      19.1776
     3.48934      3.24599            0      13.9944            0      15.8902      8.73084
    -6.11344     -1.09547            0      12.6065            0       -3.458      3.90044
    -5.13168     -16.4889            0     -19.4198            0     -2.71859       24.005
     1.09307     -10.4748            0     -9.40061            0     0.260656      20.5214
