9.63333
18.8033
   9.76
12.5667
11.5833
9.73667
8.14333
11.6867
   7.36
16.0933
5.38667
5.89333
  18.03
10.0667
   7.19
8.24667
11.5433
  12.14
13.4533
13.0167
14.1933
   8.07
5.78333
13.0767
8.80333
9.52333
  13.96
8.17667
9.55333
13.0933
  10.36
   8.43
7.69667
   8.23
   8.25
  14.89
  17.83
11.2333
8.56667
5.63333
5.25667
    6.3
12.3667
  12.64
3.64333
12.1567
  15.07
9.64333
  11.28
   5.53
10.3733
   7.89
11.7467
    9.1
8.57667
7.89333
12.2333
  13.85
  10.77
9.45667
8.10667
8.01667
11.2433
12.1233
   7.51
3.21667
    4.2
10.2033
20.9233
6.25333
14.0633
8.32333
13.0733
4.09667
11.0467
13.5633
   4.17
5.79333
9.47667
  10.19
11.3133
12.2567
9.87333
   3.44
9.79667
   5.42
7.85333
   9.81
11.9967
9.86667
   9.68
5.48333
14.1733
9.84333
    7.3
17.6533
9.17333
  12.88
10.8767
   7.46
  11.34
   11.3
14.8833
   8.11
4.09667
   3.26
    5.4
11.3967
8.16333
5.03333
  13.03
4.61333
   9.66
  15.37
   9.08
  12.44
   3.78
  12.02
  11.76
   8.72
   9.02
  10.84
6.87333
  12.19
  10.35
   8.52
8.70667
6.71333
8.50667
5.07333
   9.48
13.6067
8.76333
   16.6
17.3667
   5.39
12.1967
9.19333
7.13333
   9.67
14.9933
19.1733
10.7133
5.35667
8.75667
5.86333
9.21333
13.1733
9.63667
16.6833
5.53667
  15.63
9.88333
14.2567
  11.06
11.4133
13.6167
16.0333
11.8633
14.9967
  16.23
7.06667
6.57333
  18.88
  11.58
  11.23
11.1633
8.00333
7.59667
14.0467
   7.44
  10.29
9.18333
17.3433
   9.44
16.6333
  11.83
11.8767
9.16667
10.8733
  10.21
9.66333
6.19333
  16.26
10.8733
10.9433
  10.38
12.9167
   6.68
    8.5
  10.84
7.86667
  13.36
  11.91
  12.46
5.54667
  17.41
    2.5
2.60667
11.7567
13.2167
11.2133
6.91667
  11.27
10.9333
  14.11
4.99667
14.4367
6.17333
8.55667
12.0833
15.2233
13.4433
  10.46
9.79333
   7.98
10.2033
4.93333
   6.49
   1.94
  14.15
  10.63
13.6767
6.77667
   11.8
   9.12
5.94667
3.61667
4.41333
5.66333
   9.32
   8.89
  11.33
8.44333
19.0467
  10.98
11.7033
   4.57
9.06667
7.98333
   5.64
8.23667
12.1033
10.9533
13.6367
   8.55
16.2267
12.8167
8.69667
  21.54
2.79333
12.3233
   6.11
5.88333
  17.09
    9.8
6.02333
12.8033
9.01667
  11.46
11.0967
  21.73
7.88667
11.6433
3.89333
3.78333
5.59667
   8.21
10.4667
   8.58
6.81333
   5.25
8.39667
7.87333
10.0767
   6.58
11.7133
10.6667
   7.44
15.4367
3.18667
5.77667
   7.86
20.1467
16.8567
8.14667
15.5367
8.11333
3.15667
19.2433
   7.79
  11.46
8.02667
10.4233
  20.81
5.65667
10.3433
   9.35
   7.76
11.0667
   9.96
9.41333
9.97333
8.48667
  15.14
15.1167
   8.49
14.4533
3.46667
19.1267
  15.75
12.6533
4.33667
10.8033
   1.44
11.4267
18.1233
10.0333
10.6933
11.4033
9.79333
12.4267
  19.64
10.0867
  18.99
9.16667
   8.87
6.84333
  16.87
9.47667
5.91667
   4.97
12.5667
14.0833
24.2667
20.4133
   7.02
8.25667
13.1667
15.2467
20.7533
11.3367
19.3833
  19.48
  17.86
10.8733
   8.58
  18.49
6.42667
13.8633
   14.9
11.2533
   11.8
  19.81
16.8067
  14.93
13.7233
9.94667
12.1167
  17.42
6.53667
  18.24
  30.38
16.1733
16.6833
  10.65
10.4133
18.3333
17.0133
15.3267
  12.53
  19.71
15.0933
   9.61
9.61333
13.3667
9.57333
  25.37
11.3433
14.8567
17.6733
5.47333
  13.15
  11.41
   10.3
4.46667
16.8933
   5.91
7.91333
13.4967
15.7533
8.81667
7.26333
   9.83
  11.54
8.38667
9.62667
10.6767
   5.95
8.12333
6.94333
  14.53
17.4767
10.2133
  11.22
10.5267
7.67333
11.5433
  12.66
11.2167
18.1233
  11.54
10.7933
  22.53
      9
20.1133
11.6967
9.32333
8.00333
4.98667
  15.18
5.95333
  13.64
4.06667
10.6033
7.75667
17.8233
14.2833
5.62667
9.37667
   9.08
13.7167
25.0567
16.2433
6.76333
13.9033
  14.21
8.24667
17.1567
13.6833
6.56667
7.76333
10.6533
  13.53
   7.08
  15.33
  12.29
   17.7
10.6567
11.0933
   8.39
17.2333
  11.51
11.3967
9.98667
14.5233
6.64667
   7.31
9.55667
9.82333
14.9233
  15.28
   10.7
6.02667
8.56667
6.94333
4.69667
9.24667
11.4767
   7.11
  10.77
   8.34
9.90333
  13.96
10.7367
  17.72
14.4933
4.88333
   6.24
   7.96
13.2633
13.9567
12.8833
5.89667
9.50667
10.9433
  15.11
15.8567
10.5367
8.26667
   6.87
   8.78
9.43333
   6.81
   7.33
5.50333
  10.82
8.20667
    5.9
8.21333
12.6133
10.5667
   7.87
13.8533
21.6567
   7.57
  11.49
9.06333
17.1467
   5.17
11.7133
15.6767
   8.49
4.82667
  10.26
9.79667
13.8867
8.36333
  13.34
   4.68
   8.02
13.0767
8.10333
  15.03
   7.58
8.58333
13.0467
12.8433
6.29333
4.77333
12.6333
15.2533
  10.77
  10.96
    6.8
15.9467
17.0533
  10.58
13.6233
  11.12
8.49333
   9.32
12.8967
10.8233
  10.26
9.94667
    4.9
4.85667
   8.38
9.29667
4.41333
8.82667
4.28667
  13.14
12.1867
10.8833
4.92333
   9.81
11.0233
     14
  10.13
7.17333
    8.4
   4.26
13.0233
5.50667
12.4033
   9.97
12.4867
  14.14
12.9133
4.57333
  11.28
7.28667
13.0467
3.99667
9.45667
13.9467
9.46667
7.81333
15.7167
10.4933
14.8733
11.3967
  18.82
  16.91
14.7767
13.1833
5.17667
   4.46
5.37667
5.71333
   15.4
  10.52
8.58333
9.89667
11.8967
20.3733
  19.12
14.8433
9.26333
3.40667
10.4467
3.77667
  13.26
9.94667
6.57667
15.6967
10.1633
9.25333
  11.73
13.1667
9.59333
10.3833
6.32667
16.3267
4.77333
11.5967
13.3733
7.01333
  18.98
  19.15
12.2933
3.77333
  12.47
6.53667
6.40667
7.50667
7.44333
15.9767
  14.26
    7.6
  11.17
15.4167
13.7433
6.26667
4.79667
11.1133
6.76667
11.0733
   14.3
20.4167
  14.56
  17.62
   13.7
8.12667
8.06667
10.7467
  13.61
  19.96
7.20667
  12.28
8.34667
11.6833
   8.78
10.5733
7.23333
   6.62
8.49333
7.97667
  17.93
18.3367
8.25333
16.9733
12.3633
11.3433
9.13333
6.41333
   9.38
12.3833
  12.86
4.25333
12.9433
3.53333
   5.51
   5.27
10.7567
  18.88
7.96667
   6.24
10.4567
9.07667
20.6267
7.45667
14.4667
7.24333
10.5467
3.53667
11.6933
12.7167
10.6333
  17.64
10.1367
10.7933
8.13667
13.7233
   8.97
12.4033
15.5967
5.55667
  16.74
  10.74
   5.33
13.8867
   6.75
10.5267
8.42667
    4.7
   3.67
14.0533
    7.9
8.65667
8.13333
  16.94
3.85333
10.3533
12.5533
11.9167
   9.47
7.49333
   4.18
  16.88
16.6033
10.1667
  14.26
17.2267
16.6767
  10.79
  11.56
9.56667
15.1767
  10.31
11.1533
12.2467
9.08333
8.38333
8.05667
12.3933
6.26667
11.5867
  12.94
5.21667
10.6667
6.36667
   7.65
10.4167
16.9267
  13.96
9.85667
7.74667
   8.78
8.88667
5.86333
14.3833
5.85667
12.1767
8.32667
19.0367
  19.81
9.27667
12.8033
8.28667
   6.74
  10.29
11.0367
11.6767
15.9833
   8.81
9.98333
  10.85
5.43667
13.8467
  12.03
9.68333
14.1967
  15.24
   4.83
14.3167
9.72333
   9.06
5.52667
  13.83
   8.99
7.43333
11.8733
13.6333
  13.38
6.43333
11.6067
   12.1
9.77667
13.2367
12.4133
   4.93
9.07333
   8.64
3.92333
   16.6
   8.21
8.83667
13.1033
15.1867
  13.67
12.8533
7.08333
12.1667
11.1767
4.33667
   7.64
  13.09
9.14333
13.9067
  11.47
5.99667
9.39667
    8.3
4.22333
8.46667
   7.77
   5.76
7.98667
14.1767
4.05667
  19.58
7.04333
7.24667
16.9633
16.7667
  10.57
17.0333
   9.92
  15.09
   6.39
6.65667
13.2067
5.36333
15.8733
12.1367
  15.45
13.2133
   5.24
10.1667
12.0133
  11.12
  12.07
11.5833
13.6467
7.52667
13.3867
7.23667
   6.96
12.4533
10.2867
  11.88
7.51333
  10.61
6.98333
10.3167
   5.06
20.1233
  15.18
9.17667
11.9533
9.95333
   8.87
  11.29
3.93333
10.6767
  12.47
11.2667
11.3333
   8.16
10.5033
   6.51
   8.71
13.1367
4.15667
12.0833
  10.77
5.08667
  15.92
   6.38
9.71333
  20.49
9.46667
6.31333
11.1767
12.5333
6.83333
   7.83
13.3333
16.4133
5.82667
9.28667
10.0367
11.8433
3.47333
5.46667
9.99667
   5.35
16.3533
   9.14
17.0667
8.27667
      8
11.4267
8.21333
14.3233
4.25667
6.04333
10.2767
  14.63
13.9433
10.6767
  10.15
    5.2
   7.48
   14.9
6.42667
  11.47
14.2867
   9.14
6.32333
  16.96
10.5767
  12.71
7.84333
  10.28
6.18333
  18.76
12.9467
  15.75
11.8067
9.79667
  14.22
   7.48
16.5633
22.1333
6.39333
12.7567
19.7233
11.7567
13.8267
   15.9
5.37667
12.5033
12.1233
12.4767
11.5733
11.0267
  11.57
6.56667
10.4633
   8.61
3.62333
11.0967
  11.27
  12.31
   7.06
16.1467
  11.07
19.4633
5.57667
  13.96
14.5233
  13.91
9.31333
   3.97
12.4267
9.04667
14.1133
5.36333
15.2333
13.6133
  10.26
10.5167
   3.32
4.82667
8.54667
14.2767
8.00333
    5.8
    9.9
10.6067
8.95333
8.46667
  10.76
  15.48
   3.28
   7.34
  13.51
11.7167
    7.1
  12.27
   9.84
  14.44
9.54667
3.30333
8.78667
   9.36
