9.17201
18.9945
9.08926
10.6531
12.1246
8.01734
8.28661
11.8685
6.15718
15.1658
4.95144
6.29841
17.8108
8.94173
8.00403
7.20687
11.3083
9.97493
 14.108
11.4739
13.0504
7.00915
5.99137
16.1595
9.12086
9.32019
12.4077
6.77583
8.57992
15.0012
 9.4083
8.36882
7.15196
7.74391
8.00741
15.3787
 21.839
11.4049
7.23966
5.08428
5.54569
5.86807
11.6844
13.1227
3.89925
12.4421
15.8977
9.17633
10.1321
5.22647
11.2203
7.93361
9.83642
10.2798
8.09211
7.41566
10.8341
12.1293
9.76657
 8.2542
7.75172
8.25634
9.16182
11.9296
6.44061
2.90619
3.97072
10.7703
20.6376
6.17996
12.7009
9.12656
 12.254
3.55985
11.1446
11.9997
3.50084
5.71141
9.82984
10.0361
11.2643
11.6272
10.6875
2.84063
9.71958
5.11223
7.86495
8.17529
14.7303
9.70434
8.02238
6.14153
13.5586
11.8334
7.61078
15.1989
9.44818
14.3858
9.93317
6.05157
11.2167
11.0469
13.6649
7.54973
3.72875
3.13317
5.74343
 12.146
 7.2958
5.57417
12.2627
4.58529
9.21772
 14.436
8.34328
11.3936
3.18886
12.8003
12.4142
7.83303
7.18152
9.96398
6.97182
11.7751
10.7656
7.59086
 8.2191
6.77279
8.93987
4.79296
10.8446
13.9029
7.59187
15.0551
14.4777
5.37808
11.7914
8.45618
6.85757
 10.361
15.6445
16.9079
9.17312
4.78722
7.71449
5.18217
10.2016
11.8439
8.97516
15.4515
5.30974
17.5297
10.7298
12.4504
 10.598
 11.851
12.1826
13.8132
11.8645
14.3904
15.7953
6.78834
6.09906
19.8071
11.7027
11.0738
 10.049
7.78425
7.35125
15.2184
7.13496
9.87725
9.30214
14.7619
8.65741
17.7084
11.1754
10.5092
8.26587
12.5197
10.5874
8.22061
6.72656
15.5245
10.1932
11.4853
9.58255
 10.677
6.15501
7.03415
10.8154
8.31465
12.7684
11.2769
13.6239
 6.1773
19.2494
2.89523
  2.668
10.7159
12.0302
9.30331
 6.8209
10.7332
10.0139
13.0392
4.82894
13.4848
5.45272
9.26268
12.7933
13.2697
12.4686
12.4177
8.81984
 8.1479
9.94434
4.96668
6.95145
1.81259
12.8194
11.4317
12.8946
6.61503
10.7071
 7.8357
5.27578
3.67317
3.50305
4.65837
9.92874
8.79517
12.7344
8.59494
19.8428
10.9813
11.9377
6.27325
9.52925
10.3424
5.89751
8.63124
13.9163
12.9899
13.3805
8.39974
15.1725
13.5582
10.5572
 21.264
2.90832
12.0273
6.69516
4.67636
16.7209
9.36644
6.68695
12.2449
 7.9157
10.7314
10.2861
 20.726
8.50771
11.3825
3.97531
4.17578
6.30501
8.83413
11.2368
8.71409
6.99402
5.19943
8.04361
7.44884
9.60842
6.07183
11.2923
11.6773
7.17219
15.3912
3.01534
4.90715
7.92056
 19.967
16.2288
6.27538
15.4365
7.86986
 4.1617
  21.14
9.09529
 13.702
8.01196
11.3908
17.6416
6.43058
  10.74
11.1173
7.85823
11.7912
9.84496
9.29278
9.77281
8.56255
13.8461
17.7036
7.49759
15.8861
3.59519
16.3673
16.0177
13.0288
3.87742
10.6468
1.36195
11.6892
19.1994
9.63014
9.67819
11.8429
8.16778
12.3675
19.3236
10.2114
15.6426
10.0019
 8.3335
  6.952
14.0296
 8.5386
6.29309
5.85031
13.2074
14.3076
25.5187
16.4157
7.45317
8.45526
11.3202
16.1067
 18.567
9.69233
18.6959
17.1989
19.8137
9.83728
8.33448
17.1259
6.13114
13.3716
15.4223
10.5789
9.73406
19.8226
13.1735
14.7436
14.3894
10.4891
11.1259
16.0705
7.54656
 18.386
27.6453
17.0415
18.3823
10.6354
11.2767
17.4167
14.5666
14.9946
13.0453
19.1892
14.0193
10.1039
8.96817
11.7692
 9.2172
 24.846
9.99088
13.1088
17.1302
5.21664
12.3157
9.40042
9.52713
4.90568
16.6849
4.69783
7.90527
12.8809
15.5083
8.43599
6.20209
8.96856
13.2835
7.63604
9.52764
11.1237
6.75078
 8.1399
6.96589
12.9985
17.8665
11.3351
9.64377
11.3846
6.98282
12.1589
11.6418
10.4638
17.4758
12.9969
 9.6304
19.3805
9.56969
16.7646
 11.063
9.14217
7.13293
4.34015
13.9787
5.58322
12.7689
 3.1818
10.5797
8.08852
20.0188
15.0434
5.06359
8.10931
9.10034
12.2074
 22.818
14.4225
7.31344
14.4635
14.6269
7.38341
18.2311
12.7919
6.38529
6.56016
8.64885
13.7146
7.16901
 14.439
11.6542
20.1208
12.1584
11.5892
8.20493
 15.008
 9.7006
 12.553
8.82825
12.1251
6.49788
7.07452
 8.1776
8.83967
15.3125
14.9347
10.4526
5.98625
 7.9553
6.79903
 4.7217
8.76275
11.4017
7.48382
10.0728
8.21307
9.67757
14.7293
8.18464
17.7183
14.9833
4.19104
6.15867
8.18822
11.7057
12.2826
12.8498
5.17094
8.50856
11.3416
14.1496
12.4643
9.29488
7.75921
6.83771
6.88702
 10.057
6.74473
 7.2701
5.77623
10.5153
7.13411
5.56879
7.36621
13.7289
10.3266
 7.7376
14.5963
 19.943
8.35167
11.0224
9.14494
16.6589
4.80767
12.3351
15.9835
 8.2135
4.51798
10.6332
8.96429
11.7291
7.34132
13.2233
4.87972
6.88829
10.8601
8.48174
14.7956
8.52601
9.15627
11.6453
12.5836
6.61624
 4.5329
12.4104
18.0333
9.55028
11.4465
6.85515
15.8002
18.2367
10.4992
11.9591
10.3836
7.87205
 8.5912
 10.867
 10.654
11.7306
9.65567
5.34113
4.45265
 7.9562
9.88405
4.74709
8.50061
3.76671
10.1264
11.6788
10.0524
4.34447
9.62504
9.80168
 13.208
11.1713
 6.4733
8.14681
4.36083
12.0215
5.81359
12.0557
9.53399
10.1454
12.9044
12.8265
4.89652
11.6681
8.42004
 12.775
4.05687
7.80002
 12.911
9.51385
7.23184
15.6498
9.29637
12.9239
11.2157
  17.94
17.1011
  14.81
13.6989
4.87588
5.35061
4.81736
5.62977
13.2728
12.4287
8.88618
8.96659
11.8508
20.5198
17.4939
14.0666
8.19809
3.48083
10.8644
3.50278
12.4033
10.0482
5.62302
13.6747
 12.636
9.55128
 11.048
 13.129
10.8876
10.2734
8.66782
17.0285
5.23651
11.1198
14.6505
8.89512
21.7339
18.9682
12.6183
5.32614
 13.118
6.28304
7.01712
8.15594
7.82352
18.5969
 11.407
7.95108
10.7157
17.5411
16.7469
9.07595
10.7497
15.5387
8.62742
15.4499
17.0621
21.1448
16.8979
19.2898
 24.355
 16.621
12.2066
13.0731
20.8696
19.0192
9.91245
10.9041
7.20333
  11.86
8.78559
9.84384
7.53465
6.25528
8.05861
 8.0446
17.2051
17.2848
 7.6816
15.5529
13.9378
10.3509
8.74866
6.15282
7.72132
12.1988
11.4402
4.73407
11.7183
3.22263
5.64206
4.80995
11.7275
17.7442
8.25813
5.64679
10.8355
8.91576
20.9302
7.47781
13.8399
7.41245
12.0862
3.86828
 11.362
11.5882
10.3079
 14.173
9.59563
10.4854
7.72594
14.0883
8.61622
 14.053
12.7816
5.72041
15.9607
11.1533
5.25855
14.3835
6.62234
10.1195
8.15068
 4.4283
3.62531
13.1483
8.40973
8.75904
8.35968
18.0723
3.26874
10.7061
10.3236
11.1013
9.12721
7.52853
4.54455
17.9277
18.8092
8.74942
12.0023
14.2851
16.4743
 10.954
10.7866
8.45977
14.5311
10.2166
10.4799
13.6258
8.23853
7.76228
8.96479
11.6859
6.01753
12.4728
11.2156
4.87527
9.53319
6.56308
7.64828
10.2373
18.6801
13.1655
9.12525
8.29676
 8.7234
9.49855
8.38583
 16.437
6.27731
19.3918
8.67608
20.3347
18.6987
 12.037
13.1723
9.79594
9.61771
11.1469
12.0099
16.0564
17.7853
15.4568
14.7281
12.3768
9.32241
16.3047
16.6634
13.6122
17.1787
15.8312
8.24131
22.0692
11.5845
10.2916
 5.2803
 15.007
7.79858
 7.8908
11.4644
11.8646
14.1373
 5.4364
12.6615
11.6449
11.0075
15.1677
12.3835
6.22653
9.65151
10.1166
5.08414
15.6028
 7.6808
8.23042
12.0604
12.9309
13.7385
12.4066
7.58189
14.3525
12.8575
3.79785
7.42603
10.9307
7.75534
10.7017
 11.312
6.38856
8.40994
   8.62
4.18937
10.0496
 7.6763
5.44417
7.75119
15.3428
3.91546
19.6506
6.21173
 7.1571
17.7516
16.5462
9.24245
17.5355
9.32508
14.8598
 5.5756
7.90068
12.2331
5.41355
13.9505
12.9076
13.5158
13.4047
5.79288
9.62839
11.4335
12.5447
12.4201
10.5411
14.0205
 7.2141
13.6539
7.18402
6.38281
14.3556
9.84034
12.4846
7.46369
10.7445
6.74126
9.86536
4.46024
21.4672
14.4876
9.07658
16.1321
17.2507
10.7807
11.8304
3.85355
11.9189
13.0914
10.4539
11.8709
8.17809
10.9352
8.28779
 9.3507
13.1835
4.34105
10.1093
12.5699
4.94575
18.0047
7.21302
12.8067
20.7811
8.44385
 5.8002
10.1044
 11.966
 6.3407
7.33086
11.7491
 16.477
5.18256
9.08639
9.05077
14.1367
3.15455
5.66985
8.68991
5.63116
16.1984
8.36666
19.5053
6.87928
7.71202
10.9673
7.58726
12.3125
4.08093
5.77608
10.6179
 12.838
14.9626
10.2672
9.61495
4.54463
7.48246
13.6313
5.80611
9.73701
14.2452
9.72727
 5.4918
16.0655
10.1892
 12.603
7.80507
11.0482
6.27784
21.0188
12.9237
16.5577
13.5494
9.66679
13.2096
6.68969
15.8996
22.7093
 6.7645
11.9248
18.3493
9.84674
11.6014
17.2015
5.65036
11.7013
11.6109
12.1283
11.7696
12.7841
10.1374
5.97934
9.40287
8.24564
3.97288
11.1151
12.3305
14.1968
6.68683
16.3478
10.8205
22.3889
11.9371
15.9133
24.2787
14.4803
  9.897
6.76749
15.8376
10.1644
20.4682
5.74503
16.5714
16.0483
14.4912
9.75012
4.33276
5.57441
 10.388
14.8901
9.37365
5.90016
8.07381
9.52637
8.37072
7.65029
12.6887
12.2515
3.86189
7.53411
11.9484
 11.344
7.78156
 14.292
11.5107
13.6272
7.90809
3.46871
 8.1488
8.86799
