   13.5925  0.0976183   -3.35003   0.276107   -1.15981   0.143518    64.0362          0 -0.0797122    4.92904   0.451196   -3.98608
 0.0976183   0.619498   -2.64742  -0.144417   -1.11248  -0.123816          0 0.00275885  0.0753883    3.62851  0.0963352   0.294852
  -3.35003   -2.64742    5704.53   -14.5063    -62.329   -13.5103          0     1.7083   -19.0681          0    2.60254          0
  0.276107  -0.144417   -14.5063    71.1637    5.26229   0.189594    -68.954   -1.27116  -0.228751    15.5631   0.140466    5.71534
  -1.15981   -1.11248    -62.329    5.26229    868.922     4.6176          0   0.810445          0          0          0          0
  0.143518  -0.123816   -13.5103   0.189594     4.6176    33.4152   -72.0827   -1.53454   -4.36092          0    2.74493   -5.33205
   64.0362          0          0    -68.954          0   -72.0827     680864          0          0          0          0          0
         0 0.00275885     1.7083   -1.27116   0.810445   -1.53454          0     214.84          0    7.14372          0          0
-0.0797122  0.0753883   -19.0681  -0.228751          0   -4.36092          0          0      739.4    40.3158   -6.29287          0
   4.92904    3.62851          0    15.5631          0          0          0    7.14372    40.3158     2771.2          0   -2.72079
  0.451196  0.0963352    2.60254   0.140466          0    2.74493          0          0   -6.29287          0    213.967    6.94535
  -3.98608   0.294852          0    5.71534          0   -5.33205          0          0          0   -2.72079    6.94535    1944.26
