  12.37
  10.43
4.97333
13.9733
6.08667
9.80333
10.5833
15.9067
13.4733
10.1333
12.6333
  21.91
12.9333
8.26667
  11.09
12.5633
11.1467
  14.11
11.9433
14.4833
8.54333
   8.19
9.78667
10.5233
4.89667
7.16667
12.1533
   9.02
  12.04
  12.82
   5.92
9.74667
13.3233
8.77333
10.3767
  15.81
17.9767
19.9233
17.4333
  23.37
  17.26
   15.2
13.0167
20.9967
13.6733
  13.91
15.5033
  18.21
16.9967
  13.04
28.3167
  22.16
9.78667
  17.69
19.1033
15.3867
15.0633
11.5433
2.79333
11.8467
  11.61
   7.16
   7.03
  12.76
   16.4
  21.01
   9.72
13.2933
6.95667
   6.26
14.9667
6.54333
8.85333
   8.13
8.55333
  11.82
4.11667
11.8167
10.6433
8.51667
11.7167
   4.06
9.22667
19.2833
11.1267
16.5533
   5.23
14.7567
8.57333
   6.65
4.19333
10.5467
  14.59
  10.27
    8.9
  11.14
6.81333
  13.86
  25.78
3.76667
  12.76
  12.26
  10.66
17.9767
   6.82
   5.27
  17.18
   11.1
10.6533
3.76333
9.21333
8.77333
9.22667
    9.1
  11.31
15.9633
6.89667
15.3667
8.16333
    9.7
9.88667
12.1533
9.65333
   6.82
11.3533
4.85667
19.0733
  15.75
17.5567
8.54333
6.06667
10.1733
   17.6
14.1233
12.4067
  10.65
5.85333
18.3867
6.92667
  11.16
6.49333
   3.25
10.8733
  11.13
  12.73
11.9833
4.67333
8.44333
16.1867
11.6167
7.51667
9.90667
6.92333
  13.94
   9.76
5.88667
6.00667
12.7233
4.20667
10.5667
19.4433
  11.94
16.7967
17.7233
   5.78
  12.26
  14.01
  11.78
6.00667
9.26667
13.1367
9.88667
8.41333
   9.41
9.27333
   9.99
6.91333
8.47333
2.50667
17.9733
21.4533
8.88667
10.3467
7.89333
19.7833
10.1033
7.41667
   7.65
  10.48
5.41333
14.9833
9.81333
8.59333
15.4567
   5.33
   7.62
  13.07
8.17333
   8.32
  13.53
7.22667
5.02667
9.00333
7.25333
9.84333
5.14667
   8.42
3.99667
4.80667
11.7233
7.19333
10.3433
6.64333
   9.37
12.4833
8.66667
6.57333
11.7633
   6.26
10.0033
  10.73
11.8567
12.3333
  12.41
6.57333
17.0633
14.1633
   18.1
15.8733
11.6033
  13.07
  10.34
  10.51
14.1567
18.8067
8.34667
5.59667
9.41333
   7.88
8.54667
   4.92
11.7667
13.0433
15.7333
13.5233
3.42667
17.9367
4.23333
18.4667
   4.59
5.36333
10.7033
15.1567
   10.5
10.2967
4.69333
9.97667
5.43333
4.11333
   6.82
  21.39
7.09667
20.2767
11.8033
    9.5
   6.77
   8.04
12.0233
  10.29
12.4533
   6.18
  14.49
5.14667
7.09667
12.3267
   17.9
   8.72
   6.53
10.8133
   4.34
6.15667
16.5233
8.01333
13.6333
   5.58
12.7833
   8.82
13.9933
8.10667
12.4633
8.52333
  17.55
12.3067
8.55667
15.9767
4.90667
10.5967
5.40333
  11.07
8.88667
7.94667
   5.36
9.74667
6.28667
6.91667
11.4167
  13.25
   8.34
   3.39
14.4867
8.17667
15.7767
  10.57
11.0933
5.86333
12.4167
9.64333
5.55667
6.71667
13.7533
5.78333
10.5133
9.07667
6.77333
9.41333
10.5533
16.8867
  18.26
   9.27
11.7833
12.3033
   2.71
17.3433
14.6067
  13.59
9.99667
6.83333
7.04667
4.51667
8.65667
  12.24
   9.92
6.65667
   6.77
  15.32
7.74333
7.16333
8.37333
8.51667
10.9333
   8.17
5.49667
8.96333
9.14333
8.79333
17.1267
7.61667
  11.76
8.18333
6.86333
8.14333
  12.48
   7.47
3.74667
  19.13
12.9767
10.4033
15.3167
6.32667
7.39333
3.49333
8.65667
   5.66
15.1633
  13.65
8.99667
8.90333
   8.66
8.86333
14.1233
3.66667
7.07333
10.4667
  11.35
  15.57
10.3167
10.6733
  15.96
13.9367
3.79667
14.4033
  11.61
9.44333
11.1733
8.67667
11.9033
    8.4
7.08333
12.3833
8.71667
  13.92
   9.95
23.9767
8.25333
10.3167
10.1467
4.31333
   4.48
  12.76
   9.28
   6.11
16.5833
9.61667
10.8667
  12.38
  11.93
12.6233
  13.71
10.0767
13.9233
14.4467
4.65333
5.55333
11.4167
5.05667
11.9567
3.29333
4.10333
   9.65
   16.6
10.5133
16.4467
18.2233
  14.08
12.3833
8.19667
7.01667
   14.6
12.3067
11.1967
    5.4
5.76333
  10.58
11.9567
10.4467
15.0133
   7.38
8.28333
   13.2
6.60667
8.40667
4.10667
   7.87
9.42667
   8.16
   7.96
9.82667
   5.06
  10.63
  13.98
9.29333
13.9067
10.0433
2.16667
12.9667
11.8133
  18.76
13.0167
  20.26
17.6033
   6.92
7.15333
5.84333
13.0067
16.0967
17.4833
7.94667
19.6833
8.15333
12.0333
   4.89
14.9867
  11.86
10.7767
7.54333
   7.88
  11.23
   15.6
   8.32
10.1767
11.4267
12.2867
7.38667
   6.51
12.6333
8.19333
14.2667
5.09667
5.98667
8.13667
7.97667
  12.94
11.0267
8.85667
  18.79
   6.92
11.1267
11.2567
8.16333
10.8533
11.0033
  11.06
12.2233
4.10333
9.11667
   7.52
12.4367
12.5433
14.1067
11.6267
  15.49
  12.19
12.6767
  10.13
10.9333
18.2067
   9.43
9.95333
8.83667
  10.56
16.7467
11.1867
18.5667
9.17667
12.5867
8.34667
5.64333
6.84667
14.1233
  12.62
8.86333
11.3233
16.7933
7.65667
5.09333
8.09333
11.5333
10.8833
  18.86
8.57667
21.8033
10.5767
   8.11
6.44333
15.2967
  10.67
14.5033
13.4867
13.1233
19.6367
14.0967
   6.56
   7.24
9.02333
  12.44
12.8233
  13.85
  11.58
16.9167
10.1067
10.4867
11.0067
4.37667
   19.1
   7.94
6.78667
   9.96
  11.23
   11.9
13.2767
7.08667
10.8467
  15.02
  10.33
   8.28
13.1833
  11.53
16.9367
   9.94
   9.38
  14.35
  15.77
6.90333
6.21333
10.4867
    9.7
13.8267
  14.03
6.94667
  15.05
6.19667
8.43667
   6.75
  11.09
6.79333
   8.14
   9.84
3.01333
11.8133
   6.83
18.4067
6.53667
17.6867
13.7433
  23.06
13.0433
9.98667
11.6333
   7.46
9.68333
10.6967
3.79667
  13.73
   5.44
16.1233
   2.28
  10.56
11.7433
14.6733
11.6267
14.5533
   9.12
  16.54
  14.39
   5.52
8.95667
  12.31
   4.94
6.46333
8.02333
5.69333
10.5933
7.93667
   6.42
10.2467
14.0167
6.24667
9.43333
11.0067
   5.88
  11.99
8.08333
     12
   6.17
  14.92
   6.73
16.0167
   8.08
  11.76
9.63333
13.0167
8.11667
  14.04
17.6267
7.64667
13.8633
   7.52
7.52667
  10.09
14.2433
15.0367
5.72667
8.53667
13.5467
6.34667
9.67333
12.9433
  13.02
8.58333
18.0367
   9.16
8.36667
6.44667
9.84333
4.15667
  10.91
  13.12
  12.29
  14.46
18.1133
9.59667
9.88667
  15.89
6.91667
7.79667
6.41667
  14.92
9.11667
10.8533
  14.34
7.40667
9.78333
11.2633
11.4033
12.8567
11.1433
15.6833
2.36333
   8.14
9.93667
14.3933
  11.76
7.67667
  12.14
12.0867
6.78333
13.8133
11.2633
   9.42
5.92667
13.4267
3.34667
11.7633
11.8467
6.23667
13.0567
7.46667
    6.6
   13.9
   7.68
  14.76
  10.76
13.7933
8.09667
10.0667
  12.38
15.3933
12.0733
   7.49
  12.89
10.8433
17.3567
8.08667
10.2867
10.9567
  11.43
14.6067
6.97667
   4.97
18.0233
  10.19
  13.27
   5.67
17.5933
   7.82
  11.13
6.10667
  10.15
7.56333
  11.32
   7.34
  15.35
10.3833
  11.27
  15.08
2.94333
6.36333
6.72667
15.3267
8.74333
9.76667
   8.25
14.5767
12.7433
10.1233
11.6133
  12.26
  10.32
   9.55
15.4867
6.33333
11.5867
4.49667
    6.5
14.4567
  10.14
20.0233
16.1633
   9.61
7.15667
6.96667
6.91333
11.9233
14.8667
4.92333
12.4367
  10.97
  15.13
  12.26
  10.49
   7.34
8.73667
16.4733
7.01333
14.4567
   10.7
10.2633
10.0933
12.8567
12.5833
6.63667
11.7667
7.83333
   9.04
8.08667
   8.01
14.3667
   7.42
7.61333
  13.18
  13.76
10.9233
   8.06
11.3633
11.9267
15.1167
   6.57
8.82333
17.2833
8.80667
10.7733
8.14667
7.44333
4.61667
7.70667
7.86667
7.49667
   6.95
5.52333
7.78333
4.88333
13.8167
11.4033
8.50667
12.7567
   5.62
12.5533
   14.8
9.53333
9.45667
8.82667
  14.65
8.90667
14.2733
26.1967
9.20333
16.1367
7.79333
8.62667
13.5967
8.93333
10.3233
13.5033
   6.65
12.0167
  12.87
12.6667
   4.88
3.17667
13.3733
11.0033
11.1667
8.96333
7.04333
  11.71
  10.78
21.7667
8.37667
10.5533
11.3433
   8.73
4.58333
   14.3
8.01667
9.16333
  11.03
12.8033
   9.56
   9.54
   8.69
   7.93
   12.3
18.7233
9.93667
    9.4
9.85333
13.7367
9.30333
9.72333
   8.45
6.34333
7.04333
9.93667
24.9033
4.02333
9.45333
12.8667
13.3967
8.38333
5.31333
  14.61
8.51667
  14.05
8.97333
12.9267
7.53333
   4.07
15.9933
   7.92
11.3267
10.4467
10.6567
13.0267
12.2067
    8.4
8.04667
2.97667
   7.53
13.1933
19.8267
8.66667
9.90333
15.3333
  18.28
   6.96
  12.11
5.62333
14.2733
  11.66
12.4333
13.1167
6.18333
7.97333
  10.22
   5.82
13.2733
12.2533
   8.63
7.37333
11.9133
   8.18
10.6333
14.0567
5.37333
    6.7
4.56667
8.10333
  14.34
  15.33
   9.15
11.2633
   5.94
4.58667
9.72333
7.24333
8.28667
  17.63
12.2633
   9.11
  12.14
10.3967
11.9867
  11.87
8.62667
  13.73
12.5967
13.0667
12.9333
12.2367
9.59333
   17.1
   4.72
4.95667
11.0067
21.0167
   9.23
  14.96
15.1867
  12.53
15.1133
15.5833
9.91333
6.29333
10.5333
11.8767
14.2733
   8.34
9.87333
7.57667
9.47333
