0.933336
 1.02068
 1.19601
 1.12211
 1.06781
  1.1254
 1.93253
0.970416
 1.06927
 1.49914
 1.39713
  1.7114
0.917475
 1.84751
 1.55619
0.547589
 1.20667
  1.3618
 1.44614
0.810321
  2.0553
 1.63283
 1.46325
 1.42732
 1.26059
0.892536
 1.33145
0.755076
 1.46818
 1.02514
 1.34694
0.779099
  0.6933
   1.626
  1.1293
 1.44061
0.939331
 1.01618
0.753041
0.954244
 1.08426
 1.18895
 1.05045
0.569336
0.719617
 0.63211
0.384306
0.532981
0.564918
0.616567
0.768684
0.543889
0.735707
0.554733
0.602252
0.442802
0.533698
0.530209
0.569841
 0.66837
0.497336
0.525816
0.652241
0.371346
0.798695
0.839119
0.604113
0.679102
0.558952
0.456374
0.802671
0.697675
0.573273
0.593145
0.399496
0.450295
 0.50646
0.594542
0.767869
0.660172
 0.79217
0.545481
0.526555
0.880756
0.474418
0.922262
0.851574
0.589551
0.682652
0.620391
 0.65149
0.640952
0.579633
 0.65026
0.613237
0.596811
0.499324
0.798089
0.480764
0.706104
 0.69023
0.581053
0.458155
0.579932
0.391161
  2.1698
 1.18769
 1.41283
 1.63643
 1.26341
0.827328
0.967376
 2.34592
 1.25704
  1.0929
 1.87261
 1.57141
 1.31922
 1.34024
 1.12545
 1.56237
 1.01514
 1.23717
0.961337
 1.75973
 1.34572
0.817328
 1.64098
  1.1976
 1.44693
 2.27785
 2.03525
  1.0954
 0.98311
0.963044
 1.23113
 1.47892
0.723762
 1.72316
 1.34921
 1.30862
0.563083
0.735029
0.372512
0.572647
 0.51524
0.711408
0.484235
0.749206
0.553858
0.554833
0.653535
0.610039
0.463797
0.524708
0.669927
0.535542
0.613978
0.830647
0.579157
0.445796
0.620957
0.407386
0.491075
 2.65018
  1.2634
 1.77507
  2.0782
 1.02292
 1.83534
 2.70068
 1.57128
 2.07787
 1.12066
 2.07344
  3.3656
 3.98698
 1.64287
 1.20605
 2.03955
 3.45701
 1.04505
 1.93499
 2.29112
  6.1776
 1.41706
 1.22996
 2.41452
 1.93868
 2.09305
 1.84174
 1.70288
0.674235
0.491176
 2.50188
 1.87005
 3.26459
 1.36553
 3.10989
 2.49392
  2.8494
 1.39778
 2.00415
 2.03392
 2.52038
 1.39423
 2.24158
 1.78197
 2.29233
 1.33005
0.875686
0.411255
0.925983
0.663469
0.575743
0.465139
0.405817
0.387848
0.441002
0.612357
0.451859
0.633434
0.541299
0.677187
0.586897
0.405398
0.464822
0.596527
0.574414
0.599203
0.636508
0.650705
0.620061
 1.11993
0.652604
0.579217
0.631675
0.645881
0.564621
0.604143
0.641154
 0.55344
 2.19818
 1.04607
 1.70288
  1.4884
0.678531
 1.71085
 1.36291
0.944697
 1.69009
 1.09417
 1.42585
 1.95276
 1.32535
 1.86116
 1.01718
 1.19124
 1.05593
0.762236
 1.61402
 1.33781
 2.43038
 1.15545
  1.6416
 1.86869
0.864263
 1.28091
 2.08222
 1.23611
 1.19192
 1.37914
 1.12823
 5.58075
 3.27122
 3.74394
 2.49041
 2.07561
 2.10729
 3.27916
 3.39685
 6.84166
 3.33545
 4.60309
 3.85396
0.735691
 4.01745
 2.16864
 1.28226
 1.96247
 1.80702
 1.50857
 2.98791
0.485455
0.622379
0.541524
0.761469
0.558898
0.580706
0.516625
0.569748
0.715941
0.593982
0.566768
0.508108
0.533124
0.436698
0.756844
 0.67319
0.739923
0.515182
0.509993
 0.58232
0.421341
0.301578
0.673229
0.393137
 0.65659
0.586538
 0.53318
0.392876
0.681146
0.505686
0.680632
0.523341
 0.39684
0.517412
0.780729
 1.11517
0.414735
0.652565
0.553202
0.625622
0.584881
0.413335
0.427686
0.658771
0.839588
0.393699
 0.68807
0.619567
0.575114
 0.61985
0.346997
 0.60174
0.540189
0.762646
0.606166
0.799012
0.568616
0.392842
0.492585
0.918079
0.479811
0.393443
0.616942
0.634315
 0.48783
0.649124
0.506564
0.333675
0.601301
0.597851
0.733993
0.678164
0.436508
0.801645
 0.41019
 1.06947
0.583844
0.618559
0.574662
 0.67541
 0.48627
0.781713
0.662023
0.409829
0.945775
0.770328
0.358217
0.859339
0.572568
 0.67691
0.356138
0.340318
0.549675
 0.70435
0.647184
0.443073
0.768581
0.566119
0.707337
0.654201
0.639718
 0.67379
0.576044
0.672299
0.789733
0.648174
0.562849
0.511466
0.507595
0.636531
0.536537
0.523495
 0.39746
0.489762
0.575308
0.636166
0.493663
0.244861
0.462017
0.550391
0.412281
0.482627
0.379501
0.477731
0.537666
0.536743
0.486287
0.407381
0.723924
0.762361
0.594199
 0.39825
0.568323
0.715991
0.324014
0.340567
0.490527
0.506734
0.425971
0.571629
0.465551
0.540734
0.614492
0.486102
0.579921
0.708723
0.506907
 0.76221
0.361026
0.723549
0.386219
0.412166
0.628106
0.647724
0.664332
0.513063
0.656267
0.475252
0.463249
0.677167
0.469939
 1.19779
0.572113
0.759091
0.761758
0.715742
0.911292
0.387901
0.681598
0.511447
0.501422
0.653079
0.702002
 0.58726
0.863048
 1.25907
 1.51907
0.936137
 1.16674
 1.62274
0.737731
0.994809
 1.58095
0.970356
 1.43564
   1.758
0.960896
 1.11065
 1.55314
 1.11368
 3.07867
  4.1625
 2.61943
  3.6692
 3.88678
 3.22622
 5.23433
 3.34349
 1.49641
   1.256
 4.60417
  2.3324
 3.43242
 3.03279
 1.88637
 1.93623
0.689852
 2.10877
 2.07825
 2.05268
 1.36373
0.875493
0.961529
 1.69056
 1.10645
 1.63298
 3.91085
 1.21148
 1.11959
 7.60724
 1.93547
 1.41131
  3.1955
  1.9478
 2.54654
  4.0183
 1.63597
 2.71569
 1.98004
  2.6941
 3.53222
 1.49791
 1.85045
0.963434
 1.62113
 1.39136
 1.99315
 1.66621
 1.30325
 0.97239
 1.04816
  2.0289
0.916131
  1.7417
 1.74254
 6.17942
 3.44125
 1.92433
  5.9575
 5.41252
 3.52585
 2.70176
 6.77249
 3.60751
  5.9182
 2.89245
 3.12127
 5.40152
0.576448
0.713177
0.551811
0.494618
 0.54536
0.582091
0.765794
0.702227
 0.51607
0.764691
0.525345
0.661682
0.411768
0.434462
0.608051
0.313082
0.926555
0.569327
0.663903
0.493993
0.405175
0.599171
0.548213
0.585734
0.608209
0.463057
0.440392
0.463334
0.534806
 0.54468
0.493614
0.486505
0.511777
0.946849
0.740328
0.512668
0.562135
0.668132
0.534326
0.758385
0.382047
0.648238
 0.83023
0.695162
0.645423
0.750772
0.544989
0.653955
0.616677
  0.4614
0.445549
0.333286
0.472612
 1.74371
 1.77154
 1.12159
 2.00977
 1.24369
 1.62946
 1.09941
 1.90215
 1.15589
  1.7584
0.824811
 1.31397
 1.28246
 1.24064
 1.13475
 1.40744
 1.58837
 1.19227
0.752661
0.507941
0.550622
0.662004
 0.37054
0.717809
0.567736
0.411584
0.662258
0.339528
0.688062
0.443323
0.772302
0.461316
 0.62844
0.744735
0.731441
0.608669
0.568444
0.808171
0.428175
 0.79026
0.435986
0.383542
0.708285
 0.72417
0.446663
0.658023
0.390621
0.870505
0.770163
0.495322
0.646117
0.580863
0.630628
0.439898
0.636724
0.551431
0.780931
0.410497
 0.65279
0.566884
0.666112
0.532769
0.539545
0.664045
0.535846
0.720389
0.459621
 0.63277
0.486499
0.582315
0.655114
0.600391
0.525959
0.831638
0.634753
0.514576
0.466409
0.493588
0.489381
0.585011
0.480463
0.502114
0.413292
0.375437
0.301196
0.724945
0.373081
0.641356
0.521791
0.359528
0.627708
 0.50986
0.781779
0.478768
0.536687
 0.81909
0.460864
0.738872
0.591989
0.555036
0.433989
0.251007
0.733951
0.535854
0.621872
 1.42543
 1.27267
 1.12817
 2.18745
 1.48073
 1.93962
 1.61084
 2.22281
 1.16089
  1.0923
 2.72284
 1.70597
 2.05561
 1.61551
 1.51012
 2.41242
0.839932
0.989773
 1.00556
 2.18854
 1.75259
0.979782
0.868709
 1.77295
 1.20729
 1.20852
 1.32187
 1.82798
0.403364
0.502618
0.625898
0.552978
0.619615
0.565652
0.736298
0.545199
0.867543
0.515998
0.576613
0.443363
0.578607
0.554124
0.503582
 1.03453
0.418813
0.747784
 0.95963
0.933367
  1.0694
0.984473
 1.92133
 2.33888
 1.58553
  1.3653
 1.18931
 1.40973
 1.06297
 1.11754
 1.39553
 1.35083
 2.88331
 0.71567
 1.39039
 2.31971
 1.02575
 1.00312
0.997941
 1.23478
 1.44273
0.814447
 1.51982
 1.42708
 1.17412
 1.57287
0.998131
 1.57418
 1.33082
 1.28363
 1.09226
 1.48351
  1.0871
0.666601
 1.02491
 1.08741
 1.30992
  1.9515
  1.5971
 1.24089
 1.33313
 1.35588
  1.7392
 1.74131
  1.7371
0.846339
0.688705
0.609292
0.596004
0.615274
0.535092
0.556258
0.869759
0.566935
0.463764
0.660793
0.837534
0.523758
0.613534
 0.36229
0.558495
  0.5013
0.628084
0.655919
0.628942
0.461931
0.538764
0.731582
0.588352
0.697017
0.448604
0.402518
0.636657
0.678727
0.467636
0.299566
0.434304
0.765607
0.444311
0.537731
0.645632
0.326118
0.659875
0.852812
0.720957
0.596255
0.531877
0.472325
0.647154
0.696095
0.459596
0.396549
0.574464
0.392259
0.533032
0.689274
0.448969
0.627057
0.710495
0.719555
0.438467
0.434404
0.538091
 0.64457
0.774841
0.522679
0.411455
0.620128
0.781618
0.572732
0.588871
0.345452
0.732081
0.896606
0.577004
0.624279
0.718177
0.622001
0.777539
0.505918
0.640344
0.447793
0.605484
0.522398
0.476825
0.401781
0.575117
0.477019
0.414747
0.397385
0.404902
0.600723
0.590129
0.378916
0.763461
0.399775
0.486383
0.654335
 0.73153
0.540829
0.482686
0.672259
0.726348
0.489788
0.578072
0.589613
0.465734
 0.47938
0.633486
0.645385
0.747764
0.519348
  0.6759
0.661325
0.435674
0.722034
0.571183
0.610853
0.480809
0.525933
0.877331
0.425025
 0.62802
0.325911
0.647971
0.621381
0.525509
0.726547
0.448372
0.547776
0.758184
0.559638
0.511287
 0.73083
0.434617
0.753276
0.488197
 0.48723
0.729729
 1.02767
0.760336
0.533068
 0.48907
0.567082
0.552984
0.497102
0.650012
0.555605
0.443085
0.663485
0.436298
0.400541
 0.38521
0.484891
0.881893
0.471504
0.457789
0.449593
0.724636
0.440023
0.589457
0.563984
0.413831
0.288991
0.829212
0.811547
0.604518
 0.75059
0.551091
0.654738
 0.68119
 0.83517
0.703543
0.518027
0.516062
0.467114
0.473038
0.680041
0.495526
0.468348
0.679269
0.333944
0.648976
0.485817
0.866032
0.599603
0.628561
 0.34314
0.663947
 2.05594
 5.06434
  2.1908
 1.17962
 2.98258
 4.56966
 3.07826
 3.66503
 1.82598
 1.24458
 3.01394
 1.77027
 1.39654
 2.15123
