0.931634
 1.01987
 1.19235
 1.12069
  1.0652
 1.12431
 1.93051
  0.9688
 1.06661
 1.49641
 1.39782
 1.70614
0.917878
 1.83847
 1.55149
 0.54749
 1.20452
 1.36228
 1.44803
0.808644
 2.05418
 1.63542
 1.46419
 1.42652
 1.25544
0.892334
 1.33017
0.755055
 1.46924
 1.02312
 1.34898
0.778921
0.692844
 1.62614
 1.12815
 1.43824
0.938127
 1.01773
0.752865
0.953862
 1.08582
  1.1867
 1.05087
0.569387
  0.7196
0.632193
0.384282
0.532792
0.564926
0.616471
0.768406
0.543832
0.735721
0.554793
0.602194
 0.44281
0.533601
0.530277
0.569834
0.668417
0.498726
 0.52582
0.652295
0.371337
0.798731
 0.83904
0.604428
0.679067
0.558961
0.456374
0.802733
0.697705
0.573232
0.593212
0.399532
0.450208
0.506424
  0.5945
0.768018
0.660251
0.791964
0.545538
0.526592
0.880867
0.474421
0.922334
0.851588
 0.58959
0.682727
0.620438
0.651521
0.640949
0.579567
0.650226
 0.61337
0.596863
0.499301
0.798141
0.480748
0.706166
0.690271
0.581078
0.457947
0.579893
0.391165
 2.16969
 1.18762
 1.41275
 1.63647
 1.26333
0.827248
0.967211
 2.34568
 1.25725
 1.09295
 1.87273
 1.57154
 1.32128
  1.3399
 1.12554
 1.56339
 1.01514
  1.2371
0.961329
 1.75959
 1.34586
0.817322
 1.64105
 1.19754
 1.44662
 2.27767
 2.03514
 1.09666
0.983245
0.963029
 1.23102
 1.47875
0.723767
 1.72309
 1.34921
 1.30863
0.563119
0.735014
0.372422
0.573939
0.515207
0.711499
0.484222
0.749189
0.553884
0.554792
0.653769
0.610108
0.463846
0.524698
0.669931
0.535495
0.613889
0.830665
0.579028
0.445884
0.620927
0.407333
0.491087
 2.65061
 1.26364
 1.77557
 2.07794
 1.02406
  1.8346
 2.70085
 1.57111
 2.07777
 1.12051
 2.07281
 3.36454
 3.98643
 1.64335
 1.20822
 2.03974
 3.45657
 1.04625
 1.93628
 2.29122
 6.17681
 1.41811
 1.22962
  2.4149
   1.939
 2.09356
 1.84227
 1.70277
0.674475
0.491165
 2.50228
 1.87026
  3.2645
 1.36562
 3.11024
 2.49427
 2.84964
 1.39763
 2.00413
 2.03425
 2.52064
 1.39464
 2.24194
 1.78233
 2.29241
 1.33025
0.875521
 0.41125
0.925934
0.663471
0.575785
0.465133
0.405809
0.387709
 0.44214
0.612365
0.451904
0.633355
 0.54129
0.677113
0.586814
0.405434
0.464889
0.596675
 0.57444
0.599191
 0.63614
0.650456
0.619966
 1.11979
0.652693
0.579204
0.631723
0.645966
 0.56465
0.604155
0.641181
0.553491
 2.19834
 1.04631
 1.70284
 1.48796
0.678635
 1.71127
 1.36292
0.944845
 1.69031
 1.09456
 1.42582
 1.95298
 1.32506
 1.85829
 1.01742
   1.191
   1.056
 0.76607
 1.61476
 1.33774
 2.42992
 1.15528
 1.64099
 1.86912
0.864271
 1.28121
 2.08168
 1.23633
 1.19181
 1.38036
  1.1281
 5.58138
 3.27188
 3.74465
 2.49137
 2.07635
 2.10778
 3.27979
 3.39774
 6.84237
 3.33593
  4.6034
  3.8552
 0.73577
 4.01808
 2.16903
 1.28257
  1.9626
 1.80666
 1.50894
  2.9882
0.485342
0.622486
0.541461
0.761515
 0.55895
0.580659
0.516668
0.569754
0.716034
0.593915
0.566791
0.508164
0.533172
0.436619
0.756821
 0.67321
0.739918
0.515212
0.509795
 0.58215
0.421414
 0.30157
0.673282
0.393158
0.656566
0.586644
0.533186
0.392946
0.681205
0.505664
0.680701
0.523345
0.396838
0.517457
 0.78064
 1.11498
 0.41478
0.652526
 0.55326
0.625681
0.584926
0.413335
0.427726
0.658958
0.839714
0.393663
0.688171
0.619573
0.575201
0.619721
0.346937
0.601764
0.540093
0.762491
0.606197
0.799094
0.568562
0.392864
0.492652
0.918182
0.479711
0.393493
0.616992
0.634206
0.487794
0.649256
0.506561
  0.3342
0.601317
0.597754
 0.73396
0.678106
0.436575
0.801723
 0.41021
 1.06926
0.583829
 0.61853
0.574718
0.675111
0.486318
0.781789
0.661762
0.409819
0.945524
0.770176
0.358189
0.859424
0.572593
0.679856
0.356164
0.340328
0.549754
0.704432
0.647195
0.443091
0.768465
0.566077
0.707422
0.654236
0.639768
 0.67389
0.576065
0.672207
0.789916
0.648022
0.562867
 0.51142
0.507649
0.636444
 0.53657
0.523505
 0.39817
0.489736
0.575342
0.636171
0.493736
0.244862
0.462103
0.550207
0.412282
0.482594
0.379504
0.477748
0.537726
0.536772
0.486291
0.407398
0.724021
0.762411
0.594235
0.398275
0.568193
0.716091
0.324037
0.340577
0.490567
0.506658
0.425963
0.571643
0.465542
0.540653
0.614602
0.486101
0.579872
0.708724
0.506933
0.762324
0.360934
0.723299
0.386164
0.412184
 0.62813
 0.64775
0.664305
0.513017
0.656335
0.475255
0.463202
0.677217
0.469868
  1.1977
0.572036
 0.75921
0.761739
0.715789
0.911399
0.387904
0.681659
0.511431
0.501334
0.653146
0.704248
0.587245
0.862822
 1.25906
 1.51918
0.936092
 1.16675
 1.62301
0.737655
0.994786
 1.58107
0.970283
 1.43543
  1.7581
0.960883
  1.1105
 1.55315
 1.11364
  3.0782
 4.16205
 2.61946
 3.66846
 3.88629
 3.22616
  5.2342
 3.34285
 1.49649
 1.25591
 4.60421
 2.33273
 3.43255
 3.03349
  1.8865
 1.93637
0.689861
 2.10891
 2.07866
 2.05302
 1.36383
0.875606
0.961375
 1.69038
 1.10647
 1.63278
 3.91159
 1.21162
 1.11933
 7.60812
 1.93582
 1.41143
 3.19588
 1.94787
 2.54666
 4.01877
 1.63601
 2.71631
 1.98035
 2.69398
 3.53203
 1.49775
 1.85052
0.963489
 1.62128
 1.39137
 1.99297
 1.66609
 1.30335
0.972562
 1.04816
 2.02901
0.916261
 1.74158
 1.74229
  6.1775
 3.44006
 1.92439
 5.95744
 5.40871
 3.52524
 2.70188
 6.77101
 3.60584
 5.91715
 2.89175
  3.1205
 5.39895
0.576481
0.713165
0.551595
0.494672
0.545235
0.581957
0.765789
0.702217
0.516115
0.764639
0.525406
0.661784
0.411656
0.434458
0.607961
0.313104
0.926597
0.569311
0.664041
0.494009
0.405163
0.599175
0.548207
0.585698
0.608235
0.463037
0.440408
0.463358
0.534897
 0.54466
0.493619
  0.4865
0.511695
 0.94702
0.740242
0.512634
0.562236
0.668146
0.534438
0.758571
0.382028
0.648151
0.830463
0.694943
0.645477
0.750638
0.544924
0.653997
0.616665
0.461342
0.445588
0.333294
0.472683
 1.74393
 1.77166
 1.12179
 2.00989
 1.24358
 1.62943
 1.09936
 1.90234
 1.15598
 1.75856
0.824819
  1.3139
 1.28223
 1.24063
 1.13475
  1.4074
 1.58892
 1.19249
0.752534
0.507935
0.550397
0.661891
0.370484
0.717841
0.567776
0.411549
0.662359
 0.33955
0.688016
0.443288
0.772298
0.461288
0.628388
0.744763
0.731359
0.608513
 0.56842
0.808142
0.428149
0.790229
 0.43605
0.383547
0.708285
0.724226
0.446678
   0.658
0.390658
0.870481
0.770275
0.495356
0.646161
0.580923
 0.63061
0.439855
0.636774
0.551449
0.780802
0.410566
0.652716
0.566897
0.666087
0.532646
0.539487
 0.66408
0.535767
0.720519
0.459613
0.632685
0.487483
0.582348
0.655127
0.600294
0.525972
0.831584
 0.63482
0.514346
0.466298
0.493606
0.489358
 0.58498
0.480479
0.502135
0.413287
0.375441
0.301203
0.724923
0.373113
0.641432
0.521715
0.359583
0.627723
0.509674
 0.78189
 0.47877
0.536726
0.819136
0.460849
0.738682
0.591965
0.555088
0.433998
0.251016
0.734005
0.536733
0.621833
 1.42551
 1.27281
 1.12819
 2.18742
 1.48071
 1.93962
 1.61089
 2.22288
 1.16058
 1.09227
 2.72272
 1.70618
  2.0557
 1.61524
  1.5103
 2.41269
0.839843
0.989623
 1.00557
 2.18858
 1.75288
0.979806
0.868791
 1.77285
  1.2072
 1.20859
 1.32194
 1.82807
0.403401
0.502375
 0.62593
0.552944
0.619667
0.565601
0.736228
0.545142
0.867676
0.515976
 0.57667
0.443463
0.578656
0.554062
0.503524
 1.03461
0.418869
0.747863
0.959729
 0.93334
 1.06942
0.984603
 1.92134
 2.33868
 1.58548
 1.36506
 1.18919
 1.40986
 1.06282
 1.11744
 1.39534
 1.35088
 2.88368
0.715571
 1.39035
 2.31971
 1.02554
 1.00318
0.997987
 1.23451
 1.44276
0.814529
 1.51984
  1.4271
 1.17395
 1.57286
0.998159
 1.57426
 1.33048
 1.28366
 1.09227
 1.48365
 1.08709
0.666601
 1.02486
 1.08761
 1.30987
 1.95161
 1.59725
 1.24081
 1.33318
 1.35591
 1.73934
 1.74132
 1.73694
0.846545
0.688703
0.609301
0.596065
0.615298
 0.53508
0.556271
0.869718
0.566977
0.463795
0.660791
0.837603
0.523782
0.613449
0.362214
0.558441
 0.50135
0.628096
0.655946
0.628885
0.461848
0.538776
0.731594
0.588349
0.697068
0.448661
0.402497
0.636687
 0.67879
0.467642
0.299553
0.434276
0.765385
0.444367
0.537322
0.645632
0.326065
0.659942
0.852948
0.721004
0.596242
 0.53193
 0.47235
0.647058
0.695764
0.459649
0.396518
0.574569
0.392268
0.533061
0.689259
0.448968
0.627017
0.710514
0.719432
0.438498
0.434463
0.538073
0.644642
0.774851
0.522653
0.411485
0.620182
0.781456
0.572851
0.588844
0.345381
0.732139
0.896687
 0.57701
0.624233
0.718086
0.622047
0.777484
0.505933
0.640403
0.447741
0.605468
0.522397
0.476783
0.402747
0.575163
0.477728
0.414767
0.397405
 0.40483
0.600763
0.590127
0.378934
0.763567
 0.40051
0.486418
0.654332
0.731554
0.540867
0.482684
0.672234
0.726269
0.489851
0.578073
0.589557
0.465713
0.479391
0.633548
0.645439
0.748062
0.519375
0.675964
0.661304
0.435693
0.721967
0.571199
0.610643
0.480707
0.525939
0.877325
0.425021
0.628058
0.325909
0.648108
0.621265
0.525438
0.726604
0.448386
0.547813
0.758245
  0.5597
0.511265
 0.73171
0.434383
0.753155
0.488214
0.487226
0.730482
 1.02743
0.760926
 0.53294
0.489028
  0.5671
 0.55301
0.497789
0.649973
0.555486
0.443091
0.663527
0.436297
0.400535
0.385227
0.484929
0.881688
0.471524
0.457792
0.449648
0.724682
 0.43993
0.589467
0.564025
0.414832
0.288993
 0.82908
0.811359
0.604547
0.750653
0.550777
 0.65482
 0.68121
0.835282
0.703599
0.517962
0.516024
0.467203
0.473046
0.679962
0.495467
0.468211
0.679336
0.333887
0.649058
0.485812
0.866113
0.599573
0.628641
0.343128
0.663911
 2.05599
 5.06471
 2.19118
 1.17967
 2.98224
 4.56977
 3.07835
 3.66522
 1.82597
 1.24412
 3.01432
 1.77032
 1.39646
 2.15129
