    3.15785           0    -1.33667           0     21.9429    -19.3176  -0.0571552
   0.299077           0    -11.8223           0     5.02798    -12.8299    -11.8781
   -5.17742           0    -13.6186           0     5.10282    -23.2022    -16.4566
   -4.75708           0     -8.7089           0     8.86114    -14.0168     4.78841
    5.02025           0     -12.389           0    -6.86048    -16.7579     3.00494
      7.186           0    -31.7644           0    -5.21608    -12.8524     1.51182
    8.32097           0     9.86254           0     6.42598    -28.7435     18.5681
    11.4478           0    0.281564           0    -10.4892    -24.1612     12.6744
   -5.12738           0    -34.4813           0    -4.63744    -5.28489    -13.2952
    3.90382           0    -7.26109           0    -4.16577    -19.2445     7.33138
   -9.15592           0     16.5989           0      14.246     -46.829     19.8861
    13.9513           0    -6.94868           0    -3.87901     -15.102     4.46167
    2.28492           0    -20.3443           0     12.9757    -16.5081    -15.3281
    5.87108           0     3.07451           0     2.81644    -16.0665    -4.21592
   -3.28921           0     -1.3007           0     19.0918    -12.1722    -2.94706
   -1.39264           0    -2.97182           0     20.0374    -31.8452     6.22573
    28.5783           0    -6.86782           0    -10.6087    -27.4291    -3.33225
    7.70339           0      -20.91           0     1.97159    -11.0024     9.07981
    14.6777           0     0.66102           0     6.60475    -20.6682      -19.24
    4.89768           0     3.06681           0     1.73674    -9.79321    -6.43792
   -4.58348           0    -7.49584           0      14.371    -42.1919     24.2022
   -5.13117           0     1.01321           0     16.7759    -29.2153     21.4752
   -6.97533           0    -5.66638           0   0.0265793    -11.9311     4.52347
   -5.94079           0    -2.65709           0    -1.38427    -11.4998    -11.9158
    3.10921           0    -27.0271           0    -18.3282    -15.0287     11.9222
    -9.3339           0      -6.504           0    -8.90514    -13.0984    0.515362
  -0.615255           0    -5.82857           0     -6.2386    -30.5415     17.2444
  -0.796519           0    -22.3607           0    -7.86577    -5.27828    -12.4955
   -6.82666           0     1.36258           0    -5.07017    -31.0079     10.2876
    2.91517           0    -22.2092           0     15.1471    -16.7653     4.60349
    1.16794           0     10.4309           0      4.2222     -29.166     6.19319
   -7.46076           0   -0.142909           0    -6.20091    -14.0519    -17.4327
    1.31309           0    -4.17665           0     10.9387    -19.9119    -18.9549
   -7.62358           0    -9.95188           0     -7.1799    -18.9546     11.3582
   -19.8843           0    -2.06754           0    -7.70608     -28.944     3.97696
  0.0928727           0    -15.9244           0     2.10204    -8.56916    -21.3805
   -10.0428           0    -19.9954           0    -8.09511    -25.2737     16.5058
   -4.53241           0     8.95448           0     1.35992     -21.173    -31.3983
   -3.45797           0    -6.95584           0    0.349829    -22.2012    -26.1299
    1.48203           0    -21.1839           0    -2.93451    -2.23309    -22.8778
    3.19677           0    -4.85599           0     6.30091     -23.941     4.95123
   0.689482           0    -8.42912           0    0.383272    -11.7683    -19.8218
   -5.37097           0     5.78854           0    -4.50284    -12.7344    0.767871
   0.329131           0    -13.4599           0    -8.60994    -3.45028     4.00985
   -5.96694           0    -8.18806           0    -2.30879    -12.1861     -7.1131
    1.42379           0    -6.87819           0     5.25909    -9.31512     5.21536
    -13.169           0    -0.44995           0    -9.86797    -17.3202    -16.5708
    1.68408           0     7.74975           0      12.198    -26.4677    -6.64592
    3.83352           0    -5.29977           0     0.78963    -27.3728    -4.86667
  -0.979645           0    -12.3356           0     7.38099    -6.81102    -19.6889
   -4.92665           0    -15.4024           0    -16.1045     -19.887     7.21433
  -0.471052           0     5.56546           0    -3.20137    -10.8471    -36.3169
    22.7288           0    -10.2013           0    -2.07295    -21.0215     -2.3628
   -8.66831           0    -18.3054           0    -3.32722    -7.28078     11.5056
    -19.343           0       26.84           0    -9.26143    -38.5034    -10.5852
    1.02937           0    -13.8594           0   -0.904912    -6.09471    -23.6863
    5.41067           0     4.82775           0       5.802    -23.2903     5.84206
    6.97931           0    -4.93793           0     4.85522    -8.10521    -24.9081
   -3.59883           0    -53.2898           0     6.02428    -6.22368     4.78997
    8.34288           0    -21.9259           0     3.92548    -12.7408     11.7111
    13.7797           0    -28.2427           0    -6.86726    -15.6718    -4.40981
    3.72828           0     19.2018           0     -8.4241    -26.9339    -6.12319
   -2.89161           0    -4.51302           0     6.06745    -8.64714    -29.1013
   -19.7816           0    -8.98591           0     7.58858    -33.7322    -8.57167
   -2.74726           0   -0.335493           0    -2.75999    -5.77697    0.732109
    1.12728           0     16.2493           0    -6.43118    -29.5452    0.653418
   -1.29475           0    -25.1024           0    -12.6133     -7.9932     4.19343
    15.4115           0    -17.9929           0     8.81084    -24.0562     -27.312
    1.52229           0    -10.9174           0     3.35228    -16.1545     -8.7072
    7.87509           0    -6.36427           0    -13.2337    -24.7124    -1.03657
   -13.9422           0     12.6712           0    -3.98661    -22.5415    -6.94963
    1.40508           0    -3.81008           0     5.89069    -23.0454     12.4292
  -0.453655           0    -9.99972           0    -5.77763    -8.94599    -15.3278
    17.7022           0     6.11171           0     -2.6803     -23.975     7.09727
    8.83573           0    -41.4053           0    -14.3594    -15.0295    -3.97548
   -25.1112           0    -27.3978           0    -12.0063    -35.1627     6.46584
  -0.902664           0    -11.9352           0    -1.43526     -19.872     11.8106
    11.2527           0     6.61307           0    -1.51992    -19.1321     -9.9357
   -16.0361           0     1.93893           0      17.795    -27.3251     15.1319
  -0.581537           0    -7.72948           0    -3.25455    -13.3252    -27.5536
   -7.23966           0    -8.11706           0    -3.36217    -11.9724    -10.8778
   -4.68811           0     1.19061           0     10.9175    -21.2028    -2.38859
   -4.34311           0    -5.26049           0     5.23808    -22.5852     8.67066
   -16.3394           0    -29.0525           0    0.440242    -21.0602      4.9019
      -12.3           0    -5.28036           0     4.21025    -17.8446     1.70662
   -6.39605           0    -3.17005           0      12.458    -23.1249     1.06009
   -2.04419           0    -21.9241           0     6.37484    -7.29941    -21.0446
   -4.52589           0     -9.9402           0   -0.497085    -23.8555     9.04877
   -2.32053           0     2.63409           0    -4.78029    -20.2563     6.62347
    6.78297           0     2.49592           0    -1.58202    -11.4533    -9.39631
  -0.255402           0    -20.3438           0     1.67164    -14.8569     17.8445
   -5.21538           0    -34.3888           0   -0.537221    -5.76955     17.9213
    10.2168           0    -5.34346           0    -1.50837    -11.7632     0.73256
   -12.3615           0     11.1195           0     4.68774    -30.0191    -9.26007
    1.99164           0    -12.5713           0     10.5801    -19.0068     3.99509
   -1.85915           0     0.25783           0      13.485    -13.2673    -49.3953
    16.3857           0     -4.4774           0    -10.8696    -18.2099     8.70171
   -3.29082           0    -5.74458           0  -0.0489301    -4.37727    -25.6476
   -3.33352           0    -1.48048           0    -5.40957    -13.7293     8.59776
   -6.73983           0    -31.5855           0     6.10907    -7.95663     9.77476
    15.0995           0    -24.2838           0    -11.5937    -12.6737     2.61966
    9.74752           0     10.8174           0    -3.82175     -35.467    0.996957
     3.8237           0     8.47787           0   -0.592922    -32.3264       13.65
   -8.75237           0     9.75814           0     -5.2851    -18.8729    -29.9005
    27.5342           0     19.3782           0    -4.98583    -45.1342     9.91501
   -1.14594           0    -8.15477           0    -6.35103    -8.26955     7.19614
    6.20644           0    -7.14416           0    -1.70654    -18.0073     1.62818
   -9.47598           0   -0.552495           0    -7.70715    -11.5926    -48.3034
    -3.1115           0    -10.5737           0     27.1377    -19.1252     9.16752
  -0.133394           0     9.35618           0    -12.0292    -28.2039    -11.6962
   0.837266           0    -30.0638           0    -15.5144    -13.7884     12.5983
    13.2176           0    -15.5379           0    -1.22336     -19.223    -8.04526
   -26.3218           0     8.26684           0     5.09964    -39.0599    -4.37807
    13.1043           0     2.11873           0     1.15387    -30.9784    -1.85539
   -4.50543           0    -8.98063           0     -1.9507    -13.8365    -15.3183
   0.604513           0    -15.7483           0     13.2599    -19.4988     12.6168
    7.93528           0   -0.201651           0     3.60855    -8.90545    -18.5653
    -2.1933           0      9.0712           0     3.76046    -36.4857     13.8659
    3.57207           0    -6.09577           0     6.64165    -9.05166      -21.01
    6.78544 1.83157e-08    -17.2318           0    -5.35531    -9.48343    -50.9486
    4.34458           0     6.55323           0    -6.64658    -27.0243    -8.58039
   -9.63707           0    -21.1954           0    -3.03035    -20.6542     6.53609
    -4.1148           0    -6.78687           0    -5.70071    -23.0254     7.06142
   -9.82674           0   -0.679282           0    -3.16623    -12.2667    -7.10606
   -7.34614           0    -6.58437           0    -4.34539    -20.5199   -0.366846
    9.60032           0     1.31395           0    -5.07477    -21.6988    -20.5685
   -5.74837           0    -1.76712           0     5.06122    -9.22064     -9.7365
    2.62079           0     1.34076           0    0.103387    -22.9476     7.48567
    1.81383           0    -26.9343           0    -7.73386    -3.31083    -10.0135
    14.2526           0      -14.47           0    -8.60936    -13.4581    -19.1648
   -2.44536           0     11.8478           0     1.87899    -26.0328    -25.3045
    2.00212           0    -5.51527           0    -1.48014    -14.3043     6.38531
    4.06761           0     1.74299           0     11.6154    -15.6277   -0.092075
    11.7804           0    -12.1285           0    -1.31043    -22.5329     5.45068
    3.50592           0     -14.919           0     -6.4899    -9.10821    -10.9508
   -14.0367           0     6.09179           0    -5.66167    -19.0559     8.76577
   -8.02381           0    -16.6208           0     -17.955    -19.7134      12.031
   -3.80911           0     4.34637           0     8.14361    -40.5153     19.6886
  -0.525332           0    -12.0233           0     3.83576    -2.38626    -30.7386
   -3.81684           0     1.72484           0     2.39395    -12.3242    0.180312
  0.0745879 1.46373e-08     -19.812           0    -9.98604    -9.76563    -28.3515
   -10.1443           0    -1.43369           0     19.4017    -23.4324    -4.47124
   -8.57017           0     6.88948           0    -8.19933    -30.4506     4.23498
   -8.85408           0     10.2485           0    -1.86856    -30.1631       6.599
   -6.49492           0     -12.163           0    -4.03019    -7.99488     8.15055
   -10.4118           0    -15.0206           0    -14.3853    -21.8413     16.8567
    3.24409           0     1.17744           0     8.44593    -13.5895    -13.9247
    2.07334           0     -6.1536           0     15.0087     -14.377     3.81854
    4.55398           0    -15.8267           0    -1.17587    -6.60421    -25.4952
   -10.3181           0    -6.70572           0     2.31654     -18.801     -12.755
    13.1608           0    -28.9403           0    -17.8617    -22.8678     12.2509
   -5.86684           0    -25.3694           0    -1.90751    -6.75616   -0.972924
  -0.970118           0    0.529088           0    -3.50057    -10.4987   -0.218849
   -7.86069           0    -4.27281           0     9.85383    -16.6256    -16.5499
   -2.57014           0     7.02163           0    -3.35233    -29.5815     10.9412
   -3.76181           0     -12.921           0    -2.08017    -4.27837     7.01851
    12.1952           0    -15.7186           0    -8.14856    -15.3329     17.3264
   -1.27979           0    -0.28605           0    -4.62843    -9.24641    0.950062
    2.89423           0    0.644106           0    -3.09587    -10.2653    -29.5848
  -0.674404           0     10.2326           0    -12.1906    -27.7639     10.4543
    8.26615           0     1.25525           0   -0.777812    -17.0138    -4.68456
    3.57023           0    0.223374           0     10.6116    -11.9991   -0.812609
   0.753969           0    -17.4432           0     5.26535     -15.786    -9.06549
   -1.56426           0    -7.32098           0     4.23875    -10.9149     11.7172
    5.81179           0    -9.08959           0     9.73433     -11.293    -4.48086
    4.14921           0   -0.719365           0    -13.5947    -23.9657    -12.9904
    13.9883           0    -3.01193           0    0.112195    -17.3282     5.54489
   -1.00209           0     1.95207           0    -5.66823    -30.9979     15.5372
    10.8693           0    -18.0861           0    0.568512    -30.1066     11.2535
    17.2947           0    -8.96537           0   0.0326595    -17.2119     9.42366
   -3.72603           0      8.8251           0    -2.38348    -16.3714    -14.9351
    2.14465           0     2.12787           0     9.82939    -49.2463     31.9566
   -1.47881           0    -5.37611           0     12.2896    -24.3198    -15.9697
    4.24186           0    -25.1953           0      1.5965     -4.1058    -15.3336
    1.13316           0     1.73538           0     10.5328     -10.837    -15.1273
    -2.1257           0    -15.9271           0    -15.3671    -22.4254     10.1967
    4.12562           0     -1.2746           0     16.7188    -18.0722    -33.4931
      7.368           0    -14.4969           0    0.022889    -9.69043     5.14508
   -7.89268           0      7.2616           0     3.17231    -29.0745    -13.9221
   -10.7346           0   -0.710763           0    -15.2735    -27.1193     1.50546
    6.53835           0    -11.5202           0     3.73622    -10.2951     4.07547
   -21.9098           0      17.736           0     -1.3984    -39.2578     18.8979
    2.50703           0     6.79197           0   -0.836799    -12.7901    -12.1439
   -3.91605           0     5.21019           0  -0.0705652     -12.848    -10.9314
  -0.828869           0    -2.69327           0    -1.31901    -11.2147     8.83701
   -7.08448           0     13.4734           0    -12.0855    -34.7621     15.2618
    15.7551           0     7.94378           0    -4.99394    -23.5555     -2.0657
    8.92388           0     -4.1698           0    -9.44495    -17.0481      8.0692
    8.51596           0     5.62364           0     3.52373    -14.2805     4.81088
    12.6547           0     10.2239           0     5.73976    -26.4643    -6.81307
    15.7152           0    -16.3733           0     1.81694    -27.7514     14.8046
   -4.17241           0     1.64503           0     4.51806    -13.3188    -23.8312
   0.542811           0    -13.5363           0     1.63881    -6.32509     13.3075
   -9.18113           0    -47.9425           0     13.3887    -12.8253     10.7964
    8.60217           0    -4.58314           0     11.6143    -25.9832    -2.77342
   -8.04563           0    -18.0162           0     4.51989    -15.0341     14.1791
   -6.39042           0     10.2414           0    -7.18492    -22.0059     -3.6542
   -5.89536           0    -5.30802           0     1.97293    -28.0511    -1.71331
   0.284265           0     16.3009           0    -1.56107    -27.7828    -5.64095
    5.86853           0     6.14878           0     -0.3371    -17.6044    -4.06031
   -5.05705           0     0.46739           0    -3.34879    -19.2445     3.61624
   -24.5797           0     7.90683           0     5.17925    -37.0467     3.88482
    15.4956           0    -16.1054           0    -13.9553     -14.637     8.17996
    2.94408           0    -4.07171           0    -2.64504    -6.49141     -36.381
   -16.9469           0   -0.826583           0     4.23382    -24.6616     11.5271
    4.55175           0    -1.13249           0     1.43112    -12.8965    -9.61861
   -7.44653           0     -6.5453           0     2.98442    -18.0731    -3.91364
    10.0579           0    -23.5722           0    -7.55864    -7.49142     9.05622
  -0.744435           0     -13.244           0   -0.534081    -11.9849      8.8996
 -0.0170534           0    -24.2437           0     10.4492    -13.0799     9.43729
   -6.01625           0    -6.88381           0     16.8377    -25.5392     8.27094
   -15.8888           0     1.14956           0     8.52054    -41.5431     4.94438
    6.77425           0     7.63558           0     -2.4008    -24.0752      -14.43
   -6.70526           0     -16.295           0     9.01168    -17.9703     16.0946
     6.4398           0     2.31704           0    -3.87411    -13.8195    -4.50271
   -3.99249           0    -28.5264           0    0.365416    -12.0489     3.16669
   -7.56157           0    -16.1865           0    -4.54409    -4.39821    -13.2007
  -0.709898           0    -15.9547           0      11.855    -7.75985    -21.1198
  -0.474798           0     5.65313           0     -0.8958    -11.4258    -9.91522
   -1.52814           0    -3.80693           0     4.91561    -3.26852    -1.07642
   -3.35507           0    -1.18296           0     11.5647    -15.1248    -12.7133
    12.6771           0    -2.17966           0     23.8001    -33.9472     14.0751
   -27.3962           0     21.6628           0     9.01471    -49.8399    0.344652
   -3.76247           0    -13.2447           0     2.48285    -7.80739    -6.57443
   -6.00299           0    -19.4268           0     5.49775    -8.42442    -5.08549
   -2.84628           0    -18.3767           0     14.6661    -12.8781    -15.2817
   -3.81056           0    -4.18486           0    -5.86764    -14.0795    0.333176
    7.08348           0     7.72815           0     9.51922    -24.9624     5.74424
    12.0537           0     6.78446           0      4.2806    -19.2841    -2.88161
    10.9121           0     -3.8843           0    -4.80604     -23.889      6.1331
    17.5246           0    -4.63904           0      12.084    -35.8912     13.6624
   -9.59903           0    -2.31777           0    -5.02498    -21.9867      5.4829
   -2.03993           0    -21.9889           0     2.93082    -2.04775    -1.57357
   -2.33411           0    -25.3366           0     1.21859    -1.07768    -3.14606
    9.09831           0     1.27003           0    -13.6383    -28.9346      13.206
    8.20246           0    -22.0919           0    -5.61946    -12.8119     -10.504
   -5.75712           0    -6.20226           0     11.0305    -13.4671     8.78199
  -0.408893  1.3069e-08    -3.11254           0     3.09199    -7.38854    -11.6068
    3.67054           0     2.76066           0     2.35252    -8.76769    -5.00442
    2.13408           0    -28.1553           0    -9.72462    -4.46839     8.79813
    12.8352           0    -12.1966           0   -0.697341    -18.9834    -26.9959
    7.09429           0    -1.54144           0     -3.1504    -13.7612    -17.9541
   -6.23931           0    -27.7176           0     14.0485    -12.1632     12.7586
   0.847874           0    -4.43133           0     8.14427    -12.4358    -24.9257
    12.5197           0     4.11135           0    -2.45609    -26.9756     -2.6838
   -3.74939           0    -10.8857           0    -8.86651    -21.1383   -0.698133
    -11.337           0    -9.16866           0   -0.385028    -17.3454    -27.6584
   -18.1462           0     10.5721           0    -2.46717    -31.5437  -0.0794178
    1.24924           0    -8.91346           0      15.572    -12.0114    -16.2565
    4.28161           0    -4.23217           0    0.718643    -4.34755    0.614194
   -8.50685           0    -29.7322           0    -7.27963    -7.94217      7.6705
    12.0238           0      0.4302           0     5.01431    -13.4741    -17.6686
     1.1736           0    -5.57542           0    -1.90776    -13.6346    -63.4567
    5.76082           0     8.50857           0     2.82833    -23.4349     8.53525
    9.31474           0    -13.2994           0     23.0907    -23.1076     14.0101
    1.34464           0    -31.4493           0    -2.78768    -1.85937    -38.5655
   -1.47969           0      2.3392           0    -7.47281    -14.4737    -18.4434
    19.6345           0      4.2012           0     7.54258    -28.3367    -17.3341
  -0.800144           0    -18.6028           0    -6.26137    -3.72419      6.0018
    1.40345           0    -8.37253           0    -3.16624    -10.3147    -8.35049
    8.38218           0    -4.11048           0    -3.72575    -35.1491    -32.4494
   -3.62959           0    -20.3811           0    -1.30427    -11.7127    -5.81245
   -5.54329           0    -3.19511           0    -2.72953    -32.6901     -3.6114
    2.62403           0    -34.3858           0     3.11333    -12.7894     7.87973
    2.53785           0    -8.49199           0    -10.5282    -12.1028     3.68292
    -10.543           0    -12.0439           0    -1.30593    -8.82786     6.03043
   -7.49827           0     9.13629           0     2.36355    -38.4462    -33.9093
    1.18833           0    -6.88137           0     -7.4287    -25.9763    -26.2001
    12.1647           0    -39.9651           0     1.08122    -21.7158    -6.31748
   -11.4719           0      -2.919           0     7.31192    -18.6689     3.28347
   -6.12448           0     -6.1475           0     7.70532    -15.7976     9.02326
    8.50318           0    -2.88977           0   -0.127168    -12.0581    -37.8544
   -2.50907           0     17.1776           0  -0.0800012    -39.6422      15.889
    12.4307           0    -9.98189           0     6.64526    -14.3376    -8.37554
   0.436792           0    -17.1156           0    -9.87412    -11.2823    -10.2695
   -4.24991           0    -1.61589           0    -3.25882    -16.9363    -6.68705
   -12.3643           0    -10.6375           0    0.708779    -22.6422      4.4841
    8.76932           0    -6.51719           0      1.3879      -12.89     -17.991
    1.70584           0    -41.0467           0    0.766798    -11.6796     6.16745
    1.63003           0    -7.28938           0    -5.47439    -12.2795     5.30056
   -13.4403           0    -16.7503           0    -10.0034    -12.4833    -5.36942
    2.73228           0   -0.817073           0    -2.92208    -9.07544    -20.1796
   -7.82136           0    -2.70663           0    -9.79899    -18.4255    -14.5316
   -5.38501           0    -9.35776           0     3.42914    -23.6006     17.1499
   -2.41781           0    -1.05812           0    -2.82132    -12.0768     4.00415
    -3.7605           0    -10.3194           0    -5.46109    -10.8523     1.87575
    6.48601           0      9.4128           0     1.17327     -24.531    -1.79258
   -1.45758           0    -28.0135           0    -9.69309    -3.45086     2.03873
   -4.67576           0     -14.954           0     -8.5245    -14.1126     1.07253
   -2.15697           0     -18.104           0     25.9834    -14.0942    -7.20244
    13.1514           0     4.62262           0    -5.79796    -12.9266   -0.922213
   -4.47558           0    -20.8972           0     -1.4575    -7.69176     11.7213
    4.49099           0   -0.239434           0     11.6481    -21.6841    -2.01552
   0.644578           0     0.37291           0     1.41363    -8.70724    -4.12481
    2.53857           0     19.0126           0     5.49083    -47.4125      23.279
   -8.62777           0    -1.60266           0    0.337034    -15.5651    -33.9997
  0.0471354           0    -15.8829           0     8.18297    -9.32116    -12.5805
  -0.586782           0    -8.13312           0    -4.92975    -5.75459    -7.26845
   -2.23934           0   -0.645493           0     14.4392    -17.3158     1.93633
    14.7308           0     12.4681           0    -2.20154    -35.8961      8.3998
    12.0397           0     -26.045           0    -7.39855    -15.8074     3.80472
   0.771813           0     5.21052           0    -15.5005    -32.0377   -0.459527
    1.85702           0    -4.69562           0    -1.24124    -15.4772     5.95077
   -2.14348           0     3.19986           0    -2.53888     -13.277    -7.28726
   -6.43369           0     6.51804           0    -2.46978    -16.0558     2.84571
   -2.38855           0     -14.716           0     -2.9069     -1.7964    -15.1836
   -2.11746           0    -6.71664           0    -2.76539    -5.01943     3.67223
    1.81027           0    -10.9456           0     4.84793     -21.948     15.0543
   -2.16896           0    -6.04448           0     18.1692     -9.1021      10.151
    2.58286           0     -6.2774           0     21.2492    -24.2384    -14.6878
    14.1879           0     14.7597           0    -3.88877    -32.5201     14.1741
   -11.6106           0     7.26707           0    -7.40339     -21.202     2.69716
   -15.7533           0     12.8838           0     1.06554    -25.9321     2.78551
    3.03626           0    -53.5216           0    -4.90923    -6.20603        10.2
    3.03846           0     4.50051           0    -2.54035    -12.0926    -5.84359
    6.78686           0     3.20226           0     1.41327    -28.7915     -4.7426
   -1.54317           0    0.690083           0    -3.15589    -19.3099     6.54564
   -9.93722           0    -15.0866           0    -4.77444    -18.0902     4.77702
    -2.8101           0    0.587328           0     -2.2497    -12.9652    0.935177
     4.0106           0    -6.17925           0    -6.05138    -6.27101    -22.4791
   -2.62265 9.13355e-09   -0.804854           0     5.97895     -4.8532    -41.3139
    6.23234           0    -29.9845           0    -2.22315     -11.103    -8.86675
   0.507444           0    -9.68692           0    -2.33522    -5.08347    -12.9829
   -23.5813           0     14.9964           0    -4.32823     -39.153    -9.79988
    2.70739           0      10.629           0    -9.06984    -24.4794     -15.745
    3.39996           0    -21.6612           0   -0.385558      -21.85     15.7365
    1.34103           0   -0.461221           0     12.8182    -19.1466   -0.867578
    17.3317           0    -1.40204           0    -1.98615    -25.5571    -13.8097
   -1.66636           0     -4.1616           0     14.8648    -24.2299     2.81499
   -5.21335           0     5.27931           0    -1.85552    -15.1461     -10.002
    2.75185           0     -8.3384           0    -5.13859    -17.8026     -7.6311
  -0.188327           0    -37.0037           0    -9.97258    -3.08235      10.308
    4.13392           0    -6.07893           0    -1.20623    -10.4719     7.59232
    17.1987           0    -5.12834           0    0.792634    -31.0203     3.86228
   -7.46667           0     6.94483           0     15.9513    -26.4091      20.114
     5.1983           0    -11.6921           0     2.52053    -7.85512    -17.7719
   -4.45255           0    -38.0677           0     9.94779    -11.7398     6.90017
    15.2953           0   -0.259726           0     12.2268    -38.5369     27.8527
   -2.86161           0     2.24255           0     5.04367    -15.7312     8.83747
   -10.1571           0    -6.96533           0     -8.9519    -12.1638     6.64456
    1.62075           0    -11.2117           0     4.96146     -9.9225    -12.0535
     9.7966           0     21.0065           0    -3.05609    -35.9345     -2.8327
    7.79881           0    -1.29683           0   -0.510478    -15.1838     9.09662
   -11.7496           0     1.15709           0     8.06606    -28.2392     4.46406
    18.2758           0     4.45077           0   -0.948842    -28.8311     15.9909
    1.31375           0    -15.7486           0    -11.0631    -10.3826     -2.9421
    15.0151           0     1.82633           0     6.55246    -30.7451    -11.4466
    6.05746           0    0.256719           0     12.9008    -15.6429    -4.31622
   -10.1859           0     5.86893           0    -7.64886    -25.7926    -15.4498
    7.11282           0    -6.67001           0    -1.77565    -22.7909     10.3426
    1.07708           0    -12.0806           0     7.98458    -16.2198      -21.25
    14.9674           0    -16.7789           0    -4.53994    -15.5741    -13.9099
   -3.04743           0    -5.31046           0    -6.66385    -8.49213    -11.2038
   -16.5481           0    -7.62288           0    -12.4313    -19.0884     2.17113
    3.39124           0       2.392           0    -3.00382    -28.5158    -14.3299
    2.07463           0     3.79704           0     -1.4051    -13.8085    -1.46287
    6.09066           0     8.78221           0     4.86311    -24.6245    -16.3141
    8.30182           0    -6.14095           0    0.915275    -10.3542     7.35343
    6.28575           0    -4.26985           0     15.1198    -16.3183     8.11234
   -7.04526           0    -2.58957           0     14.6839    -21.4346    0.824309
   -4.94912           0    -18.9884           0     19.8865    -13.6529    -14.5545
    10.5359           0    -10.0625           0     8.35931    -17.2146    -4.73567
   -7.69408           0    -27.2587           0    -11.3508      -12.47     11.4092
   -7.10457           0     6.41564           0     6.43528    -17.6861    -6.97226
   -4.84291           0   0.0777123           0     5.75703     -22.967     1.71665
    19.0759           0    -11.5578           0    -18.0547    -31.3492   -0.569613
   -16.7857           0     12.2716           0    -9.32913    -38.2663     13.7829
    8.81736           0    -4.51428           0    -4.89917    -9.78096    -11.5426
    9.05931           0    -5.21715           0    -3.07193    -18.2295      9.8287
   -3.50144           0    -16.8811           0    -5.04846    -17.1375     11.2966
    4.09998           0     3.36579           0     9.65472    -24.1862     -19.404
    -8.6829           0    -4.22329           0    -2.35543     -12.658    -59.5323
    7.67889           0    0.069014           0     4.56821    -31.3416     19.8244
   -2.08339           0    -2.84645           0     16.2214    -8.80396     3.25153
   -9.28993           0    -5.47726           0     -10.605    -16.7649    -32.6018
    5.49841           0    -16.6163           0     25.1211    -31.2854    -13.4001
   -5.09999           0    -19.1535           0    -10.8769    -16.1779     14.1769
    10.3679           0     1.35133           0  -0.0439124     -29.157     12.4989
   -5.07055           0    -16.7667           0    -5.45539    -29.9026     9.62951
   -7.11801           0    -12.4201           0     5.47167     -13.751     14.8826
   -2.74332           0    -8.34505           0     3.51718     -3.4923     2.44343
    2.00601           0    -7.07424           0    -1.79345    -7.59464    -1.24296
   -1.36424           0    -14.5523           0   -0.577076    -1.55855    -16.0416
   0.472935           0     -12.458           0    -5.97001    -12.5982    -3.61203
    22.0601           0     19.0516           0    -3.67478    -38.2953    -26.7236
    13.0747           0      13.172           0    -2.56302     -32.231    -1.07691
    3.59915           0    -29.8686           0    -8.63222    -6.04617    -4.26402
    6.22814           0    -12.5964           0    -11.4432      -12.87    -36.5579
   -3.58969           0    -32.5833           0     14.7263    -13.8557    0.583991
   -9.58552           0   -0.847318           0    -8.62935    -22.4638    -1.52079
  -0.298976 1.46611e-08    -7.51259           0     2.44926    -8.28963    -15.1544
    -5.8074           0    -13.6423           0     1.65157    -15.7974     2.00076
    7.74836           0    -13.7919           0     12.7958    -19.5384    -1.90135
    4.69234           0    -22.9332           0    -2.30951    -5.22442  -0.0466592
   -4.98266           0     -10.935           0    -3.99876    -9.41102     6.46219
    6.39277           0    -5.13575           0     7.56918    -14.1685     3.86729
   -2.24832           0    0.425244           0     -3.9157    -22.8995     14.7042
    2.92046           0      5.2713           0    -9.11396    -19.6573     10.2106
  -0.320659           0    -17.6914           0     3.64108    -1.32408    -2.15613
   -10.0558           0     15.0504           0     -9.6032    -36.5348     5.20505
    7.74721           0     23.3738           0    -6.95227    -41.5552     16.9279
   -5.91417           0    -9.51469           0     5.62748    -10.5534     -0.5629
    7.18321           0    -27.2854           0     9.53583    -25.2486    -2.56642
    3.24997           0    -6.99117           0   -0.811894    -9.89543    -4.15111
   -5.95063           0    -9.01789           0    -8.20635    -13.6962    -8.61172
   -8.71565           0    -4.11889           0    -9.83345    -12.8914     6.07709
     10.982           0    -38.6402           0    -16.2269    -25.8601     17.8352
     11.765           0    -22.7764           0     4.28797    -16.4869   -0.596104
    5.97021           0    -11.2094           0    -3.89465    -17.8047    -17.1742
   -14.5642           0    -32.6012           0     3.12343     -15.902   -0.353923
    2.83268           0    -6.11607           0    -2.42278      -3.814    -20.9275
   -5.74892           0    -41.4155           0    -7.04691    -2.13367     12.3651
   -7.32055           0   -0.883669           0    -4.56193    -13.6451    -2.10075
    3.54753           0    -13.6907           0    0.983907    -14.2219     2.16493
   -11.3041           0     10.2736           0    -7.68787    -27.7197     12.1722
   -1.55267           0    -13.3673           0    -3.27997    -4.25979    -11.7137
    17.4764           0    -5.95132           0    -7.29877     -19.569     6.37072
  -0.247816           0    -3.51183           0     8.03792    -16.6878     2.24325
   -5.16168           0     -60.649           0    -15.6707     5.42578    0.437942
    6.56145           0     12.1977           0    -4.71368    -28.6783     2.97144
    2.26051           0    -6.35624           0     8.39209    -22.2471    -33.0788
    16.6372           0    -4.97116           0    -2.65275    -18.5384     6.06533
   -2.23259           0    -3.54155           0     7.15403    -13.1052    -8.16813
    4.86682           0     3.37419           0    -8.80777    -31.4424    -6.59967
    -6.1953           0    -23.8458           0    -8.88325    -6.24865     10.8454
   -16.7562           0    -11.1187           0    -16.0965    -28.8313    0.807097
    -11.387           0    -4.29926           0    -6.01311    -19.3428     4.04364
    -5.2581           0    -7.76732           0    -3.26171    -8.23988     2.82476
   0.479605           0    -10.2107           0     28.5662    -21.3095     12.3048
   -7.89397           0    -5.81064           0    -10.0408    -10.4131      6.9654
   -1.96236           0    -2.91036           0     5.83498    -12.3902     8.83039
   -10.5535           0     11.0411           0    -1.21928    -23.4663    -2.44265
   -10.7491           0     -10.934           0     2.55818    -24.3176      -14.86
   -2.31468           0     0.17128           0    -3.98426    -20.0584    -13.6872
   -17.7255           0    -11.0599           0    -13.1735    -20.1967     5.81273
   -6.67827           0   -0.261694           0      2.8246    -33.1619    -26.8484
    18.4981           0    -14.5165           0    -10.8138    -38.9525     18.6979
    2.63674           0     -2.4987           0    -4.59244    -10.6545    -11.8017
    5.09048           0    -8.80757           0     2.68717    -9.77049    -8.90318
   -13.4208           0    -13.0115           0     6.71355    -23.3602      15.029
    1.50311           0     -27.008           0     1.02535    -4.27781     9.36916
   -3.96469           0   -0.291269           0     1.69152    -7.09606    -12.3722
  -0.224258           0     10.4316           0     6.30589    -22.0354     1.70226
   -6.18358           0    -10.1043           0    -3.79388    -14.8062      11.537
   -17.7004           0    -6.84961           0    -3.27912    -31.7885    -3.03054
    4.62643           0     -27.741           0     6.46505    -16.0897     16.0063
    1.37178           0   -0.934868           0     6.88789     -16.621     -8.3242
   -12.0182           0      18.241           0    -5.08797    -39.5907     15.5646
    5.41928           0     13.8512           0   -0.760181    -29.3672     10.3539
    1.27552           0    -15.2145           0    -2.11136    -11.7834    -13.5816
    13.2057           0     2.72107           0    -3.53688     -23.349     2.72721
    5.61424           0    -18.1246           0    -1.46429    -22.3005    -19.4189
   -12.0153           0     9.90224           0     3.54779    -22.3739    -21.0692
    8.54717           0    -1.41974           0     1.10209    -13.4404     4.86235
    11.4682           0    0.125502           0    -10.5494    -20.8598    -17.3055
    18.7138           0     1.83379           0     3.87509    -33.2676     20.9908
    2.41212           0     -24.912           0    -6.29382     -1.3802    -38.6188
   0.797896           0    -14.2278           0     9.67928    -29.7415     10.1051
   -9.10544           0    -6.42134           0    -5.72591      -14.28     -3.6193
     10.627           0     7.24171           0      5.4883    -28.4857      14.058
    22.4708           0    -1.03906           0    -18.1714    -37.1515     14.6952
   -1.05753           0      10.035           0   -0.472875    -25.8138    -1.56504
   0.351622           0    -24.5315           0    0.128016    -8.46046     6.19281
   -4.98524           0    -1.02618           0    -4.70603    -25.2172     3.85074
    4.85403           0    -2.16625           0    -2.65656    -7.53001    -45.1789
   -0.45789           0    -4.96389           0     3.34382    -11.1352    -5.87805
   -2.39521           0     10.7216           0     6.42975    -29.9616     9.33143
   -4.94883           0    -7.18752           0     5.51699     -30.592     14.2587
     11.915           0    -10.6282           0    -5.74331    -11.4627    -6.19824
   -2.78025 1.63155e-08    -6.99692           0     4.73052    -9.69954    -10.8014
    1.35591           0    -1.88566           0     8.82826    -14.8068    -9.53614
    2.34549           0    -2.65289           0    -1.75448    -7.59073    -4.93425
     4.2042           0      3.5855           0    -7.09872    -20.8405   -0.407126
    17.9529           0    -10.0144           0   -0.804202    -20.7904     3.16261
    10.5391           0    -7.14259           0     8.15888    -17.6899      11.619
     -3.266           0    -4.10669           0     6.61083    -11.2193    -26.6914
     -4.805           0    -6.30533           0     8.24251    -18.3414     5.73329
  -0.506482           0     1.95477           0     7.20559    -12.1081    -12.8029
    6.43703           0     2.41603           0    -11.9438    -23.8504   -0.827632
 -0.0482827           0    -4.44721           0     15.4979     -32.142     18.7422
   -8.02371           0    -4.86744           0       25.52    -17.3932    -1.32471
   -5.47568           0    -42.4312           0    -9.01679     3.21934    -3.88876
    1.50992           0    -25.4299           0    -3.64245    -10.3676     8.09334
    13.1717           0    -24.0791           0    -11.5807    -16.4504    -8.57354
   -13.2102           0     7.57284           0    -6.15506    -23.3352    -1.68244
    14.8382           0     7.54156           0    -2.20482    -20.1134     -5.3326
    17.4963           0    -6.05826           0    -1.04625    -21.4373     13.9521
    15.5117           0    0.643039           0    -1.61126    -14.7575    -19.3638
     4.9595           0    -16.1001           0    -1.14771    -5.64802     2.31601
    14.7633           0     2.26479           0    -4.74118    -35.1743     16.9013
   -3.62821           0    -6.46644           0    -4.10746    -18.0949    -15.8906
   -6.11643           0     2.16483           0    -2.38463    -16.0322    -1.71462
    2.20166           0    -8.74762           0    -6.16948    -11.4728     -6.1738
    2.15289           0    -3.62179           0     5.55189    -10.5426    -7.02426
    23.2638           0    -16.2635           0    -10.5713    -24.9593   -0.491084
   -1.73017           0    -5.61524           0     2.86492    -3.59083    -46.7212
    21.7621           0    -29.0896           0    -10.3829    -21.7533     16.1013
    10.2747           0     7.86421           0     1.96197    -27.0058    -0.35257
   -2.13493           0     -1.3746           0      8.8475    -15.5703     8.91557
   -10.5647           0     17.8491           0    -10.0185    -29.0203    -10.7164
    5.93997           0    -7.64178           0     8.32075    -11.7097     7.49782
   -4.16351           0    -24.3518           0    -7.52365     -7.2019     4.75027
   -2.31357           0    -4.26819           0    -5.66699    -23.0712    -4.08918
   0.382528           0     -1.7231           0     1.22661    -4.17571    -12.7462
     -5.271           0    -18.1096           0     -7.0992     -10.436    0.213179
    17.7256           0    -1.16959           0    -6.58487      -16.63     -2.0489
    2.91286           0    -10.4911           0     4.61733    -4.68254   -0.927331
    4.67612           0    -10.7429           0    -2.62042    -9.04582   -0.395424
   -1.07999           0     5.84062           0       15.94    -27.3626      4.8006
   -1.95603           0    0.951437           0     24.7314    -18.7081     1.58583
   -4.15331           0     1.60224           0    -6.82825    -18.7768     4.94254
   -1.21899           0   -0.769331           0    -10.5254    -25.0731    -3.27431
    3.11211           0    -15.1785           0     5.63503    -14.4627    -5.40666
    6.25216           0    -32.5591           0    -14.8439    -13.6428      12.988
    9.22366           0    -12.6965           0    -7.43517    -24.1138     14.9885
    4.51368           0    -30.1918           0    -3.18212    -3.10384     11.2482
   -11.8334           0    0.702309           0    -7.88485    -16.6529    -11.3068
     10.085           0     12.2971           0   -0.551487    -27.7064    -3.41127
    20.9627           0    -4.48482           0    -9.32203    -23.2919     5.48996
    -6.9274           0     9.63964           0    -12.1843    -30.9191    -5.00723
   -30.0586           0     20.0575           0    -19.3156    -57.7497     23.3904
   -15.7152           0     1.65114           0    -1.95454    -25.9604    -4.43319
     36.372           0    -14.1648           0    -14.8904    -24.1672     17.1787
   -5.34514           0    -8.81032           0     2.70976    -8.65736    -23.9565
    0.48576           0    -11.8997           0     11.4649    -8.79438    -58.3494
    6.25991           0     17.1777           0    -9.23738    -31.0748    -9.57447
   -24.2631           0     13.8388           0    -6.37875    -39.3917     10.7373
   -3.77953           0     12.9766           0    -6.67806    -19.9649    -16.0506
   -10.0593           0     5.31678           0     7.25668    -20.4972     5.84511
   -13.2141           0     8.08378           0    -7.72472    -23.9054     5.75901
    4.84633           0     13.4516           0    -6.37814    -36.0127    -9.15056
    11.5674           0    -10.6809           0     13.4916    -21.9428     7.45869
   -1.67293           0    -26.8334           0     6.48252    -14.0509     15.0062
   -4.37685           0    -10.4636           0    -1.89086    -13.4354     -1.1424
    7.03261           0    -9.01543           0    -6.29952    -9.85508     1.69582
   -7.80762           0    -9.69345           0     13.3233    -16.2507    -23.5511
   -11.4693           0    -11.5425           0    -8.02033    -17.2819     5.13443
    1.93577           0    -6.10292           0     8.88789    -7.45474     8.86061
   -10.4766           0    -1.86479           0     3.57672     -18.256    -21.0708
    15.9424           0     2.43845           0   -0.492856    -21.6342    -9.44997
   -4.33815           0      6.3187           0     5.99036    -20.1392    -2.48568
    1.45071           0     6.66831           0     4.97669    -24.4695      15.391
   -8.19402           0     9.76567           0    -2.61219    -21.4591     -5.8295
    9.11151           0    -4.99851           0     9.68155    -19.1148     8.15584
    7.45323           0     6.03163           0    -1.15918    -23.2051     7.94049
   -4.25536           0    -2.33607           0     3.04804    -15.5064    -37.7802
    8.41948           0     10.7519           0     4.31577    -22.7895    -18.2957
    14.0717           0     2.75925           0    0.300988    -20.6351     10.4415
   -3.30096           0    -21.9735           0     9.50214    -6.26544     7.05645
    13.7893           0    -7.38169           0    -11.7664    -31.5444     5.73652
   -3.05839           0      1.7253           0   -0.951275    -4.77533    -26.6791
   -10.0733           0     4.31498           0    -9.18475    -23.9299     11.1014
  0.0836857           0     1.98166           0   -0.474094    -23.5335     14.3384
   -11.2152           0    -9.61182           0     -6.9395    -21.7413    -18.3792
   -8.18669           0    -9.45399           0     14.3163    -14.3081     6.85943
    15.4638           0     6.77046           0     -4.5438    -24.2482     4.38238
   -10.5758           0    -2.26292           0      6.1448    -16.8135     3.85449
   -11.4557           0      10.696           0    -11.2654    -32.0096     8.45863
 -0.0163715           0    -7.41659           0     7.81776    -9.82227   -0.817773
   -15.9438           0    -12.3608           0    -12.6932    -32.2545     8.81166
   -11.4958           0     20.1295           0    -4.82819    -36.8777    -8.63041
    8.96936           0    -6.26893           0     9.26004    -17.9743     -11.375
   -2.39297           0    -34.1778           0   -0.228572    -3.37356     10.4254
   -16.5306           0      8.4897           0    -8.62349    -27.3706     1.76299
   -10.1682           0    -24.7411           0  -0.0527357    -12.9467    -18.5378
     9.4267           0    -13.5784           0    -1.87416    -10.1216     1.68441
   -4.27635           0    -29.7385           0    0.370561     -12.997    -4.61762
   -2.96598           0    -15.3011           0   -0.714649    -11.7271     4.66989
   -4.21236           0    -22.6905           0     7.47048    -21.8117     10.0008
   -5.62704           0     7.39191           0    -3.06518    -37.1187    -16.1514
   -9.09573           0     9.72445           0    -4.17633    -21.4353    -3.56921
    5.79711           0     6.02776           0     11.7246    -25.7818    0.361473
   -14.4583           0     2.49351           0    -7.22296     -37.073     0.10595
   -1.52011           0     4.23057           0    -10.1678    -37.1106    -7.17227
   -8.10279           0    -33.7079           0    -4.11763    -11.4135     3.76084
   -2.38456           0    0.545658           0   -0.258578    -19.3398    -35.9094
   -15.1875           0      10.162           0     5.77667    -39.4359     22.8635
   -7.92978           0     5.68543           0    -1.91175    -20.3319      6.2814
   -16.4035           0    -16.6864           0    -22.5939    -34.3021     11.1639
    8.20265           0     21.4786           0    -5.81151    -35.9769    -7.92552
   -1.09362           0    -4.82571           0    -9.50611    -25.9821     19.5054
   -19.9149           0    -7.97097           0    -10.7196    -26.5991    -5.43707
    2.56113           0    -7.89567           0    -4.13978    -5.10428    -23.9988
   -3.04556           0    -8.49776           0     6.86012    -13.7439     12.3276
   -24.8228           0     12.9198           0    -16.7108    -32.3046       6.291
   -11.9741           0    0.345954           0     2.93621    -24.9757    -2.79981
    5.32462           0    -8.34126           0    -4.65396    -7.52843     2.30905
   -7.17485           0     3.48933           0     6.78919    -20.3901     -0.2752
   0.263001           0     1.62696           0     -2.6825    -13.8378    -10.3923
   -4.15032           0     2.03605           0     9.40352    -15.8331    -6.79809
    -2.5076           0    -8.95547           0     7.66623    -7.07078      4.4345
    1.87153           0    -4.11226           0      4.4734    -8.99775    -3.16632
   -3.36631           0    -16.6208           0     4.44695    -18.7383    0.015715
   -11.7021           0    -36.1383           0    0.975858    -11.0982     -7.9415
   -2.98637           0    -17.4759           0     21.5749    -17.7721    -5.39301
   -2.32438           0    -48.4266           0    -9.29818    -1.36551     0.47974
   -19.7339           0      13.454           0    -2.69314    -36.6506     17.7852
    3.12599           0    -24.1489           0    -11.6063     -14.811    -17.2568
   -1.36263           0     -6.0108           0    -4.08466    -5.09985     3.71279
   -3.96378           0    -10.0963           0     3.44947    -6.54836    -23.7149
   -10.9999           0    -6.07221           0     15.6832    -23.6786      8.1324
   -1.82703           0     3.72906           0     -0.2681    -26.7582     13.1632
   -6.76354           0    -25.1527           0    -4.45575    -12.6348    -13.2355
   -4.07064           0   -0.717644           0      11.928    -32.1729     15.1749
    14.1999           0     4.56057           0     3.74448    -18.2748    -16.1531
   -5.62623           0    -11.1291           0    -8.55452    -20.8299     11.8407
   -1.39487           0    -9.52186           0    -7.35938    -12.3011    -7.03959
    -20.082           0    -2.37983           0    -3.69632    -25.0329     13.8885
   -1.64342           0    -9.69572           0    -2.91172    -18.6822     9.83094
    -4.4588           0    -6.62357           0     1.83016    -10.8083      2.4163
 -0.0435904           0    -11.5804           0    -1.87982    -16.3208    -5.12091
  -0.532154           0    -42.5575           0     21.8071    -16.8635     11.5553
  -0.946161           0    -23.4142           0    -9.42806    -19.8881   -0.385534
    1.66344           0      1.0384           0     12.1323    -15.7579     6.88981
     -4.179           0    -8.03741           0      8.7976    -43.9131     19.8517
   -10.7957           0    0.240482           0    -4.71427    -14.3624    -22.8056
    8.28193           0     12.3845           0    -6.82961    -20.0528    -14.0505
   -5.19894           0    -10.3843           0    -8.84142    -10.8329     1.47648
   -11.1088           0    -1.54621           0    -22.6261    -38.0338     18.3631
    14.7994           0     11.7399           0     2.52302    -28.7335     9.64659
   -4.49873           0    -24.7224           0    0.864694     -12.341    -13.5113
   -5.40654           0    -8.95678           0   -0.399056    -27.8994    -11.3704
   -4.17263           0    -19.0088           0    -10.6121    -9.70606     4.99401
    2.51678           0     6.11272           0    -6.97809    -21.7738    -28.6169
   0.487729           0    -54.7713           0     3.40357    -9.57299     10.2184
   -3.03682           0    -9.31666           0     31.0337    -23.2809      15.492
   -5.56866           0    -1.85174           0     10.6852    -15.5143    -21.0925
   -10.4766           0    -20.5917           0     12.3112     -14.345    -11.5252
   -14.5973           0     8.32447           0     1.96845    -24.6296      14.106
   0.441114           0    -3.45249           0     3.50906    -2.39664    -6.34603
    1.10168           0    -12.5177           0    -2.82429    -11.3484     8.57246
   -1.55775           0    -6.49171           0     3.74542    -5.01659      5.0449
   -14.6214           0    -39.8572           0     14.7782    -21.6051     -7.9427
    9.25384           0    -4.59012           0     9.77305    -14.4762    -8.78183
    4.57536           0    -1.02142           0     7.46045    -10.3738    -19.7605
   -2.67566           0    -6.15779           0    -6.49209    -5.55817    -3.52096
    6.47334           0     10.1054           0     5.42051    -32.0122     15.1404
   -7.48279           0    -1.30308           0    0.473824    -12.9948    -24.2064
      4.497           0      11.948           0    -10.9252    -23.4309     -10.889
    4.99182           0    0.369033           0     37.5752    -34.9929    -20.3283
      15.53           0     3.24256           0      5.5113    -26.3128     6.13419
   -2.22249           0     8.32089           0    -5.03578    -20.6427    -5.70142
   -1.13778           0    -15.2277           0     2.57592    -13.1333     12.8622
   -13.8459           0       22.71           0     2.91521    -41.3646     15.6377
   0.874084           0    -20.7527           0     -2.3349    -3.55254   -0.182368
   -6.11435           0    -7.44246           0     6.23171    -8.00162  -0.0611248
   -3.27875           0     1.96536           0    -1.67945    -9.06351    -28.0914
    7.96888           0    -22.6065           0    -5.63776    -6.58484     2.44556
    11.7914           0    -25.4248           0    -3.01555     -19.659    -1.83864
  -0.417538           0     -28.265           0     3.10618    -7.50265     5.64153
   -8.55998           0    -8.86252           0     -2.4735     -18.674    -10.3024
  -0.385659           0     -19.643           0     11.6974    -16.4019    -15.1248
  -0.707549           0    -13.9989           0     5.38975    -8.93909    -34.7164
   -11.6757 2.06787e-08    -9.45694           0     8.70485    -16.6213    -28.7809
   -12.6196           0    -7.06041           0    -2.43743    -26.6562     2.63021
    4.31801           0    0.322249           0     8.12169    -10.9226     -9.4133
    6.23362           0     -1.2269           0    -7.63616    -32.5798     8.26252
   -7.60535           0     -28.456           0     3.74048     -5.7894    -6.21305
    8.33081           0     8.55589           0     1.05267     -22.061    -2.67352
    5.43059           0    -24.1263           0    -2.34457     -6.2547    -16.1991
   0.529962           0     11.9883           0    -5.46587    -20.9793    -0.56577
   -3.54788           0    -38.0124           0     2.40657    -17.2343     12.8792
   -2.15681           0    -18.2654           0     5.87171    -5.56896    -9.14673
    1.05101           0    -26.8412           0    -8.96249    -2.70531    -2.61501
    13.1358           0    -7.93614           0    -6.21572    -15.4331     10.0437
    1.64268           0    -16.2964           0    -9.19968    -16.3572    -19.8306
    3.28641           0    -7.19909           0      10.301    -20.1703     7.08546
    26.3859           0    -6.31719           0     6.10041    -29.2013     16.2268
    3.64375           0    -30.4127           0    -8.78253    -4.21018     2.55916
    14.1071           0    -2.35855           0     17.9618    -26.2675    -18.1465
    6.14825           0    -7.00554           0     19.2917    -19.8942     7.32121
    3.40831           0    -1.50976           0     3.18095    -13.8322     3.76007
   -3.50758           0    -16.7894           0    -0.98601    -6.03093    -7.56435
   -1.90009           0    -2.38986           0      21.525    -28.9826     18.1153
    1.03011           0   -0.645311           0     1.17889    -3.82904   0.0815687
    17.5576           0    -6.67382           0    -12.6883    -28.9961    0.896372
    -2.2687           0    -13.6373           0    -6.20191    -10.3295    -8.57634
  -0.841033           0     5.45432           0     8.00324    -20.1738     1.07117
   -2.94944           0     7.43221           0    -2.58985    -13.0889     -18.018
   -7.72139           0    -12.7877           0    -15.9452    -20.9276     3.09959
   -6.54734           0    -4.46248           0    -6.11067    -18.8455     3.29527
    5.19795           0    -10.3034           0     5.09784    -17.6437     5.09563
     2.2965           0   -0.681681           0   -0.873773    -7.53602    -19.4685
    6.76782           0     8.95453           0     5.27108    -24.8361     1.79603
   -1.64197           0    -7.82263           0     1.92025    -9.27615     3.65845
    11.5005           0     1.16613           0    0.190031    -16.2996     -7.1826
   -7.54147           0     7.33061           0    -4.81536    -33.8576    -21.8051
   -4.46327           0     9.51191           0     15.1413    -32.2706     23.3552
   -2.29004           0    -2.81565           0   -0.769818    -22.3896     7.29114
    13.3034 2.10633e-08    -7.22444           0    -7.07903    -15.7595    -21.0044
    6.82591           0    -3.76356           0     3.70839    -24.6352     19.5921
   -6.94949           0    -3.72193           0     5.10753    -23.0551    -18.9685
     6.4629           0    -3.50387           0     11.8824    -16.7343     19.0743
   -7.07891           0     -21.938           0     -7.0872    -10.8564     12.9604
    2.89491           0    -24.5436           0   -0.944876    -8.88582    -1.22954
    7.28319           0     -1.2262           0    -5.38886    -30.5722     12.7172
    -1.7054           0    -11.9468           0     2.93468    -1.89666    -12.6052
    1.18054           0     18.8299           0    0.328084    -35.1499    -2.68691
    4.06781           0     4.62039           0     9.23442     -30.837    -5.54666
   -2.69915           0    -3.68737           0    -10.0621    -30.9171     20.2826
  -0.564439           0    -47.3587           0    -4.23592     -4.7321      19.595
    12.1351           0     -11.828           0    -8.16536    -10.8435   -0.852004
   -4.09546           0    -15.0794           0    -9.33777    -6.75234    -24.8037
   -4.30226           0    -29.4349           0    -4.54304    -7.73751    -1.23397
   -3.32784           0    -30.8229           0    -4.31789     -4.8095     5.99774
   -8.38358           0     8.66415           0     5.44734    -26.1708     1.26359
     16.399           0    -1.84772           0     19.0009    -25.6656    -13.0029
    13.7979           0     3.09092           0    -1.71754    -12.7783     3.09034
   -1.35297           0       -10.8           0     27.9813    -30.5195    -5.08013
   -1.17675           0    0.484893           0      3.5499     -5.3264    -1.10366
    -3.4869           0     -4.4635           0     5.54929    -9.07013     7.60486
   -12.2259           0     15.4698           0    -4.37948    -23.4428    -10.7324
    2.64127           0     -4.0357           0     10.2514    -7.04571     -14.085
    -0.3603           0     3.23338           0     5.81416    -20.3315    -4.79071
    5.51542           0     -19.022           0     -6.8824    -2.52568     1.29669
    7.79731           0    -5.18618           0    -1.87766    -6.84388    -5.84765
   -10.4664           0     10.0198           0     4.61301    -33.9601      12.948
    5.74218           0    -3.48793           0     8.15335    -20.1077    -8.52466
    11.5496           0    -20.1103           0     7.21276    -25.5276    -6.98059
    2.58643           0     -3.8928           0     4.78141    -15.9939     3.65565
    33.7341           0    -8.06563           0    -6.09373    -29.3393     17.6553
   -5.21639           0    -2.82889           0     15.7147    -17.2569    0.497499
   -5.43861           0    -3.00447           0   -0.176019    -23.5593     7.70864
 -0.0823769           0     6.95981           0    -1.98087    -53.7251     16.9014
    4.02333           0    -3.50482           0     1.62863    -4.47041    -22.7941
    5.56046           0     8.37191           0    -4.58594    -18.1945    -7.05893
    8.68417           0     2.05813           0     7.89868    -14.3224     2.77541
    3.53751           0    -11.3906           0    -2.65979    -15.6078     1.98275
    0.76084           0    -7.95984           0   -0.041714    -5.03385    -15.6797
   -4.08551           0    -13.3475           0    -10.3876    -18.5135     15.8047
    1.30064           0    -35.8496           0     2.24279    -7.64885     6.00814
    6.67935           0    -26.0161           0    -7.69629    -15.4456      13.626
    2.25519           0    -17.0295           0     6.02331    -36.5124     9.13286
    23.3684           0    -2.12428           0    -8.77295    -20.5077    -7.16362
   -7.16319           0    -19.6044           0     2.61615     -20.238    -31.1059
    10.6736           0     4.10412           0    -3.21165    -12.9491    -4.77637
   -4.96264           0    -22.3345           0    -6.86721    -6.65414    -43.8054
    4.03798           0    -12.8724           0   -0.247082    -8.88715    -8.45233
    1.15145 1.74655e-08    -4.29653           0    -2.13209    -14.8786    -37.2382
    11.0527           0    -1.84652           0     10.1297    -17.9394    -14.0773
    2.71463           0    -20.6487           0    -3.07719    -5.58117    -19.5152
      4.815           0    -6.96575           0     15.0506    -19.0361     13.7621
    1.11194           0    -5.99923           0   -0.102555    -5.16166     5.06657
   -2.38356           0    -11.5312           0     1.54339    -7.61155     2.83911
   -7.95125           0     18.6049           0    -1.83702    -39.5274     2.09828
    1.43168           0    -23.2907           0     5.92237     -6.8319     1.98762
   -4.66472           0    -1.94085           0     14.9858    -17.2333     10.6951
    11.0492           0    -17.5481           0    -3.17899    -11.2635    -11.8274
    1.44931           0    -2.87107           0     10.2716    -14.6276     3.77199
    2.00644           0    -2.99888           0    -10.7176    -24.3542     1.28797
   -1.32529           0    -22.3353           0    -15.4275    -16.3785     10.1668
  -0.123805           0     3.67913           0      7.7013     -20.185     1.33314
     2.4808           0     3.67477           0     5.34813    -26.5847    -10.0874
   -4.68379           0    -9.31451           0     4.84105    -23.8041    -7.75607
    10.0774           0   -0.199445           0    -6.66674    -34.1758    -15.3786
   -1.80924           0     2.16285           0     4.35243     -18.787    -13.8355
    5.32066           0     1.80889           0     3.82692    -12.8598     -33.839
    11.0955           0     5.11465           0     -1.9261    -18.5274     6.93406
   0.453489           0    -1.24678           0 -0.00159451    -11.1865    -31.1478
    17.2456           0     3.95012           0     3.69334     -18.961     9.23114
    5.63184           0    -10.4127           0    -1.97553    -9.13637     4.11587
    7.58125           0     13.4314           0    -7.99474    -41.2429     6.59909
   -22.2565           0     8.85405           0    -13.3235    -40.9378     10.8232
   -5.43819           0     3.66585           0   -0.918374    -13.7277     -31.525
   -13.5906           0     8.06109           0    -5.76991    -32.7488     -2.1534
    5.96104           0     4.39223           0    -2.85614    -11.2415    -12.1222
    2.57917           0    -6.38999           0     2.12333    -7.57377     6.53568
   -7.28244           0     1.66774           0    -5.86405     -16.669   -0.922235
   -2.04437           0    -6.20318           0    -2.13936    -11.1358     -1.7401
   0.481788           0    -26.2428           0    0.300863    -6.72873     8.91691
   -5.23963           0    -12.1282           0      5.6278    -6.51482    -4.67592
    -1.0309           0    -13.9212           0     26.3114    -14.4668     15.3576
    3.54868           0     -30.814           0    -7.13242    -8.44246    -1.98008
   -1.14346           0    -9.22788           0     19.3983    -26.5877    -5.64876
   -2.11321           0   -0.708798           0     20.5069    -19.6227    -3.82695
    22.3063           0     -8.2194           0    -5.69424    -19.9783    -10.2537
    1.67816           0     11.1697           0    -5.43303    -24.6239     7.58642
    1.66432           0    -13.5911           0     10.1835    -7.22571    -28.1495
    12.9949           0   -0.966199           0    -4.76967    -15.2556     -12.642
    3.21141           0     1.05189           0   -0.797972    -12.8086    -9.35638
    5.05353           0    -3.20959           0     24.3471    -29.0993      15.739
    5.79229           0    -35.7016           0    -8.78614    -15.2243     8.54406
   -5.95622           0      3.3828           0    -3.78647    -8.35117    -1.79719
    6.43112           0     9.77871           0    -3.71684    -18.6998    -32.1332
    16.2567           0     2.07521           0    -3.94382    -22.2755     14.1294
   -9.96132           0     9.05246           0      4.0582    -21.0682     8.58057
   -1.61905           0    -13.3485           0   -0.244153    -21.1818     2.92466
   0.125026           0     -14.753           0    -19.4624    -25.3948    -8.18517
    -8.6883           0     10.9667           0     11.5039    -29.2839     8.55209
   -3.50318           0     3.28908           0     6.70934    -10.0851    -11.4782
   0.634211           0    -2.90348           0    -2.50794    -3.51885    -1.28827
   -4.02882           0    -14.5463           0      13.188    -10.7064     8.71146
  -0.151845           0    -4.86841           0     9.25807    -15.0764     4.45466
    4.90077           0    -28.7163           0    -2.48773    -3.61144     3.26524
    10.1036           0    -1.36362           0   -0.912677    -17.5022     -7.7774
  -0.668726           0     4.63326           0   -0.485093    -12.6315     4.54702
   -10.6824           0    -4.03502           0    -9.38086    -13.5899    -7.46867
   -21.5432           0    -16.0552           0    -11.1554    -28.8016    -13.5058
   -18.2841           0     6.26057           0    -10.9142    -25.9932    -24.2901
   -5.61522           0     23.0291           0    -3.25417    -40.4598   0.0776397
    10.8794           0     18.2295           0    -10.4399    -38.3357    -9.98851
    6.33553           0    -11.0002           0     8.11859    -15.5385     13.8603
     6.4509           0    -6.16206           0     19.0103    -21.6689     11.1555
    -9.6929           0     1.23777           0     8.70171    -19.9616    -15.8521
    2.95069           0     11.7348           0     -6.9053    -24.4279    -4.52295
   -11.2094           0     10.9726           0    -2.35196     -20.801    -18.7011
     -1.554           0    -13.8209           0     7.01864    -2.37529    -14.0576
    -1.7209           0    -34.7843           0    -12.2865    -6.45428     9.06478
    5.89647           0   -0.452648           0    -8.52127    -34.9787    -1.95139
   -7.75705           0    -15.8737           0    -9.75933    -8.52265    -12.2888
    3.72046           0     -6.2551           0     20.7851     -16.838    -27.8675
    2.75835           0    -1.41136           0     -14.148    -22.8056      6.9233
    17.1671           0     8.32267           0      -1.595    -27.8696     8.82577
    3.35922           0    -11.5094           0    -3.38026    -7.11663    -4.65831
    0.96045           0    -7.92211           0    -12.6175    -21.1374     -14.778
  0.0550487           0    -6.27104           0    -2.60037    -4.05859     3.91151
   -1.74185           0     2.14918           0   -0.746012    -31.1235     -11.372
    1.81126           0   -0.879364           0     1.26385    -14.5962    -12.0308
    17.7357           0    -18.7703           0    -7.33293     -16.245     4.08513
    11.4657           0    -2.88626           0    -9.37881    -37.0634     15.9402
   0.988646           0    -6.06106           0    -6.71185     -18.454     8.98737
   -6.07817           0    -3.55944           0       3.952     -16.175       8.353
    13.9847           0    -24.5475           0    -11.0733    -17.6749     18.5011
    6.04638           0     1.40509           0     8.97149    -17.3826     8.71278
   -5.20609           0    -29.9855           0     11.4257    -8.01112     5.97524
    3.75086           0    -27.3532           0    -3.48514    -27.1791      14.254
   -6.73454           0    -23.4711           0     14.9342    -18.5978     16.2395
 -0.0541902           0     8.21848           0     8.20798    -29.9269     14.9283
    -5.3232           0    -10.8001           0    -4.30988    -12.1298    0.204645
   -4.45632           0     5.18363           0    -2.67158    -9.37202     1.34854
   -7.96834           0    -22.7839           0    -3.48424    -7.19821     6.79146
   -1.54524           0     14.9236           0    -10.8574    -29.9977     5.96711
   -6.07409           0    -13.8363           0     18.5772    -26.5928     9.90773
  -0.516677           0     -28.862           0     9.05132    -18.8854     12.7847
   -2.89668           0    -13.1089           0     3.96153    -6.16013     7.78471
    23.7399           0     7.60669           0      1.0341     -28.737     7.01951
    7.63685           0      -3.478           0      8.8834    -12.2343    -3.08242
     2.2679           0     2.99767           0    -2.96337     -21.514      19.318
   -3.98481           0    -50.6133           0    -12.1682     3.98889     8.27869
  -0.467147           0     22.7918           0     -13.296    -43.0801   -0.181685
     1.8866           0    -9.92529           0      21.742    -18.2013     4.86075
    -1.5521           0    -5.24794           0     4.18152     -6.0712     1.10901
    15.3594           0     4.22297           0     1.17994    -18.0787     7.33513
    1.70405           0    -3.76355           0     13.9656     -16.198    -8.75964
    5.45158           0    -21.4025           0     3.49072    -10.8218     4.10844
   -7.76506           0    -18.6963           0    -6.52529    -10.0788     1.74267
   -7.47394           0    -7.27663           0    0.891955    -7.54909    -21.1806
   0.753413           0    -19.0146           0    -2.35828     -13.436    -22.1935
   -9.11774           0     4.96044           0     2.88527    -29.5538    -10.7518
    4.05947           0    -23.4434           0    0.767222    -27.4004     1.95169
   -6.74741           0    -13.9459           0    -7.78518     -11.159    -1.00428
    7.38026           0    -11.1495           0     9.31239    -17.9324     8.31076
   0.565163           0    -10.6501           0     19.9173    -14.4611    -24.3915
   -3.94099           0    -11.9376           0     16.5836    -13.3512     1.48244
    1.33199           0    -12.9433           0     25.9903    -19.8398      15.939
    0.17575           0    -33.3706           0     26.6384    -15.6077     6.73824
   -9.61601           0    -2.52845           0     4.54459     -21.388    -6.54103
   -7.76692           0    -17.6016           0    -2.01527    -14.2749     6.84784
    12.2499           0     6.27676           0    0.916759    -24.2774     9.75946
  0.0336463           0    -19.4353  -0.0789225   -0.352206   -0.272093     5.66206
   -9.93787           0    -1.58499  -0.0778537    -7.77799    -24.4698     8.95242
    9.37012           0    -12.4666  -0.0487775    -4.68715    -9.59928     10.6424
    -3.3711           0     -5.4838  -0.0902904    -2.53072    -7.23881    -11.7735
   -1.15552           0    -11.7425  -0.0654406     1.85754    -5.12145    0.221641
    10.0265           0    -8.28604  -0.0409675    -6.87257    -16.9818    -35.5129
    -1.6632           0    -13.8336  -0.0680106       12.28    -12.7537    -13.4123
   -5.61027           0    -14.4234  -0.0460929    0.331672    -6.93131    -13.3617
   -11.7716           0    -6.46505  -0.0483418    -12.3187    -36.5125     6.61293
   0.966748           0     14.0634  -0.0620509    -4.07345    -22.6265      6.2978
   -3.76556           0    -18.0941  -0.0321555      11.773    -24.8668     6.77641
   0.417048           0    -25.5238   -0.135552    -8.42653    -6.68486    -17.0419
    -4.6076           0   -0.696622  -0.0993073    -1.82622    -26.5223    -2.08592
   -24.3328           0    0.559095  -0.0515441    -10.4639    -47.2611     12.1809
    2.80729           0     12.5369  -0.0469186    -7.49547    -32.7577      6.8693
  -0.527962           0    -11.2242  -0.0955513    -1.77261    0.532948     1.03595
    1.58636           0    -4.51768   -0.103772     26.4977    -15.8854     11.1418
    3.13169           0     16.6244  -0.0985895    -10.6844    -32.4527     7.34847
   -6.36741           0    -36.3613  -0.0786989    -4.48167    -1.98158    -2.97196
   -1.48552           0    -2.24865  -0.0556135     6.37487    -23.3918     -16.285
    5.30075           0     -5.1968  -0.0672586     2.89373    -10.3541    -19.1986
   -20.5782           0     9.94794  -0.0710821    -3.48595    -29.9946    -24.9471
   -1.37876           0    -13.4596   -0.045909     14.2744      -25.81    0.682795
    23.2928           0    -8.64038  -0.0856708     4.45755    -29.4979     6.12896
  -0.988161           0    -6.99644  -0.0794862    -3.44887    -2.57533    -31.0116
   -1.76028           0    -35.7401  -0.0704251     16.0184    -15.9965     3.87521
  -0.110195           0    -3.58131  -0.0565555    -6.22136    -20.4749     -14.913
    2.33384           0    -16.8607  -0.0522658    -4.28893    -2.86372    -14.7225
   -8.10202           0    -25.0047  -0.0831659     8.33507     -18.739     14.4441
    14.2216           0     7.65378  -0.0690466    -6.28497    -35.2347     -9.1323
   -5.16202           0     18.8067  -0.0969737    -7.45399    -42.5399     6.54574
   -3.74507           0     11.0461  -0.0860872    -5.72974    -20.1433     1.87945
   -8.46629           0     8.32524  -0.0545435   -0.625603    -32.5656     7.09081
    6.79775           0    -13.1604  -0.0376112     2.67538    -8.24236    -4.64254
  -0.808053           0    -3.81431  -0.0689374    0.705206    -9.31663    -7.52494
  -0.466388           0     -29.857  -0.0490921    -4.57755    -28.4204    -8.01992
   -7.28707           0    -48.1112           0     -4.1689    -2.21756     0.18699
   -7.26727           0    -24.3332           0    -9.08851     -3.9046    -6.37102
    -1.6706           0    -9.71355           0     9.44232     -5.9206    -6.88759
    7.19389           0     -8.9289           0    -8.83689    -26.0121     12.9415
   -6.78049           0     9.75864           0    -12.3302    -25.8066    -14.8221
   -3.30386           0     5.59246           0     5.09637    -18.6797   -0.675465
     -11.28           0    -9.79425           0     2.89363    -22.2884     10.7899
   -4.04981           0     -7.5525           0    -4.38006    -8.71023    -14.8082
   -4.70142           0    -10.4709           0     5.42105    -10.5275    -6.88378
   -10.6142           0      1.9125           0   -0.312633    -28.7241     2.29604
   -9.10184           0    -11.0158           0    -7.36503    -16.7761     1.67989
    8.69611           0     5.97163           0     2.28265    -18.2932    -15.6152
    1.64511           0    -21.0977           0    -2.84234     -3.4425       2.651
    3.78079           0    -6.47434           0    -1.12431    -4.43119  -0.0395203
     5.7042           0    -24.0722           0     9.23397    -13.5733     13.9552
    -3.4012           0    -6.88323           0    -6.39305    -17.5132    -28.3381
    14.1845           0   -0.535031           0     5.80677    -20.7646     7.51798
  -0.124083           0    -9.24947           0     14.1468    -19.9432     4.62228
   -9.30477           0     8.60623           0     1.75809    -28.3073     12.6924
 -0.0222867           0    -34.4445           0    -6.14151    -6.65559    -4.47294
   -3.16091           0    -27.0002           0     12.0573    -8.66168     11.1408
   0.728077           0    -1.33724           0   -0.630291    -21.6413     4.34634
    9.01692           0    -6.16702           0   -0.312152    -12.9025    -14.7691
   -3.14361           0     2.51514           0    -4.28735    -36.4252    -17.2836
   -4.04748           0     4.60919           0    -4.30097      -12.36     7.34077
    3.72373           0     3.90077           0    -9.96234    -43.2635     10.8451
   -2.82327           0    -28.5537           0     -6.8666    -6.68581     12.2622
    2.64355           0     4.77739           0    -3.92241    -17.6616     1.81178
   -1.31135           0     4.26936           0     -2.6812    -8.06786   -0.243794
    -4.3752           0    -24.0911           0     3.64232    -5.39081    -12.0361
    11.1308           0     14.0913           0   -0.585977    -29.3441     14.5479
    3.77718           0     10.5041           0    -8.09274    -23.6492    0.479461
    9.81357           0    -12.2592           0     3.83711    -12.4063     4.52476
    19.6769           0     11.5037           0    -2.36381    -32.3087    -11.8822
    14.5983           0    -8.25987           0    -13.0723    -15.7378    -24.9582
    3.14736           0    -9.53095           0   -0.720891    -4.14078    -5.64841
   -1.95353           0    -19.5053           0     2.73548    -5.20744    -15.7921
   -8.10071           0    -14.3679           0    0.141825    -33.3325    -1.20738
    4.36453           0    0.967649           0     2.55312    -6.76446    -17.0771
    -1.4113           0    -4.85611           0    0.895647    -9.06895     6.93945
   -2.98514           0    -37.2148           0    -8.75163   -0.473961    -19.6739
   -5.70175           0     1.61089           0     6.89228    -13.7739     12.3405
     1.1637           0    -9.11138           0    -2.00482    -11.5892    -29.3352
    19.3985           0     8.03427           0    -1.80584    -23.9066     8.08613
   -7.78711           0     2.90419           0    -10.4399     -17.917    -6.82598
   -3.61885           0    -18.2449           0     3.31401    -6.03752     3.08434
  -0.493261           0    -14.7572           0    0.681743    -12.1092     6.59648
   -6.74922           0     6.14359           0     4.95239    -14.6169    -5.35921
    19.5998           0     6.22698           0     1.92116    -23.2634     3.00178
   -11.3455           0    -3.18998           0     0.22974    -13.5158     9.28826
    1.72004           0    -25.5301           0   -0.206306     -6.3788     10.5312
   -8.45388           0     12.1822           0     -3.3572    -29.3262     -36.018
  -0.322987           0    -5.88527           0    -3.27669   -0.880116    -17.4609
    18.3618           0    -1.64238           0    -6.82834    -18.3556    -26.0911
   -1.01912           0    -9.96481           0     6.13353      -7.971     3.89729
     9.1106           0     1.18692           0     1.88137    -26.2978     7.53586
   -8.74534           0    -10.9021           0    -4.08135    -19.8813   -0.529926
   -4.96172           0     1.01706           0    -3.22576    -15.3188    -5.97812
   -8.74012           0    -35.3781           0    -9.37546    -5.86906     2.51983
  -0.385432           0     8.78482           0     -1.0144     -17.943    -8.67011
   -11.9451           0     6.05287           0     8.94775    -29.3721    -13.9412
    8.90292           0    -17.1106           0    -9.10095     -11.315    -13.9314
   -8.47844           0    -35.2115           0    -4.49121    -3.68935     1.73868
  -0.383441           0     17.1936           0    -12.3433    -35.6325     6.95546
    4.38859           0    -21.9826           0     5.09178    -9.80627    -14.2178
    10.1524           0      3.0724           0    -4.01585    -28.4128     3.92555
   -2.27213           0    -6.83562           0    -7.85624    -12.6697     8.18994
   -3.29874           0    -11.2384           0    -1.66372    -23.3127    -2.23576
    13.3464           0    0.656257           0    -9.49159    -36.1824     7.90123
     3.3639           0    -29.2743           0      1.8894    -15.7049     -9.2472
    4.51491           0    -1.82369           0     -5.6989    -13.6891    -15.4064
     11.022           0    -7.01868           0    -13.5065    -29.5612     2.43413
   -0.30491           0    -28.9418           0     17.5212    -15.6679     2.27669
    10.7441           0    -14.2782           0    -8.26754    -9.91163    -5.75572
  -0.539497           0      16.666           0    -4.58429     -36.188    -27.2002
   -10.1745           0    -4.22135           0    -3.10741    -14.3728    -8.77528
   -4.26683           0     6.10627           0    -2.14687    -18.5887   -0.573816
   -14.1714           0    -10.9907           0    -13.1289    -17.2494    -8.93057
   -6.49551 1.28769e-08   0.0401889           0     11.1613     -12.811    -17.3842
    -4.0126           0     10.4489           0    -4.20569    -21.8645     3.61015
    5.11664           0     3.55327           0    -5.85775    -30.9239    -3.56522
    9.64965           0     11.3866           0     4.32607    -36.9585     20.7144
   0.647191           0     3.02113           0    0.746505    -11.9147    -19.3228
   -4.77692           0     3.36914           0     3.71669    -16.2098     2.86649
    9.59383           0     1.35607           0     1.93821    -23.6533      4.2439
   -8.67716           0    -0.83789           0    -7.63567    -14.4356     1.38968
    3.68698           0    -5.16971           0    -6.40143    -24.7041     5.34676
    2.43822           0    -45.9134           0    -11.4595  -0.0334965     2.06442
    4.40574           0   -0.717954           0   -0.295725    -6.10908    -20.0466
   -6.62031           0     3.14379           0    0.823066    -10.6559     1.24522
    1.11628           0    -16.2409           0     19.6243    -28.9702   -0.782551
    19.3612           0     5.09097           0     17.8756    -33.5531    -8.97536
   -8.45025           0     9.04352           0     -3.1653    -22.8241    -12.6219
    6.96121           0    -1.58548           0     18.4177    -20.0669    -14.7484
    -7.4649           0     17.9023           0     -10.068    -32.6662     5.19976
   -9.43158           0     12.5923           0    -6.89621    -20.9843    -8.87216
  -0.704019           0    -5.42778           0     18.0878    -12.9529     -3.8848
   -6.92807           0     8.14292           0    0.313428    -25.0873    0.394562
    5.38502           0       1.014           0    -7.03908    -17.6196    -3.02642
    13.3686           0    0.408711           0     7.10357    -15.0763     2.99181
    10.2102           0     7.87404           0     6.21146     -22.673    -8.31431
   -4.30659           0    -6.84497           0    -8.17711    -10.7804     8.49527
    18.7662           0    -2.10006           0      2.7848    -26.4276     7.25019
    5.79885           0     1.18405           0    -9.30869    -17.4818    -7.44264
   -23.7132           0     14.7298           0    -12.7917    -36.4397      3.0814
