    3.08524           0    -2.57684           0     23.4952    -18.0295  -0.0824831
     0.3386           0    -13.4973           0      5.5189    -11.2524    -11.2852
   -5.34918           0    -16.3339           0     5.67564    -21.1564    -15.6425
   -4.95598           0    -10.3476           0      9.5455     -12.521     4.53229
    5.30795           0     -14.437           0    -7.00656    -15.4953      2.8455
    7.70673           0    -34.6812           0    -5.20744    -9.81255     1.44363
    8.42924           0      8.5448           0     7.13513    -28.8872     17.5892
    11.8743           0    -1.42357           0    -10.7826    -24.1195     12.0117
   -5.01853           0    -37.2633           0    -4.75084    -2.01228    -12.6053
    4.08503           0    -9.16674           0    -4.15332    -18.3052     6.94578
   -9.83585           0     14.0241           0     15.4614    -46.7504     18.8123
    14.5043           0     -8.2818           0    -3.82229    -14.3817     4.22659
    2.40168           0    -22.7097           0     14.0331    -13.7856    -14.5621
    6.00072           0     2.19899           0     3.18573    -15.9553    -4.02233
   -3.55966           0    -2.17026           0     20.3507    -11.0812    -2.81802
    -1.6357           0    -5.40571           0     21.5816    -30.1353     5.87022
    29.6793           0    -8.88905           0    -10.7227    -26.8205    -3.18208
    8.11116           0    -22.8914           0     2.35081    -8.78995     8.62113
    15.1104           0   -0.474475           0     7.32345    -20.1862    -18.2896
    5.01493           0     2.63857           0     1.96759    -9.85067    -6.12463
   -4.89284           0    -11.1529           0      15.679    -39.9803       22.93
   -5.51375           0    -1.08924           0     18.0531    -28.0156     20.3488
   -7.21384           0    -7.10631           0    0.129115    -11.0513     4.28433
   -6.15514           0    -3.86572           0    -1.37632     -10.973    -11.3232
    3.52777           0    -30.0588           0    -19.1342    -12.7957     11.3265
   -9.59338           0    -8.24763           0    -9.34029    -12.3957    0.481567
  -0.623786           0    -8.63944           0    -6.27037    -29.5048     16.3444
   -0.60501           0    -24.3024           0    -8.19311    -3.31081    -11.8518
   -7.12838           0    -1.15258           0    -5.10164    -30.5355     9.73353
    3.05432           0    -24.6735           0     16.3502    -13.7923     4.36034
    1.02536           0      8.9293           0      4.7492    -29.3557     5.84017
   -7.72406           0    -1.48046           0    -6.47708    -13.8539    -16.5636
    1.27002           0    -5.81703           0     11.8345    -18.7013    -18.0184
   -7.81932           0    -12.3069           0    -7.42291     -17.751     10.7708
    -20.611           0    -4.97414           0    -7.99698    -28.1481     3.74662
   0.188558           0    -17.5717           0     2.38774    -6.80002    -20.2983
   -10.2553           0    -23.5467           0    -8.30204    -22.9813     15.6576
    -4.8317           0     7.80451           0     1.59611    -21.4418    -29.8379
    -3.5856           0    -9.18518           0    0.610626    -20.9902    -24.8271
    1.72098           0    -22.7041           0    -2.98647   -0.300668    -21.7076
    3.24948           0    -6.86178           0     6.97724    -22.7544     4.67554
   0.750394           0    -9.85307           0    0.571993    -10.6986     -18.826
   -5.61432           0     4.99702           0    -4.70088     -13.089    0.712725
   0.499731           0    -14.6761           0    -9.03101    -2.40237     3.81453
   -6.13309           0    -9.81293           0    -2.32593    -11.1533    -6.76089
     1.4717           0    -7.93875           0     5.71368    -8.28822     4.94355
   -13.6207           0    -2.23296           0    -10.3696    -17.0855    -15.7479
     1.5337           0     6.38861           0     13.1914    -26.1951    -6.34756
     3.9425           0    -7.64805           0     1.17653    -26.2621    -4.64653
  -0.983613           0    -13.5799           0     7.94242    -5.22828    -18.6948
   -4.92154           0    -18.2219           0    -16.8318    -18.4826     6.84294
  -0.538311           0     5.03275           0    -3.30526    -11.2298     -34.492
    23.6006           0    -11.9754           0    -1.76846    -19.8886    -2.25659
   -8.83221           0    -20.2694           0    -3.43413    -5.41229     10.9268
   -20.2954           0     25.0377           0    -9.66273    -40.2816    -10.1058
    1.16933           0    -15.1983           0   -0.828207    -4.69039    -22.4848
    5.47113           0     3.53366           0     6.41645    -23.0731     5.51642
    7.21975           0    -5.65959           0     5.30429    -7.36065    -23.6538
   -3.35911           0    -57.1955           0     6.65194   -0.793079     4.57123
    8.76439           0    -24.0692           0     4.44926    -10.3314     11.1172
    14.5166           0    -31.0225           0    -6.89618    -13.0247    -4.18177
    3.70006           0     18.3334           0    -8.69894    -28.4621    -5.85048
    -3.0238           0    -5.46111           0     6.52259    -7.78565    -27.6371
   -20.5656           0    -12.5196           0      8.2977    -31.6465    -8.17344
   -2.84026           0   -0.898545           0    -2.88248    -5.68005     0.68977
    1.00813           0     14.9583           0    -6.56499    -30.6408    0.580991
   -1.07371           0    -27.4993           0    -13.1895    -5.86126     3.99278
    15.9974           0    -20.5383           0     9.78146    -21.6643     -25.946
    1.60227           0    -12.7833           0     3.78264     -14.657    -8.27823
    8.24249           0    -8.65019           0    -13.6845    -24.0871    -1.00098
    -14.581           0     11.3737           0    -4.14045     -23.216    -6.62983
    1.38922           0    -5.72558           0     6.51541    -21.9734     11.7752
  -0.372561           0     -11.405           0    -5.99048    -7.99303    -14.5532
    18.2564           0     5.02738           0    -2.48577    -24.2839     6.71117
    9.55115           0      -45.18           0    -14.8252    -11.3589    -3.75861
   -25.8107           0    -32.5802           0    -12.4226    -31.9174     6.11985
  -0.879116           0    -14.2659           0     -1.2674    -18.3313     11.1989
    11.5721           0     5.79931           0    -1.35542    -19.4908    -9.45566
   -16.8255           0   -0.195072           0      19.031    -26.1067     14.3268
  -0.551514           0    -9.30159           0    -3.28016    -12.3977     -26.167
   -7.44496           0    -9.76322           0    -3.45466    -10.9735    -10.3345
   -4.99591           0   -0.343486           0     11.7599    -20.4081    -2.29605
   -4.55111           0    -7.37276           0     5.78367    -21.3489      8.2079
   -16.7566           0    -32.9022           0    0.695368     -17.647     4.64718
   -12.7789           0    -7.22342           0      4.5866     -16.666     1.60149
   -6.74631           0    -5.15102           0     13.4194    -21.8033    0.977918
   -2.00426           0    -23.8555           0     6.91385     -4.8221    -19.9762
    -4.6666           0    -12.5215           0   -0.265309    -22.3425     8.57076
   -2.44403           0     1.13102           0    -4.88031    -20.1845     6.26629
    6.99216           0     1.90806           0    -1.51728    -11.5534    -8.93315
   -0.14969           0     -22.777           0     2.01318     -12.533     16.9371
      -5.14           0    -37.1602           0   -0.400237    -2.34941     17.0287
    10.6128           0    -6.37432           0     -1.3779      -11.15    0.687687
   -13.0081           0     9.28848           0     5.15234    -30.0957    -8.83379
    2.04548           0    -14.6663           0     11.4851    -17.0429     3.77613
   -2.05442           0   -0.631595           0     14.4221    -12.5058    -46.9144
    17.0476           0    -5.91978           0    -11.1932    -17.9185      8.2501
   -3.37508           0    -6.52313           0 -0.00439932     -3.7034    -24.3507
   -3.44037           0    -2.77412           0    -5.60618    -13.4286     8.15034
   -6.79322           0    -34.2965           0      6.6463    -4.51061     9.28757
    15.8926           0    -26.6014           0    -11.9449    -10.6488     2.49433
    9.95378           0     8.95555           0    -3.65165    -35.9164    0.903912
    3.81879           0     6.61271           0   -0.294794    -32.4537     12.9195
    -9.1606           0     8.66105           0    -5.50643    -19.4547    -28.4119
    28.3043           0     17.7191           0    -4.69321     -46.402     9.35728
   -1.09931           0    -9.41278           0    -6.61822     -7.5189     6.83021
     6.4568           0    -8.86516           0    -1.54326    -17.0466     1.53181
   -9.79295           0    -1.79099           0    -8.11272    -11.4424     -45.868
   -3.37332           0    -12.4698           0     28.9945    -16.7247     8.67827
  -0.200974           0     7.63691           0    -12.4943      -28.86    -11.1357
    1.18125           0     -33.213           0    -16.1678    -11.1756     11.9702
    13.7846           0     -17.723           0   -0.932927    -17.4971     -7.6473
   -27.4788           0     5.24874           0     5.59573    -38.5031    -4.20838
      13.48           0    0.184474           0     1.63594    -30.5719    -1.79518
   -4.61852           0    -10.7458           0     -1.9151    -12.6939    -14.5519
   0.613783           0    -18.0847           0     14.3345    -17.1158     11.9618
    8.17895           0   -0.676841           0     3.97799    -8.64231    -17.6355
   -2.46211           0     6.83984           0     4.31834    -36.3624     13.1172
    3.68315           0    -7.02126           0     7.18845    -8.07864    -19.9545
    7.18436  1.4831e-06    -18.9718           0    -5.45465    -7.89427     -48.376
    4.42858           0     4.91132           0    -6.75644    -27.3033    -8.17619
   -9.84844           0    -24.3979           0    -2.97325    -18.1838     6.19616
   -4.22832           0    -9.15524           0    -5.80023    -22.0138     6.68497
   -10.1882           0    -1.93137           0    -3.29358    -11.9297    -6.75904
    -7.5821           0    -8.80507           0    -4.41386    -19.5039   -0.365544
    9.92027           0   -0.114104           0    -5.08655    -21.6043    -19.5486
   -6.00124           0    -2.66208           0     5.42977    -8.60982    -9.25503
    2.64766           0   -0.279803           0    0.366152    -22.5763     7.08113
    2.14122           0    -28.9543           0    -8.03608   -0.979173     -9.4905
    14.9135           0    -16.2059           0    -8.82052    -12.2306    -18.1954
   -2.70709           0     10.5669           0     2.19988    -26.4702    -24.0598
    2.09386           0    -6.94071           0    -1.37945    -13.5301     6.05068
    4.08321           0     0.88057           0     12.5014    -15.0793   -0.109662
    12.2601           0    -14.3841           0    -1.01514    -21.0419     5.15964
     3.7753           0    -16.5679           0    -6.69463      -7.753    -10.3942
   -14.6059           0     4.62098           0    -5.92571    -19.2452     8.29831
   -8.10863           0    -19.5976           0    -18.8124    -18.2293      11.417
   -4.13836           0     1.52266           0     9.01495    -39.6866     18.6419
  -0.479898           0    -12.9376           0       4.139    -1.06085    -29.1791
   -4.01696           0    0.825306           0     2.63427    -12.0842     0.15535
   0.280724 1.18557e-06    -21.9454           0    -10.3978     -8.0169    -26.9174
   -10.6934           0    -3.33035           0     20.7496    -21.9894    -4.27769
   -8.95735           0      4.6899           0    -8.45988    -30.6017     3.98586
     -9.321           0     8.35682           0    -1.76831    -30.4181     6.22581
   -6.62607           0    -13.7513           0    -4.18253     -6.7354     7.73764
   -10.6261           0     -18.072           0    -15.0301    -20.3112     15.9935
    3.26098           0     0.37897           0      9.1164    -13.1345    -13.2381
    2.05975           0    -7.42746           0     16.1045    -12.9741     3.60795
    4.83872           0    -17.2537           0    -1.07657    -5.04798    -24.2009
   -10.7027           0    -8.79095           0     2.60979    -17.5523    -12.1273
    13.9384           0    -32.4641           0    -18.4773     -20.363     11.6322
   -5.88038           0    -27.6641           0    -1.88482    -4.21162   -0.915134
   -1.01206           0   -0.311025           0    -3.60835    -10.4199   -0.218111
   -8.22157           0     -5.8893           0     10.5843    -15.4222     -15.732
   -2.77071           0     5.09401           0    -3.28854    -29.6613     10.3519
   -3.79131           0    -14.1829           0    -2.13165    -2.99506     6.66674
    12.7834           0    -17.7201           0    -8.32174    -13.9075     16.4469
   -1.31563           0    -1.10213           0    -4.81599    -9.15479     0.89382
    2.98994           0  -0.0776076           0    -3.15465    -10.2288     -28.097
  -0.766942           0      8.5856           0    -12.6769    -28.5115      9.8934
       8.52           0    0.203758           0   -0.589793    -16.8582    -4.46541
    3.59589           0   -0.479183           0     11.4016    -11.4192   -0.788344
   0.846267           0    -19.6928           0     5.82857    -13.6053    -8.61477
   -1.61864           0     -8.6136           0     4.62952    -9.81382     11.1148
    6.00177           0    -10.2897           0     10.5197    -9.90414    -4.26393
    4.33983           0    -2.67693           0    -14.1256    -23.8644    -12.3526
    14.4781           0     -4.2174           0     0.41613     -16.792     5.24864
   -1.09218           0   -0.397773           0    -5.69663    -30.6632      14.718
    11.3322           0    -21.3051           0     1.07459     -27.804     10.6634
    17.9536           0    -10.4664           0     0.37936    -16.1535     8.93517
   -3.95747           0     8.00926           0    -2.41663    -16.8739    -14.2014
    2.01764           0     -1.3472           0     10.9448    -48.0145     30.2809
   -1.63395           0    -7.47944           0     13.2978    -22.8191    -15.1889
    4.57785           0    -26.9997           0     1.87347     -1.6241    -14.5464
    1.06127           0     1.16111           0     11.2819    -10.4034    -14.3784
   -2.02554           0    -18.9034           0    -16.0016    -20.9165     9.67171
    4.12663           0    -2.45552           0     17.9505    -17.0079    -31.8222
    7.72863           0    -15.9989           0    0.241416    -8.17719     4.88396
   -8.33257           0     5.34284           0     3.58389    -28.9075    -13.2551
   -11.0826           0    -3.27101           0    -15.9786    -26.8495     1.40544
    6.81789           0    -12.8523           0     4.16615    -8.91407     3.86431
   -22.9379           0     15.3342           0    -1.29943    -39.8633     17.8864
    2.51736           0     6.28419           0   -0.761778    -13.1942    -11.5465
   -4.13234           0     4.45941           0   0.0117839    -13.0082    -10.3953
  -0.856426           0    -3.76403           0    -1.27342    -10.7423     8.37961
   -7.45426           0      11.353           0    -12.5518    -35.5881     14.4472
    16.2408           0     6.93832           0    -4.96516     -24.107    -1.98776
    9.30465           0    -5.65709           0    -9.75001    -16.6851     7.64927
    8.72102           0     5.11668           0     3.92472    -14.4536      4.5479
    12.9284           0     9.19681           0     6.41271    -26.7631    -6.50374
     16.338           0    -19.1747           0     2.40137    -25.6735      14.036
   -4.40187           0    0.680378           0     4.89437    -12.9716    -22.6424
   0.644474           0    -14.8524           0     1.86607    -4.85407     12.6346
   -9.25449           0    -52.0532           0     14.4664     -7.4387     10.2594
    8.80836           0    -6.54072           0     12.6686    -24.6489    -2.66191
   -8.26229           0    -20.4531           0     4.97005    -12.7518     13.4535
   -6.71134           0     8.96521           0    -7.47217    -22.6522    -3.49708
   -6.15065           0    -7.91837           0      2.3689    -26.7818    -1.65515
   0.104988           0      15.187           0    -1.42702    -28.7465    -5.39473
    5.99104           0     5.31221           0   -0.154001    -17.8565    -3.87693
   -5.27018           0     -1.1422           0    -3.38368    -18.9132     3.41284
   -25.6661           0     5.05863           0     5.67344    -36.5164     3.63869
    16.2486           0    -18.0713           0    -14.4595    -13.4255     7.76682
     3.0859           0    -4.79553           0     -2.6964    -6.08127    -34.5421
    -17.648           0    -3.11685           0     4.63206    -23.6999     10.9139
    4.68462           0    -2.07773           0     1.69176    -12.4944    -9.14506
   -7.73058           0    -8.49026           0     3.32975    -16.8629    -3.73296
    10.6468           0    -25.5131           0    -7.76151    -5.45969     8.60799
  -0.691303           0     -15.034           0   -0.387801    -10.4734     8.44416
  0.0730037           0    -26.6753           0     11.3186    -10.1315     8.95636
   -6.35895           0    -9.22752           0     18.1068    -23.6655      7.8217
   -16.6377           0     -2.2319           0     9.35243    -40.2482     4.64407
      6.916           0     6.39312           0    -2.27324    -24.4015    -13.7284
     -6.925           0    -18.7655           0     9.76499    -15.6417     15.2661
    6.64762           0     1.49967           0    -3.92346    -13.9239    -4.28895
   -3.94124           0    -31.3637           0    0.607367    -9.02462      3.0104
   -7.68672           0    -17.7839           0    -4.75599    -2.84766    -12.5262
  -0.707953           0     -17.444           0     12.7126     -5.6621    -20.0538
  -0.560142           0     5.10883           0   -0.855321    -11.7243    -9.42856
   -1.59496           0    -4.27707           0     5.25107    -2.65051    -1.02524
    -3.5847           0    -2.36358           0     12.4015    -14.2358    -12.0901
    12.9094           0    -4.35537           0     25.6896     -32.282     13.3194
   -28.7531           0     18.6976           0     9.79551    -50.1602    0.253901
   -3.82949           0    -14.7465           0     2.74432    -6.25508    -6.24332
   -6.12411           0    -21.3862           0     5.95704    -6.14667    -4.82795
   -2.93476           0    -20.4322           0     15.7418    -10.3144    -14.5167
   -3.91068           0    -5.69374           0    -6.08028    -13.5264      0.3056
    7.15216           0     6.57491           0     10.3742    -24.8713     5.41875
    12.3609           0     6.05806           0     4.80027    -19.4646     -2.7612
    11.3145           0    -5.77845           0    -4.74735    -23.2585     5.80196
     18.029           0    -7.14899           0     13.3342    -34.4035      12.932
   -9.95045           0    -4.43923           0     -5.1526    -21.3405     5.18383
   -1.96249           0    -23.5572           0     3.20754    0.195189    -1.48391
   -2.22632           0    -27.0704           0     1.39417      1.4033    -2.97303
    9.44122           0   -0.829317           0    -14.0921    -28.9621     12.5117
    8.68539           0    -24.3684           0    -5.66904    -10.7122    -9.96953
   -6.02607           0    -7.63571           0     11.8217    -12.1357     8.32165
   -0.43837 1.05959e-06    -3.85298           0     3.36693    -6.81626    -11.0288
     3.7439           0     2.37121           0     2.60197    -8.78561    -4.76274
    2.49368           0     -30.359           0    -10.1267    -2.06686     8.36908
    13.3584           0    -14.1528           0   -0.395091    -17.5559    -25.6404
    7.35227           0    -2.57576           0      -3.136     -13.485    -17.0572
   -6.37053           0    -30.4033           0     15.0946    -8.71584     12.1106
   0.827612           0    -5.55609           0     8.79074    -11.4628    -23.6774
     12.893           0     2.55872           0    -2.24676    -26.9676     -2.5771
    -3.7903           0    -13.4003           0    -9.15643    -19.8948   -0.675905
   -11.7169           0    -11.3548           0   -0.266827    -15.9788    -26.2721
   -18.9533           0     8.37754           0    -2.45674    -31.7223   -0.116959
    1.22986           0    -10.1932           0     16.6823    -10.3737    -15.4469
    4.45582           0    -4.72977           0    0.856851     -3.8696    0.581165
   -8.54791           0    -32.5279           0    -7.56838    -5.11128     7.29392
    12.3905           0   -0.245268           0     5.54292    -13.1611    -16.7894
    1.24025           0    -6.97838           0    -1.84578    -12.8749    -60.2544
    5.82457           0     7.41186           0     3.25223    -23.6684     8.07202
     9.5454           0    -15.4403           0     24.8465    -20.6262     13.2761
    1.66073           0    -33.6047           0    -2.79278      1.0457    -36.5944
   -1.53748           0     1.24873           0    -7.78848    -14.6065     -17.524
    20.1943           0     2.82992           0     8.41838    -28.0353    -16.4903
  -0.646062           0    -20.1656           0    -6.52471    -2.09207     5.70773
    1.51784           0    -9.70661           0    -3.20142    -9.41321    -7.93235
    8.65941           0    -6.92915           0    -3.50183    -34.1767    -30.8396
   -3.61827           0    -22.6846           0    -1.19835    -9.52647     -5.5182
   -5.78104           0    -6.06952           0    -2.57648    -31.6808    -3.46118
    2.94271           0    -37.4711           0     3.60045    -9.16833     7.48721
    2.74044           0    -10.0329           0    -10.9781    -11.4149     3.49305
   -10.8433           0    -13.7493           0    -1.31525    -7.42436     5.72232
   -7.95568           0     6.62343           0      2.8187    -38.2773    -32.2412
    1.27346           0     -9.3822           0    -7.56323    -25.0028    -24.8942
    12.8673           0    -43.9158           0      1.6301    -17.5215    -5.99524
   -11.9627           0    -4.71793           0      7.8791    -17.5964     3.09514
   -6.39024           0    -7.80506           0     8.31821    -14.5283     8.54947
    8.80705           0    -3.81026           0   0.0660852    -11.6035    -35.9482
   -2.83578           0     15.1716           0    0.243479    -40.3439     15.0311
    12.8825           0    -11.3593           0     7.32832    -12.9699    -7.96199
   0.629781           0    -19.1845           0    -10.2723    -9.75342    -9.74714
   -4.41172           0    -3.16065           0    -3.29825    -16.4662    -6.36514
   -12.7904           0    -13.3352           0     0.94787    -20.9684     4.23747
    9.09948           0    -7.70862           0     1.69886    -12.0253    -17.0897
    2.06321           0    -44.5267           0     1.12221    -7.52144     5.86791
     1.7548           0    -8.72774           0    -5.63006    -11.5179     5.02572
   -13.7579           0     -19.207           0    -10.4974    -10.8217    -5.09837
    2.83562           0     -1.5416           0    -2.97794    -8.92069    -19.1658
   -8.06334           0    -4.59494           0     -10.237    -18.0062    -13.8111
   -5.58814           0     -11.855           0     3.88648    -22.0054       16.26
   -2.50829           0    -2.14581           0    -2.87515     -11.774     3.78989
   -3.80421           0     -11.964           0    -5.65707    -9.78028     1.77696
    6.57732           0     8.28425           0     1.51098    -24.8888    -1.73391
   -1.22765           0    -30.2122           0    -10.1305    -1.04689      1.9527
   -4.70267           0    -17.2038           0    -8.85728    -12.6238     1.01491
   -2.30312           0    -20.0864           0     27.7561    -11.1449     -6.8522
    13.6005           0     4.15165           0    -5.93411    -13.4052   -0.888679
   -4.47972           0    -22.9392           0    -1.40657    -5.54905     11.1323
    4.52277           0    -1.68363           0     12.6116    -20.8141    -1.94097
   0.633531           0   -0.243803           0     1.59444    -8.50223    -3.92611
    2.32356           0     16.7079           0     6.25997    -47.9719     22.0358
   -8.97036           0    -3.09883           0    0.467694    -14.9576    -32.2953
  0.0972832           0    -17.5151           0     8.84154    -7.32829    -11.9468
   -0.52338           0    -9.16577           0    -5.13429    -5.02035    -6.89989
   -2.45776           0    -1.90049           0     15.4777    -16.3406     1.81406
    15.0933           0     10.8135           0    -1.90098    -36.4887     7.93036
    12.6989           0    -28.7396           0     -7.4795    -13.3662     3.61535
   0.784602           0     2.90953           0    -16.1094    -32.3435   -0.468031
    1.93233           0    -6.15968           0    -1.11826     -14.744     5.63646
   -2.26321           0     2.29956           0    -2.57905    -13.3414    -6.93374
   -6.74385           0     5.51658           0      -2.521    -16.3226     2.68049
    -2.3417           0     -15.879           0    -3.01706    -0.44297     -14.407
   -2.13418           0    -7.61164           0    -2.86466    -4.34524     3.48577
    1.87639           0    -13.2353           0     5.43143    -20.2668     14.2735
   -2.34643           0    -6.96395           0     19.3681    -7.67733     9.62371
    2.52166           0    -8.23283           0     22.8283    -22.3885    -13.9742
    14.5321           0     13.4787           0    -3.73894    -33.4586     13.4152
   -12.0943           0     5.74097           0    -7.73703    -21.5388     2.53484
   -16.5027           0      11.359           0      1.2373    -26.3576     2.60646
    3.59483           0    -57.4119           0    -4.89031    -1.20462     9.71207
    3.09998           0     3.89276           0    -2.56153    -12.3607    -5.56232
    6.92714           0     1.36216           0      1.8384    -28.4616    -4.53539
   -1.63141           0   -0.826243           0    -3.15467    -19.0285     6.19401
   -10.1903           0    -17.7273           0    -4.87686    -16.3141     4.52568
   -2.93424           0    -0.46638           0    -2.26957    -12.7736    0.874003
     4.2321           0    -7.03604           0    -6.29319    -5.79554    -21.3413
   -2.76477 7.40735e-07    -1.21968           0     6.37462    -4.43368    -39.2302
    6.68787           0    -32.6395           0    -2.06755    -8.15771    -8.40995
   0.607144           0     -10.711           0    -2.37664    -4.13984    -12.3242
    -24.628           0      12.352           0    -4.40684    -39.5839    -9.35575
     2.7217           0     9.37473           0    -9.38095    -25.2668    -14.9772
    3.64623           0    -24.6558           0  -0.0616879    -19.3531       14.93
    1.25812           0    -1.78245           0     13.8035    -18.2402   -0.848615
    17.9245           0     -3.0858           0    -1.70479    -25.0929    -13.1348
   -1.85562           0    -6.15412           0     16.0208    -22.7562     2.64285
   -5.47099           0     4.30464           0    -1.86555    -15.3084    -9.51497
    2.90998           0      -10.24           0    -5.20354    -16.8157    -7.25651
   0.162906           0    -39.7227           0    -10.3836    0.140061     9.80923
    4.31546           0    -7.19264           0    -1.11177    -9.74498     7.20114
    17.7843           0    -7.43912           0     1.31298    -29.9828     3.63805
   -7.96937           0     5.37378           0     17.1073    -25.8377     19.0559
    5.44483           0    -12.8927           0     2.84252    -6.54081     -16.874
    -4.4064           0    -41.3903           0     10.7995    -7.48363      6.5574
    15.6756           0    -2.74267           0     13.4797    -37.3758      26.398
   -3.05772           0     1.16706           0     5.48405    -15.3814     8.36942
   -10.4402           0    -8.68569           0    -9.40386    -11.4317     6.30158
    1.71122           0    -12.5943           0     5.42438    -8.48491     -11.449
     9.9163           0     19.7688           0     -2.8777    -37.3099    -2.73894
    8.05894           0    -2.37686           0   -0.318434    -14.8151     8.62139
   -12.3123           0    -1.11604           0       8.761    -27.3059     4.20257
    18.8408           0     2.92435           0   -0.588559    -28.8207     15.1497
    1.53806           0     -17.654           0    -11.5416    -9.05411    -2.79028
    15.4263           0 -0.00164284           0     7.37176    -30.1499    -10.9024
    6.14868           0   -0.640535           0     13.8848    -14.9304    -4.11913
    -10.616           0     3.93171           0    -7.93292    -25.9169    -14.6971
    7.38101           0    -8.70902           0    -1.56149     -21.778     9.79988
    1.11834           0    -13.9815           0     8.69555    -14.4459    -20.1871
    15.6398           0    -18.7622           0    -4.46986     -13.946    -13.2087
   -3.09138           0    -6.45225           0    -6.97314    -7.99545    -10.6403
   -17.0522           0    -10.1068           0    -13.0619    -18.1896     2.04829
    3.44532           0    0.391071           0    -2.86816    -28.2322    -13.6353
     2.0947           0     3.00432           0    -1.34383    -13.9223    -1.40528
    6.14734           0      7.6428           0      5.4231      -24.79    -15.5213
    8.62153           0    -7.12905           0     1.16578    -9.59419     6.97427
    6.40487           0    -5.47523           0      16.265    -15.0891     7.68151
   -7.43491           0     -4.3918           0     15.7542    -20.1229    0.754525
   -5.14698           0    -21.1289           0     21.2718    -10.8118    -13.8289
    10.9005           0      -11.69           0     9.16237    -15.6944    -4.51049
   -7.70869           0    -30.2742           0     -11.841    -9.91899     10.8384
   -7.50324           0     5.37377           0     6.93196    -17.5931    -6.64559
   -5.11645           0    -1.72809           0     6.31148    -22.2032     1.60216
    19.9103           0    -14.4865           0    -18.6251    -30.3644   -0.558409
   -17.5265           0      9.6186           0    -9.65764    -38.7039     13.0383
    9.18397           0    -5.41216           0    -5.00733    -9.39297    -10.9631
    9.40689           0    -6.78315           0    -2.97606    -17.5228     9.31678
   -3.50139           0    -19.4196           0    -5.12404    -15.2894     10.7181
    4.09599           0     1.92617           0     10.5067    -23.6642    -18.4529
   -8.98072           0    -5.69579           0    -2.40686    -11.9611    -56.5293
    7.84938           0     -2.1054           0     5.22862    -30.5593     18.7859
   -2.26941           0    -3.56096           0     17.2871    -7.75518     3.07261
   -9.55342           0    -7.45782           0    -11.1082    -16.1337    -30.9624
    5.58269           0    -19.6639           0     27.0709    -28.1903    -12.7542
   -5.09759           0    -21.8698           0     -11.315    -14.3205     13.4571
    10.6628           0    -0.56813           0     0.33045    -28.7323      11.835
   -5.15715           0    -20.3226           0    -5.43364    -27.7702     9.12181
   -7.34918           0    -14.3698           0     5.94804    -12.0021     14.1191
   -2.80887           0    -9.16515           0     3.78157    -2.47674     2.31934
    2.12928           0    -8.08527           0    -1.77599    -6.83715    -1.18304
   -1.29671           0    -15.6345           0   -0.543045   -0.157063    -15.2222
   0.599775           0    -14.2835           0    -6.13888    -11.3455    -3.43278
    22.6412           0     17.7859           0    -3.41345    -39.5838    -25.4201
    13.3829           0     11.8032           0    -2.33811    -32.9689    -1.06306
    4.01437           0    -32.2599           0    -8.93448    -3.42251    -4.03259
    6.60255           0    -14.3854           0    -11.8964    -11.8462    -34.7082
   -3.59412           0    -35.6416           0     15.8706    -9.91423    0.553552
    -9.9246           0    -2.95334           0    -8.97524    -22.0699    -1.46503
  -0.286852 1.18833e-06    -8.60752           0     2.71463    -7.30492    -14.3962
   -5.95995           0     -15.843           0      1.9347    -14.0319     1.88959
    8.00521           0    -15.8474           0     13.8862    -17.4313    -1.82177
    5.05046           0    -24.7167           0    -2.26184    -3.06943   -0.034417
   -5.07234           0     -12.518           0    -4.12828    -8.25085     6.13258
    6.57977           0    -6.31832           0     8.24226    -13.1676     3.65712
   -2.36365           0    -1.40805           0    -3.92652    -22.5308     13.9363
    2.99781           0     4.05082           0    -9.45437    -20.0521      9.6729
  -0.218193           0    -18.8822           0     3.94686    0.503117    -2.03904
   -10.5677           0     12.8576           0    -9.92978    -37.3536     4.89562
    7.78651           0     21.7677           0    -6.97407    -43.1424     16.0152
   -6.11794           0    -11.0022           0     6.07595    -9.16024   -0.542817
    7.53606           0    -30.6984           0     10.5427    -21.8385    -2.44964
     3.4054           0    -8.13413           0   -0.702338     -9.0727    -3.94676
    -6.0729           0    -10.8819           0    -8.55833    -12.7537     -8.1825
    -8.9649           0    -5.69158           0    -10.3324    -12.4568     5.76088
    11.7395           0    -43.0537           0    -16.6891    -22.2845     16.9358
    12.3062           0    -25.1853           0     4.90023    -13.9304   -0.569967
    6.26038           0    -13.2073           0    -3.85087    -16.5352    -16.3149
    -14.894           0    -36.2096           0     3.51295    -12.1958   -0.335678
     2.9921           0    -6.76288           0    -2.48141    -3.26342     -19.867
   -5.58268           0    -44.4403           0    -7.31357     1.64576     11.7645
   -7.58296           0    -2.21393           0    -4.73981    -13.3317    -2.00765
    3.74473           0    -15.5693           0     1.27651    -12.6058     2.04839
   -11.8145           0     8.44706           0    -7.98117    -28.2079     11.5215
   -1.48989           0    -14.6215           0    -3.38623    -2.99796     -11.116
    18.1623           0    -7.52418           0    -7.38016    -18.9957     6.03538
  -0.325141           0    -4.93107           0     8.71105     -15.697     2.11056
   -4.74203           0    -64.4173           0    -16.4506     10.5525    0.464422
     6.6635           0     10.8629           0     -4.6978    -29.4099     2.78512
    2.28117           0    -8.32426           0     9.17535    -20.8745    -31.4271
    17.2551           0     -6.3668           0    -2.47499    -17.9126      5.7439
   -2.36709           0    -4.74329           0      7.7222     -12.203     -7.7694
    5.00029           0     1.18339           0    -8.98611     -31.403    -6.29754
   -6.18402           0    -26.0945           0    -9.29404    -4.09645     10.3069
   -17.2384           0    -14.6243           0    -16.8329    -27.5031    0.746552
   -11.7742           0    -6.39586           0    -6.23286    -18.5848      3.8219
   -5.38542           0    -9.05628           0    -3.37486    -7.37678     2.67819
   0.330491           0    -12.1527           0     30.5561    -18.8814      11.654
   -8.09207           0    -7.28361           0    -10.5655    -9.89097     6.60799
   -2.08132           0    -4.02619           0     6.31565    -11.6123     8.36919
   -11.0767           0       9.682           0    -1.16614    -23.9073    -2.35187
   -11.1306           0    -13.7215           0     2.93806     -22.529    -14.1292
   -2.42278           0    -1.46201           0    -4.02902    -19.7314    -13.0145
   -18.2423           0    -13.8848           0     -13.832    -18.9601     5.50679
    -7.0208           0    -2.94901           0     3.29796    -32.2157    -25.5266
    19.2669           0    -18.1459           0    -10.8606    -37.2589     17.7245
    2.75761           0    -3.47381           0    -4.72542    -10.3618    -11.2121
    5.30393           0    -9.97282           0     3.02652    -8.67786     -8.4581
   -13.9091           0    -15.8692           0     7.32327     -21.227     14.2469
    1.75716           0    -29.0161           0     1.25756    -1.60852     8.90645
   -4.13612           0   -0.928026           0     1.84153    -6.80738    -11.7543
  -0.414322           0     9.46954           0     6.87292       -22.3     1.58347
   -6.33855           0    -12.0757           0    -3.86601    -13.5817     10.9438
   -18.3465           0    -10.1787           0     -3.2379    -30.3457    -2.90769
    4.93351           0    -30.5713           0     7.17461     -12.926     15.1936
    1.34056           0    -2.16277           0     7.49249    -15.9318    -7.92268
    -12.666           0     16.0233           0    -5.13783    -40.4647     14.7232
     5.4373           0     12.5861           0   -0.513885    -30.0898      9.7903
    1.42938           0    -17.0887           0    -2.03953    -10.1645    -12.8964
    13.6312           0     1.35817           0    -3.41912    -23.3353     2.56499
     5.9191           0    -20.8905           0    -1.19993    -20.1872    -18.4475
   -12.6126           0     8.57679           0      3.8703    -22.5522    -20.0354
    8.82878           0    -2.33742           0     1.37861     -13.052     4.60294
    11.9052           0    -1.33707           0    -10.8803    -20.8799    -16.4468
    19.2719           0   -0.133035           0     4.58633    -32.7475     19.8914
       2.74           0    -26.6243           0     -6.5344    0.760532    -36.6471
   0.801201           0    -17.2934           0     10.6417    -27.3944     9.56649
   -9.38189           0    -8.20793           0    -5.95656    -13.4506    -3.44628
    10.8476           0     5.82066           0     6.16552    -28.4449     13.3099
    23.3308           0    -3.66171           0    -18.7071    -37.0713     13.9211
   -1.23772           0     8.65697           0   -0.277594    -26.1798    -1.51976
   0.539597           0    -26.7401           0    0.331913    -5.94927     5.88533
   -5.18908           0    -3.20388           0    -4.75295    -24.6568     3.63077
    5.04756           0    -2.80568           0    -2.69195    -7.29611    -42.8968
  -0.485351           0    -6.10909           0     3.68098    -10.2935    -5.59076
   -2.68699           0     9.12237           0     7.07108    -30.0476     8.81718
   -5.18476           0    -10.0478           0     6.16648    -28.9745     13.5056
    12.4452           0    -11.9844           0    -5.83632    -10.5206    -5.88684
   -2.88179 1.32238e-06     -8.1975           0     5.12803    -8.62696    -10.2672
    1.32301           0    -3.01133           0     9.53409    -14.0022    -9.07151
    2.44525           0    -3.37425           0    -1.75091    -7.25268    -4.69013
    4.32509           0     2.21939           0    -7.28902     -20.993    -0.40816
    18.6411           0    -11.8531           0   -0.460881    -19.5869      2.9881
    10.8806           0    -8.62214           0     8.94263     -16.442     11.0139
   -3.42522           0    -5.22959           0     7.12141    -10.3145    -25.3525
   -5.03147           0    -8.13241           0     8.92488    -16.9947     5.42339
  -0.620315           0     1.21889           0     7.75563    -11.7635    -12.1719
    6.67454           0    0.738424           0    -12.3729    -24.0147   -0.807729
    -0.2002           0    -7.02156           0     16.7884    -30.4566     17.7553
   -8.49494           0    -6.39804           0     27.2017    -15.5756    -1.28404
   -5.26416           0    -45.1182           0     -9.4521      6.8978    -3.65936
     1.7684           0    -27.8606           0    -3.63285    -7.87046     7.68967
    13.8835           0    -26.7222           0    -11.9068    -14.3356    -8.13676
   -13.7684           0     5.88072           0    -6.40393     -23.593     -1.6261
    15.2828           0     6.78451           0    -2.04908    -20.5982    -5.08669
    18.1361           0    -7.70747           0   -0.730503    -20.5966     13.2285
    16.0457           0   -0.117973           0    -1.44268    -14.6997    -18.3972
    5.26341           0    -17.4602           0    -1.05268    -4.09174     2.20338
    15.2282           0  -0.0149271           0    -4.55775     -34.907     16.0097
   -3.72542           0    -8.40531           0    -4.16069     -17.176    -15.1005
   -6.38047           0    0.897318           0    -2.41033    -15.8896    -1.64622
    2.36583           0    -10.2123           0    -6.36561    -10.6212     -5.8658
    2.19608           0    -4.54982           0     6.02857    -9.79247    -6.67985
    24.2525           0    -18.8178           0    -10.7077    -23.4609   -0.476686
   -1.77659           0    -6.25464           0      3.0868    -2.86299    -44.3573
    22.8058           0    -32.2556           0    -10.4997    -19.0884     15.2869
    10.5052           0     6.54506           0     2.40661    -27.1745   -0.368455
   -2.30104           0    -2.60543           0     9.53519    -14.7595     8.44447
   -11.0969           0     16.3887           0    -10.4639    -30.2795    -10.2132
     6.1316           0    -8.79576           0     9.02039    -10.4979     7.10754
   -4.08578           0    -26.6413           0    -7.82563    -4.95611     4.51955
   -2.38202           0    -6.43752           0    -5.76187    -22.3141    -3.90256
   0.391449           0    -2.13144           0     1.35496    -3.88004    -12.1047
   -5.29483           0    -20.2734           0    -7.37605    -8.67806    0.204292
    18.3842           0    -2.19848           0    -6.67172     -16.553    -1.95808
    3.06008           0    -11.3972           0     5.01016    -3.45837   -0.880485
    4.92818           0    -12.0478           0    -2.60244    -7.96569   -0.377053
   -1.34331           0     4.27314           0     17.1556    -26.7325     4.51813
   -2.25087           0   -0.179706           0     26.3985    -17.5006     1.47494
   -4.31755           0   0.0812446           0    -7.07589    -18.6927     4.67318
   -1.24757           0    -2.90314           0    -10.8976    -24.7798    -3.13129
    3.27287           0    -17.1231           0     6.21379    -12.5382    -5.14116
    6.80922           0    -35.7242           0    -15.4091    -10.8313     12.3421
    9.65271           0    -15.2411           0    -7.50685    -22.7181     14.2152
    4.93493           0    -32.2882           0    -3.17985    -0.34042     10.6956
   -12.2577           0   -0.901675           0    -8.26965    -16.4879    -10.7508
    10.2883           0     11.1715           0   -0.270482    -28.3619    -3.27474
    21.7683           0    -6.19542           0     -9.4662    -22.8787     5.19539
   -7.25059           0     7.57071           0    -12.6796    -31.4741    -4.78931
   -31.3246           0     15.9879           0    -20.1678    -58.6892     22.1362
   -16.3522           0    -0.62695           0    -1.91619    -25.4289    -4.23859
     37.853           0    -16.2742           0    -15.2097    -23.1718     16.3013
   -5.50914           0    -10.1284           0     2.96386    -7.48032    -22.7492
   0.498713           0    -13.1889           0     12.3013    -7.08064    -55.4019
    6.33592           0     15.9146           0    -9.49118    -32.3746    -9.12975
   -25.3119           0     11.0643           0    -6.57829    -39.7723     10.1425
   -4.02588           0     12.0958           0    -6.94918    -20.9246    -15.2654
   -10.5692           0     3.93276           0     7.81578    -20.1782     5.51985
   -13.7672           0     6.36237           0    -8.06418    -24.2528     5.43816
    4.86963           0      11.579           0     -6.4034    -36.7378     -8.7314
    11.9277           0    -12.6271           0     14.6631    -20.0903     7.06005
   -1.59766           0    -29.5908           0     7.12287    -10.9545      14.245
    -4.4727           0    -12.2888           0    -1.84893     -12.161    -1.09244
     7.3798           0     -10.263           0    -6.48466    -9.07038     1.60786
   -8.14582           0    -11.5844           0     14.2817    -14.4249    -22.3761
   -11.7824           0    -13.9688           0    -8.35263    -15.9544     4.86476
    1.97591           0    -6.91566           0      9.5412    -6.42395     8.40435
   -10.9132           0    -3.58773           0     3.91808    -17.4316     -20.025
    16.4532           0     1.28782           0   -0.189379    -21.5563     -8.9946
    -4.6383           0     5.14035           0     6.50656    -20.0257     -2.3884
     1.3549           0     5.30092           0     5.51776    -24.3866     14.5793
    -8.6066           0     8.51603           0    -2.64157    -21.8973    -5.56344
    9.36973           0    -6.46564           0     10.5528    -17.9699     7.72259
    7.62653           0       4.787           0   -0.954994    -23.3653     7.51101
   -4.45107           0    -3.74154           0     3.37505     -14.783    -35.8843
    8.55351           0     9.92656           0     4.83168    -23.2259    -17.4014
    14.5086           0     1.67174           0    0.627242    -20.5632     9.88998
   -3.32534           0    -23.8219           0     10.2093     -3.6848     6.70193
    14.3535           0    -10.1049           0    -12.0103    -30.6789     5.42251
   -3.18918           0     1.38454           0   -0.986778    -4.82978    -25.3344
   -10.4717           0      2.4062           0    -9.57324     -24.004     10.5131
  0.0155297           0    0.292338           0   -0.260822     -23.203      13.586
   -11.5528           0    -12.2402           0    -7.16742    -20.4582    -17.4645
   -8.54259           0    -11.1766           0     15.3101     -12.511     6.49601
    15.9434           0     5.63434           0    -4.47739    -24.6541      4.1333
   -11.0269           0    -3.87229           0     6.62669    -15.8955     3.63905
    -11.961           0     8.52113           0    -11.7314    -32.5621     7.99224
 -0.0353595           0    -8.55291           0     8.42352    -8.63016   -0.785383
   -16.4183           0    -16.1499           0    -13.1776    -30.6225     8.34181
    -12.135           0     18.2541           0    -4.89525    -37.9872    -8.24516
     9.2383           0    -7.73799           0     10.0983    -16.7482    -10.8174
   -2.21213           0    -36.6718           0   -0.078499  -0.0540839     9.91475
   -17.2101           0     6.44236           0    -9.00612    -27.6745     1.64062
   -10.3717           0    -27.5517           0    0.113328    -10.2099    -17.5991
    9.86684           0    -15.0292           0    -1.75391    -8.77305     1.59813
   -4.22812           0    -32.7341           0    0.625755    -9.83237    -4.37995
   -2.97535           0    -17.2565           0   -0.589408    -10.0093     4.43015
    -4.2889           0     -25.829           0      8.2162     -18.868     9.48162
   -5.96234           0     4.84306           0    -2.92845    -37.0206    -15.3778
   -9.53026           0     8.43261           0    -4.30593    -21.9138    -3.41703
     5.8155           0      4.6999           0     12.7186    -25.4219    0.307501
   -15.0474           0   -0.616351           0    -7.37933    -36.5639   0.0605832
   -1.63171           0     1.49005           0    -10.4155    -37.0015    -6.84804
   -8.12739           0    -36.9754           0    -4.15949    -8.02503     3.57974
   -2.52226           0   -0.968136           0  -0.0882366    -18.9348    -34.1127
   -15.9598           0     7.49819           0     6.38967    -39.1428     21.6533
   -8.30196           0     4.27667           0    -1.89172    -20.3892      5.9379
    -16.797           0    -21.0388           0    -23.6382    -32.5495     10.5793
    8.27927           0     20.1985           0    -5.81177    -37.4742    -7.57321
   -1.09413           0    -7.27223           0    -9.78962    -25.2515     18.4963
    -20.569           0    -11.1122           0    -11.1911    -25.4017    -5.18364
     2.7335           0    -8.78181           0    -4.28224    -4.41272    -22.7826
   -3.16942           0    -10.0863           0     7.43273    -12.3613     11.6909
   -25.7969           0     10.4884           0    -17.6053    -33.1064     5.93369
   -12.4954           0    -1.79563           0     3.29045     -24.214     -2.6875
    5.59868           0    -9.38548           0    -4.77979    -6.78629     2.19139
   -7.56166           0     2.05605           0     7.34774    -19.9468    -0.28895
    0.24322           0     0.63717           0    -2.70148    -13.7712    -9.88112
   -4.42183           0    0.961433           0     10.0987    -15.2979    -6.47638
   -2.59701           0    -10.0358           0     8.22234    -5.77577      4.2046
    1.91966           0    -4.97158           0      4.8689    -8.27072    -3.01474
   -3.43245           0    -19.1497           0     4.95918    -16.5531  0.00276176
   -11.8723           0    -39.5564           0     1.22156    -7.27564    -7.53085
   -3.14671           0    -19.7724           0     23.1129    -14.9421    -5.13699
   -1.95968           0    -51.7874           0    -9.65404     2.94506      0.4871
   -20.6335           0     11.0078           0    -2.66504    -36.9755      16.836
    3.47654           0     -26.899           0    -12.0225     -12.624    -16.3792
   -1.34872           0     -6.8657           0    -4.25994    -4.54355     3.52432
   -4.06689           0    -11.2927           0     3.74099    -5.28727    -22.5169
   -11.5181           0    -8.34844           0     16.8238     -21.911     7.69185
   -1.98822           0       1.862           0  -0.0294603    -26.4925     12.4655
   -6.80876           0    -27.9404           0    -4.53159     -10.053    -12.5627
   -4.37444           0    -3.18877           0      12.959    -30.9204     14.3674
    14.6092           0     3.81164           0     4.24628    -18.3086    -15.3579
   -5.73496           0    -13.6744           0    -8.84122    -19.5404     11.2285
   -1.34941           0    -11.1965           0     -7.6408    -11.3608    -6.68793
   -20.8312           0    -4.96214           0    -3.78752    -24.1564     13.1591
   -1.65193           0    -11.8256           0    -2.85921    -17.4246     9.31966
   -4.60748           0    -7.95867           0      2.0513    -9.82803     2.28525
   0.020115           0    -13.5999           0    -1.77083      -14.92    -4.87135
  -0.401504           0    -46.3408           0     23.4724    -11.6907     10.9702
  -0.777367           0    -26.5763           0    -9.69196     -17.537   -0.369544
    1.59327           0    0.072313           0     13.0366    -15.0972     6.51867
   -4.43518           0    -11.9181           0     9.79332    -41.8072     18.8006
   -11.1945           0    -1.15538           0    -4.92332    -14.1075    -21.6659
    8.48051           0     11.7337           0    -7.01989    -21.0859    -13.3648
   -5.27135           0    -12.1049           0    -9.25084    -9.85642      1.3993
   -11.4398           0    -5.09185           0    -23.6586    -37.6877     17.4011
    15.1555           0      10.646           0     3.03568    -29.2573      9.1203
   -4.50062           0    -27.3455           0     1.11989    -9.64655    -12.8261
   -5.59794           0    -11.8056           0    -0.12895    -26.3748    -10.8197
   -4.12334           0    -21.1895           0     -11.096    -8.01282     4.74591
    2.55274           0     4.79813           0    -7.17412    -22.1215    -27.1925
   0.897666           0    -58.9729           0     3.94422    -4.05512     9.72331
   -3.34299           0    -11.4044           0     33.1637    -20.7697     14.6759
   -5.86848           0    -3.16622           0     11.4602    -14.5603    -20.0449
   -10.8129           0    -23.1069           0     13.2153    -11.5376    -10.9503
   -15.2708           0     6.64723           0     2.20823    -24.6355     13.3579
   0.454973           0    -3.80444           0     3.76334    -1.90086    -6.02648
     1.2335           0    -14.1986           0    -2.81261     -10.017     8.13514
   -1.60043           0    -7.28192           0     4.04038    -4.14552     4.78642
   -14.9891           0    -44.2352           0     15.9587    -16.6775    -7.54614
    9.52477           0    -5.67018           0     10.6002     -13.474    -8.35286
     4.6732           0    -1.69317           0     8.05643    -9.83235    -18.7731
   -2.69307           0    -7.11623           0    -6.81595    -5.04659    -3.34281
    6.51161           0     8.50233           0     6.08872    -32.1216     14.3317
   -7.78063           0    -2.55417           0    0.592436    -12.4815     -22.995
    4.58101           0     10.8756           0    -11.3514    -24.4483    -10.3656
    4.82681           0    -1.73649           0     40.2382     -32.989    -19.3506
    15.9665           0     1.84417           0     6.21932    -25.9933     5.79262
   -2.38748           0     7.14832           0    -5.17026    -21.1082    -5.43844
   -1.10718           0    -17.2063           0     2.92652    -11.2957     12.2051
   -14.6554           0     20.6949           0     3.33326     -42.326     14.7845
    1.07996           0    -22.3556           0     -2.3431    -1.60276   -0.163385
   -6.33984           0    -8.59853           0     6.67919    -6.83944  -0.0651567
   -3.42523           0     1.29558           0    -1.71573    -9.06579    -26.6799
    8.46309           0    -24.4397           0     -5.7537    -4.57778     2.33141
     12.397           0    -28.3307           0    -2.79687    -17.0343    -1.74862
   -0.24553           0    -30.6184           0     3.48945     -4.5513     5.36371
   -8.83015           0    -11.0922           0    -2.44776    -17.4078    -9.79555
  -0.362798           0    -22.0312           0     12.6548    -13.7649    -14.3694
   -0.67996           0    -15.5322           0     5.86297    -7.22102    -32.9618
   -12.1259  1.6749e-06    -11.5054           0     9.36129    -14.9279    -27.3502
   -13.0722           0    -9.88214           0    -2.36189    -25.3349     2.47232
     4.3898           0   -0.304044           0     8.75558    -10.4699    -8.95142
    6.44245           0    -3.75837           0    -7.70151     -32.052     7.81351
   -7.69369           0    -30.8465           0     4.09293    -2.76216    -5.88953
    8.50328           0     7.60454           0     1.37364    -22.4178    -2.56697
    5.82284           0    -26.0496           0     -2.2778     -3.9719    -15.3692
   0.437656           0     11.0792           0    -5.61814    -21.8259   -0.565135
   -3.43126           0    -41.8257           0     2.86894    -13.1259      12.231
   -2.14254           0    -19.8366           0     6.34594     -3.4943    -8.68096
    1.35984           0    -28.8395           0    -9.35077   -0.431294    -2.46551
    13.6822           0    -9.40411           0    -6.29766    -14.6841     9.52703
    1.85579           0    -18.6689           0     -9.4985    -14.7791    -18.8306
    3.34327           0    -9.01409           0     11.1882    -18.7111     6.70559
    27.2838           0    -8.29072           0     6.99187    -28.0061     15.3781
     4.0706           0    -32.6973           0    -9.11061      -1.583      2.4474
    14.4516           0    -3.99572           0     19.4312     -24.976    -17.2603
    6.24694           0    -8.61426           0     20.7361    -18.1796     6.92663
    3.48827           0    -2.55621           0     3.55007    -13.3012     3.55479
   -3.50865           0    -18.4163           0   -0.935139    -4.30581    -7.17778
   -2.16948           0    -4.56044           0     23.1225    -27.3366     17.1599
    1.05514           0   -0.944176           0      1.3007    -3.65127   0.0733324
    18.2659           0    -9.08093           0    -12.9902    -28.3266     0.83046
     -2.225           0    -15.4284           0    -6.42343    -8.99664    -8.14265
    -1.0207           0     4.32249           0     8.66952    -19.9453    0.988489
   -3.13161           0     6.79779           0    -2.65911    -13.5506    -17.1238
   -7.84269           0    -15.5829           0    -16.6834    -19.7113     2.93343
   -6.75494           0    -6.42112           0    -6.30646    -18.1373     3.11239
    5.39136           0    -12.1405           0     5.67199    -16.1471      4.8237
    2.37276           0    -1.26421           0   -0.826762    -7.35408    -18.4899
    6.84468           0     7.83265           0     5.86164    -25.0071     1.67144
   -1.67518           0    -9.05023           0     2.15581    -8.24395     3.46701
    11.8681           0    0.250233           0    0.451974    -16.1525    -6.83624
   -7.92576           0     4.96566           0    -4.83229    -33.8684    -20.7409
   -4.88599           0     7.71528           0     16.3211    -31.8686     22.1258
   -2.40119           0    -4.78081           0   -0.583327    -21.6171     6.89961
    13.8554 1.70632e-06    -8.67936           0    -7.21079    -15.1014    -19.9582
    7.01831           0    -5.69923           0     4.25698    -23.6633     18.5753
   -7.26501           0    -5.83368           0     5.62475    -21.9301    -18.0332
    6.60344           0    -4.72677           0     12.8355    -15.6815     18.0885
   -7.13899           0    -24.4207           0    -7.35576     -8.7072     12.3079
    3.18197           0    -26.7389           0   -0.782573    -6.42821    -1.16114
     7.5196           0    -3.55368           0    -5.33217    -30.0235     12.0441
   -1.69618           0    -12.8563           0     3.16978   -0.608338    -11.9631
   0.982697           0     17.3572           0    0.648971    -36.1311    -2.60041
    4.03925           0     2.74629           0     10.1254    -30.2973     -5.3049
   -2.77552           0    -6.48324           0    -10.3437    -30.1845     19.2283
  -0.187747           0    -50.8219           0    -4.24432   -0.282281     18.6287
    12.7011           0     -13.237           0    -8.40399    -9.88769   -0.809072
    -4.0763           0    -16.7648           0    -9.79251    -5.45434    -23.5429
   -4.21055           0    -32.0607           0    -4.63997    -4.89325    -1.16043
    -3.1837           0    -33.2857           0    -4.41939    -1.90392     5.70922
   -8.86106           0     7.07388           0     5.95564    -26.1189     1.16304
    16.8177           0    -3.33823           0     20.5396    -24.4238    -12.3765
    14.2553           0     2.59704           0    -1.59877     -12.982     2.92009
   -1.58273           0    -13.5377           0     30.0218    -27.8237    -4.86001
   -1.26118           0    0.119873           0     3.80949    -5.11645    -1.05532
   -3.63867           0    -5.46051           0     5.97334    -8.21562     7.21017
   -12.8239           0     14.3197           0    -4.54744    -24.3942    -10.2234
    2.68217           0    -4.65339           0     10.9785    -6.17923    -13.3808
  -0.489968           0     1.93322           0     6.36333    -19.9702     -4.5744
    5.91015           0    -20.3823           0    -7.14876   -0.968301     1.24322
    8.11877           0    -5.88748           0    -1.83966    -6.34506    -5.55434
   -11.0443           0     7.85984           0     5.13294    -33.8666     12.2467
    5.87352           0    -5.03084           0     8.91268       -19.1    -8.11527
    12.0193           0    -23.0138           0     8.08321    -22.9143    -6.64361
    2.63983           0    -5.25513           0     5.27206    -15.1237      3.4543
     34.999           0    -10.1318           0    -5.88017    -28.4718      16.741
   -5.53386           0    -4.26833           0     16.8158    -15.9995    0.449058
   -5.66874           0    -5.12996           0   0.0332213    -22.6885     7.29488
  -0.254844           0     3.29916           0    -1.57522    -53.2446     15.9857
    4.17598           0    -3.96389           0     1.81644    -4.02062    -21.6428
    5.68266           0     7.58501           0    -4.66578    -18.7909     -6.7239
     8.8945           0     1.38139           0      8.5784    -14.0103      2.6162
      3.738           0    -13.2765           0    -2.58468    -14.2975     1.87447
   0.840298           0    -8.83949           0   0.0481403     -4.1761    -14.8861
    -4.1014           0    -15.8469           0     -10.792    -17.1412     14.9968
    1.60139           0    -38.6794           0     2.61932    -4.01823      5.7172
    7.14603           0    -28.8189           0    -7.84004    -12.9607     12.9395
    2.34416           0    -20.8074           0      6.8517    -33.8744     8.64055
    24.2473           0     -3.4019           0    -8.91039    -20.3885    -6.81589
   -7.33485           0    -22.5496           0      3.0193    -17.7587    -29.5424
    11.0191           0     3.57398           0    -3.20804     -13.264    -4.54879
   -4.93351           0    -24.4698           0    -7.15057    -4.57601     -41.579
     4.2681           0    -14.2876           0  -0.0838733    -7.52073    -8.02576
     1.2056  1.4148e-06    -5.71665           0    -2.07553    -14.2195    -35.3729
    11.3561           0    -2.97255           0      11.016    -17.1235    -13.3856
    2.98667           0    -22.3699           0    -3.09588     -3.6385    -18.5191
    4.89599           0    -8.58673           0     16.2211     -17.477     13.0438
     1.1885           0    -6.75401           0  -0.0202027    -4.49396     4.80832
   -2.40725           0    -12.8902           0      1.7486    -6.27055     2.69349
   -8.47574           0     16.5489           0    -1.66483    -40.3683     1.93777
    1.61349           0    -25.1986           0     6.45998    -4.28838      1.8917
   -4.96455           0    -3.32036           0     16.0442    -16.0934       10.13
    11.5865           0    -19.3207           0    -3.09712    -9.57417    -11.2275
    1.41837           0    -4.02588           0      11.067    -13.6855     3.56317
    2.11655           0    -5.14705           0    -11.0769    -23.9072     1.20236
   -1.12918           0     -25.237           0    -16.0962    -14.4129     9.65381
  -0.260912           0      2.4474           0     8.36198    -19.8069      1.2386
    2.43922           0     1.98519           0     5.95298    -26.1696    -9.60932
    -4.8717           0    -11.7923           0     5.38928    -22.1653    -7.38537
    10.4074           0    -2.68877           0    -6.63387    -33.7153    -14.6331
   -1.96914           0    0.863434           0     4.79129    -18.3949    -13.1584
    5.44162           0     1.09976           0     4.22401    -12.6614    -32.1417
    11.4254           0     4.24337           0    -1.78706    -18.7707     6.56165
   0.452093           0    -2.17862           0    0.125755    -10.8188    -29.5821
    17.7697           0     3.18182           0     4.22319    -18.9564     8.74137
    5.91145           0    -11.6746           0    -1.91262    -8.07254     3.90537
    7.70332           0     11.2067           0    -8.04381     -41.935     6.21633
    -23.148           0     5.60739           0    -13.8896     -41.073     10.2288
    -5.6938           0     2.70477           0   -0.882189    -13.7356    -29.9463
   -14.1921           0     5.67604           0    -5.90165    -32.8232    -2.08399
    6.13427           0      3.9071           0    -2.88411    -11.5605    -11.5217
    2.69105           0    -7.29587           0     2.37724    -6.75278      6.1998
    -7.5626           0    0.252514           0    -6.09866    -16.5729   -0.893095
   -2.08209           0    -7.52899           0    -2.13803     -10.349    -1.65957
   0.691411           0    -28.4213           0    0.505058     -4.0913     8.47426
   -5.38772           0    -13.4553           0     6.04926    -4.97395    -4.44149
   -1.17276           0     -15.634           0     28.0982    -11.9063     14.5626
     3.9534           0    -33.4347           0    -7.31558    -5.62203    -1.86686
   -1.30983           0    -11.6599           0     20.8767    -24.4299     -5.3933
   -2.37377           0    -2.06994           0     21.9356    -18.3811    -3.66215
    23.1743           0    -9.83954           0    -5.63016    -19.1765    -9.74639
    1.62519           0     9.95704           0    -5.53327    -25.3226     7.17105
    1.74652           0     -14.854           0      10.942    -5.44567    -26.7275
    13.4706           0    -1.96315           0    -4.79683     -15.117    -12.0147
    3.29341           0    0.195481           0   -0.691245    -12.6774    -8.89659
    5.02447           0    -5.24826           0     26.1687    -27.3485     14.9039
    6.31235           0    -39.1314           0    -8.96096    -11.8637     8.12111
   -6.19546           0     2.77148           0     -3.9821    -8.54788    -1.71645
     6.5653           0     9.06079           0     -3.7366    -19.3912    -30.5305
    16.8036           0    0.816444           0    -3.83646    -22.2704     13.3918
   -10.4774           0     7.82442           0     4.41628    -21.1993     8.11507
   -1.62176           0    -15.8722           0   0.0105604      -19.43     2.76208
   0.318402           0      -17.88           0    -20.3004    -24.0941    -7.78165
   -9.24458           0       9.349           0     12.3973    -29.1671     8.07537
   -3.72844           0     2.71938           0     7.18084    -9.89818    -10.9129
   0.689008           0    -3.37456           0    -2.60417    -3.25808    -1.22402
    -4.1756           0    -16.2334           0     14.1273    -8.59369     8.26224
  -0.219227           0    -6.23374           0      9.9943    -13.9537     4.21204
    5.31812           0    -30.7438           0    -2.44203   -0.953872     3.11527
    10.4452           0     -2.5788           0    -0.70343    -17.1122    -7.40034
  -0.758758           0      3.9316           0   -0.404107    -12.7904     4.30034
   -11.0089           0    -5.69612           0    -9.85955    -13.1111    -7.10022
    -22.194           0    -19.9263           0    -11.6084    -26.7862     -12.841
   -18.9903           0     4.10995           0    -11.4525    -26.1782    -23.0901
   -6.08291           0     21.2188           0    -3.15903    -41.7702   0.0165669
    11.1059           0     16.5701           0    -10.6611    -39.6613     -9.5302
    6.56044           0    -12.6567           0     8.86364    -13.9332     13.1459
    6.55137           0    -7.84981           0     20.4551    -20.0066     10.5644
   -10.1653           0    -0.34036           0     9.36197    -19.2234    -15.0762
    2.94998           0     10.5835           0    -7.08921    -25.2476    -4.32468
   -11.7419           0      9.7812           0    -2.39897    -21.3262    -17.7838
   -1.55333           0    -14.8346           0      7.5133   -0.760204    -13.3429
   -1.43618           0    -37.6926           0     -12.822    -3.42301     8.62494
    6.08657           0    -3.13981           0    -8.61924    -34.4959     -1.8863
   -7.86645           0    -17.8365           0    -10.2437    -7.08472    -11.6629
    3.72199           0    -7.61911           0     22.2665    -15.1874    -26.4786
    2.91028           0    -3.36313           0    -14.7307    -22.6697     6.55471
    17.6675           0     7.08427           0    -1.30805    -28.2575     8.34603
    3.57951           0    -12.7538           0    -3.43474    -6.02016    -4.42148
    1.09302           0    -10.1841           0    -13.1118    -20.3523    -14.0425
   0.115159           0     -7.0121           0    -2.68634    -3.46509     3.71389
   -1.89471           0   -0.158291           0   -0.482881    -30.6263    -10.8308
    1.83918           0    -2.00433           0     1.51176    -14.1564    -11.4374
    18.5424           0    -20.9009           0    -7.39493    -14.5399     3.87691
    11.8793           0    -5.77007           0    -9.45681    -36.3915     15.0998
    1.07336           0    -7.92646           0     -6.8866    -17.7034      8.5188
   -6.33835           0    -5.12482           0     4.33288    -15.2716     7.91265
    14.7233           0    -27.2898           0     -11.348    -15.4792     17.5663
    6.15052           0    0.400149           0     9.73285    -16.8742     8.24916
   -5.25294           0     -32.499           0     12.2874    -4.54887     5.67767
    4.06371           0    -31.1539           0    -3.26561    -24.1304     13.5218
   -6.93988           0    -26.3804           0     16.0801    -15.3707     15.4054
  -0.252755           0     6.53602           0     8.98339    -29.7401     14.1319
   -5.43103           0    -12.5962           0    -4.43235    -10.9272    0.188906
   -4.66562           0     4.65541           0    -2.78621     -9.6925      1.2675
   -8.06951           0    -25.0143           0    -3.57762    -4.92037     6.45425
   -1.72176           0     13.4009           0    -11.2662    -31.0831     5.62743
   -6.37744           0    -16.6864           0     19.9902    -23.9752     9.37817
  -0.412624           0    -32.0663           0     9.91384    -15.4091     12.1312
   -2.93922           0    -14.4365           0      4.3001    -4.61718     7.39011
    24.4653           0     6.43797           0     1.53834    -29.0157     6.63043
    7.85165           0    -4.36191           0     9.61691    -11.4018    -2.94022
    2.29306           0     1.54789           0    -2.90944    -21.4336     18.3162
   -3.62991           0    -53.7702           0    -12.7559     8.30081     7.89928
  -0.682582           0     20.7688           0    -13.7399    -44.7107   -0.227961
    1.84091           0    -11.6588           0     23.2976    -16.1204     4.59303
   -1.61021           0    -6.03532           0     4.50867    -5.27834     1.04768
    15.8317           0     3.46437           0     1.53523    -18.1859      6.9428
    1.66036           0    -5.04659           0     15.0052    -15.0112    -8.33662
    5.77132           0    -23.4361           0     3.94508    -8.49017     3.90099
   -7.87807           0    -20.9213           0    -6.78703    -8.22695     1.65676
   -7.71262           0    -8.48243           0     1.00317    -6.58194     -20.113
   0.916364           0    -21.2757           0    -2.27188    -11.4217    -21.0717
   -9.58293           0     2.82695           0     3.28551    -29.1557    -10.2444
    4.32251           0    -26.9522           0      1.2306    -24.5738     1.83801
   -6.85562           0    -15.9416           0    -8.12372    -9.78614   -0.954662
    7.63032           0    -12.9621           0     10.1626     -16.228     7.87453
   0.498956           0    -12.1941           0     21.3171    -12.4459    -23.1733
    -4.1354           0      -13.62           0     17.7446    -11.3086     1.39358
    1.25718           0    -14.9577           0     27.8274    -17.2843     15.1087
   0.228743           0    -36.3885           0     28.5476    -11.1788     6.39067
   -10.0304           0    -4.50375           0      4.9865    -20.4056    -6.23408
   -7.93015           0    -20.0256           0    -1.96583    -12.2764     6.49659
    12.5789           0     5.09848           0     1.29074    -24.4146      9.2363
   0.193058           0    -20.6948   -0.824396   -0.287671     1.55433     5.38704
   -10.2946           0    -3.88987   -0.813247    -8.05109    -23.9278     8.47579
    9.81983           0    -13.8414   -0.509507    -4.74675     -8.4636     10.1037
   -3.45052           0    -6.49824   -0.943155    -2.60669    -6.60861    -11.1812
    -1.1286           0    -12.8882   -0.683574     2.06526    -3.82158    0.211202
    10.4632           0    -9.97565   -0.427918     -6.9988    -16.1536    -33.7245
   -1.72843           0     -15.591   -0.710396     13.2001    -10.7163    -12.7434
   -5.71817           0    -16.0001    -0.48146    0.446351    -5.34284    -12.6847
   -12.1541           0    -10.1021    -0.50494    -12.7319    -35.3722     6.24649
   0.860152           0     13.1872   -0.648196    -4.13039    -23.5886     5.94742
   -3.89976           0    -21.1125   -0.335762     12.7932    -22.1441     6.41278
   0.678464           0    -27.7586    -1.41591    -8.75107    -4.41583    -16.1674
   -4.82319           0    -2.91062    -1.03735    -1.68511     -25.868    -2.00842
   -25.2679           0     -3.7136   -0.538419    -10.7733    -46.3478     11.5148
    2.77882           0     10.7908    -0.49015    -7.63194    -33.4853     6.48155
  -0.443292           0    -11.9284    -0.99812     -1.8409     1.52304     0.99157
    1.45949           0    -5.67789    -1.08398     28.2897    -14.2021     10.5531
    3.10492           0     15.1335     -1.0299     -11.031    -33.6872     6.93558
   -6.28136           0    -39.0334   -0.822006     -4.6216     1.41051    -2.80017
   -1.62324           0    -4.15136   -0.580915     7.00451    -22.4119    -15.4869
    5.48998           0     -6.1702   -0.702572     3.23782    -9.58381    -18.2353
   -21.4585           0     7.75861   -0.742535    -3.56701    -30.1565    -23.7233
   -1.48263           0    -16.1692   -0.479484     15.4524    -23.4429    0.623183
     24.107           0    -10.8765   -0.894886     5.24132    -28.1004     5.79276
   -0.95066           0    -7.70328   -0.830301    -3.60605    -1.96534    -29.4387
   -1.68706           0    -39.1128   -0.735517      17.289    -11.6782     3.67738
 -0.0937987           0    -5.46401   -0.590767    -6.36375    -19.8837    -14.1754
    2.57674           0    -18.1513   -0.545946    -4.42791     -1.3801     -13.968
   -8.29998           0    -28.1334   -0.868662     9.08226    -15.5761     13.7037
    14.6343           0     5.68584    -0.72128    -6.22131    -35.5237    -8.70886
   -5.55465           0     16.5375    -1.01305    -7.56993    -43.5579     6.15948
   -3.98147           0     10.0415   -0.899276    -5.93364    -20.8849     1.75756
   -8.91808           0     6.14951   -0.569774   -0.414304    -32.5454     6.69083
    7.11234           0     -14.446   -0.392861      3.0284    -6.79187    -4.40868
  -0.834909           0    -4.78563   -0.720114    0.857119    -8.71202    -7.15207
  -0.282602           0    -34.0268   -0.512622    -4.43131    -25.0966    -7.62426
   -7.14327           0    -51.5774           0    -4.24463     2.31577    0.205783
   -7.28379           0    -26.4572           0    -9.54198    -1.75686    -6.03497
   -1.73271           0    -10.7135           0     10.1021    -4.52752    -6.54313
    7.52378           0    -11.4418           0     -9.0038    -24.9562     12.2679
   -7.08587           0     8.08976           0    -12.8873    -26.4943    -14.1015
   -3.55076           0     4.49311           0     5.55387    -18.5724   -0.667267
   -11.6875           0    -12.3599           0     3.26465    -20.6388     10.2231
   -4.12839           0    -8.84943           0    -4.54749    -7.90807    -14.0622
   -4.85185           0    -11.9926           0     5.86945    -9.06377    -6.54281
   -11.0855           0   -0.424614           0   -0.110981    -28.1514     2.14674
   -9.33624           0    -13.3069           0    -7.64813    -15.5128     1.58539
    8.90344           0     5.16694           0     2.65145    -18.4523    -14.8482
    1.88558           0    -22.7026           0    -2.87521    -1.48815     2.52722
     3.9672           0    -7.15408           0    -1.08998    -3.79823  -0.0375746
     6.0084           0    -26.4138           0     10.0759    -10.7319     13.2459
   -3.46962           0    -8.82605           0    -6.58678    -16.6489    -26.9157
     14.614           0    -1.77485           0     6.48022    -20.1902     7.11452
  -0.200763           0    -11.2104           0      15.247    -18.1272     4.36688
   -9.79537           0     6.78306           0     2.06087    -28.3189     12.0123
   0.279225           0    -37.2279           0    -6.29412    -3.46227    -4.23018
   -3.16327           0    -29.3205           0     12.9657      -5.465     10.5789
   0.715818           0    -3.08019           0   -0.427749    -21.0522     4.10381
     9.3649           0    -7.35162           0   -0.102966    -12.1317    -14.0306
   -3.33886           0   -0.247589           0    -4.19387    -35.9502    -16.4478
   -4.23357           0     3.80458           0    -4.47637     -12.619     6.95409
    3.78989           0    0.794189           0    -10.0952    -43.0332     10.2514
   -2.66629           0    -31.0375           0    -7.10763    -4.04329     11.6541
    2.68406           0     3.73306           0    -3.97153    -17.8729     1.69966
   -1.39544           0     3.85532           0     -2.7838    -8.36487   -0.241877
   -4.37922           0     -26.098           0     3.98939    -2.82311    -11.4195
     11.354           0     12.9786           0   -0.289852    -30.1446      13.772
     3.8267           0     9.34086           0    -8.34543    -24.4208    0.426572
    10.2124           0    -13.7261           0     4.32182     -10.937      4.2893
    20.2372           0     10.1729           0    -2.07121     -32.948    -11.3197
    15.2468           0    -9.82069           0    -13.5514     -15.202    -23.7002
    3.33328           0    -10.3924           0   -0.657017     -3.2056     -5.3605
   -1.89954           0    -21.1609           0     3.02403    -3.13356    -14.9875
   -8.36384           0    -18.0366           0    0.504748    -31.1246    -1.17407
    4.48126           0    0.637286           0     2.80584    -6.65931    -16.2208
   -1.45247           0    -5.88583           0     1.05665    -8.35926     6.58061
   -2.73577           0    -39.7919           0    -9.13594     2.77796    -18.6524
   -6.00404           0    0.602505           0     7.40538    -13.3158     11.6966
    1.26411           0    -10.5821           0    -1.95492    -10.5469    -27.8562
    19.9933           0     7.12714           0    -1.55549    -24.3863     7.64869
   -8.06746           0     1.40481           0     -10.945    -18.0612    -6.49833
   -3.64166           0    -19.9147           0     3.62891    -4.02706      2.9312
  -0.427442           0    -16.6343           0    0.910346    -10.4117     6.25801
   -7.11494           0     5.31147           0     5.33102    -14.6228    -5.11012
    20.1926           0     5.30432           0     2.39755    -23.4613     2.82203
   -11.7684           0    -4.69223           0    0.319588    -12.7811     8.80407
    1.97353           0    -27.6098           0   -0.030121    -3.84981     10.0068
   -8.90969           0     10.4669           0    -3.36036    -29.8369     -34.233
  -0.267148           0    -6.37294           0    -3.44145   -0.414857    -16.5729
     19.045           0    -2.82227           0    -6.90547    -18.2096    -24.7844
   -1.03796           0    -11.1633           0     6.62202    -6.62825     3.69497
    9.35483           0   -0.530006           0      2.3332    -25.8428     7.12546
   -8.99783           0    -13.3783           0    -4.13237    -18.4482   -0.517117
   -5.16684           0   -0.251335           0    -3.29666    -15.1253    -5.69191
   -8.72455           0    -38.3981           0    -9.78931    -2.62613     2.41042
   -0.50801           0     7.93981           0    -0.92469    -18.3945    -8.25569
   -12.5632           0     4.00971           0     9.68577    -28.8427    -13.2756
    9.39892           0    -18.9788           0    -9.39175    -9.84742    -13.2232
   -8.48267           0    -37.9883           0    -4.63339   -0.346631     1.66912
  -0.539303           0     15.3952           0    -12.7837    -36.8695     6.55917
    4.66581           0     -23.981           0     5.62638    -7.37614    -13.4965
    10.4545           0     1.26615           0    -3.89653    -28.3017     3.69677
   -2.27778           0    -8.39302           0    -8.18104     -11.983      7.7685
   -3.37517           0    -13.8467           0    -1.49267    -21.7433    -2.14059
    13.8032           0    -1.88954           0    -9.58784    -35.8897     7.46667
    3.66963           0    -32.2556           0     2.31731    -12.5501    -8.77824
    4.69881           0    -2.95991           0    -5.85567    -13.4486    -14.6376
    11.4991           0    -9.65082           0    -13.8969    -28.8062     2.28981
  -0.242508           0    -31.7966           0     18.8609    -11.9689     2.15561
    11.2821           0    -15.8032           0    -8.52127    -8.73575      -5.462
  -0.751446           0     14.8779           0    -4.55115    -37.0924    -25.8708
   -10.5258           0    -5.86831           0     -3.1964     -13.648    -8.34375
   -4.50315           0     4.93828           0    -2.13471    -18.7711   -0.568364
   -14.5524           0    -13.5016           0    -13.7898    -16.1231    -8.48671
   -6.84081 1.04377e-06   -0.961469           0     11.9218    -12.0712    -16.5261
   -4.26856           0     9.28743           0    -4.29927    -22.4562     3.39844
    5.23807           0     1.44891           0    -5.86127    -30.8124    -3.41761
    9.78828           0     9.54165           0      4.9987    -37.1466      19.618
   0.611487           0     2.31752           0    0.910048    -11.9093    -18.3595
     -5.044           0     2.26835           0     4.06395     -15.981     2.69974
    9.86032           0   -0.136061           0     2.36856    -23.2771     4.00288
   -8.97028           0    -2.29374           0    -7.99981    -14.2002     1.30633
     3.8451           0    -7.39439           0    -6.47559    -23.9129     5.05538
    2.97458           0    -48.9218           0    -11.9356     3.88152     1.99273
    4.55866           0    -1.13782           0   -0.213672    -5.95836    -19.0373
   -6.91912           0     2.37936           0    0.925212    -10.6122     1.16773
    1.08111           0    -19.2509           0     21.1872    -26.1102   -0.771674
    19.8199           0     3.48944           0     19.4228     -32.858    -8.56532
   -8.86616           0     7.62819           0    -3.21189    -23.1787    -12.0127
    7.05145           0    -2.85417           0     19.7944    -18.8993    -14.0289
    -7.8932           0     16.2362           0    -10.4558    -33.8824     4.89335
   -9.88177           0     11.4766           0    -7.20848    -21.8331    -8.45177
  -0.842174           0    -6.57266           0     19.3307    -11.5165     -3.7058
   -7.31063           0     6.57346           0    0.514513    -25.2022    0.341604
    5.57728           0   -0.239672           0    -7.24074    -17.6131    -2.88971
     13.766           0   -0.336997           0     7.78504     -14.667     2.82229
    10.4197           0     6.93518           0     6.86558    -22.7929     -7.9242
   -4.37939           0    -8.30753           0     -8.5556    -10.1259     8.06033
    19.3819           0    -3.80587           0     3.37569    -25.7286     6.85682
    6.02069           0  -0.0657515           0    -9.64598    -17.5768    -7.08125
   -24.6983           0     12.1706           0    -13.4071    -37.1963     2.87957
