 1.03386
 1.26367
 1.08444
  1.1274
 1.11522
 1.02704
  1.1949
0.936733
 1.16708
 1.13536
 1.03628
 1.14698
  1.1468
 1.02033
 1.01484
  1.0531
0.951393
 1.07976
 1.11295
 1.19435
 1.05927
 1.09599
 1.07981
0.995616
 1.01649
 1.15944
0.973817
 1.16064
 1.09771
 1.05186
 0.99838
 1.03273
0.876093
0.942942
0.992022
0.907921
 1.23676
0.936127
 1.06535
 1.18522
 1.11065
  1.2431
 1.28205
 1.19021
 1.28113
 1.22959
 1.33181
 1.11735
 1.12377
 1.41331
 1.16993
 1.47988
 1.35105
 1.33372
 1.12848
 1.13958
 1.22035
 1.19646
 1.20127
 1.14826
 1.37969
 1.22806
 1.22641
 1.02467
 1.32863
 1.05778
 1.05443
0.968493
 1.18731
 1.17998
  1.3089
 1.25323
  1.2888
 1.15437
 1.44278
 1.20909
 1.16856
 1.26714
 1.09358
 1.16363
0.947929
 1.01067
 0.97802
 0.85644
  1.0289
 1.12115
 1.02827
0.885905
 1.07325
 1.00718
0.982546
 1.14407
 1.19456
  1.0321
 1.13427
0.846925
0.965381
 1.15934
 0.99802
0.955789
0.945374
0.886467
 1.18468
 1.12102
0.985281
 1.02311
0.983278
  1.1036
 1.14016
 1.30438
 1.14637
 1.16447
 1.15001
 1.08548
 1.08178
  1.0542
 0.91478
 1.11389
0.955087
 1.19602
 1.10676
  1.1178
 1.09603
0.980806
 1.12036
0.955319
0.997419
0.968879
 1.12502
 1.16659
 1.09427
  1.1644
 1.19234
 1.01898
0.926252
  1.0158
 1.10192
0.877138
 1.01471
0.975951
  1.1531
 1.11525
   0.854
 1.14004
 1.00354
 1.09032
0.992223
 1.05079
0.880161
0.886633
 1.05396
0.997378
0.991837
 1.06142
 1.00948
0.976573
 1.20079
 1.25785
  1.0033
0.904179
0.913342
  1.0904
 1.21356
 1.03281
 1.00807
0.863357
 1.01944
 1.07879
 1.03275
0.916776
 1.14098
 1.04345
 1.10206
0.999258
 1.11689
 1.10465
 0.83797
 1.03608
0.932853
 1.01178
0.965683
 1.36021
 1.04504
 1.02351
 1.12254
0.957134
 1.11122
 1.07391
0.829286
   1.285
  1.0149
 1.01913
0.930241
 1.08118
  1.1902
 1.05789
  1.1703
 1.09241
 1.22524
 1.27357
    1.06
 1.02182
0.993246
 1.04908
 1.09259
  1.2709
 1.34456
 1.39067
 1.43243
 1.64292
 1.51129
 1.06924
 1.05558
 1.27881
  1.2209
0.984323
  1.1996
 1.18469
 1.48491
 1.30174
 1.30203
 1.47605
 1.51921
 2.17771
 1.69615
 1.38953
 1.08985
 2.18114
 1.87816
 1.62269
  1.5295
 1.95493
 1.33926
 1.17354
 1.06709
 1.05771
  1.1131
0.871989
0.967489
 1.19867
 1.14824
 1.10328
   1.057
  1.2736
 1.10927
 1.12284
 1.00035
0.962716
   1.008
0.926096
 1.01561
0.986554
 1.19268
0.992239
 1.21725
0.982964
 1.01602
 0.91447
 1.09472
 1.08925
 1.16264
0.971723
 1.11971
 1.25374
 1.07734
 1.20759
 1.07998
 1.11129
 1.31567
0.961883
 1.10986
 1.07292
 1.25122
 0.93548
 1.13429
 1.11351
 1.07146
 1.20174
 1.05042
 1.19809
 0.95391
0.938261
0.999907
 0.82172
0.940236
  1.0873
0.984959
0.948363
 1.01661
 1.06558
 1.09577
 1.03354
 1.07436
 1.09793
 1.02147
 1.41391
 1.58578
 1.49133
 1.11207
 1.30156
 1.46902
 1.16979
 1.63792
 1.40368
 1.23219
 1.36165
 1.07249
 1.06598
 1.10215
 1.00488
 1.20054
 1.13049
 1.32536
  1.0131
0.991346
 1.15436
 1.25567
 1.28863
 1.33179
 1.04458
 1.33507
 1.01847
0.901033
  1.0498
0.985647
 1.14619
 1.60255
 1.06879
 1.05181
 1.23126
 1.08735
 1.03251
 1.10067
 1.20895
 1.38866
 1.15134
0.915661
 1.20325
0.926716
 1.09739
 1.12174
 1.14455
0.999765
 1.05354
  1.0059
 1.17684
 1.14537
0.938076
 1.10204
 1.22434
 1.27152
 1.63296
 1.51599
 1.03518
 1.18067
 1.14864
  1.1706
 1.09716
  1.0821
 1.15223
 1.18028
 1.21296
 1.13267
 1.21259
 1.19713
 1.27521
 1.35502
0.990018
 1.21228
  1.2049
 1.19435
 1.14283
 1.19701
 1.09235
 1.08498
 1.15781
 1.12001
0.943022
 1.04173
0.973315
 1.00318
 1.08649
 1.02817
 1.03026
  1.2386
 1.05134
 1.05418
 1.17406
 1.72819
 1.24838
 1.14269
 1.20806
 1.51485
 1.84191
 1.49423
 1.67112
 1.12259
  1.0878
 1.28318
 1.84013
  1.4591
 1.31468
 1.51736
 1.63878
 1.61194
 1.74017
 1.38975
 1.81499
 1.18945
 1.33031
 1.04637
 1.03399
 1.17027
 1.02466
 1.12064
  0.9594
 1.06022
 1.36163
 1.03001
 1.00805
 1.00894
 1.06461
  1.1472
 1.24498
 1.15189
 1.05361
 1.09189
 1.21417
 1.04256
 1.28789
 1.31696
 1.07426
 1.18213
 1.15875
 1.22807
 1.27587
0.955034
  1.0997
 1.06371
  1.0517
 1.14659
 1.57823
  1.1174
 1.11849
 1.13131
 1.43224
  1.5758
0.958948
 1.35985
 1.29345
0.948959
 1.30695
 1.05233
 1.12757
 1.21583
0.969779
 1.09501
 1.01114
0.982614
 1.08252
 1.47121
 1.24286
 1.14564
 1.13241
 1.09636
 1.12798
 0.98678
   1.173
0.999239
 1.09307
0.965805
 1.01356
0.974776
 1.00428
 1.15811
 1.02905
0.928928
  1.1434
0.953907
0.927566
 1.15626
0.870784
 1.05459
 1.02202
 1.03303
 1.08225
 1.09862
0.886428
 1.10796
 1.10578
 1.25548
 1.03743
 1.06253
   1.224
 1.21298
 1.07134
 1.31258
  1.0282
 1.02727
 1.09586
 1.12007
 1.13436
0.923252
 1.10701
 1.07976
 1.24718
 1.17812
 1.17551
 1.10327
 1.06898
 1.14387
 1.02829
0.928671
 1.04006
 1.03885
 1.08187
0.920976
 1.07528
 1.14489
 1.11963
 1.05723
 1.02487
0.967757
  1.1605
 1.13781
 1.00639
0.890936
 1.13416
  1.1542
 1.02339
 1.19215
 1.09369
 1.15784
0.860314
 1.05028
 1.00936
0.994807
 1.08041
0.894728
0.946444
0.914863
   1.043
0.999519
 1.19673
 1.07641
 1.06638
 1.04306
   1.034
 1.13421
0.965132
0.948287
 1.44968
 1.14031
 1.16942
 1.18661
 1.04426
 1.14093
 1.06337
 1.07977
 1.15077
0.943667
0.992291
 1.08523
0.918233
 1.13186
 1.04131
 1.08075
 1.01374
 1.03821
 1.04256
 1.09414
 1.03894
 1.19657
 1.19596
0.949044
 1.03726
0.932599
  1.0084
 1.16821
 1.06193
 1.08807
 1.15537
0.992836
0.897825
0.989597
 1.39718
 1.19458
 1.14238
 1.15324
0.932177
 1.15233
 1.17376
0.995714
 1.07548
  1.0443
0.934953
 1.22929
 1.10789
 1.12655
0.956212
0.987453
 1.22847
0.984743
 1.05526
0.950973
 1.08736
0.905672
0.993297
 1.07463
 1.29292
 1.06402
 1.23607
 1.05688
 0.92842
 1.05232
 1.10125
 1.00853
 1.18632
 1.06038
0.937191
 1.02732
0.983046
0.922907
 1.03223
 1.11827
0.984196
 1.04638
 1.01611
  1.0416
 1.01334
 1.01255
0.896204
 1.00744
 1.02042
0.904472
 1.07185
 1.16379
 1.15977
 1.16889
 1.02536
  1.0552
 1.03633
 1.08601
 1.06572
 1.23916
 1.06706
0.976367
 1.08446
 1.04328
 1.10226
 1.24512
 1.00431
 1.06826
 1.11156
 1.11223
 1.17836
 1.08415
0.912477
 1.27376
 1.12857
 1.11165
 1.26543
 1.05193
 1.06536
 1.07808
 1.17793
 1.00843
0.995004
0.966683
  1.0986
 1.08877
 1.08258
 1.05521
  1.1411
 1.09136
 1.11687
 1.08352
 1.12766
 1.20736
  1.2203
 1.15136
 1.00429
0.979824
 1.15391
 1.09618
 1.19285
 1.01623
0.998014
 1.20776
 1.12049
 1.01876
 1.18406
 1.09352
 1.07511
 1.06367
 1.07288
 1.05679
 1.08518
  1.1988
0.839023
 1.06278
 1.05553
 1.08406
 1.07572
  1.0452
 1.19773
 1.23799
 1.13675
 0.89786
0.931751
   1.076
 1.00967
 1.01822
  1.0874
 1.13074
 0.97769
 1.09348
 1.16724
 1.05577
 1.27928
0.903796
 1.07646
 1.17915
 1.14581
 0.98669
 1.07288
 0.99202
0.889862
0.873576
 1.38999
 1.11684
0.998452
 1.03386
 1.02951
0.994304
  1.0518
0.958417
 1.17976
0.946623
 1.11543
 1.04435
 1.14652
 1.02538
 1.09812
 1.08234
 1.01916
 1.03178
 1.07836
0.954856
 0.95983
0.948355
 1.12178
 1.09691
 1.06975
 1.12801
0.985743
0.875426
 1.21391
 1.19038
 1.04349
0.893843
0.882058
 1.02553
0.898431
 1.10977
 1.04823
  1.1758
 1.07148
 1.00369
0.997006
 1.21658
 1.10522
0.884227
 1.04061
0.986016
0.978146
 1.19662
 1.16127
 1.11017
 1.28848
 1.07283
 1.07836
 1.20681
 1.11831
 1.20522
  1.2762
 1.09102
 1.44241
 1.30808
  1.2124
 1.14058
 1.43227
 1.94053
 1.09487
 1.29436
 1.69825
0.995288
 1.32465
 1.03857
0.892871
 1.08458
0.929427
 1.10755
 1.06482
0.997386
 1.01465
 0.99237
 1.14997
 1.23711
0.944841
  1.0706
 1.06313
 1.07361
 1.00156
 1.01654
 1.00696
 1.20562
 1.09288
 1.01334
 1.29801
 1.52895
 1.27973
 1.19402
 1.15534
 1.08419
 1.20209
 1.29489
 1.50642
 1.33694
 1.18236
 1.90276
 1.25692
  1.6472
 1.07262
 1.12095
  1.3791
 1.03644
0.885553
  1.2022
 1.18097
0.976646
0.997717
 1.06307
 1.56578
 1.01728
 1.11012
 1.04628
 1.06823
0.992739
 1.09514
 1.17031
 1.15406
 1.09677
 1.08028
 1.06917
 1.07892
 1.13297
 1.13443
0.984801
 1.02352
 1.09555
 1.04067
0.986683
 1.00169
 1.08002
0.981494
 1.10543
0.954588
 1.11017
 1.34949
 1.17585
0.895116
 1.04236
 1.08675
 1.39815
 1.25957
 1.19777
 1.16587
 1.03605
 1.14354
 1.11412
 1.03073
 1.08591
  1.0107
 1.14197
 1.10684
 1.12004
 1.12274
 1.08468
 1.07056
0.918678
 1.00399
 1.02308
0.935574
 1.00295
 1.12643
0.972964
0.985752
0.908366
 1.04056
 1.11323
 1.01416
 0.86838
   1.008
 1.07889
 1.10323
 1.14667
 1.18145
 1.19401
  1.1317
0.900415
0.987057
 1.18435
 1.11732
 1.31652
 1.17901
0.988252
0.989587
 1.05031
 1.09968
 1.09651
 1.01379
  1.0254
0.884855
 0.88721
 1.09844
0.939426
  1.0547
 1.12032
 0.96074
 1.32426
 1.11454
 1.11567
 1.08987
 1.02796
 1.08365
0.964774
 1.16197
0.993664
  1.2939
 1.04691
 1.20192
 1.17161
 1.00892
 1.20177
0.910131
 1.13396
 1.12254
 1.03594
 1.09249
 1.20686
0.974248
 1.05724
 1.15786
 1.13169
 1.09135
 1.38441
  1.0381
 0.94032
 1.02717
 1.01203
0.975092
 1.05841
 1.02699
 1.42321
 1.10646
 1.04262
 1.06977
 1.12635
 1.15826
0.943078
 1.09296
 1.03907
 1.23558
 1.00485
 1.01957
  1.0001
0.946986
 1.02762
 1.08074
 1.04452
 1.06203
 0.97845
 1.15166
  1.0129
0.882021
 1.30268
 1.01121
 1.07789
 1.19452
 1.10073
0.941462
 1.07088
 1.15343
 1.10057
 0.85093
 1.19588
0.910947
0.973387
 1.38023
