0.606667
    0.65
     0.5
0.433333
0.526667
    0.56
0.666667
0.383333
    0.57
0.553333
0.883333
    0.66
0.593333
0.633333
0.673333
0.546667
    0.86
0.423333
0.523333
0.616667
0.563333
0.726667
0.506667
0.503333
0.586667
0.646667
    0.63
0.653333
    0.56
0.473333
    0.79
    0.66
0.346667
    0.52
     0.5
0.416667
0.536667
0.403333
    0.58
    0.75
0.686667
0.496667
    0.81
0.566667
0.466667
0.486667
0.553333
0.723333
0.636667
    0.67
    0.51
0.353333
    0.73
    0.59
    0.39
0.523333
0.623333
0.443333
    0.57
    0.39
    0.41
0.513333
0.496667
0.566667
0.576667
0.493333
0.463333
0.693333
    0.68
    0.53
0.436667
0.536667
0.713333
0.703333
0.506667
    0.43
0.706667
0.506667
0.453333
0.536667
0.443333
    0.35
0.656667
    0.58
0.466667
0.553333
0.626667
0.483333
    0.59
    0.67
0.673333
0.616667
    0.58
    0.59
0.343333
0.543333
0.496667
0.546667
0.796667
0.493333
0.613333
0.526667
    0.44
0.526667
0.416667
0.403333
0.556667
    0.51
    0.76
0.573333
    0.69
    0.43
    0.42
    0.47
0.593333
0.663333
0.693333
0.376667
0.466667
    0.69
0.416667
0.623333
0.406667
0.746667
    0.54
    0.61
    0.86
0.693333
0.463333
0.683333
0.566667
0.453333
    0.71
0.613333
    0.58
    0.77
0.626667
0.513333
     0.6
    0.58
0.476667
    0.74
0.673333
    0.62
0.416667
0.496667
     0.5
    0.55
     0.4
    0.43
    0.44
0.736667
0.376667
0.546667
0.626667
 1.12333
 1.05333
 1.52667
 1.72333
 1.91333
 1.99333
    2.08
 1.60333
 1.83667
    2.15
    1.49
 1.73333
    1.74
 1.48667
 2.50667
    1.42
    2.67
    1.32
 2.50333
 2.73333
 3.35667
 3.49667
    1.79
 1.89333
 1.73667
 1.73667
 1.82667
 1.92667
     1.8
 1.88333
 1.57333
    1.23
 1.00667
0.563333
    0.48
    0.52
    0.52
    0.55
    0.43
0.586667
    0.75
0.393333
0.513333
0.596667
0.526667
     0.6
    0.61
    0.35
0.546667
    0.34
0.653333
0.813333
0.626667
    0.45
    0.55
0.586667
0.596667
0.596667
0.736667
     0.6
0.396667
0.406667
    0.29
    0.63
0.446667
0.556667
0.686667
    0.53
     0.5
0.593333
0.673333
0.596667
0.533333
0.456667
0.463333
0.706667
0.443333
0.706667
    0.51
    0.79
0.593333
0.656667
    0.88
0.553333
0.653333
0.706667
0.666667
0.483333
0.593333
0.616667
    0.63
0.656667
    0.57
0.483333
0.536667
    0.57
0.443333
0.786667
0.426667
0.586667
0.453333
    0.73
0.953333
    0.51
0.453333
0.613333
 1.56667
 1.72333
 1.29333
 1.44667
 1.07333
 1.24667
 1.59333
 1.36667
0.986667
     1.2
    1.19
     1.4
 1.01667
     1.5
 1.48333
    1.45
 1.08333
    0.57
    0.42
    0.67
    0.66
    0.57
0.553333
0.476667
    0.47
0.936667
0.286667
    0.28
0.493333
0.596667
    0.44
    0.62
     0.5
0.593333
 1.29667
 1.59667
    1.69
 1.60667
    1.17
    1.08
 1.93333
    1.52
0.993333
 1.24667
     1.1
 1.20333
0.943333
     1.1
    1.15
 1.33667
    0.89
0.923333
    1.47
0.996667
 1.56667
 1.50667
    1.49
 2.02667
 1.27667
 1.05333
    1.51
 1.11333
 1.14333
 1.29333
 1.77667
    1.31
    0.97
 1.04333
     1.4
 1.25333
     1.3
    1.19
0.813333
 1.42667
    0.65
    0.43
    0.69
0.553333
    0.62
     0.5
0.606667
0.473333
    0.53
0.473333
0.953333
    1.65
    1.59
 1.25667
0.686667
 1.41333
 1.21333
 1.40667
 1.11667
 1.53333
     1.8
 1.10667
 1.27667
 1.55667
     1.5
 1.34667
 1.87667
 1.69667
 1.43333
 1.71333
 1.10333
 1.84667
 1.00667
 1.32333
    1.41
 1.10667
    1.32
     1.5
    1.73
 1.72333
 1.38333
 1.34333
    1.13
0.796667
 1.39667
    1.53
    1.28
 1.41333
0.513333
    0.55
0.643333
0.603333
    0.45
0.553333
0.393333
    0.63
    0.74
0.376667
0.646667
    0.44
0.416667
    0.45
    0.72
0.466667
    0.54
0.636667
0.486667
0.446667
    0.49
0.656667
     0.5
0.413333
0.913333
0.543333
0.366667
0.663333
    0.69
    0.75
0.526667
0.743333
0.486667
    0.75
0.426667
0.746667
    0.57
    0.68
0.573333
0.553333
0.586667
0.563333
    0.76
0.566667
    0.48
0.693333
0.523333
0.346667
0.496667
0.556667
0.423333
    0.48
    0.75
    0.66
    0.38
0.713333
0.486667
0.773333
0.623333
    0.52
    0.65
    0.67
    0.54
    0.64
    0.55
0.556667
0.496667
    0.71
0.413333
0.683333
    0.71
0.473333
0.436667
0.736667
0.343333
    0.63
0.706667
0.626667
0.983333
 1.63333
    1.44
    1.07
 1.74333
 1.33667
    0.98
 1.08667
 1.71333
 1.45667
 1.26667
    1.23
 1.49667
0.833333
    0.56
    0.48
    0.46
0.716667
    0.75
    0.56
0.576667
    0.65
0.556667
0.483333
    0.69
0.706667
    0.71
0.666667
0.523333
0.356667
0.566667
0.643333
0.546667
0.393333
    0.54
0.616667
0.486667
0.516667
0.513333
0.633333
0.566667
0.493333
0.553333
0.466667
0.616667
0.613333
0.523333
    0.58
0.483333
0.696667
0.773333
0.426667
0.556667
0.573333
0.593333
    0.51
0.556667
    0.65
0.536667
    0.48
    0.79
0.506667
 1.20667
    1.32
 1.15333
     1.5
    1.39
    1.02
       1
 1.27333
 1.30333
 1.02667
 1.35333
    0.67
 1.07333
 1.05333
       1
 1.16333
 1.05667
 1.17667
    0.93
 1.74667
 1.19333
0.663333
    1.08
 1.08667
    1.08
 1.23333
    0.84
 1.31667
 1.62667
    0.77
0.463333
0.603333
0.583333
    0.52
0.853333
    0.56
    0.75
0.463333
     0.6
0.636667
    0.56
0.663333
0.683333
0.456667
0.306667
    0.61
0.596667
    0.39
0.536667
0.626667
0.686667
    0.36
0.546667
0.523333
    0.68
0.593333
0.353333
    0.59
0.583333
    0.58
0.443333
0.776667
0.686667
    0.55
    0.64
0.383333
0.546667
    0.69
0.536667
0.503333
0.523333
 1.71667
 1.26333
 1.04667
 2.17333
 2.21333
 2.52333
 1.90333
 2.75333
    2.66
    1.98
 2.21667
    2.39
    2.03
 2.85333
 3.00333
 2.25333
 1.24333
0.783333
    1.32
 1.15333
 1.49333
    2.12
    2.12
 1.45667
 1.59667
       1
 2.14333
 1.02333
0.473333
    1.85
 1.58667
    1.41
0.463333
0.603333
0.563333
0.653333
0.486667
     0.6
    0.71
0.606667
0.396667
0.626667
0.433333
    0.46
0.623333
    0.59
0.766667
0.656667
0.776667
    0.86
    0.61
0.486667
0.586667
    0.69
    0.78
0.623333
0.516667
    0.55
    0.38
0.706667
    0.44
0.553333
0.546667
0.613333
    0.43
0.366667
0.723333
0.656667
0.483333
0.406667
0.526667
0.603333
    0.56
    0.72
0.533333
0.813333
    0.58
    0.42
    0.54
0.603333
0.346667
0.503333
0.643333
    0.57
0.503333
     0.5
0.433333
0.466667
0.493333
0.536667
    0.39
0.583333
0.743333
0.453333
0.353333
0.756667
    0.64
0.643333
0.343333
    0.57
0.636667
0.596667
0.576667
0.826667
0.766667
0.713333
0.713333
    0.31
0.823333
0.486667
0.433333
0.726667
0.496667
    0.43
    0.55
0.686667
    0.55
0.673333
0.566667
0.546667
0.923333
0.796667
    0.59
0.673333
0.573333
0.456667
    0.52
     0.4
0.716667
    0.79
    0.74
    0.66
0.496667
0.733333
0.473333
    0.62
0.683333
0.533333
0.536667
0.633333
0.866667
0.456667
0.523333
    0.45
    0.68
    0.63
0.483333
0.633333
0.726667
0.486667
0.473333
0.446667
0.813333
0.613333
0.613333
    0.81
0.536667
    0.63
     0.6
0.573333
    0.73
    0.49
    0.47
0.353333
0.553333
0.696667
    0.63
    0.71
0.343333
0.733333
0.416667
    0.48
0.443333
0.666667
0.646667
    0.63
0.776667
0.603333
    0.66
0.613333
    0.76
    0.61
0.383333
0.436667
0.643333
     0.7
0.506667
    0.59
0.453333
0.633333
0.616667
0.413333
    0.79
0.763333
0.826667
0.443333
0.793333
0.516667
    0.52
0.616667
0.543333
0.513333
0.636667
0.536667
    0.55
0.473333
0.676667
0.463333
0.546667
0.526667
0.473333
0.616667
    0.51
0.563333
0.846667
    0.43
    0.56
0.393333
0.356667
    0.29
    0.57
0.493333
0.613333
0.436667
0.676667
0.346667
0.496667
0.686667
0.436667
0.826667
 1.67667
    1.43
 1.28667
 1.84333
 1.12333
    1.31
 1.58333
0.873333
 1.13333
 1.65667
 1.53667
    1.19
 1.18333
 2.25333
 2.23333
    1.66
 2.35333
    1.74
    2.19
    3.31
    0.98
 1.41667
 1.48333
    0.89
 1.70667
 1.24667
       1
 1.74333
    1.62
 1.04667
 1.78667
    1.45
 1.21667
    0.85
0.956667
    0.99
    1.27
 1.95667
 1.43333
 1.11333
 1.50333
    1.08
 1.05333
 1.39667
0.996667
 1.30333
0.843333
 1.04333
    1.47
 1.53667
 1.17667
0.996667
 1.34333
 1.15667
0.653333
0.463333
     0.5
0.676667
0.543333
0.643333
0.513333
0.586667
0.566667
    0.47
0.523333
    0.55
     0.5
0.536667
0.713333
    0.84
0.473333
0.636667
0.656667
0.416667
0.693333
0.573333
0.516667
0.616667
0.403333
0.596667
0.573333
0.546667
    0.36
0.463333
0.853333
0.673333
0.473333
0.546667
0.613333
0.596667
 1.15667
    0.79
 1.12667
    1.12
 1.18333
 1.16333
 1.38333
0.816667
 1.21667
 1.15667
 1.35667
0.956667
0.573333
 1.19333
    1.28
       1
    1.43
 1.14667
    0.68
0.706667
0.726667
0.633333
    0.71
    0.48
0.633333
    0.57
    0.28
    0.43
    0.82
0.563333
0.476667
0.456667
    0.46
0.396667
     0.7
    0.74
0.936667
0.516667
0.666667
0.686667
     0.5
0.793333
    0.42
    0.73
0.463333
0.683333
0.603333
    0.33
0.633333
0.623333
0.363333
0.873333
0.613333
    0.63
    0.31
0.563333
    0.87
    0.74
0.666667
    0.56
0.593333
0.566667
0.726667
0.623333
0.493333
0.673333
0.496667
    0.46
0.586667
0.613333
0.473333
0.416667
0.523333
    0.44
0.566667
    0.44
0.726667
    0.59
0.656667
     0.5
0.526667
0.503333
0.486667
0.473333
0.503333
0.556667
