0.630082
0.662913
0.457691
0.466937
0.547109
0.637542
0.728329
0.428189
0.543897
0.543035
0.806589
0.695013
0.649103
0.648974
0.848797
0.482391
0.933061
 0.46655
 0.54977
0.673289
0.543314
0.816002
 0.50197
0.524371
0.546873
0.678231
0.628572
0.699725
0.536519
0.454687
0.842166
0.676895
0.360559
0.493679
0.626365
0.442279
 0.58259
0.405744
0.565218
0.731433
0.694298
0.529636
0.803105
0.577403
0.562904
0.496587
0.587535
0.733266
0.658926
0.641713
0.525963
 0.35542
0.754146
0.616634
0.335641
0.492396
0.753456
0.585186
0.593084
0.357086
0.359477
0.525645
0.530706
0.603933
0.632191
0.511102
0.500468
0.767414
0.729169
0.646071
0.503156
0.592107
0.752451
0.716226
0.586767
0.469455
 0.84635
0.679882
 0.51368
0.524992
  0.4957
 0.34368
0.702685
 0.55809
0.451406
0.527224
0.731762
0.533861
0.673939
0.751677
0.670977
0.644754
0.543528
0.613435
0.359626
0.515585
0.550218
0.563292
0.769267
0.545322
0.544928
0.640923
0.464188
0.564838
0.473007
0.388774
0.569508
0.481424
0.818201
0.659971
0.678842
0.408698
0.435287
0.491803
0.581773
0.716743
0.779078
0.424342
0.498658
0.682533
0.385281
0.613175
0.383834
0.721942
0.503698
0.617496
0.813982
0.796062
 0.51953
0.606781
0.614873
 0.43914
0.663497
0.600667
0.568574
0.870857
0.583339
0.642575
0.647283
0.683311
0.489421
0.823825
0.625906
0.593421
0.400592
0.508231
0.523435
0.700989
0.430196
0.412674
0.475984
0.848223
0.405823
0.462961
0.627728
 1.72141
 1.61113
 2.18964
 3.06161
 2.92711
 2.81758
 3.48967
 2.62724
 1.90628
 2.91244
 1.69239
 2.58444
 2.08981
 2.07213
 3.15515
 2.48049
 5.51014
 1.93743
 4.08172
 4.78595
 8.82621
 6.65038
 3.78516
 3.65464
 2.90663
 3.54305
 3.77007
 4.43577
 5.54543
 4.25999
 3.09785
 3.55797
 1.82841
0.679465
0.639345
0.502594
0.550669
0.546541
0.486354
0.597108
0.821685
0.354882
0.537148
0.666015
0.485333
0.635144
0.585856
0.399655
 0.58517
0.306514
0.764226
0.971689
0.754672
0.475393
0.658039
0.582998
0.623859
0.673253
 0.63548
0.619076
0.399469
0.385762
0.308503
0.737024
0.467711
0.562283
0.713222
0.603791
0.518724
0.647892
0.697842
0.605697
0.568019
0.387175
0.488662
0.805884
 0.49194
0.656808
0.576316
0.882463
 0.56884
0.744843
0.822014
0.499434
0.616892
0.680722
 0.60814
0.560052
0.549724
0.589794
0.638444
0.665652
0.557248
0.487024
0.507212
 0.62714
0.447207
 0.86273
0.421713
0.617652
0.563069
 0.78968
 1.01234
0.494277
0.488285
0.702676
 4.68895
 7.31047
  3.3599
  3.5576
 2.40252
 2.66132
 3.00434
 2.66125
 1.95106
 2.84009
 2.13571
  2.9737
 1.92898
 4.13544
 4.59464
  3.4699
 2.05391
 0.58069
0.484448
0.704256
0.650006
 0.63958
0.588073
0.459752
0.501916
 0.99077
0.354422
0.302405
0.500943
0.513566
0.466097
0.686574
0.490399
 0.61119
 2.07345
 3.78312
 2.64218
 2.44584
 1.50973
  1.2994
 2.51659
 2.01237
0.964424
 1.51317
 1.17643
 3.34982
 1.35648
 1.84612
 2.09381
 1.27359
 1.26115
0.909526
 1.95712
 1.35534
 4.06203
 4.72215
 2.17735
 2.88427
 1.78443
 1.23784
 2.12259
 1.12586
 1.09374
 1.40465
 2.42349
 1.31915
0.939534
 1.10715
 2.14063
 1.25349
 2.71843
 1.14858
0.771217
 1.67454
0.674453
0.431792
0.725307
0.558799
0.530993
0.542473
0.717014
0.494861
0.510711
0.467095
 1.26616
 2.48071
 1.66083
 1.56234
0.797989
 1.44596
 1.42876
 1.72319
 1.31025
 1.46936
 2.56995
 1.38247
 1.21415
 1.72109
 1.82585
 1.41737
 2.58556
 1.95699
 1.32628
  1.7635
  1.1417
 2.34875
 1.09958
 1.64624
 1.82909
 1.41962
 1.68598
 1.82681
 2.41751
 2.61318
 1.38948
 1.39905
 1.19952
0.870615
 1.60356
 1.86442
 1.71463
 1.34053
0.544004
0.569741
0.736567
 0.60948
0.463581
0.517591
 0.46743
0.621278
0.822152
0.410969
0.788955
0.461802
0.466667
0.480508
 0.74401
0.486261
0.667253
0.741742
0.501636
0.435587
0.528658
0.668158
 0.51203
0.440242
0.874617
0.586313
0.358147
 0.70178
0.698015
0.640813
0.564517
0.766211
0.537452
0.872941
0.451384
0.817555
0.613495
 0.68919
0.585977
 0.62609
0.622889
0.634052
 0.80637
 0.61563
0.485135
 0.72671
0.560852
0.336224
0.541416
0.663934
0.441487
0.539824
0.655138
0.694475
  0.3359
0.789946
0.505242
0.846611
0.679168
0.505938
0.636863
0.793524
0.592181
0.750144
0.655141
0.588399
0.491134
  0.6559
0.429287
0.783171
0.685635
0.536161
0.456897
0.689926
0.360834
0.693155
0.635715
0.709418
 2.46604
 5.34355
 3.91191
 1.92763
 5.45857
  3.4931
 1.66277
 2.65858
 3.59645
 4.76844
 3.24384
 2.13133
 3.83241
  1.0315
0.575792
0.444714
0.481249
0.699453
0.838363
0.566232
0.576194
0.652026
0.631912
 0.53546
0.833384
0.754088
0.760947
0.905024
0.528876
0.382983
0.566744
0.641942
0.561076
 0.39611
0.642409
0.551267
0.476371
0.509454
0.498254
 0.67146
0.576655
0.451711
0.506947
0.572747
0.649075
0.672849
0.578936
 0.60916
0.521497
0.788023
0.840903
0.503763
0.517466
0.553158
0.733117
0.562232
0.502835
0.681696
 0.50719
0.469037
0.738294
0.541496
 1.41353
 1.71377
 1.25435
 1.97177
 1.61823
 1.23773
 1.03195
 1.29945
 1.64244
 1.24283
 1.57986
0.727051
 1.11063
 1.22524
 1.14786
 1.53361
 1.50837
  1.5796
 1.10165
 2.74741
  2.1972
0.820223
 1.94074
 1.50677
 2.14477
 2.24696
 1.01076
 1.84853
 3.86977
0.797962
0.479227
0.566949
0.686216
0.510434
  0.9018
0.524143
0.668362
 0.49013
0.653261
0.642698
 0.56849
0.720224
0.592381
0.365392
0.315503
0.667064
0.616949
0.391126
0.516584
0.669023
0.774934
0.376597
0.610932
0.526522
0.746948
0.585311
0.340223
0.554979
0.644701
0.611688
0.511304
0.774501
0.778332
0.538919
0.683885
0.418313
0.722767
0.698344
 0.59716
0.520943
0.588677
  5.7181
 2.92355
 3.65923
 4.78823
 4.44808
 5.24843
 6.20036
 7.07121
 6.82596
  3.1584
 3.27793
 3.81953
 2.37748
 6.00743
 5.58634
 4.47301
 1.37318
0.784642
 1.60558
 1.24955
 1.70743
 2.81439
 2.66097
 1.66395
 1.70886
 1.12095
  2.2555
 1.17127
0.461128
 2.48529
 2.00182
 1.65084
0.425992
0.615469
0.542263
0.637576
0.468389
0.627889
0.885415
0.657519
0.458659
 0.69834
0.443917
0.479131
0.599422
0.550794
0.818248
0.776817
0.876683
0.917156
0.574687
0.616424
0.558931
0.732706
0.887096
0.691119
 0.50141
 0.58604
0.333929
 0.73225
0.428731
0.467375
0.537737
0.601819
0.360725
0.410116
0.850454
0.617742
0.538735
0.406443
0.569845
0.533985
0.565097
0.724654
0.569331
0.860896
0.739716
0.439399
0.535893
0.690604
0.396478
0.506799
0.670912
0.583997
0.495326
0.514488
0.415682
0.571086
0.476288
0.545219
0.418498
0.648535
0.869294
0.467489
0.404788
 0.80456
 0.59177
0.727322
0.388229
0.563974
0.734182
0.548039
0.688902
 1.04232
0.725377
0.759318
0.738881
0.316653
 0.81262
0.421213
0.528624
0.721692
0.432212
0.471666
0.506456
0.710541
0.518453
0.730545
0.608142
0.652622
0.929768
0.822547
0.613853
0.724435
0.560314
  0.4966
 0.60966
0.383727
0.702955
0.798788
0.705654
0.697523
0.575394
0.785297
0.572262
0.598158
0.796004
0.509222
0.583935
0.655946
0.890136
 0.46303
0.541326
0.468424
 0.74296
0.667087
0.608152
0.745349
0.743596
0.566336
0.448926
0.458295
0.781468
0.680247
 0.67344
0.948918
0.548883
0.739453
0.559037
 0.59683
 0.74838
0.476881
0.465597
0.334576
 0.60016
0.704069
0.722494
0.859961
0.438048
 0.71143
0.447491
0.456342
0.452066
0.763105
0.824889
0.590702
0.856804
0.685583
0.751907
0.692459
0.697819
0.686517
0.437153
0.448347
0.633504
0.702628
0.494185
0.606017
0.420741
0.619025
0.669024
0.463383
 0.81338
0.851658
0.843851
0.500585
0.815041
0.503344
0.525852
0.604482
0.507304
0.543884
 0.68027
0.745997
0.583918
0.486724
 0.77572
0.452758
  0.5406
0.645216
 0.49838
0.602843
0.528494
0.641551
0.829051
0.430624
0.476226
0.378324
0.337136
0.307023
0.487553
0.487122
0.681928
0.474352
0.743539
0.366827
0.481419
0.799859
0.450475
0.901844
  1.8628
 1.37997
 1.53806
  2.0621
 1.31436
 1.23709
 1.81956
0.853969
 1.39731
 1.98483
 2.07359
 1.31649
 1.51482
   2.665
 2.25387
 1.91823
 2.29546
 1.55954
  2.4179
 4.01651
0.847641
 1.11553
 1.44015
0.882912
 1.58907
 1.22415
 0.99278
 1.56173
 1.56968
  1.2231
 1.70291
 1.72342
 1.18752
0.797168
0.950277
 1.09884
 1.10277
 2.04012
 1.42979
 1.07128
 1.47399
 1.00951
 1.21244
 1.33768
 1.12956
 1.28429
0.864965
0.986271
 1.42703
 1.70327
 1.25959
0.812422
 1.16566
 1.14443
0.649725
0.514337
0.495738
0.728758
 0.54824
0.689221
0.553244
0.551908
0.505643
0.464457
0.460454
0.545861
0.429487
0.577769
0.711201
0.827802
0.399235
0.591639
0.753521
 0.38915
0.806804
0.527309
0.538787
 0.59793
0.460347
0.659977
 0.56888
0.482458
0.403288
0.469566
0.985818
 0.60965
 0.44699
0.547383
0.721068
0.724101
 1.38756
0.954731
 1.83132
 1.47099
 1.70882
 2.18416
 1.76874
0.937759
 2.20754
 2.12522
 1.67373
 1.02688
0.567795
 1.47519
 1.95021
 1.48288
 1.97224
 1.67846
0.803347
 0.66575
0.779248
0.649794
 0.72193
0.488282
0.597165
0.569745
0.264289
0.489793
0.809242
0.553388
0.495115
0.477211
0.487354
0.361777
0.746596
0.796602
 1.00951
0.472449
0.732316
0.621306
0.634859
 0.83541
0.457366
0.811838
0.513341
0.867676
0.592026
0.399953
0.687493
0.706191
0.367081
 1.14396
0.530732
0.591387
0.399347
 0.57647
 1.04491
0.741535
0.679971
0.596708
0.605001
0.556884
0.959202
0.708296
0.560909
0.767555
0.539745
0.484653
0.608015
0.755197
0.515081
 0.37529
 0.47563
 0.45308
0.611267
0.464862
0.739838
0.617137
0.744782
 0.50712
0.522978
0.527294
0.477543
0.515128
0.560008
 0.55785
