0.915483
 0.98642
0.964448
 1.15174
 1.04599
 1.06359
0.919429
0.935256
 1.02823
 1.06423
  1.0203
0.943444
   1.161
 1.03364
 1.22881
 1.35522
 1.16914
 1.14635
  1.2803
 1.26519
 1.41309
 1.11053
 1.52869
 1.03275
 1.02482
 1.26187
 1.03473
0.993908
 1.36093
 1.24953
 1.17767
 1.13969
 1.35039
 1.15323
  1.2121
 1.17417
 1.07515
 1.05084
 1.19381
 1.07721
 1.16417
 1.08815
 1.14548
 1.38822
 1.33206
 1.16804
 1.10088
 1.14588
 1.09133
  1.2113
0.849932
 1.36539
0.961293
 1.07314
 1.14344
  1.0732
 1.23822
 0.97848
 1.07464
 1.09677
 1.42195
 1.04935
 1.15637
0.997826
 1.04238
 1.19169
 1.20444
 1.07158
 1.16973
 1.03232
 1.06876
  1.0455
  1.0711
0.985294
 1.02531
 1.06182
 1.10452
 1.08447
 1.21932
 1.00376
0.949929
 1.06401
 1.01647
 1.02683
 1.16829
 1.01726
0.897395
 1.02698
 1.06101
 1.04395
 1.05887
 1.00308
0.998464
 1.17885
 1.06398
 1.11857
 1.06856
0.892057
0.977807
 1.06132
 1.16311
 1.14704
 1.05674
 1.03821
0.984431
 1.12476
 1.04213
 1.13847
 1.08164
 1.12834
 1.01624
0.978251
 1.00114
 1.02408
 1.00602
 1.01231
0.961886
 1.10468
 1.12767
0.966258
0.907177
  1.1681
 1.05606
 1.05679
 1.09281
 1.02121
 1.16825
 1.18031
 1.19385
 1.19494
 1.19791
 1.45125
0.957934
0.934247
 1.08928
 1.00611
 1.08844
 1.20956
 1.16059
 1.21567
0.937373
 1.10035
 1.09171
 1.06684
 1.07789
 1.07683
 1.07831
 1.03253
  1.0559
  1.1096
0.955628
0.971435
 1.08463
 1.07528
 1.12405
0.957124
 0.89793
 1.08954
 1.12154
 1.20913
  1.0315
 1.20382
0.976544
 1.07491
  1.0212
0.957685
0.882855
 1.02937
 1.07697
 1.05213
 1.07064
0.956275
0.941845
0.932985
 1.00454
 1.11903
 1.06229
 1.03578
0.951666
 1.02481
 1.14684
 1.04572
0.892909
 1.06132
 1.06086
 1.10938
 1.22311
    1.08
 1.02583
 1.02199
 1.10186
  1.1413
 1.21989
 0.91297
 1.03098
0.998201
 1.16109
 1.03654
 1.03976
 1.26594
0.848885
0.991857
 1.16877
 1.12077
 1.09264
 1.22562
 1.10192
  1.2558
 1.10741
 1.11042
0.915366
 1.00386
 1.05209
0.935899
 1.08643
 1.08068
 1.03664
 1.14094
 1.41546
 1.21263
0.931888
0.951604
 1.22518
 1.18875
 1.04736
  1.1004
 1.03571
0.916676
 1.08679
    1.17
 1.04569
  1.1294
 1.12429
 1.08097
 1.01621
 1.07225
 1.24995
 1.24861
 1.02792
  1.0594
0.807789
 1.10679
 1.26531
 1.09595
 1.09492
 1.21819
 1.07121
  1.1436
 1.39619
  1.2279
0.978677
 1.40595
 1.42944
 1.14813
 1.07191
 1.26268
 1.23059
 1.57094
 1.09807
  1.2132
 1.27505
 1.05008
 1.37897
 1.39466
 1.27074
 1.45366
 1.00298
 1.08535
0.994641
 1.08103
  1.1677
 1.04307
 1.07224
 1.05558
 1.13329
0.994716
 1.08146
 1.06071
 1.13848
 0.95128
 1.07136
 1.05938
 1.01876
 0.89714
  1.0467
 1.14735
0.995349
 1.02419
 1.54354
 1.31533
 1.16297
 1.53359
  1.2593
 1.61454
 1.43732
 1.45281
 1.21361
 1.08742
 1.30944
 1.31537
 1.65482
 1.28121
 1.14169
 1.14143
 1.42464
 1.98395
  1.5358
 1.13107
 1.29608
 1.26911
 1.35114
 1.21588
 1.32072
  1.5335
 1.25244
 1.51522
 1.31737
 1.12672
  1.3227
0.940745
 1.12942
0.907731
 1.14393
0.930752
 1.21413
 1.18476
0.963016
 1.01611
 1.11807
 1.06756
 1.22383
 1.05136
 1.08133
 1.08969
 1.02192
 1.03262
 1.09808
 1.09982
 1.20242
0.881321
 1.11688
  1.0367
 1.12983
0.938046
0.927753
   1.032
 1.00516
0.899549
 1.16233
 1.21606
 1.04067
 1.17411
 1.04942
0.978027
  1.0448
 1.04447
 1.11267
 1.02339
 1.08291
  1.0972
 1.09219
 1.05807
0.983805
0.940773
  1.1632
 1.15697
0.893694
 1.15064
 1.12826
0.975812
 1.12777
 1.11624
 1.09765
 1.04448
 1.01508
 1.03829
 1.16341
 1.15798
 1.14969
 0.92768
 1.10594
 1.20732
 1.03128
 1.20503
0.897769
0.995917
 1.05541
 1.05798
 1.21655
0.888374
 1.18623
0.986504
 1.01857
 1.10013
 1.08997
0.954094
 1.00161
0.995712
 1.08701
0.939789
0.852179
 1.02315
0.994241
0.996345
0.840707
 1.04622
  1.0014
 1.10466
 1.16222
 1.06732
 1.00227
 1.10756
 1.21054
  1.1785
0.912415
 1.17049
 1.19249
 1.09244
  1.0413
 1.00601
0.842683
 1.04323
 1.25877
    1.12
0.876733
 1.12365
0.980185
 1.08992
 1.02055
 1.12688
 1.05425
 1.06371
0.935445
 1.34766
 1.10643
 1.07032
0.961041
 1.23731
 1.33637
 1.32507
 1.02773
 1.31937
 1.03697
 1.43817
 1.14784
0.925284
 1.08063
 1.28285
 1.15623
 1.04979
 1.34648
 1.05636
 1.09721
 1.16343
 1.19805
 1.27423
 1.19862
  1.1423
 1.14017
 1.36545
 1.09812
 1.27262
 1.23926
 1.17733
 1.07192
 1.15119
 1.00863
 1.23366
  0.9599
 0.96179
0.980219
 1.03986
 1.03595
 1.03991
 1.03271
 1.18596
 1.01021
 1.13438
0.930022
 1.01906
0.983433
0.952414
 1.00451
 1.08836
 1.19823
 1.17051
 1.14033
 1.08593
 1.07125
 1.12499
0.957898
 1.05748
 1.11811
0.815966
0.948393
 1.17203
 1.11042
0.933669
 1.16757
 1.10975
 1.00523
 1.12543
 1.10963
  1.1722
 1.19372
 1.07526
  1.1479
 1.05758
0.971023
0.995558
 1.17026
 1.13269
 1.20598
 1.08324
  1.0093
 1.10242
 1.02009
0.969093
0.904675
 1.24564
0.990778
 1.21485
 1.05123
0.984861
 1.05694
0.982971
 1.20985
0.889977
 1.09079
0.977797
 1.03335
 1.12725
 1.00878
 1.25441
 1.05329
 1.06845
 1.05653
 1.08223
 1.06771
 1.13047
 1.04122
 1.00677
 1.07159
 1.12607
 1.07038
 1.05198
 1.12444
   1.007
0.981008
 1.03141
 1.04638
 1.27039
 1.23604
 1.46952
 1.16052
   1.491
 1.13099
 1.26733
 1.35656
 1.31943
 1.30132
 1.07773
 1.04419
 1.22493
 1.16974
 1.20164
 1.20783
 1.04272
  1.1536
 1.23009
 1.19429
 1.05826
 1.26012
 1.10015
 1.20807
0.985009
 1.39849
 1.11245
 1.09029
 1.21518
 1.16699
 1.19012
 1.10374
 1.18419
  1.5221
0.989174
 1.30378
 1.13729
 1.22421
 1.06226
 1.20403
 1.14761
 1.37933
 1.41348
 1.11322
 1.12528
0.953709
 1.22154
 1.07555
 1.00252
 1.13978
 1.22082
0.902022
 1.15427
 1.17832
 1.05532
0.906838
 1.18597
 1.21451
 1.17458
 1.18852
 1.52074
 1.24843
 1.04445
 1.24753
 1.15676
 1.05315
 1.32009
 1.09215
 1.32139
 1.40793
 1.18829
 1.16824
 1.17546
 1.19289
    1.09
 1.16041
 1.16224
0.961616
 1.09103
  1.3067
 1.21255
 1.10527
 1.18837
 1.16654
 1.24918
 1.45983
 1.23868
 1.06842
 1.04329
 1.24108
 1.04597
 1.23315
 1.21068
 1.30435
 1.16871
 1.15462
 1.14574
0.998587
 1.07047
 1.02002
 1.01806
 1.25963
 1.01317
0.981151
0.923052
 1.03178
0.912306
 1.19104
  1.0726
 1.11744
 0.87832
 1.10859
 1.13663
 1.00857
 1.17353
0.972463
 1.05306
 1.02638
 1.10161
0.929424
 1.09177
0.935721
 1.18391
 1.03958
 1.00962
 1.05982
 1.05513
0.983783
 1.05327
0.954207
 1.11447
 1.23955
 1.02837
 1.19921
 1.12871
 1.19344
  1.2556
0.965649
 1.05407
0.954264
 1.02302
 0.92685
 1.26448
  1.1406
0.966413
 1.06537
 1.03209
0.987741
 1.04135
0.996133
 1.08257
  1.0874
   1.023
 1.01276
 1.04337
 1.14322
 1.00979
 1.04529
0.961578
 1.43501
 1.14858
  1.1363
 1.04648
 1.19289
  1.0953
0.963589
 1.04418
 1.07991
 1.25426
0.886679
 1.00956
0.996654
 1.05737
  1.0774
 1.07675
0.976385
0.986134
 1.03801
 1.13537
 1.04607
 1.15533
 1.09742
0.941417
0.972135
0.967958
 1.02495
0.976363
 1.07512
 1.00478
 1.08505
 1.17346
 1.08098
 1.09819
0.871997
0.895991
 1.04532
 1.04122
 1.00635
  1.1022
 1.07378
 1.09375
0.911608
0.898423
 1.03415
 1.07589
0.982908
0.913683
 1.06421
 1.01316
 1.08872
0.874098
  1.1646
  1.1353
  1.0263
 1.09142
  1.0332
 1.16639
 1.03538
0.931728
  1.1927
 1.18947
 1.31788
 1.05431
 1.08525
 1.11813
 1.04882
 1.38503
0.946899
 1.08752
 0.94855
 1.01156
  0.9629
 1.10487
0.978605
 1.11679
  1.0188
0.912575
 1.08893
0.961187
 1.00915
 1.02282
 1.15641
 1.12819
 1.09664
  1.2673
 1.03178
0.958955
 1.12688
 1.18517
 1.24016
 1.18484
 1.18446
 1.41217
  1.0755
 1.27536
 1.16713
 1.35468
0.999923
 1.07554
 1.27114
 1.19752
 1.18935
 1.15673
0.864566
0.983954
0.962516
 1.11615
 1.18614
 1.09955
 1.02581
  1.0643
 1.06687
 1.05058
 1.72011
  1.4018
0.943835
 1.07833
 1.25289
0.886212
0.983356
 1.65621
 1.29741
 1.25903
 1.08812
 1.24922
 1.15775
 1.14618
 1.27018
 1.10077
0.983976
 1.19539
 1.05118
 1.12622
 1.13613
0.923872
0.945477
 1.00259
 1.20304
 1.12064
0.991705
 1.44195
 1.04615
 1.49355
 1.09457
 1.30524
 1.26787
 1.18654
 1.09042
 1.31528
  1.1491
 1.15822
 1.20526
 1.11955
0.885849
 1.05322
 0.75079
 1.00198
 1.02549
 1.31769
 1.23072
 1.28903
 1.19157
  1.4083
 1.35615
 1.13475
0.936511
 1.06998
 1.21701
 1.09752
 1.15243
 1.14494
 1.30949
 1.02534
 1.27355
 1.14237
 1.14356
0.987893
 1.45008
 1.13897
 1.31518
 1.08032
 1.03543
 0.96225
  1.3717
 1.51134
 1.10035
 1.36961
 1.10098
 1.11217
 1.03443
 1.14014
 1.12347
 1.09442
 1.38371
  1.6182
 1.08094
0.986763
  1.2671
 1.06904
 1.19257
 1.65415
  1.5347
 1.34009
 1.31922
 1.36328
 1.58124
 1.44249
 1.15675
 1.01762
 1.14774
 1.18868
 1.05141
 1.10218
0.923364
 1.10765
0.982122
0.930814
0.951609
0.864421
 1.06496
 1.20942
  1.0719
 1.07078
 1.01681
  1.1038
 1.06979
  1.0177
 1.08074
 1.07043
0.989833
  1.0185
 1.08659
 1.04966
0.975784
 1.05635
0.977925
 1.08991
0.931132
0.905106
0.877669
 1.02247
0.975487
 1.18184
 1.08517
 1.06142
 1.09561
 1.19133
 1.12153
 1.10728
  1.1239
0.985085
 1.03825
 1.13902
 1.23239
 1.10252
 1.11595
 1.02169
0.939221
  1.0228
 1.08666
  1.1013
 1.09743
 1.09838
 1.17553
0.988468
0.964541
0.964958
 1.13834
 1.09094
0.941237
 1.06799
 1.08287
0.997551
 1.14875
 1.23352
  1.0767
 1.07518
 1.17247
 1.02211
 1.08064
 1.02088
 0.90593
 1.25154
0.920192
 1.29543
0.957176
0.965643
 1.08331
 1.03564
