0.912199
0.986221
0.964515
 1.14661
 1.05466
 1.06328
 0.90949
0.935219
 1.02534
 1.06447
 1.01998
0.951988
 1.14486
 1.03626
 1.23191
 1.35768
 1.17023
 1.14539
 1.27965
 1.26173
  1.4143
 1.10923
 1.52342
 1.03299
 1.02627
 1.22777
 1.02689
0.992447
 1.36093
 1.25439
 1.17688
 1.14227
 1.35291
  1.1533
 1.21217
 1.17139
 1.07693
 1.05663
 1.19558
 1.05754
 1.16485
 1.09897
  1.1478
 1.36142
 1.26506
 1.16733
 1.08187
  1.1482
 1.07223
  1.2116
 0.84993
  1.3668
 0.96131
 1.07301
 1.14334
 1.07508
 1.23803
0.977262
 1.05975
 1.09716
 1.36732
 1.04906
 1.15616
 0.99809
 1.01145
  1.1911
 1.20452
 1.07136
 1.16252
 1.03242
 1.04292
 1.04521
 1.07072
0.985546
  1.0248
 1.06178
 1.10449
 1.08079
 1.21839
 1.00257
0.949797
 1.06429
 1.01651
 1.02696
 1.16844
 1.01692
 0.89837
  1.0269
 1.06112
 1.04371
 1.04687
 1.00314
0.998335
 1.17877
 1.06405
 1.11603
 1.06451
0.889922
0.989881
 1.06119
 1.16256
 1.14726
 1.05684
 1.03799
0.991258
 1.12482
   1.042
 1.13604
 1.08063
 1.12779
 1.01461
 0.97811
 1.00021
 1.02322
 1.00583
 1.00984
0.960905
 1.10436
  1.1243
 0.96612
 0.90723
 1.17467
 1.05594
 1.05679
 1.09273
 1.02142
 1.16522
  1.1858
 1.19195
 1.20215
 1.19801
  1.4028
0.957753
0.934391
 1.08939
 1.00575
 1.08913
 1.20889
 1.13722
  1.1838
0.937321
 1.09682
 1.09066
  1.0666
 1.07757
 1.07676
 1.07739
 1.03191
 1.05587
 1.10792
0.954365
0.970256
 1.07874
 1.05869
    1.12
0.956909
0.897722
 1.08958
 1.12148
 1.21196
 1.03134
 1.20189
0.974966
 1.05697
 1.02091
0.957459
0.882719
 1.02929
 1.07633
 1.05217
 1.07064
 0.95562
0.940855
0.932778
0.979729
   1.119
 1.06529
 1.03549
0.951197
 1.02468
 1.14689
 1.04534
0.892627
 1.05972
 1.05778
 1.11189
 1.22322
 1.08087
  1.0293
 1.01573
  1.1003
 1.13788
 1.22013
0.912806
  1.0332
0.994659
  1.1608
 1.02464
  1.0397
 1.26599
0.848742
0.991792
 1.16848
 1.12049
 1.09247
 1.22524
 1.10243
 1.22838
 1.10736
 1.09943
0.915253
 1.00363
 1.05192
0.936107
 1.08634
 1.07767
 1.04269
 1.14028
 1.37205
 1.21011
0.930449
0.951507
 1.20554
 1.18783
 1.04759
 1.09988
  1.0412
 0.91646
 1.08647
 1.17003
 1.04562
 1.12922
 1.10695
 1.06672
 1.01612
 1.07224
 1.25019
  1.2461
 1.02726
 1.05952
 0.80756
 1.09053
 1.27493
 1.09213
 1.09404
 1.22325
 1.07264
 1.15029
 1.39763
 1.22872
0.982497
 1.40776
 1.43644
 1.15265
 1.07427
 1.27778
 1.22883
 1.57345
 1.09796
 1.21426
 1.27554
 1.05252
 1.39859
 1.39943
  1.2781
 1.42618
 1.00409
 1.08319
 0.99397
 1.08126
 1.16747
 1.04292
 1.07184
 1.05449
  1.1335
0.994592
 1.08246
 1.05994
 1.13827
0.951179
 1.07152
  1.0696
 1.01842
0.896486
 1.04547
 1.14722
0.993304
 1.02425
 1.53101
 1.27984
 1.14898
 1.52424
 1.25473
 1.54043
 1.45281
 1.45441
 1.21048
 1.08857
 1.30727
 1.31022
 1.64022
 1.27452
 1.13601
 1.14146
 1.36913
 1.97078
 1.53613
 1.13096
 1.29284
 1.26009
 1.34225
 1.21781
 1.31114
 1.52833
 1.25431
 1.50995
 1.32158
 1.12448
 1.32108
0.941021
 1.12928
0.907769
 1.12968
0.930854
 1.21297
 1.15209
0.944916
 1.01718
 1.11813
 1.06945
  1.1535
 1.05144
 1.08105
 1.08717
 1.02091
 1.03252
 1.09821
 1.09965
 1.18826
0.881215
   1.117
 1.03669
 1.12936
0.927462
0.919711
 1.03203
 1.00512
0.899378
 1.16168
 1.21342
 1.04057
 1.18042
 1.05452
0.976813
  1.0447
 1.04475
 1.11246
 1.02269
  1.0643
 1.09699
 1.09184
 1.05936
0.986106
0.936313
 1.17086
 1.15683
0.902144
 1.15077
 1.13032
0.976801
 1.12736
 1.12463
 1.09654
 1.04385
 1.01503
 1.03905
 1.16464
 1.15823
 1.14777
0.928226
 1.10575
 1.20623
 1.03167
 1.20474
0.897654
0.988107
 1.05467
 1.05624
 1.21044
0.888162
 1.18593
0.986374
 1.01858
 1.10019
 1.08058
0.953987
 1.00123
0.995415
 1.08684
 0.93971
0.851868
 1.02296
0.994091
0.991114
0.841344
 1.03327
 1.00022
 1.10441
  1.1708
  1.0674
0.986463
  1.1076
 1.20805
 1.17847
0.915904
  1.1696
 1.19248
  1.0923
 1.04117
 1.00586
0.842568
 1.04318
  1.2588
 1.11329
0.876724
 1.12153
0.979896
 1.07772
 1.02065
 1.12662
 1.04416
 1.04198
0.936826
  1.3462
 1.10737
 1.07189
0.961582
 1.23725
 1.31213
 1.32385
 1.02932
 1.31855
 1.04067
 1.38388
 1.14115
0.924509
 1.08098
  1.2872
 1.16079
  1.0522
 1.34687
  1.0586
  1.0971
 1.16434
 1.19661
 1.27385
 1.18658
 1.14479
 1.14336
 1.36699
 1.09895
  1.2772
 1.24293
 1.18023
 1.05888
 1.15064
 1.01118
 1.23118
0.964015
0.958739
0.982607
 1.03828
   1.036
 1.04213
 1.03373
 1.16753
 1.01009
 1.13437
0.929544
   1.019
0.983285
 0.95114
0.986209
 1.08852
 1.19865
 1.17827
 1.11364
 1.08589
 1.07099
 1.12629
0.957019
 1.05728
 1.11764
0.791764
0.947679
   1.172
  1.1115
0.933493
  1.1675
 1.11014
0.988301
 1.12433
 1.10942
 1.17203
 1.14345
 1.07522
 1.14829
 1.05837
0.971011
0.995639
 1.17018
 1.13203
 1.20583
 1.08317
 1.01013
 1.10228
 1.02026
0.969946
0.904299
 1.24409
0.989253
  1.2156
 1.05059
0.985084
 1.05721
0.983182
 1.20953
0.890607
 1.09109
0.977194
 1.03345
 1.12669
 1.00913
 1.25389
 1.05336
 1.06828
 1.05638
 1.08287
 1.06828
 1.13036
 1.04131
 1.00775
 1.07185
 1.12657
 1.07116
  1.0524
 1.12489
 1.00691
0.981702
 1.02626
 1.05068
 1.26665
 1.25572
 1.46554
 1.15829
 1.49041
 1.13118
 1.26718
 1.35722
 1.28216
 1.28351
 1.07744
 1.04381
 1.22312
 1.16916
 1.17484
 1.12193
 1.04417
 1.15246
 1.23975
 1.19266
 1.05522
 1.25976
 1.10084
 1.22197
0.982049
 1.38448
 1.11973
 1.08895
 1.21683
 1.16464
 1.19245
 1.09994
 1.18328
 1.52004
0.986367
 1.30555
 1.13252
 1.22433
 1.06201
 1.20133
 1.14544
 1.37326
 1.41035
 1.10891
 1.12465
0.936561
  1.2217
 1.07548
 1.00126
 1.14348
 1.22028
0.901593
 1.15392
  1.1711
 1.05496
0.906624
 1.15497
 1.21573
 1.12974
 1.17193
 1.50719
 1.21733
 1.03486
 1.23526
 1.15653
 1.05425
 1.31751
 1.08575
 1.32228
 1.40727
 1.19059
 1.16693
  1.1777
 1.19933
 1.07837
 1.15258
 1.15114
0.959018
 1.07473
 1.30326
 1.20569
 1.10029
 1.19089
 1.16827
 1.23555
 1.45418
 1.24497
 1.06815
 1.03723
 1.23994
 1.04726
 1.22567
 1.19522
 1.29549
 1.17021
 1.15598
 1.13052
 0.99853
 1.06934
 1.01982
 1.01786
 1.25975
 1.01305
0.981236
0.928465
 1.02897
0.910373
 1.18996
 1.07253
 1.11742
0.878264
 1.10865
 1.13624
 1.00855
 1.17241
0.966939
 1.04843
 1.02662
 1.08554
0.928307
  1.0917
0.935522
 1.15347
 1.03966
 1.00952
 1.05881
 1.05503
 0.98373
 1.04479
0.953887
 1.10272
 1.21062
 1.02846
 1.20198
 1.09403
 1.18491
 1.25537
0.966002
 1.05393
0.953959
 1.02266
 0.92674
 1.26383
 1.12534
0.965898
 1.07406
 1.03207
0.987633
 1.04115
0.995808
 1.08246
 1.08734
 1.01194
 1.01252
 1.04838
 1.13651
 1.00923
 1.04213
0.963311
 1.40105
 1.15232
 1.13615
 1.04622
 1.19294
 1.09518
0.963427
 1.04404
 1.07994
 1.24922
0.886767
 1.00963
 1.00816
 1.05699
 1.07657
 1.07672
0.976148
0.986036
  1.0379
 1.11245
 1.05003
 1.15534
 1.09172
0.941313
0.970455
0.958301
 1.02352
0.976298
  1.0739
 1.00458
 1.08499
 1.14058
  1.0809
 1.09809
0.880468
 0.89277
 1.04549
 1.01396
 1.00263
  1.1021
  1.0745
 1.09358
 0.91154
0.898447
  1.0339
 1.07578
0.982687
0.913682
 1.06201
   1.013
 1.08858
0.873573
 1.16435
 1.13253
 1.02625
 1.09092
 1.04019
 1.16635
 1.03489
0.931748
 1.18663
 1.18917
 1.31782
 1.05425
 1.08639
 1.12263
  1.0486
 1.33692
0.942474
 1.08615
0.950872
 1.01505
0.962765
 1.10328
0.978721
 1.11861
 1.01885
0.926724
 1.08873
0.962008
 1.00888
 1.02252
 1.15718
 1.12549
 1.09546
 1.21733
  1.0336
0.958525
 1.12446
  1.1917
 1.23311
 1.18585
 1.18914
 1.40948
 1.07483
 1.27512
 1.16511
  1.3641
0.999573
 1.07643
 1.28109
 1.19805
 1.20207
 1.15914
 0.86529
 0.98987
0.963804
 1.12418
 1.18609
 1.10593
 1.01633
 1.06393
 1.07284
 1.05154
 1.64497
 1.36519
0.944902
 1.07961
 1.27977
0.892226
0.987776
 1.56514
 1.29713
 1.25889
 1.08362
 1.24747
 1.16186
 1.15167
 1.28429
 1.10506
0.981919
  1.1975
 1.03017
 1.12445
 1.13851
0.924137
 0.94564
0.980342
 1.21199
  1.1186
0.991531
 1.36981
  1.0574
 1.49217
 1.09518
 1.30583
 1.24938
 1.18639
 1.08828
 1.31518
 1.14946
 1.15899
 1.20347
 1.11929
0.885507
   1.054
0.751229
0.988209
 1.02591
 1.29291
 1.23113
 1.29171
 1.16108
 1.40903
 1.35542
 1.13422
0.931131
 1.06508
 1.21786
 1.07958
 1.15038
 1.14456
 1.30406
 1.02555
 1.27886
  1.1112
 1.14376
0.988595
 1.45967
 1.14228
 1.31487
 1.08052
 1.03559
0.940387
  1.3729
  1.5122
  1.1006
  1.3701
 1.09261
  1.1132
 1.01418
 1.14434
   1.102
 1.09364
 1.38277
 1.61759
 1.08057
0.987883
 1.26766
 1.07037
 1.17595
 1.61816
 1.53663
 1.34013
 1.30651
 1.36235
 1.58312
 1.44161
 1.15427
 1.01748
 1.14769
 1.18841
  1.0512
   1.102
0.923408
 1.10975
0.978332
0.946162
0.951127
0.864135
 1.06466
 1.20631
 1.07165
 1.07062
 1.02036
 1.09374
  1.0705
 1.01734
 1.08065
 1.06995
0.989927
 1.01816
 1.08647
 1.04998
0.961518
 1.05653
 0.97767
 1.08442
0.922168
0.905071
0.877486
 1.02221
0.974246
 1.17949
 1.08045
 1.06111
 1.09557
 1.19142
 1.12153
 1.10729
 1.12235
0.962538
 1.03724
 1.13492
 1.23027
 1.10253
 1.11566
 1.02102
0.938917
 1.02281
 1.08501
 1.10967
 1.09746
 1.09783
 1.15432
0.988104
0.963851
0.964597
  1.1144
 1.09397
0.939399
 1.06771
 1.08396
0.997579
 1.15109
 1.23319
 1.08067
 1.07536
 1.17316
 1.02203
 1.06537
 1.02055
0.908735
 1.24379
0.920104
  1.2748
0.957105
0.965552
  1.0594
 1.03558
