0.914269
0.986455
0.964455
 1.14987
  1.0455
 1.06363
0.920308
0.935246
 1.02864
 1.06423
 1.02029
0.943102
 1.16145
 1.03311
 1.22869
 1.35517
 1.16922
 1.14644
 1.28021
 1.26531
 1.41317
 1.11047
 1.52891
 1.03283
 1.02487
 1.26744
 1.05405
0.993887
 1.36087
 1.24936
 1.17772
 1.13979
 1.35051
 1.15315
  1.2121
 1.17494
 1.07514
 1.05087
 1.19377
 1.07576
 1.16415
 1.08747
 1.14547
 1.38984
  1.3407
 1.16799
 1.10287
 1.14579
 1.09035
 1.21129
 0.84988
 1.36527
0.961282
 1.07316
 1.14337
 1.07318
 1.23827
0.978677
 1.07401
 1.09664
 1.42753
 1.04938
 1.15641
0.997432
 1.04393
 1.19174
 1.20444
 1.07158
 1.17072
 1.03231
 1.06627
 1.04565
 1.07112
0.985313
 1.02532
 1.06182
 1.10452
  1.0856
 1.21939
 1.00389
0.949916
 1.06383
 1.01644
 1.02676
  1.1682
 1.01729
0.897277
 1.02698
 1.06054
 1.04399
 1.05748
 1.00312
0.998503
  1.1788
 1.06402
 1.11887
 1.06907
0.892446
0.977131
 1.06135
 1.16317
   1.147
 1.05677
 1.03824
0.984034
 1.12468
 1.04208
 1.13878
 1.08181
 1.12851
 1.01652
0.978283
 1.00076
 1.02415
 1.00606
 1.01352
0.962017
 1.10471
 1.12857
0.966247
0.907152
 1.16769
 1.05606
 1.05681
 1.09288
 1.02108
 1.16855
 1.17978
 1.19397
 1.19467
 1.19793
 1.45325
0.957967
0.934282
 1.08926
 1.00608
 1.08844
 1.20969
 1.16156
 1.21971
 0.93732
 1.10109
 1.09181
 1.06687
 1.07791
 1.07684
 1.07834
 1.03265
 1.05589
 1.10973
0.955671
0.971793
 1.08516
  1.0761
 1.12388
0.957191
0.897966
 1.08954
 1.12154
 1.20914
 1.03155
  1.2041
  0.9771
 1.07566
 1.02123
0.957752
0.882876
 1.02937
 1.07706
 1.05212
 1.07069
0.956328
0.942121
0.932976
 1.00805
  1.1191
  1.0631
 1.03579
0.951716
 1.02477
 1.14684
 1.04574
0.892952
 1.06129
 1.06175
 1.10837
 1.22357
 1.08043
  1.0254
 1.04205
 1.10183
 1.14103
 1.21991
0.912949
 1.03079
0.998259
 1.16112
 1.03812
 1.03985
 1.26596
0.848869
 0.99187
 1.16872
 1.12071
 1.09269
 1.22567
  1.1019
 1.25611
  1.1074
 1.10961
0.915266
 1.00383
 1.05214
 0.93589
 1.08645
 1.08071
 1.03649
 1.14086
  1.4194
 1.21262
0.931872
 0.95166
 1.22791
 1.18885
 1.04741
 1.10046
 1.03501
0.916688
  1.0868
 1.17003
 1.04573
 1.12943
 1.12298
  1.0797
 1.01616
  1.0722
 1.24988
 1.24885
 1.02789
  1.0594
0.807631
 1.10183
 1.26446
 1.09677
 1.09539
 1.21766
 1.07128
 1.14283
 1.39621
 1.22838
0.978294
 1.40656
 1.42852
 1.14716
 1.07168
 1.26059
 1.23083
 1.57104
 1.09806
 1.21373
  1.2736
 1.04956
 1.37671
 1.39448
 1.26979
 1.45153
 1.00316
 1.08536
0.994652
 1.08112
 1.16774
 1.04304
 1.07228
 1.05575
 1.13328
0.994752
 1.08131
 1.06077
 1.13847
0.951253
 1.07134
 1.05881
 1.01882
0.897173
 1.04686
 1.14742
0.995445
 1.02419
 1.54353
 1.31389
 1.16476
  1.5336
 1.25942
  1.6203
 1.43592
 1.45285
 1.21366
 1.08757
  1.3094
 1.31534
 1.65513
 1.28132
 1.14326
 1.14141
  1.4198
 1.98413
 1.53612
  1.1311
 1.29602
 1.26914
 1.35185
 1.21597
  1.3221
 1.53339
 1.25244
  1.5153
 1.31753
 1.12682
  1.3227
0.940707
 1.12942
0.907747
 1.14204
0.930777
 1.21409
 1.18791
0.962102
 1.01489
 1.11805
 1.06734
 1.23243
 1.05132
 1.08133
 1.09026
 1.02195
 1.03264
  1.0981
 1.09985
 1.20356
0.881315
 1.11688
 1.03667
 1.12987
0.939175
0.927419
 1.03189
 1.00517
 0.89957
  1.1624
 1.21593
 1.04069
 1.17375
  1.0491
 0.97804
 1.04473
 1.04448
  1.1127
 1.02343
 1.08038
 1.09721
 1.09217
 1.05854
0.983414
0.960567
 1.16258
 1.15695
0.893225
 1.15029
 1.12839
0.975813
 1.12793
 1.11525
 1.09778
 1.04451
 1.01513
 1.03824
 1.16361
   1.158
 1.15003
0.927189
 1.10593
 1.20743
 1.03118
 1.20504
0.897764
0.996878
 1.05545
 1.05828
 1.21704
0.888444
 1.18566
0.986474
 1.01853
 1.10014
 1.08889
0.954066
 1.00178
 0.99572
 1.08701
0.939798
 0.85221
 1.02313
0.994237
0.996927
0.840662
 1.04541
 1.00119
 1.10469
 1.16186
 1.06744
 1.00186
 1.10753
 1.21067
 1.17852
0.912919
 1.17108
 1.19252
 1.09245
 1.04131
 1.00604
0.842677
 1.04321
 1.25872
 1.12054
0.876788
  1.1237
0.980177
 1.09013
 1.02049
  1.1269
 1.05556
 1.06121
0.934132
 1.34586
 1.10498
 1.06903
0.960551
  1.2376
 1.33632
 1.32396
 1.02478
 1.32017
  1.0338
 1.43843
  1.1455
0.925508
 1.07938
 1.27851
  1.1545
 1.04679
 1.34531
 1.05461
 1.09762
 1.16204
 1.19643
 1.27425
 1.19992
 1.14129
 1.13684
 1.36465
 1.09709
  1.2676
 1.23234
 1.17428
 1.07259
 1.15165
 1.00589
 1.23698
0.959751
0.962391
0.980078
 1.04008
 1.03595
 1.03935
 1.03242
 1.18381
 1.01017
 1.13443
0.930022
 1.01904
 0.98344
0.952395
  1.0048
 1.08839
 1.19863
  1.1701
 1.14238
 1.08595
 1.07128
   1.125
 0.95795
 1.05749
 1.11811
0.817843
0.948512
 1.17206
  1.1104
0.933683
 1.16756
 1.10977
 1.00519
 1.12548
  1.1096
 1.17224
 1.19757
  1.0753
 1.14798
 1.05761
0.970971
0.995642
 1.17023
 1.13275
 1.20587
 1.08326
 1.00928
 1.10245
 1.01998
0.969038
0.904634
 1.24575
0.991042
 1.21473
 1.05121
0.984825
 1.05715
0.982922
 1.20995
0.889807
 1.09088
0.977899
 1.03318
  1.1273
 1.00871
 1.25447
 1.05324
 1.06853
 1.05652
 1.08233
  1.0677
 1.13042
  1.0412
 1.00686
 1.07147
 1.12597
 1.07047
 1.05191
 1.12426
 1.00706
0.980903
  1.0314
 1.04573
 1.27033
 1.23502
 1.46971
 1.16101
 1.49073
 1.13099
 1.26735
 1.35657
 1.32246
 1.30307
 1.07777
 1.04421
 1.22496
 1.16982
 1.20086
 1.21335
 1.04284
 1.15362
 1.22958
 1.19461
 1.05839
  1.2602
 1.10018
 1.20759
0.985004
 1.39881
 1.11201
 1.09061
 1.21521
  1.1673
 1.19011
 1.10385
 1.18416
 1.52217
0.989274
 1.30308
 1.13722
 1.22421
 1.06227
 1.20408
 1.14766
 1.37935
 1.41338
 1.11324
 1.12537
0.955578
 1.22152
 1.07556
 1.00257
  1.1395
  1.2208
0.901978
 1.15434
 1.17991
 1.05536
0.906782
 1.18705
 1.21454
 1.17941
 1.18852
 1.52157
 1.25083
 1.04465
 1.24828
 1.15681
 1.05313
 1.32006
  1.0923
 1.32149
 1.40793
 1.18833
 1.16828
 1.17549
 1.19268
 1.08896
 1.16059
 1.16222
0.961633
  1.0926
 1.30681
 1.21258
 1.10522
 1.18835
 1.16611
 1.25036
 1.45971
 1.23851
 1.06844
 1.04327
 1.24123
 1.04596
 1.23312
 1.21069
 1.30589
 1.16868
 1.15467
 1.14663
0.998571
 1.07058
 1.02012
 1.01802
 1.25961
 1.01322
0.981192
0.922353
 1.03248
0.912641
 1.19131
  1.0727
 1.11747
0.878373
 1.10864
 1.13668
 1.00856
 1.17371
0.972389
 1.05285
 1.02634
 1.10167
0.929455
 1.09176
0.935681
 1.18536
 1.03966
 1.00965
 1.06074
 1.05514
0.983804
 1.05588
0.954256
 1.11648
 1.24231
 1.02837
 1.19933
 1.12879
  1.1941
 1.25572
0.965563
 1.05416
0.954304
 1.02305
0.926861
 1.26454
 1.14022
0.966495
 1.06488
 1.03213
0.987838
 1.04136
 0.99619
 1.08259
 1.08742
 1.02418
  1.0128
  1.0431
 1.14356
 1.00984
 1.04527
0.961345
 1.43709
 1.14898
 1.13627
 1.04653
 1.19296
 1.09527
0.963635
 1.04422
  1.0799
 1.28429
0.886672
 1.00953
 0.99621
 1.05733
 1.07746
  1.0767
0.976403
 0.98572
 1.03803
 1.13472
 1.04622
 1.15535
 1.09835
0.941418
0.971946
0.969227
 1.02497
0.976379
 1.07506
 1.00482
 1.08504
 1.17856
 1.08097
 1.09821
0.871752
0.895629
  1.0453
 1.04271
 1.00672
 1.10223
 1.07372
 1.09371
0.911577
0.898244
 1.03423
 1.07589
0.982956
0.913608
 1.06425
 1.01315
 1.08874
0.874033
 1.16459
 1.13572
 1.02626
 1.09142
 1.03316
 1.16642
 1.03539
0.931613
 1.19344
 1.18943
 1.31785
 1.05432
 1.08563
 1.11743
 1.04884
 1.39015
0.965708
 1.08777
0.948551
 1.01147
0.962914
 1.10506
0.978657
 1.11675
  1.0188
0.911576
 1.08896
0.960215
 1.00912
  1.0229
 1.15639
 1.12905
 1.09665
 1.27055
 1.03179
0.958304
 1.12697
 1.18539
 1.23963
 1.18501
 1.18444
 1.41231
 1.07538
 1.27549
 1.16725
 1.35446
0.999669
 1.07559
 1.27086
 1.19755
 1.18913
 1.15662
0.864628
0.983761
0.962391
 1.11602
 1.18622
 1.09931
 1.02433
 1.06438
 1.06661
 1.05079
 1.72168
 1.40665
0.943827
 1.07833
 1.25161
0.886026
0.983336
 1.66247
  1.2974
 1.25902
 1.08838
 1.24918
 1.15772
  1.1454
 1.26959
 1.10069
0.983992
 1.19539
 1.05065
 1.12624
 1.13605
0.923897
0.945471
 1.00617
 1.20232
   1.121
0.991749
 1.44667
 1.04553
 1.49365
 1.09452
 1.30528
 1.26689
 1.18647
 1.09043
 1.31511
 1.14921
 1.15802
 1.20538
 1.11959
0.885878
 1.05326
0.750798
 1.00337
 1.02557
  1.3216
 1.23079
 1.28895
 1.19271
 1.40838
  1.3561
 1.13466
0.936093
 1.07042
   1.217
 1.09841
 1.15256
 1.14485
 1.30926
 1.02538
 1.27302
 1.14005
 1.14352
0.987834
 1.44967
 1.13926
 1.31512
 1.08033
 1.03541
0.960368
 1.36818
 1.50897
 1.09976
 1.36637
 1.10172
 1.10838
 1.03244
 1.13904
  1.1207
 1.09693
  1.3759
 1.61827
 1.08172
0.987327
 1.26534
 1.06765
 1.19508
 1.65066
 1.52681
 1.33901
 1.31854
 1.36142
 1.57668
 1.44428
 1.15637
 1.01761
 1.14777
 1.18871
 1.05143
 1.10215
0.923361
 1.10698
0.982538
 0.92959
0.951528
0.864471
 1.06499
 1.20959
 1.07198
 1.07077
 1.01653
 1.10407
 1.06974
 1.01774
 1.08075
 1.07047
0.989867
 1.01851
 1.08653
 1.04966
0.977362
 1.05621
0.977985
 1.11336
0.931876
0.905122
0.877753
 1.02248
  0.9757
 1.18322
 1.08557
 1.06142
 1.09565
 1.19133
  1.1216
 1.10732
 1.12412
0.984221
 1.03832
 1.13915
 1.23238
 1.10255
 1.11591
  1.0216
0.939285
 1.02284
 1.08692
 1.10114
 1.09744
 1.09842
  1.1742
0.988518
0.964575
0.964965
 1.13603
 1.09076
0.939777
 1.06805
 1.08288
 0.99755
 1.14877
  1.2336
 1.07628
 1.07517
 1.17308
  1.0221
  1.0815
 1.02092
0.905912
 1.25021
0.920244
 1.29519
0.957173
0.965766
 1.08527
 1.03553
