 1.59473
 1.24295
 1.26972
 1.70783
 1.82529
 1.51735
 1.52613
 2.21533
 2.43587
 1.45183
 2.13351
 1.24724
 1.29638
 1.05643
 1.14573
 1.04538
 1.26354
 1.18279
 1.23532
 1.13275
 0.95192
 1.18725
 1.15363
  1.0478
 1.13214
 1.23789
0.998626
 1.15424
 1.26451
 1.05311
 1.08198
 1.11847
0.965979
0.980935
 1.15186
 1.18494
  1.0568
0.970129
 1.12084
 1.11268
 1.17849
0.923453
 1.31929
 1.02913
 1.13184
 1.07742
 1.05225
 1.16646
 1.11955
 1.12063
 1.07941
0.878711
 1.09536
 1.10302
 1.12623
 1.11445
  1.1611
 1.04704
 1.09398
 1.32515
 1.07997
 1.02225
 1.26047
 1.22406
 1.08307
 1.07349
 1.03381
 1.28213
 1.12475
 1.12721
 1.02103
  1.0582
 1.03525
 1.03318
 1.23564
 1.04993
 1.11893
  1.2171
0.966222
 1.03066
 1.06272
0.989962
 1.34127
 1.05062
 1.08606
0.964551
 1.10149
  1.1402
 1.01036
 1.04716
 1.02583
 1.00185
 1.09782
 1.10235
 1.01709
 1.14751
 1.02098
 1.21129
0.916089
0.966727
 1.31731
 1.01519
   1.017
 1.14644
0.928552
 1.09677
0.996159
 1.26154
 1.01582
 1.25361
 1.19001
 1.08997
 1.36772
 1.27281
 1.19742
0.855315
  1.3479
 1.13681
 1.13705
 1.12992
0.925822
 1.02414
 1.06542
 1.13718
 1.20267
 1.07578
0.999905
0.973029
 1.21425
0.962824
 1.01805
 0.97033
 1.44881
 1.13049
0.940263
 1.13306
 1.04261
  1.0267
 1.18804
 1.10456
 1.17597
 1.14912
 1.03413
 1.19251
0.907635
 1.12857
0.952315
0.998935
 1.12462
 1.34452
  1.0184
 1.04234
 1.18401
 1.10946
 1.02786
0.964976
0.956533
0.960726
 1.11074
 1.18497
  1.0496
 1.10544
 1.00316
 1.21824
 1.17444
 1.01991
  1.0543
 1.12171
 1.18211
 1.01135
 1.14136
  1.2095
 1.06745
  1.2449
0.916127
  1.0563
 1.09427
 1.16337
 1.10337
 1.02138
 1.06437
 1.08186
 1.14872
 1.27293
 1.29044
 1.02894
 1.65374
 1.34235
 1.49518
 1.66437
 1.26055
 1.47726
 1.87288
  2.6427
  2.4459
 1.92117
 2.87601
 2.27183
 2.03166
 1.70431
 1.86078
 1.41802
 1.44109
 1.59688
 1.62748
 1.07884
 1.55846
 1.40785
  1.2175
 1.27789
 1.00428
 1.17345
 1.18158
 1.44908
 1.37811
 1.30621
 1.35339
 1.18685
 1.56061
 1.32433
 1.17575
 1.23302
 1.30793
 1.22246
 1.26093
  1.4641
 1.30937
  1.1163
 1.28418
 1.22984
  1.1494
0.982707
  1.1827
 1.28915
 1.22818
 1.14608
 1.37117
 1.08901
 1.06242
 1.07743
 1.39212
 1.03359
0.951663
 1.12017
 1.01472
  1.2975
  1.0035
 1.07644
 1.01014
 1.05062
 1.13509
 1.09928
 1.08503
 1.18127
  1.0889
  1.0256
 1.05572
 1.15567
 1.12927
 1.26085
 1.14541
 1.02459
 1.01536
 1.15965
 1.30208
 1.22444
 1.02805
 1.00022
 1.08659
 1.02692
 1.06412
 1.07666
 1.19157
 0.97834
 1.09801
 1.11038
 1.01139
 1.23242
 1.23719
 1.28498
 1.22829
 1.07557
 1.06018
 1.13852
 1.11782
 1.08235
 1.18096
 1.11199
 1.15665
0.956567
 1.06877
 1.19056
 1.40896
 1.14205
 1.20748
0.957301
 1.14111
 1.03353
 1.04798
 1.17679
  1.1419
 1.05083
0.953676
 1.02402
 1.06248
 1.15187
0.942105
 1.14328
 1.14253
 1.28226
 1.00863
 1.16195
 1.11753
 1.00548
 1.07647
 1.04593
 1.08106
 1.11563
 1.22319
 1.12245
 1.14658
0.977421
 0.92542
0.920866
 1.22416
 1.19323
 1.15785
 1.15062
 1.16176
 1.01461
 1.04534
 1.04225
 1.16934
 1.07463
0.992435
 1.08016
 1.11514
 1.10333
 1.16007
 1.06438
 1.16304
 1.08681
 1.04049
 1.07671
 1.21807
 1.07158
 1.17157
 3.42794
 2.47434
 2.32207
 3.73919
 2.27387
  1.1981
 1.85804
  1.8103
 3.40735
 1.59688
 1.07822
 1.09166
 1.09461
 1.01447
 1.15584
 1.30343
 1.14144
 1.03479
 1.04722
0.882748
 1.06478
 1.11024
 1.09327
 1.04082
 1.29945
 1.22553
 0.92704
0.928865
  1.1012
 1.28096
 1.00648
 1.01271
 1.10956
 1.14318
 1.06696
 1.12105
 1.48296
0.975801
 2.09943
 1.35216
 1.94789
 1.80512
 1.40225
 1.41067
 1.56214
 1.34172
   1.568
 1.44767
 1.34041
 1.62263
 2.38008
 1.51151
 1.16701
 1.62466
 1.26973
  1.0042
 1.16289
 1.26562
 1.37107
 1.73466
 1.30693
 1.34863
 1.22548
 1.92512
 1.48847
 1.35902
 1.46546
 1.31736
 1.09658
 1.73058
 1.64213
 0.97619
  1.1159
 1.51706
 1.91428
 1.83896
 1.84191
 1.32931
 1.31123
 1.33818
 1.05402
 1.14937
 1.19745
 1.20929
  1.3799
 1.01925
  1.0351
  1.0928
 1.13286
  1.1093
 1.25468
 1.05715
 1.16602
  1.2951
 0.96079
  1.0207
 1.01355
 1.20614
 1.08938
0.961951
 1.07181
 1.13424
 1.09032
 1.23847
0.962647
0.932806
 1.18238
 1.13047
 1.16759
 1.18261
 1.17237
 1.02802
 1.19273
 1.08957
 1.03479
 1.22169
 1.11359
 1.19314
 1.15232
 1.20226
 1.13895
 1.09198
0.986894
   1.157
 1.07455
 1.04729
 1.14583
 1.04529
 1.05273
 1.04231
 1.22388
 1.28541
 1.28898
 1.11341
 1.30265
 1.11947
 1.15031
0.937618
0.966497
  1.3211
 1.34864
 1.05825
 1.11965
   1.066
0.957617
 1.14685
 1.20665
 1.15579
 1.22014
 1.22885
 1.01301
 1.18241
 0.97731
 1.12287
 1.13804
 1.10895
 1.06716
 1.27962
 1.10449
 1.24817
0.974698
 1.15773
  1.0425
 1.08331
 1.21874
  1.1898
 1.06665
 1.33598
0.996327
 1.30699
 1.09298
 1.11135
 1.06066
 1.14625
 1.13787
 1.12803
 1.06466
 1.19885
 1.01497
 1.26406
 1.01556
 1.13327
 1.40193
 1.05467
 1.07129
 1.28481
 1.21106
0.982521
 1.04342
 1.03636
 1.26331
 1.02589
  1.1032
0.939324
0.968898
 1.08028
 1.15065
 1.07071
 1.12344
 1.12016
 1.23773
 1.07452
 1.23107
 1.09245
 1.33898
 1.35998
  1.2555
 1.30695
 1.24599
 1.25843
 1.00488
 1.33352
 1.29395
 1.25122
 1.11104
 1.03848
 1.23953
 1.28395
 1.50771
 1.12892
 1.31982
 1.28472
 1.25807
 1.26071
 1.17076
 1.33188
 1.29832
 1.19516
   1.466
   1.159
  1.5252
 1.08841
 1.31662
 1.18471
 1.29333
 1.15272
 1.19609
 1.67651
 1.05225
 1.50645
 1.03541
 1.53769
  1.3615
 1.20664
 1.11311
  1.1964
 1.02496
 1.16133
 1.15369
   1.103
  1.1773
  1.0214
 1.06857
  1.1732
  1.0268
 1.13959
 0.97717
 1.28064
 1.15902
 1.06286
 1.02428
 1.19674
 1.39519
0.944208
 1.23425
 1.18817
 1.11809
 1.15709
0.995809
 1.17127
 1.01938
0.973799
 1.08808
 1.10175
 1.10754
 1.04727
 1.12499
 1.01963
 1.22778
 1.37791
 1.27709
 1.53115
 1.37685
 1.34266
 1.41643
 1.31917
 1.53115
 1.55356
 1.35021
  1.3454
 1.56335
 1.60763
 1.65018
 1.51559
  1.3997
 1.30463
 1.10203
 1.12365
 1.06928
 1.04797
 1.12239
 1.14447
 1.30453
 1.00606
 1.06827
 1.24252
  1.1533
 1.07817
 1.01061
  1.1947
 1.11048
0.987819
 1.10432
 1.44209
  1.4304
 1.65691
  1.9319
 1.79764
 1.52202
 1.29432
 1.22792
 1.28944
 1.74083
 1.29929
 1.65586
 1.67352
 1.70211
 1.24416
 1.61583
 1.63325
 1.47889
 1.56869
  1.5546
 1.83143
 1.06681
 1.36241
 1.17857
 1.66041
 1.42274
 2.20959
 2.00867
 1.27459
 1.23741
 1.77343
 1.48128
 1.36334
 1.29578
 1.54261
 1.39912
 1.13526
 2.01489
  1.2893
  1.9691
 3.11264
 1.90598
 2.56231
 2.54494
 3.05174
 3.13567
 2.26887
 2.00121
 2.03324
 1.57279
  1.7709
 1.98376
 2.70498
 1.70477
 1.95122
 2.64934
 2.62707
  1.1658
 1.10683
 1.18953
 1.05006
 1.19403
 1.07093
  1.4539
 1.15876
 1.08143
 1.03184
  1.0007
  1.1475
 1.25376
0.974257
 1.18347
 1.22218
 1.25146
 1.36352
 1.36855
 1.06953
 1.48293
 1.30519
 1.37273
 1.29925
 1.18166
 1.18815
 1.26584
  1.2578
 1.14873
0.995466
 1.27326
 1.42931
 1.12468
 1.33095
 1.29227
 1.08151
 1.25078
 1.45992
 1.47398
 1.48472
 1.55428
 1.11861
 1.28359
 1.25013
 1.26033
 1.21233
 1.22655
 1.04076
 1.15785
 0.98173
 1.10507
 1.24564
 1.19124
  1.0798
 1.06381
 1.18958
 1.26633
 1.22355
 1.17357
 1.06837
 1.16883
 1.18257
 1.10059
 1.14954
 1.02734
  1.0089
 1.06483
 1.08997
 1.12363
 1.03517
 1.22813
  1.3287
 1.18757
 1.31919
 1.25535
 1.26903
 1.45163
 1.18083
 1.18836
 1.40769
 1.66984
 1.39513
  1.1736
 1.15029
 1.27891
 1.49638
  1.1217
 1.27995
 1.74804
 1.32384
 1.04043
 1.19487
 1.11331
0.964336
 1.09421
 1.15599
 1.15968
0.979062
 1.11773
0.959025
 1.27846
 1.17454
 1.18791
 1.01245
 1.13387
 1.10916
 1.65064
 1.42978
 1.24968
 1.44323
 1.33433
  1.4117
 1.25553
 1.19415
 1.27841
 1.11845
 1.16582
  1.2513
 1.23254
 1.40953
 1.06195
  1.1788
 1.30026
 1.52418
 1.26431
 1.29058
  1.3799
 1.25627
   1.431
 1.25546
 1.20036
 1.00235
 1.19974
 1.24455
 1.27463
 1.18726
 1.12244
 1.27304
  1.1262
 1.33127
 1.30035
 1.28008
 1.54071
 1.58959
 1.15334
 1.16233
 1.13876
 1.08972
0.918011
 1.26372
0.975822
 1.21175
 1.15897
 1.23646
  1.0877
0.975809
 1.15081
 1.02522
0.999781
 1.15991
 1.14279
 1.07553
 1.04028
  1.1292
0.992645
 1.50648
  1.6385
 1.78818
 1.46678
 1.17804
 1.38215
 1.63624
 1.71051
 1.54677
 1.36458
 1.18203
 1.17265
 1.35854
 1.05983
 2.10638
 1.38569
 1.72407
 1.91507
  1.4661
 1.46533
 1.62698
 1.11986
 1.27935
 1.45377
 1.06028
 1.42522
 1.36712
 1.39019
 1.42855
 1.40067
 1.40481
 1.50653
 1.33474
 1.41378
  1.5093
 1.38832
  1.2053
  1.0744
 1.50077
 1.17532
 1.21596
 1.15992
  1.2257
 1.26202
 1.44939
 1.40096
 1.03045
 1.07006
 1.15264
 1.05279
 1.23255
 1.24801
  1.0521
 1.20219
 1.29095
   1.193
 1.07147
 1.20711
  1.1105
 1.33425
 1.01898
 1.36539
 1.33166
 1.13473
 1.03626
  1.2074
 1.13966
 1.10749
0.967793
  1.0485
 1.00581
 1.16086
 1.14872
 1.09554
 1.01106
  1.0062
 1.08741
 1.15906
 1.26192
 1.10703
0.963219
 1.16145
 1.25983
 1.24929
  1.1687
 1.08099
 1.26296
0.929041
   1.185
 1.23089
0.946134
 1.00541
 1.25751
 1.06053
 1.01204
0.972718
 1.02684
 1.14835
 1.00432
 1.03014
0.981881
 1.06518
 1.21551
  1.1189
 1.15356
 1.16124
 1.14146
0.971224
 1.15806
 1.18346
 1.16048
 1.01984
 1.17274
 1.15707
  1.0604
  0.9571
0.980776
 1.21337
