 1.28711
 1.14873
 1.07567
 1.43554
 1.49811
 1.38824
   1.342
 1.69569
 1.73416
 1.31973
 1.67721
 1.18431
 1.22097
 1.05426
 1.14553
  1.0496
 1.23584
 1.17734
 1.21231
 1.07492
0.964898
 1.16336
 1.18265
 1.08855
 1.11519
 1.36326
 1.07834
 1.15873
  1.1938
 1.05308
 1.10208
 1.11025
 1.01386
0.950565
 1.06887
 1.15035
 1.09968
0.960848
 1.17067
 1.12126
 1.23461
0.901038
  1.3192
 1.03558
 1.14001
 1.07196
 1.03783
 1.20495
 1.11908
  1.2155
 1.09362
 0.97882
 1.09841
 1.10118
  1.1074
 1.02597
 1.13473
 1.09469
  1.1105
 1.34414
  1.0928
0.986142
 1.17835
 1.24035
 1.11853
 1.09665
 1.09009
 1.21036
 1.15768
 1.12246
 1.01145
 1.12264
 1.11107
 1.03381
 1.09721
 1.11304
 1.14071
 1.15155
0.963704
 1.01732
 1.05679
 1.07817
 1.33562
 1.04655
  1.1462
 0.96887
 1.10666
 1.08243
 1.03805
 0.97093
 1.06932
 0.97677
 1.14716
 1.18039
0.996693
  1.1196
 1.02223
 1.22726
0.926081
 1.05297
 1.23314
0.989805
 1.08374
 1.14517
0.884738
 1.09685
 1.04249
 1.16603
 1.01803
 1.23668
  1.1839
 1.08409
 1.31669
 1.26281
 1.20582
0.908152
 1.31417
 1.14314
  1.1328
 1.10946
0.916932
   0.996
 1.04666
 1.13149
  1.2056
 1.10362
 1.00862
0.967796
 1.24278
0.957483
 1.09247
0.991051
 1.44539
 1.12927
0.943576
 1.13199
 1.04258
 1.03264
  1.2461
  1.1612
 1.08557
 1.11037
 1.01393
 1.21617
0.895316
  1.1278
 1.00991
 0.98176
 1.12841
 1.31116
 1.09812
 1.12218
  1.1876
  1.1621
0.999151
0.967769
 0.97642
0.984204
 1.05088
 1.22853
0.988147
 1.10596
 1.15222
 1.23556
 1.17391
 1.04921
 1.06696
 1.01248
  1.1544
 1.01344
   1.184
 1.17527
 1.15612
 1.32658
0.915657
 1.04717
 1.09071
 1.13015
 1.11595
 1.02116
 1.05246
 1.08338
 1.22243
 1.23197
 1.36089
 1.02679
 1.34541
 1.26721
 1.33742
 1.39185
 1.16292
 1.22568
 1.72492
 2.33369
 2.25287
 1.71235
  2.4108
 1.93944
 1.95684
 1.61266
 1.64068
 1.44777
 1.75093
 1.86613
 1.78752
 1.08913
    1.63
 1.54106
 1.30494
 1.39017
 1.10498
 1.26349
  1.1557
 1.57621
 1.42895
 1.36946
 1.48775
 1.29979
  1.6931
 1.38439
 1.29096
 1.27401
 1.36527
 1.22716
 1.39234
  1.6495
 1.53727
 1.19803
 1.38361
 1.30674
 1.19491
 1.02119
 1.24893
 1.37803
 1.22395
 1.12839
 1.41303
 1.08895
 1.05108
 1.07709
 1.27895
 1.01615
0.943629
 1.12706
 1.01754
 1.28526
0.994403
 1.03996
 1.01709
 1.09787
 1.13059
 1.09667
 1.07529
 1.09729
 1.09197
 1.06595
 1.16771
 1.08441
  1.0489
 1.21017
 1.15895
 1.04212
 1.01488
 1.19929
 1.23948
 1.22079
 1.00658
 1.00394
 1.04275
 1.00926
 1.05282
 1.07607
 1.22379
0.991951
0.998283
 1.15837
 1.01517
 1.23305
 1.23768
 1.21984
 1.24356
 1.08742
 1.07174
 1.18455
  1.1086
  1.0824
 1.17364
 1.09197
 1.19536
  0.9371
 1.13547
 1.18458
 1.30957
 1.15269
 1.21263
0.946902
 1.18342
0.972829
0.990256
 1.14564
 1.07503
 1.04623
   0.943
 1.02869
 1.06437
 1.14337
0.991652
 1.13994
 1.06093
 1.30481
0.999598
 1.23444
 1.12013
 1.08022
 1.09501
 1.07447
 1.16507
 1.10531
 1.16766
 1.13265
 1.16178
 1.03824
0.921146
0.920464
 1.21182
 1.14301
 1.15052
  1.1531
 1.19246
 1.00366
 1.04611
 1.11569
 1.14227
 1.08773
0.967788
  1.1023
 1.11083
 1.10098
 1.10342
 1.00452
 1.15915
 1.12873
  1.1003
  1.0823
 1.23717
  1.0635
 1.17812
 3.43994
 2.46384
 2.30821
 3.73412
 2.27304
 1.20269
 1.87832
 1.88934
 3.40464
 1.52689
 1.07864
 1.08681
 1.12781
0.981802
 1.26547
 1.38122
 1.21516
0.969208
 1.06226
0.907059
 1.07578
 1.12712
 1.15413
 1.05516
 1.28002
 1.19349
0.919997
0.931795
 1.10116
 1.36469
 1.01111
 1.01001
 1.11999
 1.10271
 1.08614
 1.11191
 1.39546
 1.00703
 1.72555
 1.19505
 1.50202
 1.49445
  1.2719
 1.27754
 1.35544
 1.27312
 1.38354
 1.25396
 1.18508
 1.34048
  1.8709
 1.23881
 1.17998
  1.5453
 1.29318
0.920588
 1.06982
 1.19498
 1.24274
 1.68192
 1.31531
 1.31245
 1.15584
  1.7824
 1.27227
 1.30446
 1.30133
 1.34146
 1.05986
 1.46183
 1.49554
 1.04861
 1.11642
 1.38353
 1.78336
 1.67471
 1.70077
  1.2268
 1.25128
 1.43041
 1.14468
 1.14936
 1.14219
  1.2013
 1.27773
0.953642
 1.09902
 1.14407
 1.12609
 1.18733
 1.27057
 1.06916
 1.16514
 1.28917
0.993447
 1.01626
 1.00134
 1.20625
 1.09885
 0.97988
 1.06806
 1.11636
 1.02982
 1.23865
 0.95974
0.929918
 1.15926
 1.13024
 1.17489
 1.18105
 1.24622
 1.26894
 1.19185
 1.08853
 1.01853
 1.31376
 1.10531
 1.11098
 1.03019
 1.21095
 1.13939
 1.09353
0.948608
 1.16285
 1.07405
 1.10608
 1.14551
 1.05578
 1.04908
 1.11838
 1.16189
 1.41415
 1.25732
 1.06021
 1.26585
 1.12089
 1.25259
0.965203
0.958858
 1.25336
 1.34466
 1.06709
 1.10763
0.996498
 1.02367
 1.14295
 1.17227
 1.14401
 1.21675
 1.23329
0.999376
 1.17876
0.954803
 1.11785
 1.15222
 1.14047
 1.17157
  1.2772
 1.10693
 1.23332
0.945278
 1.20615
 1.08671
 1.00168
 1.14801
 1.13399
 1.04872
 1.33948
0.992398
 1.24494
 1.26354
 1.11239
 1.05449
 1.14482
 1.15074
  1.1296
 1.04528
 1.23264
 1.00285
 1.28604
 1.01582
 1.11776
 1.27343
 1.10061
  1.0663
 1.27233
 1.23127
0.975052
 1.12518
 1.10741
 1.21337
 1.03443
 1.06485
0.896467
0.981836
  1.1585
 1.05915
  1.0545
 1.12209
 1.24137
 1.39896
 1.19258
  1.3277
  1.1049
 1.55208
 1.59095
 1.38971
 1.44327
 1.38038
 1.43585
 1.10949
  1.8427
 1.33492
 1.25981
 1.20214
 1.18229
 1.37246
  1.2397
 1.81782
 1.28224
 1.49393
 1.56577
 1.28186
 1.38829
 1.32731
 1.63558
 1.50619
 1.31524
 1.77133
 1.85053
 1.71124
 1.41151
 1.70434
 1.25437
 1.40654
  1.1468
 1.27149
 2.08798
 1.09149
 1.69164
   1.101
 1.67762
 1.65689
 1.51072
 1.22545
 1.49981
 1.14742
 1.12046
 1.29932
 1.19701
 1.22138
 1.01319
 1.05771
 1.16476
 1.00826
 1.21634
  1.0452
 1.33072
 1.15544
 1.07692
 1.02059
 1.19509
 1.42617
0.943982
 1.38111
 1.18364
 1.09894
 1.15293
0.995912
 1.16161
 1.01888
0.986248
 1.17007
  1.0632
 1.10166
 1.12265
 1.12393
0.993205
 1.20585
 1.34316
 1.21194
 1.27495
 1.20282
 1.30734
 1.19279
 1.27077
 1.47851
  1.3342
  1.2602
 1.26338
 1.39574
 1.47318
 1.55813
 1.41894
 1.32976
 1.32283
 1.08918
 1.13063
 1.05751
 1.09549
 1.15399
 1.09173
   1.297
 1.00469
 1.04195
 1.23469
 1.15308
 1.04306
 1.01035
 1.20888
 1.20617
0.980621
 1.09901
 1.17189
 1.15322
  1.3235
 1.52077
 1.17715
 1.28644
 1.12434
 1.12644
 1.09824
 1.33036
 1.21152
 1.41668
 1.32097
 1.20707
 1.16538
 1.26216
 1.30069
 1.34778
  1.2369
 1.38313
 1.17415
 1.14593
 1.16532
 1.00053
 1.26024
  1.3384
 1.53861
 1.60834
 1.09012
 1.15467
 1.33246
 1.03752
  1.1643
 1.07301
 1.23288
 1.32988
 1.08482
 1.51239
 1.17348
 1.32297
 1.32019
  1.0563
 1.40802
 1.40949
 1.35347
 1.16614
  1.1363
 1.21949
 1.10208
 1.39199
  1.2431
 1.21515
  1.3771
 1.12009
  1.1128
 1.48931
 1.23689
 1.17169
 1.11927
 1.26281
 1.04967
 1.19437
 1.11933
 1.37675
 1.23803
 1.07143
0.977867
0.989851
  1.1236
 1.26286
 1.03299
 1.26172
 1.21692
 1.19644
 1.34987
 1.42553
 1.01003
 1.70277
 1.16259
 1.45076
 1.43161
 1.33245
 1.29084
 1.22752
  1.2905
 1.15293
 1.04762
  1.1463
 1.21926
 1.15047
 1.19524
 1.34234
 1.20533
 1.15605
 1.47038
 1.57936
 1.47734
  1.5113
 1.17402
 1.23426
  1.2269
 1.30152
 1.20617
 1.08686
0.987469
 1.14175
  1.0896
 1.16187
 1.16431
 1.21462
 1.17188
 1.06517
 1.17855
 1.22071
 1.18685
 1.04226
 1.06956
 1.30665
 1.19421
 1.12362
 1.15379
  1.0105
0.993259
 1.06544
 1.04571
 1.11282
 1.17254
 1.34744
 1.63241
 1.33161
 1.43203
 1.40275
 1.44996
 1.61974
 1.19868
 1.23317
 1.37386
 1.97363
 1.75133
 1.31269
 1.32785
 1.38804
 1.54166
 1.35635
 1.32109
 2.00889
 1.53586
 1.11778
 1.30664
 1.05513
0.981534
 1.09628
  1.2032
 1.11168
0.987142
 1.12064
 0.96059
 1.27615
 1.26248
 1.18118
 1.08514
 1.10647
 1.12395
 1.61056
 1.52613
 1.19934
 1.45241
 1.43689
 1.47659
 1.38948
 1.14832
  1.3172
  1.3116
  1.2901
 1.37831
 1.22056
  1.3915
 1.05071
  1.1906
 1.30301
 1.73034
 1.31987
 1.33747
 1.35146
 1.22374
 1.55254
 1.35809
 1.31812
 1.02407
 1.16238
 1.25406
 1.22316
 1.27097
 1.12907
 1.38761
 1.12911
 1.37878
 1.32547
 1.41992
 1.47402
 1.73072
 1.22803
 1.06899
 1.21083
 1.08446
0.894978
 1.24935
0.975738
 1.21394
 1.11201
 1.24004
 1.10823
0.959915
 1.15947
 1.02501
0.999725
 1.21517
 1.14846
 1.02801
0.991393
  1.3175
0.979449
 1.32176
 1.48162
 1.61399
 1.38317
 1.12874
 1.34106
 1.41231
 1.47633
 1.44709
 1.31439
 1.14499
 1.07467
 1.30626
 1.04259
 1.89776
 1.38807
 1.54006
 1.57105
  1.3109
 1.32994
 1.43449
 1.10095
  1.1491
 1.32742
 1.03394
 1.31905
 1.22422
 1.24817
  1.2847
 1.33138
  1.2695
   1.425
 1.24581
  1.3103
 1.38249
 1.58776
 1.37785
 1.14715
 1.72685
 1.28086
 1.17878
 1.24378
 1.27505
 1.35161
 1.74233
 1.50477
 1.04346
 1.10135
 1.18175
 1.11266
 1.27564
 1.29889
 1.06189
 1.26242
 1.41044
 1.26564
 1.17082
 1.20705
  1.1216
 1.27962
 1.08509
 1.53317
 1.39823
 1.08752
  1.0899
 1.35129
 1.10074
 1.05762
0.987963
 1.15145
 1.02747
 1.30424
  1.1511
 1.11732
0.965332
 1.13607
 1.07869
 1.16667
 1.26202
  1.1856
0.946321
 1.23527
 1.17167
 1.24808
 1.14851
 1.15426
 1.43558
0.905673
 1.17748
0.980559
0.971236
 1.02455
  1.2579
  1.1724
  1.0117
0.951008
 1.02617
 1.15262
 1.01637
 1.13215
0.958675
 1.05785
 1.21771
 1.11555
 1.12314
 1.13688
  1.1381
 1.12017
 1.12925
 1.24083
 1.10627
 1.01376
 1.17869
 1.14209
 1.02541
 1.05135
0.983691
 1.20888
