0.706996
0.580989
0.476827
0.495858
 0.62907
 0.49649
0.588881
0.668224
0.482583
0.429033
0.804563
0.822434
0.373806
0.507047
0.580651
0.632401
0.681873
0.661125
0.685011
0.583923
0.651776
0.484866
0.754879
0.550581
 1.11347
 1.38327
 1.00712
  1.2629
 1.43115
 1.43893
 1.32155
 1.46403
0.942707
0.888735
 1.28106
 1.18739
    1.62
 1.33066
0.817168
 1.69547
 1.21242
0.871595
 1.13259
 1.08432
 1.57426
  1.1663
 1.30109
 1.71117
 1.51809
0.843924
 1.56411
 1.43776
 1.60792
 1.24887
 1.21478
 1.64753
 1.55607
0.936757
 1.48803
 1.22117
 1.70823
 1.01286
 1.15134
  0.9953
 1.83297
 1.91034
 1.54289
 1.28964
0.536532
 0.74037
0.576061
0.529544
 0.51744
0.619371
0.552149
0.626659
 0.52669
0.671563
  0.5838
0.363599
0.667373
0.740978
 0.65884
0.485011
  0.7135
0.649466
  0.6722
 1.31091
 1.43199
 1.61952
 1.18733
 1.00587
 1.16385
 1.97498
 1.27405
0.816376
 1.31424
 1.48115
 1.54287
 1.17247
 1.97905
 1.07275
 1.26519
 1.14725
  1.1967
 1.00849
 1.28981
 1.67796
 1.35827
 1.23592
 2.12312
 1.11372
  1.0751
 1.00702
0.796646
 1.02756
 1.49433
 1.65085
0.444519
 1.13552
0.929784
 1.22918
 1.03556
 1.20169
 1.33492
0.963825
 1.18911
 1.90752
 1.28113
 1.42064
0.633837
  2.3859
 1.45189
0.426098
 0.45352
 0.60698
 0.81342
0.492144
0.600612
0.559654
 0.64967
0.747844
0.571499
0.622885
0.468474
0.534172
0.579923
0.704098
0.666393
0.749252
0.382908
0.336951
0.735013
0.480988
0.583124
  0.5313
0.545002
0.785199
0.412142
  0.7288
0.745543
0.444801
0.318592
0.669519
 2.16296
 2.06193
 2.21275
 2.24108
 2.99499
 2.25142
 1.85253
 2.96244
0.557539
 1.42122
 1.63783
 2.56431
 2.72148
 1.37279
 1.71993
 1.69116
 2.05945
 2.33555
 1.16745
  1.3375
0.463824
0.545502
0.813434
0.738281
0.424131
0.840425
0.412423
0.368415
0.572406
0.513547
0.576728
0.775177
0.591841
0.591851
0.642636
0.531187
0.594034
0.363178
0.667644
0.376981
0.413048
0.496866
0.808653
 0.51513
0.663163
0.612116
0.937115
0.914652
 1.32882
0.970758
 1.18253
 1.72534
0.941761
 1.29601
 1.30948
  1.0315
 1.86237
 1.41536
 1.21781
 1.40891
  1.1676
0.828947
  1.0079
 1.04194
 1.68352
 1.26956
 1.18699
0.777662
 1.47227
 1.06993
 1.28717
 2.02261
0.930169
 1.03374
 1.58658
 1.35208
 1.18218
 1.69308
0.909332
 1.19166
 1.40836
 1.87136
0.721354
  1.3766
 1.08121
 1.41785
 1.58617
 1.73701
 2.03414
 1.50702
 1.48833
 1.39012
 1.19668
 1.42207
0.802677
0.777495
 0.41844
0.575934
0.460508
 0.54344
0.529525
0.425851
0.459768
0.538581
 0.72533
0.513373
0.582888
0.520462
0.558292
0.475807
0.499522
0.745035
0.657372
0.418183
0.349383
0.513146
 0.77613
 0.81394
0.642684
0.452001
0.607163
0.400877
 0.43231
 0.58193
0.679205
0.605189
0.883377
0.392604
0.738701
0.720296
 0.64941
0.486516
0.663605
0.561469
0.577588
0.528219
0.612864
0.734841
0.605037
0.642066
0.460068
0.609759
0.760457
0.440662
0.478695
 1.40221
 1.19656
  1.8896
 1.19215
 1.68562
  1.0665
0.844334
 1.34936
 1.42277
0.808576
0.982485
  1.1509
 1.04109
  1.3003
 1.28761
 1.53585
 2.19325
 1.31242
0.676838
 1.35546
  1.8458
0.974732
 1.43557
   1.297
 1.00718
 1.67184
 1.04494
 2.30923
 2.26671
 1.93407
 1.60249
 2.42686
 3.50156
 2.63327
 1.28637
 2.42196
 1.54163
 1.52627
 2.11699
 2.68223
 2.83487
 1.12128
 1.26454
 0.75279
0.877892
0.880582
 1.19867
0.801888
 1.35675
 1.13535
0.735427
0.939737
  1.0186
 1.12868
  0.8656
 1.20529
 1.22359
 1.12193
 1.15116
 1.42706
 1.37334
 1.65585
 1.12276
 1.26491
 2.01041
 1.99451
 1.31965
 1.48827
 1.35264
0.699197
 0.59971
0.509904
0.617225
0.546012
0.480231
0.611173
 0.86772
0.540882
0.884214
0.597835
0.667598
 1.02715
0.919362
 1.80959
 1.63985
 1.78333
 1.26526
 1.54319
 1.19729
0.708816
 1.61831
 1.21456
 1.73908
 1.84656
 1.59315
 1.34732
  1.0296
 1.36911
0.987559
 1.10932
0.824011
 1.56321
0.643774
0.584068
0.725709
 0.69652
0.702196
0.803014
0.609508
0.613762
0.561409
  0.6593
0.602631
0.703158
 0.64432
0.883918
 0.51637
0.627588
0.729765
0.647183
0.640854
0.688679
0.784353
0.615881
0.638496
0.558818
0.337278
0.525049
0.425762
 0.71018
0.537479
0.484276
0.626787
0.653334
0.533817
0.429619
0.393785
0.343704
0.632422
0.638288
0.562968
0.606274
0.580968
0.369983
0.587228
0.556897
0.618353
0.643075
 0.40497
0.677379
0.479747
0.341843
0.604754
0.475452
0.295653
0.821228
0.632639
 4.33577
  2.7267
 4.58714
 5.18912
 2.98888
 2.14875
 3.62827
 3.51018
 1.58092
0.836875
 6.00528
 4.25135
 3.79118
 2.78684
0.350082
  0.4777
0.655501
0.578321
0.732767
0.722558
0.539439
0.361993
0.754319
 0.64493
0.663173
0.821056
0.607618
0.709789
  0.4073
0.450505
0.590346
0.502693
0.615774
0.557364
 0.55321
0.606069
0.436738
0.383708
0.661529
0.479269
0.467805
0.945892
0.321622
0.352164
0.421723
0.565791
0.960119
0.606025
0.584792
0.619775
 0.63887
0.733667
0.541508
0.576584
0.530206
0.813478
0.408782
0.623904
0.464364
0.532985
0.582294
0.659783
0.392992
0.653384
0.624188
0.556718
0.785291
 0.52307
0.703507
0.590675
0.751951
0.451791
0.491098
0.405091
0.531652
0.572373
0.452929
 0.59144
0.596177
0.428026
0.623935
0.692052
0.425514
0.570775
  0.7078
 0.45818
0.531472
0.391019
0.663649
0.545598
0.566414
0.543085
0.569425
0.727424
0.643348
 0.63217
0.636842
0.729049
0.783862
0.658929
0.668812
0.863056
0.585792
0.545822
0.524411
0.583912
0.553424
0.622118
0.395949
0.416016
0.603739
0.452514
0.613427
0.505094
0.815491
 0.62041
0.549212
0.405599
0.682779
0.778235
 0.56615
0.696293
0.482417
0.470225
0.687552
0.633586
 3.64483
 2.73517
 2.70449
 2.14405
 2.30238
 1.09085
 1.69697
 1.49948
 1.87888
 2.87604
 1.31329
0.865186
 2.56757
 1.81422
 2.82121
 1.21956
  5.3101
0.606936
0.463234
0.625266
0.636033
0.799033
0.608827
0.536417
0.540816
0.578916
0.771332
 1.13413
0.919361
  1.3121
0.946635
 1.47265
 0.59445
 1.32085
 2.12821
 1.01314
 1.66705
 2.25067
 0.74897
 1.09334
 1.27034
 1.46361
 1.44575
 1.61899
 1.42626
 0.97072
0.749799
0.874744
 1.73981
 1.62763
 1.57954
 1.16747
0.520361
0.732896
0.660955
0.769404
0.620228
0.373305
0.522051
 0.31679
0.519128
 0.53947
0.437753
0.452381
0.455571
0.606351
0.444472
 1.35695
 1.26497
 1.13636
  1.5734
 1.72556
0.858291
 1.10708
0.959393
 1.45729
 1.22052
 1.34033
 1.45632
 1.64935
 1.41625
 1.19678
 1.32502
 1.13838
 1.03321
 1.31838
 1.64824
 1.33869
 1.40695
 1.00539
 1.50431
 1.85665
 2.20175
 1.87976
 1.99761
 1.42563
   1.165
 1.11604
 0.93169
 1.64339
 1.11949
0.936488
 1.55666
0.596444
 1.34111
 1.06497
0.916366
 1.56622
 1.37816
 1.31828
 1.79948
 1.31876
 1.42853
0.780814
 1.45696
 1.17801
 1.61609
 1.93715
 1.17068
 1.89244
 1.15762
 1.57876
0.652742
  1.7238
0.966477
 1.35934
0.893127
 1.23016
0.860107
 1.13195
0.601472
0.948274
 1.71465
 1.03458
 1.69408
 1.62381
 1.42065
 1.31742
 1.61493
 0.55886
0.488417
0.861997
0.529326
 1.42406
 1.63843
 1.75597
 1.41159
 1.39586
 1.73585
 2.12927
 1.20028
 1.43905
 1.29751
 1.40276
 1.52623
0.984933
 1.08282
 1.68245
0.999766
 1.00916
 1.45288
 1.39632
   1.309
0.996885
 1.19328
 1.81363
0.908145
 1.19871
 1.40333
 1.46043
0.841932
 1.30758
0.936931
0.947059
0.963678
 1.36063
0.672562
 0.57247
0.347366
0.674765
0.354839
0.462656
0.657134
 0.89475
0.479334
0.535712
0.627321
 0.47047
0.600716
 0.42069
0.457619
0.883038
0.377602
0.455253
0.976947
 0.67046
0.585749
0.609197
0.396442
0.614722
0.530271
0.587431
0.636494
0.534854
0.645102
0.930154
0.415629
0.686445
0.855623
0.603729
0.421474
0.840599
0.726528
0.455141
0.674867
 0.60072
0.759101
0.498326
0.744199
0.576508
0.772669
0.606691
 0.61122
0.430948
0.668698
0.522268
0.534098
0.507316
0.751639
0.525571
0.446541
0.610983
0.860807
0.619726
0.702314
0.732729
0.643388
0.706125
0.765857
0.462868
0.551745
0.485691
0.816759
0.394813
0.491859
0.377554
0.498765
0.460028
0.639714
0.470189
0.527648
0.618903
0.437283
0.544804
0.551978
0.590366
0.571116
0.779729
 0.59418
0.760482
0.351674
0.860565
0.446038
0.735966
0.964843
 0.57885
0.605882
0.743978
0.304795
0.578614
0.640883
0.415303
0.507616
0.544138
0.708625
 0.73082
0.992362
0.573203
0.520317
0.462567
 0.45557
0.663138
 0.71592
0.634117
0.624152
0.461459
0.646234
0.614653
 0.38066
0.630626
 0.42329
 0.49853
0.597052
0.588842
0.434624
0.668402
0.419106
0.568853
0.527949
0.726999
0.769649
0.395469
0.644463
0.525818
0.430019
0.391306
0.507873
0.728354
0.338317
0.449595
0.866298
   1.165
 1.30596
 1.60397
0.928571
 1.13282
 1.43765
 1.89657
 1.05892
0.875921
0.944337
0.929684
0.969948
 1.51572
 1.38899
 1.42632
 1.52022
 1.32238
 1.08705
 0.96764
 1.44666
 1.35725
 1.67187
0.942173
  1.3422
 1.68835
 1.44149
 1.53252
 1.43854
 2.43768
 2.20284
 2.89791
 2.04315
 2.89348
 2.13969
 2.76642
 1.85432
  1.9739
  2.6255
 2.26837
 1.44355
 1.42382
 2.13277
 1.21925
0.990105
 0.93909
 1.49119
 2.01029
 1.56756
 1.03211
 1.23985
 1.64017
 1.72205
 1.37245
 1.27224
 1.03824
 1.51745
 1.17519
 1.46194
 1.30749
 1.50003
 1.43476
  1.5996
  1.4488
 1.03271
 2.06922
 0.63237
0.924881
0.478646
0.555717
0.669122
0.487987
0.577273
0.631015
0.805359
0.538492
0.704798
0.612605
0.638675
0.409936
0.698411
0.538556
0.480358
0.565851
0.675426
0.597929
0.387782
0.645487
0.552759
0.460864
 0.37545
0.596357
0.395825
0.678056
0.408162
0.440281
0.682712
0.614923
