-61.1071950767186,-2.7127608283504,22.5068072653194,16.9204922928143,121.822642289881,-0.0096200136407605,-0.435054449274724,2450.67720021897,0.288562030140078,0.5536425511724,-8.33618180803726e-05,-0.0141940918961165,-0.00917353676598716,1.43661685170479e-15,-1.377894393365e-12
-48.4853559150458,0.69663037263311,1.21698656297462,-1.6699977519957,306.701818208756,-0.00880745265974232,-16.3453176015704,5.96602821611585e-15,-0.16299370083904,-0.649877797033448,0.000309352790400193,0.0387870493067594,0.00719313783818926,3243.08473431884,-8.61697251397822e-13
-49.2554010395357,3.81518451688559,-14.470181326459,-6.21696667250014,204.737078019939,-0.00701761438405909,12.6908801815882,5.61182270881358e-15,-0.701465623762507,-0.88595689855946,-0.00405826350714802,-0.0244454494081324,0.013214414582682,1.13555056230727e-15,2.01992202835495e-13
-30.1719345386781,-1.73806604955057,-19.3246610695627,-11.7703376073155,8.24466784981927,-0.00298046766052003,12.6819996117239,-1.60254015349125e-15,-0.151600976155762,0.218436420819015,-0.00647259579817722,-0.00809649171683919,-0.0309698466782786,-2.2085883171042e-15,4.64919028929905
-45.9140338856229,1.45505602431505,-36.7822825806148,-29.0940693546897,42.8826439367197,-0.00491060788964835,-1.21497655779711,-4.65687312385208e-15,0.0250102513700397,-0.682759186925468,-0.00354062319263574,-0.0445777438568399,-0.0023363823884597,-3568.96426037628,7.00521664115881
-32.6394157676266,16.3910810559569,-11.9451297790807,-5.57643805554984,57.1602610503309,-0.00554683971614334,-2.08525063096643,3105.88960139072,-0.0645634908115302,-0.385363198363658,0.00225088376495438,0.00511929556004846,-0.00269468245885739,-1.61189034865211e-15,-5.43570759637296e-13
-24.1722790029217,20.7457547602695,-14.6047006697992,-4.82838480908369,21.4829811126451,-0.00120654017488921,-1.86390265819651,-4.39223029060822e-15,0.29457009210331,-0.683393844859224,0.000509766982588431,-0.0203839399318765,0.000594402760489194,5.87122820810832e-16,-4.69355127581972e-13
-22.8137703266199,3.40947277306149,-5.61806434269999,-1.19895125914346,132.635525452923,-0.00220881369813146,-2.97918916413759,5.38333014519783e-15,-0.819339907042694,-0.581737394216181,0.000581971000296755,0.0135191783436712,0.00356219687816664,2.65225775247153e-15,8.94648163380812
-40.3246779016321,8.1057938805309,2.18537124844493,2.74187534077177,175.298344280558,-0.00629903850093036,-9.7892998839151,-3.62477656045433e-15,0.0828751992887114,-0.428363180681215,-0.00305465028953743,-0.0172357468852821,-0.000367614789022758,1.1818908165816e-15,-9.77709475931011e-13
-41.8020512401985,20.833424318919,-24.3241937362066,-57.0298435805472,185.202989654763,-0.00909577993782236,10.8293563485446,-8.43899186256001e-16,0.477331649186993,-0.553659324182612,-0.00298517150867532,-0.0219707932531043,0.00582215748534487,2.46052469919848e-15,-1.40745522146785e-12
-25.8449633874993,0.718101784430024,-38.6854124444897,-15.8454986084248,33.1406177834264,-0.00219587417785456,0.0107212165284942,1.03428960649962e-14,-0.333709392695401,0.192166954238046,-0.0022337745394786,-0.000592124030627891,0.00497826369296479,2.75074140447033e-15,9.06022513264034e-13
-38.2736581725429,6.25951800434449,-8.71628703301863,-6.27606441916473,110.139479806681,-0.00448983297315104,17.2010798645706,2052.6455252072,-0.0435745443517142,0.261080175118553,-0.00235836713978858,0.0154740409632131,-0.00681182960942484,1.19840077219125e-15,1.95073215389525e-13
-41.4311372711037,-1.24326120583707,1.54562247587543,-4.79685132573728,160.548789591194,-0.00653312293934408,-10.0434971732519,4.42006944139755e-15,-0.1634749668793,-1.22070670371835,0.00086824349416708,-0.0201222901680638,-0.0247219600925128,1.48899961772325e-15,12.3384114555961
-71.7912956012754,4.80029419077611,22.0015202928817,-308.661019569646,214.593651468244,-0.0106911835590433,-4.37675487542486,-3.00592899326233e-15,0.709187544235826,0.32555239997759,0.00407291032724768,0.0136405215001172,0.00491915976829876,-2930.3097697513,3.83627182439031
-68.0924982458702,-4.20687442617493,16.9451036352361,-359.997195876829,291.889367908726,-0.014127128662571,50.3018848724682,3.59334437821171e-15,0.371630270102394,-0.462174606693547,0.000782056005747403,-0.00271093396138647,-0.00296319303818544,-8.98844604847274e-16,-6.63599222283902e-13
-70.0668821696677,-6.12543848865063,2.98355117132531,-237.457245820334,2.22251947265522,-0.00473687955453886,-7.56432009918966,-1465.25023502735,1.03795215746604,-0.50139851853637,0.00240862420560163,-0.0446664375703582,-0.021464121966307,-3.0543371521568e-16,2.87454590963708
-44.0443718560007,7.73230041547325,-14.2753831547119,-51.5171050470725,167.248583304971,-0.0104406098588232,9.27217859847475,-5.57269291538205e-16,-0.112185397473406,-0.878918080113927,-0.00385758023235975,-0.00513541739048094,0.000594322008357445,-1.44960000512012e-16,7.03762592431309e-13
-51.4817343433402,3.03322906374005,16.739798441768,-476.360625024478,-18.4049969076977,0.000273908423285189,-3.26214702235112,-1680.4770023987,0.545570504458132,0.412238730729746,0.00191797498943858,-0.0357307227544934,-0.0357342074979869,6.25805231849011e-16,-1.70609437051145e-13
-53.4458183713219,15.7611325421335,-0.732186091652539,-410.216526871526,4.63990242541548,0.000107470146512666,-26.2395039934256,-3.37802936652526e-15,-0.551665634040778,-0.56696331942981,3.98619917054393e-05,0.0170707693824214,-0.0172151218810726,-1.95227969143021e-15,-6.86673232986681
-33.5782219465738,14.8356337156544,18.2742552676711,-144.715236854262,11.0022551020046,0.000462524849816506,-0.950995010126264,-2.70760942200479e-15,-0.730569210162298,0.246888522201547,-0.000243805561194372,0.0234882381830905,0.0136873304084239,1.63663580684965e-15,-5.48020129200663
-44.5148594060442,8.64523181978244,-0.76993127589928,-297.495326326968,1.85150087026707,0.000202830445750762,-24.6137741660453,2.46753640120242e-15,0.0266517819388394,0.824829531425274,-0.00449548777202472,0.014968728761505,0.00917254458785547,2.21018838609952e-15,1.13156007917943e-12
-54.2960921572535,-3.60838679209832,-24.0335263469637,-492.383871307388,5.96115820235379,0.000104966158723703,12.1013985267317,-1.83674384481739e-15,-0.607349520008738,0.679467694112898,-0.00551180080900976,-0.00433864092108792,-0.00107983328537896,2.92528087520757e-16,19.1393397383315
-56.5997518949148,-13.2882922439783,-13.6300149483112,-509.867431818178,-22.5206263492174,0.000168836025602868,20.097031050804,-3.88391851426612e-16,0.733959753965592,0.340395013918659,0.00552897075766152,0.000261208681394606,0.00142101438056586,4151.13628556165,-7.08834519272759e-14
-41.8180822735147,15.8403395043839,-20.737270173243,-280.949452274585,-15.574070647881,-1.46286061958639e-05,-32.5007167215506,-6.66830946794448e-15,-0.149211438796911,-0.483589737161299,0.00104417417027086,-0.0182317051412195,-0.0166083981662263,1.15763609402945e-15,4.26957397821455e-13
-51.2892629476566,-0.37876170725017,-3.03744798565238,-402.046955321893,15.1372084495517,-0.000547423251408243,20.3602155396398,1.87467149611179e-15,-1.47304341207918,0.484982419632449,-0.00192602134506317,-0.008824174431326,0.00293153138914741,-1.87508534580839e-16,-9.48526459614866
-27.3718858025449,13.6916049584696,-19.0290668043655,-48.160529548102,-38.4043661280416,0.000214993175298019,-24.9989615950468,-6.21738341545905e-15,0.00611402806925978,-0.170276765843366,-0.00369297928316129,0.0067226197820725,-0.00897391155648849,2.22099973312684e-15,-1.02846288488783e-12
-31.2493021555986,3.90045557023378,-37.0067395189766,-44.6780056473662,-1.57680403275935,-8.62513398078352e-05,-5.80270895187122,-7.60506482473329e-15,0.224243427464564,1.15773407359428,0.0014884482750907,-0.00766115227947122,-0.00327429237512471,1.95226002107802e-15,1.05120688244508e-12
-43.177514762645,8.50367370344359,16.2399628947407,-204.619514194264,-3.19990256744419,-0.000443020959746248,-7.46431009766298,2.47919493180181e-15,-0.0890604905307622,0.557867979074811,0.00244142849060474,-0.0233291113559349,0.0014440416339721,-9.88766726746337e-16,2.2346930181694e-13
-42.1521882222965,33.7229445066653,1.39207976642109,-276.252740535704,46.9279690011969,0.000434866544096507,-4.22078079469121,6.63638106495713e-15,-0.379938774379092,-0.125425465142669,-0.00262570842066863,-0.0124519555910033,0.0105895287394953,7.60398418373855e-16,9.55020333466739e-13
-41.2629362449096,-2.37378538943394,9.08229998061416,-195.839593888674,4.58417333805146,0.000414941246363641,-7.18194218031478,2.75684322770693e-15,-0.243944745760417,0.285474739943159,0.00311000634862564,-0.00397844047233513,-0.00861239223993295,1.70179931290947e-15,1.16931752400358e-12
-28.5674903472009,7.08960016316072,-27.6994262630866,-106.58400276068,-19.6417382086942,2.41648203670063e-05,6.22906120189836,-6.25515207309642e-15,-0.310340283017558,-0.0493144864445887,0.00327867708561417,-0.014402995086882,0.00159761026659562,-1.09142636138709e-16,3.01020558163141e-13
-54.2361497070818,-12.7212124403885,4.81723852451176,-525.591504743733,0.923981392583946,-0.000450905349056784,25.9294921897481,1.97908969636244e-15,-0.795884481313142,-0.387265722886099,0.000995527341555163,0.00706099728159961,0.012770396730472,9.1514285542321e-17,-24.2313839686053
-37.8214793175481,21.318459067484,3.09127055733577,25.8220685511549,19.293435132426,-0.000392001622199967,-88.5902674999839,-6.29023614071989e-15,-0.459148878181376,-0.258931912337671,0.00243540035178399,-0.0277298989838828,-0.00878584830921077,2987.48079301947,7.5915196928496
-28.3724658067829,-5.9413694700182,-6.83304353028034,13.4948802140232,-4.86156249312289,6.41808172984078e-05,-31.9481484325546,1910.07641637864,-0.137368774504424,0.165586032874852,-0.00640956685783206,-0.0052688140280877,-0.0299561494334582,-3.03271949578002e-16,-5.3363653264396
-25.0996657430879,-0.818212428979784,-10.1637633958962,21.7546658996983,2.94164071561472,0.000177094943828127,14.7803331869818,-2.38933508900524e-15,-0.828150434563769,-0.244119022086502,0.00137043040631702,0.0149543472906223,-0.00829985189725111,-2.64409136578306e-15,-9.38912433185238
-29.1223377261751,14.0137345524838,12.4844423171398,-4.92654134543425,-6.12741211425006,-0.000300770127247079,-5.08608128185332,6.710822863727e-15,0.188195147908145,-0.28139690354223,0.00176364329004572,-0.00853532957230885,-0.00434824194426757,-2.50759571029113e-15,-2.06690464657413e-13
-32.2859362024117,-1.36289387457753,-0.19792315242682,23.9333324462779,-1.43817791211528,8.99066416460296e-05,-4.26832228391991,2536.74778185994,-0.120421804901844,-0.286029118618054,-0.00120073968704103,-0.0357762051429486,0.00725731571177134,-6.42337046349374e-16,-5.97033272799954
-35.7185387987266,4.73208854522944,-14.5639177319455,12.9355855035167,49.2356516685519,-0.0006915365323419,-23.7617591923869,-3.22124236769795e-15,-0.860584026567159,0.1648507122371,0.00344238021139693,-0.0155222272686401,-0.0208871989376546,6.93848117070839e-16,-1.02472939520544e-13
-24.7862693991338,1.21001680323,1.70024837208687,-18.6986521082762,3.74278466939998,-0.000152465686895553,-16.7825439784281,4.55011895822311e-15,-0.863500573146121,-0.71488286108671,0.00063656932354784,-0.022947986417147,-0.0156150845173813,1.65099705635746e-15,1.32741406148073e-12
-34.4179703288422,3.63594936658234,14.2532193459287,-8.68519323347444,-44.5946698650552,-0.000185349111134662,-78.5415405197947,1.73610494108727e-15,-0.150679858490861,-0.630689397696048,0.00269751508216306,-0.00545037593868481,-0.00601851082680501,-2.15175120900392e-15,2.8688733215206e-13
-21.6536682034772,-4.96780278222087,-16.7071559251571,-19.3799026556531,21.33242182612,-0.000286885590933311,2.16835479531087,-2.16841871115476e-15,-0.56853772860397,-0.402448301223224,-0.00146874830618294,0.00398972408955456,-0.000209629294401186,1.2735180091777e-15,-5.76062425863499
-25.7448982941903,1.38583928376834,-34.0298633387343,0.819919511540289,-7.77481089283654,-0.000436074499604217,-14.2285210282746,6.57187872074398e-15,-0.188944578729851,-0.0556414387540868,0.00118134716265265,-0.00309921467252395,0.010853833526626,2.53221634383364e-15,7.81894620017734e-13
-25.0154651110618,1.42817686042778,15.0456594876405,-12.062988229364,28.8237811187058,-0.000246588890882146,13.8562740681971,-3.118109337642e-15,0.476969667628413,0.781682783480453,-0.00514357250367203,-0.00735918142111065,-0.005322445943949,-3.21761897875479e-15,1.22793973215746e-13
-32.7957611277126,-7.22026128942554,15.182121983696,0.261456782959745,-8.46406071412256,0.000428658887346603,-17.4277502527548,3.63624431981427e-15,-0.319455562981213,0.00693662298186576,0.000573554611344534,-0.0254561735607303,0.00935215280162033,-1.94290169809143e-16,6.52927071224274e-13
-22.6223222312154,6.44876451066992,-32.038867910567,7.29952308357269,24.0857162636716,-0.000461302954840616,-9.11011927920763,9.23108072440066e-15,-0.601649906707105,0.157922249034443,-0.00313362886191197,-0.00293074664874047,-0.0116446300096556,-1.08881001984125e-15,4.32215213940991
-22.2945683536308,6.17196470567116,-31.2384340209013,-7.90037055088454,15.5039695441079,-0.00035021514044328,-16.4848694473701,3.70775657195569e-15,0.0924035378709625,0.122008329287502,0.00107847080027055,-0.00810674822068771,-0.0264162640834339,-1.16463517261083e-15,-1.15428931434441e-12
-38.5295395107032,6.53038260341038,6.68616110089935,-63.096474837314,34.8504410550063,-0.000393721599378328,-38.8704410701637,1.22891905763697e-14,-0.59803336923129,-0.970241026140043,-0.000181747065847272,-0.0355385446862173,-0.0330658930557601,-1.91215976448574e-15,4.71043699683478
-28.0275657803611,10.5626005666822,-11.5339959856612,-7.53984097894024,-25.415348840551,0.000232519643502447,14.2004313125944,2.45350566468383e-16,-0.327109856216657,0.00935196392553167,-0.00213249291006454,-0.114109216713467,0.0136149637603122,2.40215719108229e-15,-1.21339776096449e-12
-44.1665364174739,-6.29876348674296,-6.28434647281138,15.1042579843831,-153.103590325718,6.73513539827335e-05,-23.9225761479842,1.45437287028021e-15,0.125225633216088,-1.45749972578108,-0.00341368277238014,-0.335004877536673,0.0180920832210975,2.30129491887363e-15,8.99922923554953e-13
-67.8162029328489,-9.01321830040203,29.0160345290898,6.88752259549322,-276.79748293835,0.000950815194772067,54.7513297808298,3.08782872265333e-15,0.625597370514347,-1.68203032808994,-0.00234634135929581,-0.44725786600069,0.0466448045822372,-3.00680879710595e-15,7.67341970059644
-42.1891971501051,1.47623205398824,2.39103523895697,-15.6531460524036,-103.296604005825,-0.00112934480319049,19.6730825447627,2.90020451356454e-15,-0.298834987671104,-1.67060902063367,0.000930955472916717,-0.19564244414228,0.0273264250508224,-1.52843709837938e-15,-7.04143836469961
-44.3652749450654,20.152015242975,-30.5517696337636,20.6747050905958,-6.35408981889988,3.58504586424166e-05,-11.3769617368807,-7.68031008920687e-15,-0.408338796598692,-1.10334281032508,0.000582273672912865,-0.26965330236887,0.00628325674104609,7.50912392713342e-16,-6.63095347126663
-35.8166337411499,6.32835428578068,-34.4171294229348,0.138492831196916,-103.402572711883,-2.65392002528467e-05,-28.4032336023298,-8.21076641736285e-15,-0.154855716357338,-1.47444240563392,-0.00251258085924431,-0.257421297707509,0.00855187763411517,-9.17560665582921e-16,-3.73790079965978e-13
-32.7742545736048,-8.85397794446978,-14.6899319288313,-23.3530791423993,-39.0367473500625,0.000204340075618775,-26.0526799024431,2461.92933936307,-0.800702983221693,-0.348477563279387,0.00183122903975129,0.0113399469083675,-0.0218408725378765,1.25167708105398e-15,-1.64479234589539e-12
-25.3170463391237,3.80111122765894,-45.65136305971,-6.2167792411863,-10.2372201558511,0.000145153282872709,-10.062559562433,-9.33499895150781e-16,-0.308295940140555,-0.0712625486497215,-0.000180287577311975,0.00722746986478274,0.00568300732291461,2895.98720722635,-2.76357174452412e-13
-28.2421344536951,-9.82910624834213,-1.74231713564169,-17.7164194745627,33.5183698434954,-0.000625491547514793,11.130432836748,-7.86695763455032e-15,0.150233792736664,-0.5520155862725,0.000689552484414227,0.000764344619708331,-0.00722617391144065,1.73584193437353e-15,6.52891803892995
-27.9617172020792,-8.60916520277173,-37.2700275914367,1.32342932551686,34.6842618284399,-0.000173330614489497,-6.71373963371248,5.36716085659875e-15,-0.795499118374648,-0.0646673834879301,0.000310655545194581,-0.0144339677177441,0.0067699041749226,-2.07656340478036e-15,9.01637500758416
-23.5628618772711,4.77095628430462,2.98431583084553,-4.76458363628946,-11.7544435797474,-0.00177857639802421,-14.7164820325606,3.12710052831847e-15,0.063424936856194,-0.17600453554446,-0.00507313450537956,-0.0369922672600796,0.00836353337526073,7.24389051596817e-16,-6.99323263760272e-13
-26.765568142802,26.8001974245256,0.39283828990797,5.22508210478542,-4.98346751376179,2.30270386993398e-05,0.837800000623228,-2.8423141319652e-15,-0.761155198307644,-0.110079950557524,7.56749395858081e-05,-0.00866659988021156,-0.011266169277103,-1.03194877534718e-15,3.45536101518878e-13
-18.7277697216103,51.9571932629671,-16.0778373298009,-34.482293592101,15.0823564159614,-0.000185291719355239,-7.8933955859457,6.04160977434648e-16,0.0268694848932507,0.229929655466512,-0.000942869054088748,0.00234209821485405,0.000246670105092316,-2.07423225160899e-16,6.28636901510061e-14
-19.670669076366,-3.60085819563045,-4.93535815321815,0.277253348471478,-36.0679023355271,-7.57587878239137e-06,-54.9855680286461,-2.14505092886372e-15,0.0591152720455098,-0.119223636510339,0.00192649589313332,-0.0222109862375358,0.00270204829195719,-1.09456223866299e-15,9.5990030400423e-13
-27.9604408089259,3.98161890820457,8.0106037586049,-13.3860280296644,13.9610463288645,1.31993378381872e-05,-10.8679913752377,-1.87142819414921e-15,0.128625678532806,0.402301543245299,-0.00292564461526935,0.01519983429904,0.00617192236936079,-1.0380010155506e-15,1.18781051149611e-12
-30.2141489495105,13.9661579886834,13.0546384071041,-29.8193505917416,-20.5643646715544,0.000246703925278981,-5.32043624774724,1.32445026132429e-15,0.199449576440323,-0.0739656777079615,-0.00328343716449561,0.00857467485518977,0.00247735758662775,-2385.42095056176,9.04828650179974e-13
-31.0884624648182,-5.63387628749473,-3.67780003412015,-27.283012244227,-15.761085586531,4.77541333214088e-05,-18.7768873469512,8.88009582679832e-16,-0.760443559278223,-1.09774521985272,0.000577311213522391,0.00700510235435013,0.00535329632118154,-1.11787516770466e-15,-3.89740963163592e-13
-21.9665935561073,-5.50758772115065,-12.4635395206971,-24.6070306049484,-5.24278951507453,-6.91535190325249e-05,-8.81297567559608,-1.7521097603325e-15,-0.341383614080405,0.240815915473367,-0.00046534359179551,0.00427636282431884,-0.00237262522975755,2.99022363691821e-16,6.26550458200819e-13
-19.101612352385,-0.523153835552064,-0.401901191192616,-27.2135725646867,-18.5424499207357,-0.000326389104133094,11.3103063159905,-6.32221852149072e-15,0.0875852580348105,-0.51992919206453,0.000400041206459301,-0.0165983596722257,0.00143907449179435,7.99762188487874e-16,5.21892526759361e-13
-28.5806121849757,5.19408244859381,14.6632053475955,-51.2641799923576,-2.02798153040101,0.000126229211457916,-5.26647278613264,-9.77877972481456e-15,0.157562702278306,0.371854426622368,-0.00701237939083944,-0.00194803617493163,0.0109147675545108,-2.49852036102855e-15,3.57696455679806
-27.9760439242765,7.37097356268057,-15.1436119445121,0.564716948139812,6.48343282718908,-0.000829227918142554,-24.4785125086594,-4.27477251303303e-15,-0.96067163557691,0.00320431802622436,-0.00362047672594966,-0.0461436598481567,0.00477436983699265,1.52583688815433e-16,-9.2130447657347e-13
-35.1018836571305,12.9498340946417,10.0478463687766,5.49146117525968,-14.8018351523663,-0.000310187819756033,-18.4630001671934,-1.00997754736545e-15,0.291361935981467,-0.653092899885335,-0.000913857998651199,-0.0367302688652607,0.00347855106599546,-9.71640255085249e-16,-3.75974283900686e-13
-23.3885672665145,-1.23907493216059,-14.3953221582498,5.5700347634686,17.9123576379322,-0.000648318857292115,-4.59476063491853,-4.66474734293615e-15,-0.281141716510495,0.78803216659247,-0.00486047316782924,0.0150702485907037,-0.00245361323800324,5.81674493204655e-16,-5.10893159571824e-13
-34.1794340110155,1.97826317225717,-14.2351689426355,1.79989757175578,9.61229683419315,-0.000134657619028775,-88.1283555610342,4.37732934393481e-15,0.288956892418206,0.0731304756827898,0.00118902553082197,0.00609993744131575,-0.00162690589951126,3197.08474321616,6.07492871362012
-43.788118882864,-10.4569994116684,-2.70193917656836,4.87794489963241,19.8485086985642,-0.000615456269812061,14.0447573191429,1.1442406017906e-15,0.0192495021978691,1.4831030120013,0.00399040084877973,-0.00157609132014274,-0.0246252409534681,-6314.35738051865,1.65976937452847e-12
-66.1922823348168,17.9674049732242,15.921213642577,6.60902180770095,-14.5619125341025,0.000276362315340599,1.65751758076339,-7.3523997030194e-15,1.49918477951925,4.35208713929044,0.0130167580986257,0.0356054015904432,0.021242484843353,-23670.2047016253,5.16407734994225e-13
-69.8835362299633,-15.0666263487323,35.880635513762,21.3072247527472,-7.80926181582703,0.000391833787545122,82.4900307561203,-1.26016517540658e-15,1.50588432439401,4.66956733103052,0.00454191351001998,0.0445252268654967,0.010228900613521,-22569.8821212034,-10.4157063494064
-50.0613326954212,-12.6271028162157,6.52728223736395,21.1127499959281,18.9793689117163,2.21232949414181e-05,-7.52245058635161,2.50917615468449e-15,-0.566744189409099,1.76519492051448,0.007799831364634,0.00638443110565469,-0.00615941847442098,-10261.540188226,-13.7391921984259
-76.2286803862259,-10.8422942845975,20.4906809934717,14.8995632548923,-43.6282710027627,0.000478319959829974,88.2461484007851,-7.88900631417513e-15,0.907205286327477,5.95181557847071,0.0167586480189216,0.0415482973895877,0.00626454426846781,-21505.751195962,-1.6428242234814e-13
-54.4749316443119,4.75820177382803,20.863984376679,-8.4147240619501,6.66410042543871,8.32871937150051e-05,2.82594917898152,-7.75770229085245e-15,0.572264126955558,1.95825654203924,0.00664861140824802,0.0408802408830577,0.0186663037825219,-11982.7256569847,-9.4173587241541e-13
-56.1511595875726,-12.2696897796284,-5.06195465096598,-25.2377758999392,-2.37428400775574,8.61113574899373e-05,4.98576814268425,7.21126743176936e-15,0.137605261505026,2.85895087593326,0.00624888417162434,-9.32065083007641e-05,-0.00952185907372826,-15912.5684977844,3.08082028376604e-13
-19.0004977906845,-2.27770531611807,2.5784904557693,-7.39976678496883,8.11428779505651,0.000124726048198919,-19.3524467353206,7.46570052103948e-15,-0.0538584295834703,-0.0623019407415396,-0.00429820905016147,0.00239801236973519,0.000853902430770612,2.24801047695574e-16,4.07409333557858
-25.2582888715452,2.48219914146126,-11.4336801840657,2.34702356799822,6.12572522915239,-0.00025541760693791,8.15216522798296,3.08025948406315e-15,-0.137420195860904,-0.149555163420721,-0.00101483250431363,0.00736881718212237,0.000152049976790424,1.19435796801522e-15,-3.5684187959547e-13
-17.950937629877,3.6197319618831,4.38323113221473,-2.85162950643098,10.120008986511,-0.000245100614923874,-9.1699064090415,1.14970761305331e-14,-0.102773146517789,-0.149410023334964,0.000627762225749793,-0.00845586148664449,-0.0164335471066444,-1.52008594786332e-15,-2.98058783618649e-13
-20.766482243895,0.0790073897971883,0.727129677757517,0.899126709270117,-39.1366085294477,-0.00010975314121059,7.05059468147266,4.00731905315586e-15,0.056088094738139,-0.421561409694811,0.000860950008484291,-0.0406110177826239,0.00271445292251563,2.72641345504835e-17,4.82562183413479e-13
-29.9869162537819,3.0252254356181,-12.8011421033974,11.8056213833842,-1.29910065636662,-0.000884730102853411,-16.752189305808,1802.30044532015,0.451770562113073,1.15535200957124,0.00104497642716425,0.0130160936352276,0.00270761294552011,3717.22125747843,3.81107004930455e-13
-26.5240380781301,4.08562007189547,8.71797975997225,10.8951575231656,31.418148178105,-0.000819959742507138,-16.8665688969425,-3.3995972427124e-15,-0.410623118703662,-0.789957011367794,0.00270631929758462,-0.015799160201381,-0.0232037805394378,-2.24297925310943e-15,3.63569691032675e-13
-66.1705357791418,-8.00933327421958,-3.82577456563538,-10.3276759726985,272.987165900484,-0.00111311038021109,-12.5827388502121,-5.59534740167584e-15,-7.48698949522685,-1.09750768470279,-0.00583017895768751,-0.00439631964861919,-0.0382262009830944,-3.49022961928891e-16,1.20270534161259e-12
-69.2813779258014,-7.29892815802198,32.3819087338371,17.1861949593275,425.601517349161,0.00104219643106644,-1.59930659998433,7.75783991405698e-15,-9.33465416157316,-0.73190544149295,0.00396446366582245,0.0286593992751338,-0.00218438485978288,-3.20890125079684e-15,38.8753861135997
-60.0313988028033,-1.25951364264764,7.8949214537902,0.720250509771547,351.545660381016,-0.000679844169680408,7.95031375130591,-8.58100097841869e-15,-6.95179276240385,-0.990851107982025,-0.00393825605649165,0.0144110005434923,0.00227291753729258,2.33510032621573e-15,-31.7389243762362
-101.21270969509,40.8742902987343,7.29615311527027,-0.258944663258006,714.168594306791,0.000801684933856209,16.5867851453818,-2.87270782550227e-16,-16.9116766880228,-3.19971788664139,0.00653998828862204,0.0127441678084454,-0.00179143635189508,-1.46558371059789e-15,44.8561699988986
-50.7367360343191,-12.499801389691,26.2739639206089,-3.63739235455131,246.535255738344,9.50524784186854e-05,-1.58948501199338,-1.17672780178072e-15,-7.34415599432046,-1.00274978168533,0.00339585784765838,-0.00605564843891605,-0.0014944123654695,9.11166971862425e-16,-19.1610904667704
-35.3418299617937,-3.10383104676022,16.8000347721837,-4.61345039406761,-31.7567183688989,-0.000258769562995694,-0.419609914551475,2.94220139529789e-15,-1.24054848715686,-0.414698038114918,0.00106336489618863,-0.0108094115312399,-0.0118555212383275,-1.27877811712397e-15,-11.9024616293759
-30.4150347294711,2.62137393384861,-6.48083106118828,-7.06886349044491,-14.7498345697921,-0.000175922660742288,-9.38289618216826,-3.16989774588439e-15,-0.489249074204491,0.0289504719517901,-0.00345464213404242,-0.00243792921518624,0.000369829786504057,2.14543930298333e-15,-2.86852058862866e-13
-29.7558437305127,-8.32015656029858,-12.0417133687912,-1.27891084874793,87.9696275881873,3.48111955517332e-05,-15.8386972300174,-4.15212416255715e-15,-0.695749641361816,-0.225089911123162,0.00156630863570535,-0.00503797207059832,-0.00833589215344632,-2.17771099570808e-15,7.58660934405398e-14
-34.2891595214337,-8.01088547153242,-40.7977313271423,-45.1274580536238,49.4709958327343,-0.00057098481800145,-20.9030051101241,8.55385934650141e-15,-0.496096494227806,0.137107835490478,-0.00402703120376259,-0.00264446850951651,-0.00348296605349599,-2.03037499447928e-15,-6.33948770553241e-13
-22.0304801073448,2.94261259252846,-41.4640510222337,10.4253806122234,42.8453348676582,-0.000786256462212568,-1.96451048954856,9.36106476274116e-15,-0.463009288042485,-0.0122894568531858,-0.00196347510655755,0.0033886645420306,-0.012182208773964,1.9822056335698e-15,-1.33152188408239e-12
-23.0067495947729,27.9683980580658,-13.4428244505338,-11.8396928481681,28.6605941507074,9.02333128394197e-05,1.84358238881628,2.73392376718798e-16,-0.791796612241247,0.107930820614443,0.00202600592957363,0.0107893389779377,-0.00161864530136207,-2.00825424686164e-15,6.25001820940869e-13
-33.6823769640553,22.8070330083249,-3.02756465123228,-8.04581652226605,17.1904404851325,-0.000325713776233755,-18.8072776106113,9.56317440525575e-15,-1.67249749333745,0.354078260498187,0.00134431417235357,-0.00410668960480133,-0.00309381104776268,1.91212313301042e-15,-6.23997249625953
-28.1828094531901,-5.78425481823812,7.34561107125902,9.99839621722552,1.29894833045749,-0.000494121892713362,-7.74382978074161,-4.93313949842021e-15,-0.58117403980227,-0.459501858300191,-1.19774431836341e-05,-0.0665512586010977,-0.00910968586537566,2.44897729500471e-15,1.0100117147372e-13
-28.6286186777857,9.11433757598077,-15.2416138890947,3.24088084003422,-0.171936506443472,-0.000509693210466963,9.8025670367636,-1.58666665904772e-15,-0.466043520409116,0.865198151903266,0.00139268320983283,-0.0192727936776861,0.00082289617978303,4814.38825965752,-2.82076021125357e-13
-22.8517976111791,3.86329968848147,9.77062585441551,-2.82088104102018,41.0537993472892,-0.000104696969505292,5.46748571456683,1.0733295543346e-14,0.178108753016105,0.656292419222173,-0.000775638506474489,0.0127455579391558,0.0017880388836547,7.50579178563724e-16,1.3821817387328e-12
-26.992449733398,9.20751205161817,-26.0938034815099,11.6093842359185,197.801378717484,0.000147025047327344,16.0737416916762,-2.80515221628109e-15,-0.23264728679474,-0.342364159325296,0.000669795081672452,0.0113588672314557,0.00459146899026623,-2.58114372836668e-15,7.09772560188437
-25.1494837647025,6.89939334996699,-11.4052195021819,-15.8518755144663,8.33013435607949,-0.000102954233770832,-10.6563554545831,8.21799633423545e-15,-0.223458829284603,0.132807789725192,0.000390769330064895,0.00160874033926133,0.00716668618030288,9.09241675488828e-16,2.28073783853254e-13
-35.9707963957901,-6.25504564882359,16.9354144619628,-45.3536126572135,-0.683571438249459,-0.000360746891129738,-24.8091563436255,6.87867403600197e-16,0.0594457781839037,1.03400893261367,-0.00126381854332499,-0.00457414699900477,-0.000408016180083209,5439.9565578594,-5.37050113007946e-14
-38.3084306836506,-2.08121543005648,-0.434186277125271,1.75500615635229,62.6647917820094,-0.000361458154622394,17.3457271872726,7347.18290260212,-1.11438975712032,-0.338943763847816,-0.00129889584447904,-0.00731690705917756,-0.0135637312451885,2.42321072840678e-16,5.19612795265941
-58.5024036281975,-8.97516383346679,-19.5047597493628,12.3200552594845,16.8789090155863,-0.000460701243148671,-0.839165718538332,17967.0645601017,-0.853451244911437,-0.57764301867904,0.000972755133511369,-0.00275443000793598,-0.0277500759723775,-4510.83146168412,-6.19556366207424
-52.6373204205998,-8.21388526978401,-5.37043756540541,23.5033292547316,-5.59925819523473,0.000168038738355803,-4.62405043552566,24263.9741250137,-0.116364687126757,0.915367198327973,0.00151533114945615,0.0274023977449896,0.0187225923135329,-4302.30824315858,-1.59830842486647e-13
-44.5721129490576,17.9336541416047,-15.0971618845413,1.64410284879763,-34.8103872161939,-0.000229170984135755,-12.4855218016947,17612.300512946,0.0189382189512845,0.0750689249939736,0.00222714539397697,0.0183577334115395,-0.00179523845250347,3504.41101524587,5.81745593241645
-41.1115815867544,-4.91897609728758,1.16543895100803,-14.8056593076032,13.0914020543748,-0.000841322297740022,-23.3018744725614,15379.7150715587,-0.653372435589622,0.606119436205075,-0.00338692493653628,-0.0195564262338837,-0.00200204051426518,7.55771885845592e-17,-1.16470442958795e-12
-50.8050467151205,3.52325290165859,-61.3608664406655,-5.45518939970712,-0.334285604896527,-0.000128494553429051,9.24109726212268,14152.7125292497,-0.130212531104946,1.57996882711521,-0.00141468754028996,-0.0208261588851224,0.00605952554646341,-4786.79662155026,1.05823283048655e-12
-22.103717051533,2.20091817306395,-24.6795283027912,-26.3987708281385,5.47119492373196,0.00030620246472527,8.98170286527677,1.13742582194375e-14,-0.0881506173180392,0.52384227881218,0.00276698660838222,-0.00571172758545228,0.00622606224204574,2.68569630138813e-15,4.72240394954539e-13
-40.3020120411566,6.26053886847667,-3.73584494636625,5.67738545985214,5.21860505149523,-0.00100489563036514,-31.3073980073936,12049.1491478415,0.075600768585646,0.637274605701686,-0.00525509819239263,0.0185666389296613,-0.00173138151750291,-5.43611385832304e-16,1.07564899834357e-12
-38.789631004821,4.67080311428764,18.2685876983121,-26.0898145493522,-33.5319535265044,0.000325123614274031,-0.670035716663476,10162.9963982553,0.487750196836104,0.0887419873547739,0.00101903713871065,-0.00181083924097048,0.00280316704074876,-3.13849909285792e-15,4.70467455996057e-13
-43.0857279925565,-5.14733251848728,-24.1990127511763,-16.17605380314,20.6599697553162,-4.76036679382956e-05,-7.60455031305477,11769.4536418337,-0.59680469896332,-0.0291212392809739,-0.00253962981534272,0.023553878590837,-0.00694090184389094,1.01246178424107e-15,5.89423534312483
-27.2673519893101,15.2985636663627,15.0440709926235,-39.0538856048768,-12.1550631612812,0.000102390194502867,-22.5398398990811,7414.78626991864,0.0340373670205367,0.180369989372954,-0.00276073219517295,-0.0216726303881802,-0.00371573131799213,3251.97846972353,-1.81329799104727e-12
-45.0459860385812,16.85797653481,12.9911913132455,-8.78225610159129,16.4173719889966,-0.000284069029929374,17.1189842808581,17126.2864912598,-1.55912624133013,-0.191620714776774,0.000853512015105073,-0.0158217121802762,0.00424157230963514,4385.02819597155,-9.60780041297285
-47.8770288841515,5.9929363007853,-5.99398998258731,-63.417093372657,-3.09130977897858,0.000483147090738876,14.0560916557911,18272.8346729643,-0.286703391495642,0.21628082646279,-0.00417815052944061,-0.00723573079086838,0.00224245430782633,3.55750383529103e-15,4.91670125320244
-38.6174781315944,-6.19906269646405,5.47804294496184,-77.2136028153612,23.4877083655839,-5.63502938496139e-05,20.7296529223164,9534.725967579,-0.277344061777967,0.0122415228558006,0.00013153020699304,-0.0143035703380282,-0.00404925464464659,-3183.91664767814,1.99152773578929e-14
-40.8511380845537,-0.933859543421476,-2.75851256785989,3.32318227700874,9.48878921015008,-0.000279588316967987,-13.1363999191997,13160.2140478939,-0.482526458995848,-0.428288730853268,0.000593210730085482,-0.0163028481466029,0.00558231459040532,8.79814087849141e-16,-4.98323729349233
-55.5494656626615,16.1435026420444,22.1402671813121,-10.3245993179116,-37.6637745435794,-0.00014775221813837,17.4237000636321,20123.9668398519,-0.956053656128334,-1.03171023956166,0.000580862827161343,-0.0184118899565107,-0.0555646465269287,-1.4719951945488e-15,-7.16175903410671e-13
-51.5459272544386,-0.632057909198331,-6.29114606781477,15.2361417484135,-39.9554722920164,0.000216685072462494,-87.6444936598865,7971.98968245315,-1.15687311517581,-0.431238041970745,0.000370960399894946,-0.0130927499362213,-0.00738407973862869,-7.80578559279911e-16,-11.1891312130333
-42.6413558914897,15.396017781191,4.87363383977566,-20.0938509416116,-13.2015595532959,-0.000471761278688511,11.0523997069419,12531.9921555049,0.00360859303589506,0.856611864205102,0.000193544828021823,-0.00798331982695152,-0.0102075496564696,8.09549072769154e-16,9.19490535873202e-13
-34.7945265195738,24.5612220940178,-29.5956320271046,-49.8548120331708,19.5171037922546,9.8618015149804e-05,0.303900047560774,5517.58657480624,0.043997291678455,-0.534707016119019,-0.00019814664283194,-0.0207434824150786,-0.00100697489585573,3.03036651833535e-17,8.82759670695117
-62.6397374159632,-11.5162210789783,-695.271626903352,22.9011133201326,18.5610856100128,-4.48851185495575e-05,-8.45003758823328,11587.2769955828,-0.433230161030848,-0.274045353738786,0.00181956054453859,0.0315293852188535,0.00638257582696906,2.66098470381954e-15,-2.81385153271966e-13
-32.9121113952504,5.93710974809302,-173.412831951329,-39.1280636073481,45.5607839959929,6.91509345442624e-05,-0.249224112941478,-1.70782581708362e-15,-0.251969216199062,0.795784153001529,0.000744453800141133,-0.00779447903823403,0.00198879960563017,-4626.04406026931,9.07688142156324e-13
-31.8807026791206,-1.24198621061548,-236.520812079856,-8.24185703243253,10.4423230931081,-7.92564313424152e-05,-7.88400738571561,-5.2256144628893e-15,-0.86845426916741,0.275576440410319,-2.91540773309665e-05,-0.00569457756058956,0.00357982153717331,2.55236842401976e-15,-8.82812310648513e-13
-38.421625548512,15.7221936113844,-345.636389392131,0.261867061899028,-33.9214271756535,-0.000256381355135052,7.67422684768223,-6.9942493683649e-15,-0.134656698970462,-0.841849985456764,3.22804521543404e-05,-0.0281297329525361,-0.00203523475921977,-8.37070250255287e-16,-7.49164134104501e-13
-30.6525308709579,-4.31109832024648,-279.191835149363,3.22159179474619,-17.7142653218795,-0.000135934465760827,-5.16569457938582,1.15644711950492e-14,0.149024659703997,0.232815486841877,-0.000357938410471535,0.0055630824267091,-0.00127148956378115,2.76308547113751e-16,2.2001115546398e-13
-34.5256251533503,-9.36349798077624,-138.152960571015,8.65752963302205,-6.04436310863625,-0.00119326071640802,-10.6329732933239,4.63782593614131e-15,-0.0878717850067085,0.0752693722887369,-0.00149331489256067,-0.0440232057666485,-0.00708145458118639,-3.03543999546653e-16,-1.38439807716891e-12
-35.28779072278,25.9854399280743,-285.74857732687,-9.49864796326492,-13.527974770572,-0.000297736638648447,-1.83136582223136,4.05443323160528e-15,-0.221428094648806,0.396423970535957,-0.00174277114201231,-0.00705167980403971,-0.00800670071527867,-5.86858923043916e-16,5.40209676115695
-43.4158563025943,-8.29177927487053,-366.54954110958,-20.5043599775741,12.5118665967698,0.000151855314658978,18.2185968318418,5.72092020445552e-15,0.256764080494704,0.463541704852213,-0.00240991086024105,-0.0253496870827687,-0.000626672848471056,7.65168001662738e-16,6.99046236654322
-32.366200118836,1.961368535128,-327.86149770034,-23.9486355888494,6.78220506968636,-0.000413926181816283,-8.69125739203685,4.99912142594762e-15,0.427367294643758,0.998727693148122,0.00104885422559203,0.00769669422199308,-0.0140447984401576,-7.7040739193702e-16,3.15581177073127e-13
-37.71501785353,-2.74954781773246,-453.320885765116,-30.8029815648514,-14.7793875823187,-0.000261739192611993,-10.1088285118283,4.77458333645953e-15,-1.77798289035551,-0.3977095454829,-0.00208332020181988,-0.0420454736649853,0.0063345621367544,1.42347005777423e-16,-17.9310613135363
-49.0898891174771,16.2455329954496,-461.347476272239,-3.27987371701064,26.798230942719,-0.000584043657720161,10.5879446522269,-5.81599800201226e-15,-0.880868042406357,0.765268256889903,-0.000699401529635129,0.00922013502337914,-0.0325310865680593,1.09970041361752e-15,-8.60060000621758
-51.7208470055202,-3.05686971873601,-409.789535002055,-7.94561294346201,-19.4787409207521,-0.00069265992097435,12.9733149384439,2.39598513419702e-15,0.254233665581632,1.04743867387264,-0.00587810053356437,-0.0734270062147788,-0.0339278562503264,-1.51188465419086e-15,8.5512725820012
-45.5947053280683,1.90274443307766,-500.187209796019,-6.27382741200947,9.5124958643267,-3.70581486680607e-05,7.67615766624903,-5.17934189358896e-15,0.242461497313431,-0.736489955098525,-0.00384312814223686,0.0165787044871821,0.00818613526684531,-3214.30075556553,3.48223929936883e-13
-48.1418448427138,-7.12762840822197,-669.573315888151,6.0240974619166,-26.8670231792806,-0.000879392730076856,5.51885045062242,2147.58476799337,-0.532795319287784,-0.0993140391900337,-0.000608527617214838,-0.0135343326661212,0.0149738895521022,5.26869114074399e-16,1.6186851656758e-13
-50.0988136893181,22.7941376293704,-522.129009117327,2.8516074804747,-6.66897011806916,-0.000290114478648844,-8.6957527432577,-2.2812341033157e-15,-0.0107814374819265,-0.408245152666895,0.000911018492591742,0.00279407783400162,-0.0044044493529927,-6.36742722524571e-16,4.85697238563047
-43.6989449096707,-8.79784291797557,-52.4020759506156,5.31890507267948,46.5318439277829,0.000131810010860465,-19.2505492597758,1.40698185838726e-15,0.0514102510920911,0.494399208937527,-0.000578598917152108,0.00101467744280343,0.00763581130726563,-1.37724182932789e-15,-10.335774196666
-45.0538939494634,3.8250336390183,-502.614602655662,-1.19702013457132,5.86250784032616,-2.04956161022508e-05,-5.49134250892654,2.14267811207996e-15,-0.145970300107765,-0.0197965261922739,-0.0046716737436818,0.00791460866583159,0.00508720193452791,-2266.33965896809,1.71928868276547e-13
-30.7271610652106,-6.23535595499917,-307.098583614371,12.2001417595083,118.952139682891,4.51921764779224e-05,0.568939156839067,-1.15024317425689e-15,-1.12329541550265,-0.0789273400060234,-0.00395000473620285,-0.000960989330416089,-0.00100276093290165,-6.88996660550511e-16,-6.2316321509171
-33.4608976417164,-10.2748310967037,-43.2870305689179,12.2037514940298,-21.4514099424083,0.000390422570336758,1.94294888606038,2.00786863280603e-15,-0.574895173746598,0.421671360239276,-0.00793367248133422,0.0289674054194948,-0.00580820003776957,3475.37685969834,-6.38022882354572
-20.5897250783872,14.7559647593842,-13.1213306784256,-30.1749438275297,17.0285002909665,-8.44787554655196e-05,11.3513430920262,4.07318747222174e-15,-0.369625332630652,0.284875617874177,-0.0029121811177157,0.00579459591703751,-0.0193837288990772,3059.77394314517,-1.19695731380784e-12
-31.4472361642726,11.2211248566622,2.57494704774959,-34.7595304020948,-35.0405465249438,0.000240262843792757,6.44815930720157,1.09220439554699e-14,-0.69865837034406,-0.237853316562031,-0.00131436681996742,0.0109757173699715,-0.00857015843833059,-1.39198819532472e-15,4.57165842451446e-13
-28.1252697269512,5.79418961704313,-19.8246304946795,-11.2251819409946,18.5026027361101,-0.000510371186902465,3.58715981643348,-9.30741583805572e-16,-0.0871559960250451,0.53295871087706,0.00222854679608438,-0.0158197690829802,-0.0133597552059983,-2.22207427328829e-15,-3.34246450302409e-13
-37.6352324973027,6.86621631006067,-1.46992412317799,-23.0045340595724,15.443159566103,-0.0014746649934484,-63.3640089900553,2.10902305336416e-15,-0.11736345564367,-0.568632494557054,-0.00332944925706001,-0.0609905862163035,-0.0914639868507722,-1.10391987458982e-15,-7.39789356126447e-13
-39.5282349112265,-6.12975833591886,-11.6071444031727,8.83445740314616,-4.68254883521267,0.000193663622667458,-10.7970109667555,-7.94455603606483e-15,0.107627422800773,0.361717772173254,0.00120331127959639,-0.0553849729249538,-0.171185606770436,-7.83187458139955e-16,6.00979863369694
-46.1630902160975,5.34560569093297,-3.47972549489963,-9.13944927521469,-14.8201603254757,0.000333778286832219,-121.389753721679,-1.98140643554999e-15,-0.341374251159278,0.234509446302997,-0.00120956790522571,-0.0392890139474545,-0.195073861811166,1.82246312811638e-16,-7.87369169712003e-13
-35.0115980424874,-5.29802701338795,-15.1777429835255,15.2867523119067,94.498988201059,0.000523092147327914,-24.1610147541135,-2.2024031168483e-15,-0.363742782793394,-0.292080529806495,0.00157007220057413,-0.00126219779149735,-0.0513255750394939,3335.26295232117,10.1851030594413
-34.6151938945345,11.6122598954613,0.783042464234252,-10.3294355268628,-16.7169180428178,-0.00106011936442553,8.59010617247317,4.42238431990202e-16,0.0510232279901572,-0.0292248012601468,0.00115403448446065,-0.0336466145793166,-0.154423496978954,4.53925916798574e-16,5.34652329885592e-13
-26.2417868474304,2.31276818178165,-75.1644183497319,-10.9272602470326,-4.65166902808976,-0.000727546610724514,5.82253266669045,5.70798630561939e-15,0.185839253450285,-0.0790003815837123,-0.000984903912602756,0.0129652257149633,0.00337519414519609,8.23806558320553e-16,8.53720625815609e-13
-35.8403406902567,4.67434160064149,-26.4725023824472,-11.9521395353525,110.800854742228,-0.000359105448778919,1.6543128350361,3.20080062598901e-15,-1.22811570856751,-0.471776298735167,-0.00180338950792122,-0.00872855734374254,-0.0143769971619682,5.6492966377413e-16,-4.41400966554908
-33.6959812790381,3.02224792007153,-11.3052274797698,-3.18342116602379,-12.9131412764099,-0.00101176548348431,-14.1265778192467,5.5599066269214e-15,0.0767495340312751,-0.437415652172728,-0.00494128832703613,-0.0296780886750421,-0.0434790530293317,-1.25177594788032e-15,-8.6821873329743e-13
-23.6365808914896,6.23865961242641,0.297530592438535,1.44908298170117,45.397823415885,0.000202165834312405,-21.9539163820243,-2.05982935728377e-15,-0.792288421647399,-0.22832049368755,-0.00242666717905591,0.00785721898037442,-0.000807345512007798,5.89777952373595e-16,1.03076094777924e-15
-36.4166616815191,4.79412353312754,-9.64712306630013,8.96672138238741,40.5509982086641,-0.000588394104862764,-21.5623172815309,7.37541482709873e-15,-1.55956846657321,-0.688276498216794,0.00193354074995228,-0.0577917743789695,-0.0588680302489684,3484.03341793185,-5.69003484678923
-26.2761556884928,1.53236841237775,-24.4556222757567,14.4042035678951,19.5456502956882,-0.000187992399638781,-9.4462103706051,2.99853081906663e-15,-0.959178747158834,-0.453167554122128,4.71475928159479e-05,0.0114146037872534,0.00531625473578059,4.14264858074397e-16,6.76309707872343e-13
-34.438378641395,6.56532060233771,-6.42834057086302,-31.6514629854758,10.9972053076234,-0.000572352235549557,18.4256527241355,1.22006386743235e-14,-0.439477981313964,-0.0761841740201337,0.00159804196952186,-0.042948725201009,-0.00821586537608433,3097.21313226901,4.10478676776122e-13
-26.4415318316524,-6.25646988851083,8.04442683779356,-23.8401528930118,12.2333274917333,-0.00131202026588964,-8.98353395035489,3.66206955629031e-15,-0.478020917761462,-0.0185685853593887,-0.00379810211907024,0.00624181564102817,-0.0378846555254746,2.51018056729565e-16,-4.09497570301566
-28.0629235065192,11.9356678873498,-8.99293404501185,-42.886311229852,-3.08528929015139,-0.0012621535950143,-77.1773305904752,1.22317203281921e-14,-0.0677549994422439,-0.378139973693261,0.000677744242127872,-0.020931549925851,-0.0151215291820178,2.85040685208027e-15,6.77542481716371
-20.4873653371991,9.28954103647456,1.43708666580224,-5.35828646887418,-17.6645514932479,-0.000529114689966487,4.98345650287888,2.83544753301076e-15,0.0888971101687186,-0.258301602430256,-0.00314947242121191,-0.0423480648388101,-0.00315498479540351,-2.37978702699528e-17,7.13105228415185e-13
-26.9986900575619,3.30565469545919,-43.5760813627436,6.74319847738688,-21.5562612785848,-0.000120437116009465,-60.7236749931795,8.68888123579754e-15,-0.170603965415053,-0.735312027099136,0.000235681518752336,-0.0384732167475421,-4.52132431836985e-05,1.17838850124538e-15,3.324403524792e-13
-43.4420009449937,-2.48414729201828,-36.4140898911533,-9.25142244067411,-11.8736324274793,-0.000467066262094495,-38.7794873351069,1923.22907229814,-0.0480164463797677,0.0565204222581199,0.000235460962335759,0.0108830605551895,-0.0195163540361343,7.77037721220213e-16,-3.72629688704049e-13
-23.6628401876659,6.28067765525231,10.4997515473932,-11.5408008592505,47.2996703319761,-0.000632302588084708,-22.9453231736457,6.96602231055429e-15,-0.578191245254886,-0.071138222948184,-0.00287199899541177,-0.00417575288565725,-0.0189188168564259,2.00996602726203e-15,-1.33913580063442e-14
-35.3476753073283,-7.38898938975017,-44.0275963006338,11.2494345776132,22.1472205563585,0.000140607621881374,2.2885958327704,-9.0899295801486e-15,0.204217131516391,0.499083914361689,-0.00928326266266125,0.00392758065564705,0.00989508750518016,-2.4316694852613e-15,2.32108986591356e-13
-41.5112249725054,20.4936523769549,-20.7289170559223,-89.5124620232862,-134.770512246536,0.000121854541882145,-25.1650287689259,5.00320549678414e-15,-0.0498714945355382,-0.238850800610321,-0.00165878425851871,-0.016243741047169,-0.0113123680842321,1.34718272623566e-16,-5.46984169948391e-13
-37.3007469603512,-2.92234670853477,-34.5357531405996,3.07646349313174,92.6153367473588,-0.00104315591781364,-6.21410579003911,-9.04913194208356e-15,-0.634454960632745,-0.171431694147567,-0.0071744666192995,-0.0399851415144693,-0.0456340130782424,1.73398695170369e-15,4.74876561864561
-33.2424607016572,16.947389644436,-21.6590766697181,1.05445349831566,-29.280557518472,0.000302915005453947,-19.5120333403875,1.91569658761763e-15,-0.0552672617628134,0.799011642865072,0.000486748851073507,-0.0349295889698193,-0.00319540795367709,-4097.93078915947,-7.22709101689254e-13
-32.4838748186947,-5.31075492721227,1.65888889551381,-2.38903352495013,-22.1119241216146,0.000155501345723018,-61.2379251750314,-9.50355817626733e-15,-0.658197815176798,-1.32653984768377,0.000931078746523507,-0.0680125489381804,0.0160161465821907,-2.86777856470026e-16,4.61280737271617
-23.0724092632261,7.53598721771129,-10.3773906937684,-16.3856636080682,1.79119159493003,-0.000827867346843209,-24.8793054304176,1.33872642366068e-15,0.00590115434540269,-0.43758090697124,-0.00168087104417319,0.00460008578701624,-0.0111612520700965,-1.26191114134755e-17,1.21732553958411e-13
-34.4913350253686,6.47063299122929,-14.8967471315179,-37.1286103002588,-15.5924388312987,-0.00042528308253864,-21.0393792152666,7.683139452378e-15,0.0838153396123927,0.332099577631451,-0.00863389635009174,0.0182862561943242,0.00346809213544331,-5.97372137393637e-16,-2.24385278308568e-13
-18.2975811289347,18.6362487700363,-12.804837553035,1.04266961670741,-6.0724451797105,-0.000638231210091743,-18.1846842391437,7.26328381324235e-15,-0.137611748964259,-0.446134043499865,-0.000723772752639283,-0.0376112802966215,-0.016560092655337,-1.03674202808859e-15,8.50641333378146e-14
-24.4331346834302,-3.43291087226518,-29.30311622449,-0.0146856509737918,-37.5839593490833,-6.40839976820576e-05,13.3674746597367,5.4347242493351e-15,-0.625610596404567,-0.425055196475515,0.00194879311202439,-0.00184094776351582,0.000156157685254678,-1.12476447901855e-15,-6.05243319776091
-31.84561446212,3.10462664560797,-2.11149825637419,-57.2907398336216,41.7030237923543,-0.00156472052588014,-7.54173132951132,2004.04303390706,-1.10125257144025,-0.145670347995085,-0.00571216079009063,-0.0133384785748245,-0.00309552762201608,7.89679753769845e-16,1.02009318716311e-12
-25.3143687501337,-3.56031401659391,-47.785327534479,-1.72339732687423,33.2408826318694,0.000199191086329667,4.55322533419643,2.86452209914287e-15,-0.387510151562682,0.459199094698922,0.000685681994973078,-0.00823572033521749,0.0016350217846349,-1.46779901989633e-15,1.37424306541126e-13
-28.3824432138842,12.6255541924317,0.605558798111605,-11.1429042790502,21.0727998333112,-0.000196435031430524,-29.8912285291731,4.59062420592499e-15,0.186900873805667,-0.422310000492326,0.0016210334006588,-0.00617655675984524,-0.00759225539852994,-2.51030405080251e-15,-3.35101102368069e-13
-21.1143011868204,5.50532885474863,4.19568911232723,-8.75527394443355,-0.899987396407456,0.000165757060101828,7.18699520839594,8.1078567297332e-16,-0.275152908353827,-0.251366540988849,-0.000341448421429993,-0.0842068730365402,-0.034561376093228,-1.58388605195837e-15,-5.02486463841453
-27.4147371508001,2.24257685794123,-13.2260452316561,-13.7237317850959,43.385518883748,-0.00149988352501126,-2.90460617792207,5.27728490477258e-15,0.035764531247577,0.0900993766174775,0.000794519263127212,0.0161859524967843,-0.0181853464610249,-3622.55877947789,4.9938784615249
-26.2581525065865,2.27382568315575,-31.0301432882186,1.74826008540868,26.5804942325366,-0.000197531334435849,-22.9552293370804,-1.47018347862837e-15,-0.00314216011470846,0.658036879802487,-0.00229456596615621,0.00297290809902349,-0.0120917757027483,-6776.59481511324,6.2496617842709
-31.2989346664237,14.6824695824566,2.0161944662819,-9.37478887268469,25.2404609711954,0.000506318415109789,19.5083545423628,-5.38812080263191e-15,-0.815813454883606,0.805947154714933,0.00310811853499087,0.00751750635809523,0.00374350581976266,-1.59326044367438e-15,4.74749690070208
-29.6760493433608,0.529983639613106,-8.67043355357352,-3.51175949897665,103.11744946438,-0.0012618497303597,-6.33739891300062,4.13721676344395e-15,0.0589287554627497,-0.817251089580613,0.00166295508015165,0.0131226176393446,0.00259674393399057,-1.44397120426872e-15,-6.31761414816791e-13
-33.6118765960529,8.64260442028788,-12.1374935468773,3.45739752464519,-23.6352110205805,-0.000275414080854597,4.74012644895853,-4.63009094736971e-15,-1.02666174308569,-0.970702593262926,-0.000814186322440703,0.0105971145296415,-0.0028913688891963,3.56541619645034e-16,-1.16940304204535e-12
-39.0459687628448,4.21238138647348,14.8300116355711,19.6570199722882,-13.2841664955134,0.000446867806562235,-21.535909834145,2008.97323774385,-0.842200537284551,-0.0103765641011926,0.00396221801514112,-0.0220638752426234,-0.0081833852091695,-1.74052634179704e-15,-8.38278631337831
-25.9421186239266,5.4814472256377,-23.4533149677218,-40.9946300244309,1.2706821491252,-0.000708648671555047,14.3227451671388,2.77747761880688e-15,0.238097545606072,0.15208898259869,-0.00247555576527033,0.00231799057784228,0.00429900106096027,3051.01010054825,-1.44372913934763e-12
-31.9419484065755,6.34668480244208,-17.6646222948886,-27.1986665603696,114.992045026875,7.63137845341653e-05,8.22871750820216,-3.06484858179156e-15,-0.175287516229309,-0.968755881797579,-0.00661655993774315,-0.02187544498722,-0.00633208436371538,5.07648401505006e-16,-8.50123555376143
-26.8613519864898,5.77168168997989,-13.007569107016,4.06348039180708,-2.06164794346778,-0.000585264890671235,-29.3189559663924,2787.15807353213,-0.503086989305707,-0.202313850069069,-0.00354009581965756,-0.0382778094864918,0.00122622292850816,-2.08188409474867e-15,-1.0434737223983e-12
-28.2475134059732,13.7140408525095,-27.0525589882182,-15.8189035482815,-24.0863538717097,0.000273472140798965,10.4573517726988,2.64668935049184e-15,0.216697058670927,0.878580984134096,-0.00109636443366458,0.0199737156254935,-0.00690876410645665,-8.32848530769796e-16,-2.56712524471853e-13
-15.4458849241115,-2.12763443309963,-2.23850466252117,-13.8620242845362,-3.67370605637187,0.000157262885610412,11.5191777276199,3.59990193757214e-15,0.0408608891826345,0.521864907094133,0.00141959218611018,0.00430553195327923,-0.000796204480263618,-2.37655800699035e-16,7.04442500031898e-13
-21.8726775440905,13.5393411112656,-29.9771040404459,-22.0719075174342,13.2019952057366,-0.000594394505192149,10.6445063290321,-1.1882706338891e-15,0.041631936529132,0.107045160810638,0.000629921489641816,-0.029447871483507,-0.000872824864598066,2.03800315313197e-15,-6.14882524179236e-13
-21.4899281628692,-3.10781173733152,-0.659100419004553,-46.4492109101625,6.30020452295944,-0.000287412260488562,15.0735540494905,-8.7384748046362e-16,-0.453077798364321,0.362724479323013,0.00189352680531304,-0.00122710524622965,-0.000742626530715847,2.48942588001087e-15,-4.18013718961509
-24.338090932011,9.16054732145056,-14.8530134448924,-15.9187044930623,44.0879194484018,0.000173506514951433,-14.6904708053418,-1.66868454442128e-15,-0.741126359314996,-0.200843898645871,-0.000600012446839158,-0.00746351336165769,-0.0204167968435162,1.36686776609808e-15,6.61781433003299e-13
-20.3976606449476,7.34407232582969,-12.8680565811094,-55.4389355337325,28.5922636675482,-0.000627366348792895,0.318891345067967,1.8784427067603e-15,0.11368043982741,0.0998332166827409,-0.000466453807475025,-0.0141738843897881,-0.0105765143926195,5.5745442674161e-16,3.46687591814543e-13
-26.0657371267962,4.27983419166833,5.27053738373721,-31.4603487229441,-5.44580372821892,-0.00157650815997771,7.60758166137832,6.2246461495826e-15,-0.415073081445175,-0.24580839697627,-0.000834435309721982,-0.0160980885941147,-0.0269717244521117,9.64772304944151e-16,7.94624734809724e-13
-45.6310073373439,5.23783050619998,28.7093367218964,-83.5767052762289,106.365510476538,-0.00195301337067576,-21.479968366742,2.41153973585885e-15,0.173790491720539,-0.68569064797859,-0.00378433559756505,0.0323591841343876,-0.0113429372427556,1.91673933168267e-15,2.30415262006209e-13
-29.9828468239301,31.0601034287476,-43.5831653280505,-0.987075840416273,-9.74584705951437,0.000281306492398793,-104.550348636989,1.41414648460691e-15,-0.897603275701802,-0.638360928609906,0.000599207074200143,-0.0470908959898266,-0.0356228344794087,-1.0782637436151e-16,-10.122335857196
-24.3161607266815,-5.65844491386864,2.53694847688726,10.1543541246197,0.298444804892617,-0.000939331257039086,-0.0127080936709197,-4.23752781838264e-15,-0.0198541726857445,-0.300674825581044,-0.00378237082346552,-0.0112965458060707,0.00846743840140032,-3.6855979865331e-16,-5.71927812201712e-13
-21.9731678520295,-1.53969833680339,9.95646753488355,4.05296675913912,-2.99349505303138,0.000269386217429653,0.559767882912169,3.18842010250159e-15,-0.0221772312682102,-0.157854126573579,-0.00244611351763439,0.00714696584994998,0.00412399452848375,-1.64526879163145e-15,6.66737028162486
-23.5098090223351,9.16855105884467,13.7198232313908,-30.9217892921504,22.4062816250421,-0.000358644116985671,-25.2691345138082,3.48058042581752e-17,-0.61659048490838,0.2792615526782,0.00317651607092851,-0.00655655199120192,0.00652045746158745,4232.89786578063,-5.21314672201131
-27.3560309906492,20.02102404636,-73.5812388108652,-72.3323389985319,-4.68738545715653,7.39536051976122e-05,0.019445866287102,-2.09156804075531e-15,-1.51166936347198,-0.41927291545565,-0.00230690914272023,0.0124668347276944,-0.00125458919593888,9.38914031647847e-16,-1.07776733254121e-12
-33.3916912743016,4.76403354530492,-17.3149461374969,5.33625410967139,59.2651603052933,-0.000466339107920716,2.90576824545474,3.61926313468574e-15,-0.0797978874337838,-0.153417950604775,0.00137144764661545,1.856254149727e-05,0.00474308773319131,-2.33905907183611e-15,-5.20680678264233e-13
-25.3697605750427,5.57445185871237,-10.5548038162399,-33.7174117985216,-11.4105021313868,-0.000105441729821962,-0.195122619471473,3.09383090713781e-15,-0.191035625217498,0.458775149465212,-0.00864832998446287,0.000717630593417855,-0.000570580626559574,9.70782766440403e-16,-7.85475525951976e-13
-30.3348610502626,-5.62357554713751,-3.13073820503531,-15.8893168733573,-86.132075627897,-0.000241903293266548,4.96851586866737,-3.76139438108806e-15,-0.131748840892027,-0.0480146868726901,0.00148204066986594,-0.0327088150883171,0.0014711689667251,-3.5417257188005e-16,1.43815947183363e-13
-33.6926635822241,5.3633357328859,-19.5022014029274,2.84927306611977,-0.147256375863609,-9.94537177925094e-05,3.55574497676089,-9.70870799898055e-16,-0.798011449248803,0.174487557720942,-0.00370732215152928,-0.0519171737697813,-0.0206172814179236,7.04339264140742e-16,-8.96252656565811e-13
-17.5910050593536,4.60947041700674,-69.2054055668508,-2.606201032245,-5.74334452698298,0.000245601710468779,-3.80060946969774,2474.04499063089,-0.309756810058535,0.165605879152878,8.74053499180628e-05,0.00626806632804403,-0.00301694892542534,-1.54363379777802e-15,-7.67401659840917e-13
-29.6809724258939,-6.62098668532002,14.3962740081666,6.01133873359195,-49.0397114734181,-0.000135573440367761,17.6203991765175,-3.90218335348879e-15,0.436297323969116,0.301309047025273,0.00113547124187496,-6.19842556161498e-05,-0.020592181956208,-3.66584321028062e-15,-3.38553764315985e-14
-24.9870143342343,19.3399200703752,-13.5032501713935,-8.50806190389265,30.3391875617022,-0.0014378546146604,-22.9839369859393,4.00577142439139e-15,-0.320894292898775,0.0585678764882721,0.00131316477410675,-0.0167364529267338,-0.00479768642492577,-1.45468655852802e-16,-1.08051532649426e-13
-22.0422831972238,10.7586594911604,3.51437002178252,-20.539237756074,23.2558902961162,9.43349021832018e-05,8.75225326437419,2.07470276536318e-15,-0.302294421396338,0.0536042374469716,-0.00140728403751218,-0.0275941073363818,-0.0053923750774207,-9.70031236906175e-16,-3.81548508608467
-27.3829328276645,23.7990184884385,1.94335063635356,6.08281901570232,12.7848633326952,-0.000380357289260454,-0.201488058347103,-5.01331937969514e-15,0.0917976687806376,0.281611957668703,-0.00294029551907647,-0.00023083823165585,-0.0186598274280888,1.0937229428888e-15,-6.98700437799407e-13
-70.1431504882395,-20.2017033522665,13.1828255125832,14.6607019808021,-40.2634381401802,0.000571305152423458,27.5860508011794,-3.40860670365666e-15,0.436331651823221,4.79272123638225,0.00630981786643574,0.00625002014505171,0.0140923569333173,29306.2235957782,-1.18120480166748e-12
-34.1196899657832,-3.65404381479901,6.13238892646204,13.7980395412226,-1.62714435076786,0.000222150939082171,13.2630606166047,-1.44872677955916e-15,-0.284591298681578,0.836478855525328,0.00295629270349078,-0.0208717714301928,-0.0205742081028118,6472.58513574261,-8.4027321693308e-13
-57.2991257633733,-11.1878816847171,16.323019782573,4.77489920298931,-54.6422285046226,-0.00046678934129786,21.2858213853317,-3.97792119275075e-15,0.935870664765982,3.57559755433498,0.00514059348623723,-0.0411451415936782,0.00232469301625886,17714.1453232783,7.47563408232603e-13
-72.8346153538968,-28.9602253527433,2.04532678006125,13.806464642914,8.69111735969629,0.000749489994959038,31.0089564428796,5.05186880298824e-15,1.41820064169377,4.60819890569307,0.00433745804347266,0.0335513298621743,0.0164924950784489,25166.0250832161,-1.84786963747815e-12
-39.1342108066949,19.0988118449089,-28.7678492441558,-21.1892616925701,20.3554936712164,0.000441573969444215,11.3166673135169,3.93863347648062e-15,-0.0998152013055612,0.264378670588977,0.00263677583450448,-0.0314443099548635,0.000347745439437402,-8.27381696878893e-16,1.21312541632842e-12
-44.2337775398887,-4.98061012375485,1.9977898219611,20.8041289612756,48.5421313352077,0.000313501838420145,16.8116388275041,1.07105631048163e-15,0.625187340233093,1.64795275175021,-0.000455227414475462,0.0337652660905631,0.00282858545018113,7506.51438492696,-6.19977463244111e-13
-67.5670242804674,16.1952439625057,-16.3469799707033,-9.52226171011968,-117.083666893881,0.000702151433394835,-12.8130847264953,-8.69964239120498e-15,1.17005161069677,3.98373174565817,0.0128102572194422,0.0406018379202258,-0.0118372055304249,27964.348883875,-1.4175661653834e-12
-127.075009637159,-33.1526397776607,47.6532162132713,78.5987306388826,-577.054066047533,0.00168495843709995,146.913929719288,-5.10060855211822e-15,3.07211181763127,-0.134789962640789,0.0123784559563401,0.13353831316014,0.0459924130013015,25280.1467642718,9.96923005474747
-65.6580018967276,-1.86325410733049,-1.20295322533029,-5.5588791374684,-198.448802660921,0.000804679336975434,20.6889978425313,-9.34739616612839e-15,0.280300315627581,-0.489885150070199,0.00432853653594439,-0.0109521237304863,0.0194061744613169,10029.7837445106,-1.05431588285974e-12
-86.2335548579632,-8.51569969032205,8.870149617314,48.345187531146,-470.983191239826,0.00116361251959303,124.062058632009,-2936.91768917761,1.51132741481561,-1.00496847514202,0.00232212894857815,0.0622454907448015,0.0197157740374348,8172.7436667933,8.59255424442197
-91.7395359156539,-12.0121890230076,40.1966066314076,87.7041600404508,-591.336948573408,0.000962208662046366,134.783115186653,-1692.8219727752,0.88604556335259,-5.3211550032629,0.00299364124490128,0.0537984576956056,0.0199933441882298,1.24239289549643e-15,5.69428270624311e-13
-79.2474819363943,-6.89024758391076,35.9780740111529,23.9726079702815,-480.548042671895,0.000250229007274221,78.1262440445113,5.31063405204077e-15,1.04087024701375,-2.8437740735797,0.00624159369888668,0.0249844992084103,-0.0381902154485991,6.07350973933192e-16,-4.75808232942136e-14
-77.2122643159157,-12.2208823970171,12.5746265200748,26.9904374504091,-423.092647235929,0.000108315776272796,82.6523210063866,-2079.44835913557,0.669358823609954,-3.24935726564772,-0.00512771586670614,0.0110181515555167,0.0305345943421221,-5.07054179721505e-16,2.53586715807341e-13
-70.7584079738148,-3.98929806134914,22.3807534797026,17.323105954061,-477.234099152664,0.0011391800868866,50.8420715044581,-999.896792613089,1.63382905861129,-3.99708399086451,0.00460799268114925,0.0456180516384973,-0.019617533018054,-2414.13011855417,1.8723460663325e-13
-71.5955460238629,-17.5204416003623,-2.27273761150482,43.9884129360003,-601.901399647038,0.000295948923274897,108.288787773265,-1964.57542962544,1.69739495636971,-4.55457347070679,0.00332589331087984,0.011580198962677,0.0134937551209555,-2770.80018971999,6.87351557123938e-13
-64.9144111886946,-7.42680136380868,14.7732068165757,20.7330841407826,-375.89062554476,0.000240221629474219,2.08025907926593,-1774.12156049504,0.448487181583313,-3.2743076005822,-0.00206053579394311,0.0311574026267902,-0.0266941875551463,-5.28408520440069e-16,2.47515564956992e-13
-57.2412507547976,-7.27830090449819,12.8787430344901,4.7391074917838,-253.454985393798,8.49460648776304e-05,49.7285934026859,-7.56018189415262e-15,1.37709698670007,-2.67278182579103,-0.00192297293216821,0.0328656150478203,0.00125985826859424,2.35411028321342e-16,-2.79026182129668e-13
-68.7130117886015,-9.61543672618579,35.7854540150229,21.4655085457488,-462.515560136507,0.000754127848839044,85.3057633969342,-6.91582812880631e-15,1.02708581756957,-3.09691087260902,0.00137717171422068,0.030142933270708,0.0160152313901631,-7544.51358129731,7.69918199373415e-13
-63.5592651462463,-13.2045566895172,-12.2721839339154,8.18509216274369,-312.417604608576,-0.0014568333433505,92.1575022557012,-4.15155984494328e-15,0.261150041340889,-2.39861115450642,-0.00232232715969873,0.0302454090139968,-0.00741663564804055,1.37978368326401e-15,5.4020886103873
-95.2713904665118,-14.3064832000013,40.3287018173271,66.7634313091475,-542.943051709915,0.000924642191706052,142.335367506569,-2.22815022774715e-15,0.0116156650074936,-4.99939412225927,0.0052158185675728,0.121830493854625,0.0362979741817535,-2682.97608561731,12.6803440735233
-51.4983409779132,7.49532618051439,7.71404170532606,3.10681550239031,-192.169546608816,0.000183545295297661,61.5626929730306,9.38779715674781e-16,-1.04964858979684,-2.17817262770167,0.00201814418230887,-0.0152065063140721,-0.00254050002420957,5.86781382812775e-16,-9.13911095454338e-13
-51.7120687855806,-10.4247020565241,1.12265199806059,-0.650388953110112,-332.972964210402,0.000500581385531079,94.1754611388155,-1787.54709690828,0.890626159262954,-2.61119792291844,0.000651399962013288,0.0403350587945895,0.0117018249482979,-3310.27566345873,-6.34075790907429e-13
-70.0267047461192,-5.16018986609425,7.65779196538064,42.3392198869148,-368.135302866825,0.000152672904102326,19.1071069063281,-1614.43223227432,0.463949798616044,-3.75390964754155,-0.000647852331057786,-0.0238116242076076,0.0330662088630245,-1.70708377521186e-15,-4.2375297073582
-49.3426545987304,13.4459635656531,13.3619892767512,-5.43411580815801,-151.743253184607,-0.000267774998219814,21.9200878522565,-3.64783211395816e-15,0.852560009718983,-2.32264459932867,-0.000713180990700572,-0.000320972671562629,0.00235565981946282,-4.56272207376051e-16,-6.63345918297471e-13
-51.2106331827687,1.21907363170929,-56.7872592609158,1.29153674457264,-161.44823175459,0.000749518642301553,31.2203184561068,8.13813869071996e-15,-0.279745420821347,-0.389229726160949,0.00080681893942632,-0.0455418604886313,0.0040516233792523,-1.83936376840745e-15,-3.99007821215813
-67.4566029424952,4.30021484332632,28.2176038962842,41.5601939522686,-417.658228059669,0.000300397416087019,102.777769794273,-1534.25988089092,0.427582995563024,-3.36591396149083,0.00160613491864617,0.0618169925341388,-0.0150031825579422,-1.40505251959734e-15,3.27757025218551e-13
-27.3851323753997,9.22864948606963,-10.673424540161,-15.9225077947387,2.52441981249797,-2.11690462023163e-05,-0.739848416100145,2577.25413873355,-0.0067125117781028,0.889430660220159,0.000389091753533142,-0.00249524155296245,-0.0118438290366646,-1.19169530338262e-15,1.24255448680628e-12
-30.731014920148,50.785508288085,-0.24675996341706,-44.93034673004,-17.0960989884826,0.000342788873286591,-8.00449660513865,-2.54565402443424e-15,-0.287590894485324,-0.279718995034045,0.00207209754601534,0.0100625515732221,-0.00208280607048529,5533.8692856363,8.92154466953578e-13
-21.7176494906021,2.9690544971462,-2.52416731275014,-27.7833605343756,25.9775821619936,-5.43102522182945e-05,-17.790014072343,6.70015297556751e-15,-0.0910720071346291,-0.220608757945242,0.000275159400571831,-0.00906382432964359,-0.00756865269920136,-2.12500762585034e-16,9.44039937270884e-13
-28.9966436981386,7.19754321227151,-29.1625679998548,-38.6942978320609,20.3576908441742,-0.00109687577019833,-9.87856740094538,9.6584905539592e-16,0.144026546930896,-0.390831757025357,0.00117237527852757,-0.0559110912679617,0.0150766879475955,2.16371209129951e-15,1.18180574364987e-12
-22.3250341460507,-1.48104113416374,-11.231610776972,-1.95308303042441,-7.415442183408,-0.000546987376254684,-1.14969740664904,3394.84482174847,0.367629890482111,0.0820833151257806,-0.00530795394080487,-0.022539170041166,-0.0122378707795228,-8.46526339714013e-16,6.58980000939561e-13
-24.2632075626635,0.543471793800644,-18.1494450721236,-29.1680168634631,0.696229352811004,-0.000168352332095664,4.69488809477967,1.23539121984065e-14,-0.139837863760424,0.417469396783961,-0.00134887388050718,-0.00623795115934952,-0.0249503837279374,-8.4329888334902e-18,-1.35171374318278e-12
-18.1411896043469,-1.47205766193692,-12.7888960547579,8.95809034088861,-17.8956332323916,-0.000241019166507297,-9.7877439562546,-1.49733751804689e-15,0.0537039859237753,0.122655699690341,-0.00129920794822893,-0.00847452790577152,-0.0133392729597405,-1.12159378800673e-15,4.15940597409181e-13
-31.5189629506487,-0.79092914727361,19.0081484408293,-46.3846009784928,-1.17704499213431,-0.00090175116240524,-19.4368614440213,-6.84219875030423e-15,-1.25766558111308,-0.395045183096263,-0.00474486747160203,0.00548346595765456,0.00749938857480655,2672.8268565258,-5.10795409373318
-71.6182518794197,-7.76960558726657,32.4926724881806,29.1790843609645,737.086795593515,0.000867972656885896,94.0412435248849,-1.40416133891264e-16,1.89699192392569,-2.5943651802095,-0.000231520626922345,0.00650121804384129,0.0137354221502031,-1.63371564724153e-15,2.19257873434259e-13
-45.2448594638627,11.9668619479303,34.4155466488702,14.1410029458185,252.527848863119,-0.000244104376369453,25.1617252258043,4.77002091993442e-15,0.31845686144915,-0.309045084661956,0.00281302379520781,0.00417778569324871,-0.00279616442128265,1.8388583243195e-15,1.22053665911503e-12
-52.6833713584561,-11.8773982652738,19.8311879905022,13.8825956532964,313.499151208438,-0.000193195661992518,17.5959054832411,-9.69139130272017e-15,0.272711251060315,-1.36149146016904,0.0014306369504046,-0.00847307887748621,0.000234400677691813,4.11156258045603e-16,9.7188622852187e-14
-63.9759981764282,-12.00432988403,27.1078836361817,37.3824289357759,539.73077277591,0.0001655992885279,75.9001204031295,-4.10921222777378e-15,0.918159000570702,-1.33979404140377,-0.00284484725628874,0.00166275547252317,-0.00500783743078712,2.25164290757934e-15,3.97945112881045
-49.281558545001,-4.49160390760967,3.82553413678121,31.5982685528957,386.990598684009,2.19354048983426e-05,16.2561460049505,-8.46340399861984e-15,-0.172628113299278,-1.73209088824243,0.000754386300473734,0.0152626222544105,0.00710588068885088,1.09412824181214e-15,7.23343684792522
-52.3336851544191,-4.2068511580001,5.56277698664044,13.7366227866817,412.340520791143,-0.000370214787805997,3.83286322647063,-8.03845757156777e-15,0.230548825505147,-2.4265605197553,-0.000355609517133464,-0.0151580238134004,0.0061780050807221,-1.39253183177921e-15,6.21043841205701e-14
-48.656972152105,-7.41422054732225,-68.8492101880061,8.84630602685324,298.355959547195,0.000265765149851906,6.21530045569915,-3.99412039037213e-15,0.843520161803309,-1.15736547600723,0.000182417358337001,-0.0156917551800949,0.0184903356254647,2.22710406722037e-16,5.16169507004661
-51.4408632883106,-8.54201124275795,9.76971577864227,13.428193129019,276.87510708553,-0.000187465290276881,-28.1526373391486,-5.53147205611624e-15,0.234017194844508,-0.755236787121608,-0.00125237858541545,0.00742958542991439,-0.00078918379183515,-3.71293233528755e-17,9.24926465844531e-13
-49.9964244879432,-2.16414045197792,11.0812168316848,-4.09108326051312,389.635900334603,0.000646910249148724,27.6670924179971,-9.16967479770606e-15,0.509450327563542,-0.709085742427133,-0.00529697752502385,0.0378792665090583,0.00345439741022185,-4.686019458131e-17,-3.0208381234881
-46.6204152465449,-6.37397859711014,-0.358910098647193,-5.52176014461281,303.481861247021,0.000480152603794956,9.20313850278713,-5.7989930156582e-15,0.401828753543214,-1.23143072123424,0.00290558484755367,0.0113349837410838,-0.000113956485606699,-2.938705448808e-16,-9.97106406991092e-13
-93.8656369945078,-16.5206654336836,21.3814955520824,71.2977086750626,1032.71886769684,6.58834737527167e-06,18.8292722312206,-1366.01832846235,1.93081601512873,-4.39397791435321,0.00530432457908104,0.012847998348381,0.0354838423775235,-2.7675736501199e-17,-9.25318225532643
-57.1531673569825,7.5014578378926,-4.65453058903322,-1.16039429939529,515.613914054085,0.000166613030213424,88.6604212887335,-8.82196776133491e-15,0.75144345366211,-1.9229893425635,-0.00328160056022933,0.054334483935255,0.00534689055152111,-1.45142226952825e-15,-4.03864412206896
-71.6771118011071,-8.82540038435073,21.8834496780582,43.4486263726428,688.979603779936,0.000529694273702297,62.4739710095677,6.91259112377593e-15,0.345166796514046,-1.54341013082154,0.000370725639688485,0.0291305303509695,0.0072243330152176,1.10886309095973e-15,-6.95228786365088e-13
-61.183506852496,0.0967328202667483,-4.28718369571392,22.9251089016232,588.441989743989,-0.000678724467423421,9.12630698313058,1.68937321098641e-15,0.106048701442007,-1.97232510911375,-0.00242358245843394,0.0309284516132343,-0.00127726820062672,3.84030350386002e-16,1.0146662864356e-12
-44.0848198843114,-15.0338250791026,2.00988893677418,26.7293272240986,504.984469356026,0.00027137527336261,20.6651580344157,6.91806818222628e-15,-0.370836103178891,-2.19426593967804,-0.00189515540882768,0.019504237782416,0.010262933967291,-4.05667336865485e-16,-6.81368718801167e-13
-70.7594115407032,-7.28215347655469,-50.117219101503,29.4165909211956,848.880746106954,-0.00178757292413478,79.6857752624188,-1995.65618154775,0.741321399790019,-3.16247040903916,0.00186163968182485,0.0491994044695963,-0.000947143200854952,-6.84425156674771e-16,-3.55704639442602
-62.922578614511,20.6901887432026,9.22706908921865,5.44326384654481,631.555849176608,0.00063243579414006,22.4822933601945,-2.82313141673631e-15,0.682617562914933,-2.37717087647892,0.00311258698663531,0.0326027259572687,0.0134308891153708,-1.10316975990587e-16,-6.84722415821258
-58.2048556008254,3.00470046603617,-7.35474784392629,-32.8308540539151,226.019979768282,-0.000345849347533793,53.0282215298917,-6.76823064166199e-15,0.39555912547312,0.735521265612935,0.000441248344691631,0.019187077573977,-3.90367545260012e-05,-7.01509607704031e-16,-4.30533880123439e-13
-26.2671704992025,-3.88988109961657,4.72273145675499,-5.24825738971615,25.8334653145292,-0.00111465012395241,-5.33166726143472,-7.15667661178218e-16,0.08284404010198,-0.24978348188708,0.000181422074680057,-0.0350017855350129,-0.0240443740757425,2.01647625535207e-15,1.88582393932267e-14
-57.5320401239554,-2.55641760055792,-3.32014771366937,36.926698418378,-6.21745300478261,0.000470017598565998,3.77769945887288,2865.86480784662,0.576854161489703,3.12081932932044,-0.0467304950307707,0.0350814147489672,0.0187349528406953,-4908.90990106362,7.81714257026539e-13
-41.018408465383,5.80611380970308,-31.6509822781708,-26.5153840730002,-30.9083533372875,0.000130854775001098,10.9453641191374,7.29905017804107e-15,0.7579363521299,1.3315097948368,-0.02202106871466,-0.00750605974783207,0.0106898752288663,-1.97947357817592e-15,8.12635888528627e-13
-22.4316971627235,0.314943204293593,-6.89911981793644,-59.8988446327098,1.5847384022184,-0.000842227618072647,-19.0258385781345,-1.77668050939313e-15,-0.0386024949323119,0.113883356605002,-0.00457937151432056,-0.0155240538020779,-0.013761105335799,-4.51712001720114e-16,4.35538739894824e-13
-48.7826389904519,0.528488509613959,-18.2021805245861,32.1233001295143,-24.2799251396594,-0.000201119579610938,22.0288854732812,-2.09259361203866e-16,-1.09456596751566,1.72602681685118,-0.0218245070263385,0.000235276156591768,-0.00154591336604195,-2.13927119901226e-15,-12.7860171549426
-41.2021929898743,-5.04081763083157,12.6973859205423,-20.4445241372469,6.98065336590267,0.000286107896141193,8.16387743457027,-2.47896300729205e-15,0.395343925943112,1.04919008505513,-0.0280404082972406,0.00946781494248252,0.00538811029502048,-2.38247192889845e-15,1.09858976764028e-12
-75.3002018723212,-6.00798032263754,47.9894323930878,14.3118198096744,-27.3976512603829,0.000564233981270653,22.8717577660956,-1.10199024612524e-14,1.34225155798463,5.1928231025055,-0.0826489569198734,0.0443207047279505,0.00318135867988704,-4.76246871685872e-17,4.82688102390998e-13
-39.7509788772661,-2.94786414182931,-37.501368274451,-8.16843090123363,-1.55791855063344,-0.0010195697971712,10.0559523293923,2.94421687912738e-15,0.246621327337327,1.54024944091074,-0.0162265775606036,-0.0347907997532061,-0.00049571526397658,-1.60691068670272e-15,5.95351483180343e-14
-27.9424731141948,-1.87350567231478,-5.94694786205636,-5.05636182988574,17.0432811013308,1.84600429801114e-05,1.34856776191003,1.13584054677075e-15,0.00504890979929095,0.150519817150545,-1.0327464959711e-05,-0.0210207494624067,0.0117253327931659,1.7281123451915e-15,2.13987958512128e-13
-73.1526763050303,-20.9655096208859,21.5670063259573,8.16991872557003,3.68093475549976,-0.000695268993421083,-774.805452946034,-1563.17536331445,-0.680972051953692,-3.03639087631012,0.000879108873218958,0.0090305983320594,0.00755410835627797,-6.95627022879828e-16,5.61866810679539
-46.8575564210959,-5.75826767241059,20.8694083024749,18.7401579920832,0.0057368200481433,7.31079374551742e-06,-394.39024034115,-5.10998242111642e-15,0.251670261939075,-1.00456195453503,0.00260147279020166,0.0323446046331108,0.0259545649174178,5.86835078254754e-16,5.39403736692395
-48.3484438486761,-6.47696302340049,-8.82866069132443,-8.65614920657957,-40.4366844994833,-0.00075917284480463,-246.103770422677,1.37693171553338e-15,-0.507668344756972,-1.1078467874957,0.00214091806026124,-0.011898614820766,-0.00356308101810299,-3.8069870689125e-16,-7.34613512198643
-52.1744887234645,1.51145324842368,5.80013402735034,-6.89978426566834,-23.6657226418918,0.000511955548848176,-598.039218601401,-1944.9214026283,0.647602957188438,-1.94633706027793,0.0005301156712383,-0.00266822654913426,-0.00218989259086422,-1.6778666466513e-15,3.32694261464935
-32.3577492067387,9.40441809426688,-29.0475811926202,4.09591685550161,-28.8341638911181,-0.000170831782627159,-227.892748571174,-4.61268675820562e-15,0.415168680233228,-0.15398298003015,0.000206413305130975,0.00356056372629676,-0.000511820783096232,1.23518065000159e-15,-1.06610607159042e-12
-22.2032330269456,-0.976393388053843,-0.477055492806625,-24.7540986626069,14.9400053027293,-0.00113170212668674,-34.0435156243563,4.99243193552907e-15,0.211085466971108,0.0636914870190386,-0.00589695880419482,0.010263022932309,-0.000345639124318772,2.32370511324001e-15,1.78074859147859e-15
-44.5021490871768,-7.66765415789529,20.0171169877545,18.944484172969,26.7789960901312,-0.00110609461396074,-306.149897833656,5.7624891783186e-15,0.0482119876839011,-1.32910738315541,-0.00146426922708775,0.0153812769773159,-0.00865243625496197,1.95251158486758e-15,4.90281015084134
-53.8843952364781,-19.4564726571596,7.93851122598301,31.4256667926316,-15.6417338742491,-0.000302705013674803,-514.048801207084,1.55606008452978e-15,0.708603685181848,-2.19480328549425,0.00104665419698853,-0.0221714463947292,0.0284841607461727,4.19005766115271e-16,-5.97806598024281
-40.7611147130429,-0.576176335763545,-2.13880746922774,11.2334465960135,-22.9017843568626,-0.000575440314690306,-143.143763023328,9.7410508966081e-15,-0.525157364802264,-0.49537062419389,-0.00123128820745214,-0.028035178039286,-0.0480598599045582,1.81934258044554e-15,-5.92342317897706
-56.112408473392,5.34441118464731,2.14007085004196,16.2721312405139,10.8100401859486,-0.000870577755805327,-533.619076963894,-6.94886275253108e-15,0.300415494062172,-2.06190765092989,-0.00173295956499802,0.0591357026906369,0.034842238175463,-4.75254794919686e-16,-8.73754583615049
-34.5765725228377,11.3234120948707,-70.1328928706251,-0.582333483064234,3.04304761574955,-0.00126874620667341,-122.500914689123,-7.62368070795108e-15,-0.25795427286504,-0.286191026829756,-0.00297654293683651,-0.0216114330335309,-0.0297695508035189,1.41376005808192e-15,1.54525758189128e-12
-51.1105636311213,-14.4106083861978,6.43424209989907,10.0216420661539,-8.67809948042034,0.000118835089936973,-488.8622311727,1.10776604450114e-14,1.10088435151045,-1.37863578415896,0.00285860470078376,0.0287326097052743,0.0139939549632566,4065.78772589988,-4.96360044127827e-13
-36.3398272554438,6.92576415266635,19.9011614413352,-8.69095450654423,12.5023885946411,0.000400640415734164,-255.662879921226,-3.72660787054456e-15,0.0251814860197364,-1.2375877242998,0.00174622208882484,-0.00289955096025238,0.0119296699997223,1.38360153099764e-15,1.01612082739796e-13
-23.2979915319648,21.3986251928877,2.54735871710253,5.73521806271331,-14.2874211498431,-0.000200390596978248,-2.3333115698909,2836.55766012796,-0.180691994124583,0.111212446791782,-0.000741748183205162,-0.0580633929899248,-0.00472788755383383,-3.8719022373189e-16,-7.35873162789079e-13
-61.0588392425428,-3.10222618801121,6.17039529508175,23.4043609876526,7.509390762271,0.000133273073684112,-568.231673489189,-1896.76299488785,0.42777109334643,-2.65409313043988,-0.00403393258441477,0.0241558060051454,0.00563392957534748,-9.53110973015516e-16,3.72999157032197
-54.8356646971279,0.356088925467189,-6.7577548462216,19.4163305438988,-137.562682192445,0.00015366450983646,-207.342480121391,-1.41317225298194e-15,0.715988150344327,-0.31930164605522,-0.00126775075012004,0.0302314952221421,0.00424222512779742,-3978.85476196796,-6.11644060459291
-39.8661609451344,-9.70288021088854,12.0870480099254,-30.9842470934369,-55.6991657479814,-0.000107007843178173,-86.3266960219818,-3.46698215240104e-15,-0.206149119280517,-0.740694453361765,-0.00257875679757538,-0.0202485615866594,-0.00911083287872409,5.74059164227645e-16,-5.12769487793307
-41.9703483068939,-7.80098270269454,13.9256418936009,-14.5574411572817,-4.70030669829394,0.000155452388065006,-273.630469747575,8.55043729067946e-15,-0.18104266888316,-1.2094706268992,0.000595978842440148,-0.0185560336512996,0.00461764296950584,-2.53749759758425e-16,4.88792066802826
-47.5197375797051,-11.9937774914141,7.53782648037774,0.309252951303135,-7.47405908614186,0.000216499057254139,-477.878877009346,-1672.52893363735,0.610790176584996,-1.55717999788504,0.00142088531253125,0.0140744813311623,-0.0147980634157938,-4233.05523150544,5.2371338196986
-59.278698696667,259.611711104481,30.9029240232496,4.73255063705138,2.64664060390385,-0.000199894176887652,-334.200256269381,-5.44638503316314e-16,0.131680957164851,-1.39629532787727,-0.00338899894868483,0.0187136200286303,-0.00474490825586142,1.10202888067587e-15,-12.4795038327945
-46.1082494251203,181.388685137162,-88.5320718593993,6.81006526779476,14.45654323963,-0.000529018137587893,17.6652033874256,-4.71795926842811e-15,-0.172705374115725,-0.237518492668602,-0.00348942765459512,-0.0478222988496668,-0.0124731403944654,1.2146138717171e-15,-1.05247222206645e-12
-46.1335568511769,320.077453146712,5.22680851627786,-2.46749797577736,19.8098175431994,-0.00095947881760976,4.92996303216476,-2.39643702125288e-15,-0.35501500247009,-0.294503423407784,-0.00121694251863906,0.0165398767239296,0.00698911526082064,1.18194765528181e-15,-6.39277086600432
-49.4844834817505,277.588228997766,0.562513420607838,21.5550173200675,5.67071364456064,-0.000666763234872442,-1.52847796012808,3.05661616326862e-15,-0.205554649183672,1.03857671546184,-0.00318502531829005,0.00236711490188472,0.0151434607367262,-5.14075044629565e-16,-1.20478893876645e-12
-25.6965786086562,70.3413222715012,5.09918436065067,-12.9654393077215,-27.2656602216232,-0.000275249119831971,13.1380623649406,-1.77596107905977e-15,-0.320989944977718,-0.19101579601193,-2.10365987555914e-05,-0.00445405925331392,-0.00500867267931262,-2.54971617094498e-15,-8.98788630150319e-13
-40.3893741479898,268.306248863467,-19.5479667713066,-3.5626077305647,12.6639718383448,-0.00089013407541636,-5.02078353014015,9.66048486645025e-16,0.418433027088666,-0.487718920955253,-0.00298998130465471,-0.0235567405827394,-0.00909962974984864,-5.12290221616758e-16,-5.88203824271968e-14
-53.0438472039436,399.016722566026,-34.1610740931847,12.0581364951052,21.7625109812206,-0.0010076764333471,-79.6099357646622,3.92898091075088e-15,-1.25393872696784,0.0993915363774189,-0.00265299093094385,-0.0146636082522285,-0.022196848788007,3396.22536292592,6.27993855192184e-13
-40.9896060609884,238.013891094022,18.2762613824051,-27.4888268032372,1.45033674120681,-0.000262953514527485,-11.7030073406733,5.47981120710297e-15,0.397082095677859,0.478255053582261,-0.00262336964625314,-0.0369155857728296,-0.0218284707473754,1.23024181806392e-15,6.11304927913167e-13
-34.1125636486974,16.0308010799686,-18.745860946171,-6.46853873158227,-51.5352776249106,-0.000308993900012252,-13.506569545559,6.50617597946588e-15,-0.222268905244533,0.275326112295324,-0.00797894645783129,-0.0493410355390071,-0.0048175543812703,-3886.16190814632,-2.76326780879293e-13
-40.9628566167456,267.753042515918,8.48620194404083,-14.4619010759077,-32.804998906104,0.000141830715982897,16.4850614530989,-7.74849871327488e-15,-0.381422490029324,0.128236068978318,-0.000631783910811039,0.00952963281222283,-0.0043337140489763,4.8944277305391e-16,7.0578896108008e-13
-51.5543247895337,265.512734356044,-18.3664175022291,-5.51730261876483,-44.1331485895941,0.000256005744933383,1.04921169280965,7.11184527746794e-15,-0.294489939243994,0.201008218653608,0.00293627242870627,0.00932142324177967,0.0246755158524415,-2.43332185758172e-15,1.05398022361455e-13
-37.1183126238898,191.424486769768,-10.3011667330182,-13.3764327202986,-7.62446215581884,-0.000758092757220547,8.23778231819787,-2.31978792248243e-15,-0.547244317974809,-0.175806075819794,-0.000212289801066681,-0.0341638411966287,0.00833069023946579,6.93768074031261e-16,7.26504071900634e-13
-30.9499672070974,161.997258541323,-16.3571645283759,-52.7311662580032,-6.68903823859971,-0.000113329549652075,5.67118158866223,3.91941507111028e-16,0.0827181677848046,0.781510056967168,0.000952127838841032,-0.00379322681431662,-0.00766190406356832,2.07670112899067e-16,7.74806877389778e-13
-47.5747267508213,219.868444633183,-2.25036745003261,13.8356157860004,2.70476367204091,-0.000545607872521288,-8.83089211682509,1.90976471605815e-15,-0.0577729045057173,-0.06287482235692,-0.00177858778963915,-0.00639632217054557,-0.0272980439718752,2.22050395570231e-16,12.7232156633512
-31.5136393662399,62.3259981741349,-4.59436457133718,4.8209651816279,40.6987448103005,-0.000464930753613209,9.53746052538222,6.99047862929227e-15,-0.339815926961174,0.216983533722971,-0.00266708059115682,0.00329206768411073,-0.020560140192055,1.76435722969674e-15,-4.23755883844398
