0.563333
0.546667
    0.63
     0.7
0.616667
0.496667
0.706667
0.556667
0.486667
    0.85
    0.51
    0.41
    0.59
0.343333
0.653333
    0.46
0.516667
    0.65
     0.7
0.723333
0.586667
    0.57
0.593333
    0.58
0.673333
0.433333
    0.51
0.483333
0.363333
    0.45
0.526667
0.753333
    0.55
    0.63
0.653333
    0.61
0.686667
    0.81
0.573333
0.463333
    0.66
0.596667
0.516667
    0.57
0.476667
0.536667
0.586667
    0.52
0.553333
     0.7
0.596667
0.616667
0.633333
0.603333
    0.54
0.623333
    0.55
0.563333
    0.63
0.393333
0.466667
    0.55
0.433333
0.673333
    0.56
0.496667
0.473333
0.596667
0.666667
    0.48
    0.53
    0.52
0.506667
0.253333
0.506667
0.456667
0.923333
    0.72
    0.52
0.426667
0.353333
    0.46
    0.51
    0.67
0.363333
0.513333
    0.44
    0.72
0.773333
    0.49
    0.57
0.546667
    0.83
0.746667
0.513333
    0.53
0.713333
0.406667
    0.51
0.426667
0.556667
    0.54
0.613333
    0.51
    0.64
0.496667
0.486667
0.493333
    0.64
0.443333
0.686667
0.653333
0.636667
0.586667
0.716667
0.623333
0.703333
    0.45
0.566667
    0.63
0.643333
0.533333
    0.39
     0.5
    0.66
0.703333
0.446667
0.383333
    0.54
0.503333
0.573333
0.246667
     0.4
0.436667
0.413333
0.586667
0.486667
0.286667
     0.6
0.623333
0.506667
0.566667
0.706667
0.663333
    0.53
     0.7
0.323333
0.556667
    0.47
    0.43
0.493333
0.526667
    0.49
0.696667
0.506667
0.576667
0.483333
0.636667
    0.55
0.583333
    0.47
    0.52
0.476667
0.656667
0.366667
0.353333
    0.28
    0.52
0.516667
    0.64
    0.66
0.423333
    0.55
0.803333
0.363333
0.673333
0.403333
0.596667
    0.65
    0.75
0.543333
0.396667
0.443333
0.703333
0.503333
    0.37
0.346667
    0.48
    0.73
    0.36
    0.59
    0.61
0.653333
    0.47
0.546667
0.486667
0.496667
0.603333
0.473333
0.506667
0.503333
0.686667
0.703333
0.633333
0.516667
0.553333
0.616667
 1.13333
 1.30667
0.866667
 1.15333
 1.17667
    1.26
 1.29333
 1.33333
    1.17
    1.29
    1.11
 2.46333
 1.87667
 1.89333
    1.98
 1.26667
 2.37667
     0.9
    1.37
 1.23333
 1.48333
 1.39667
     1.3
    1.27
    1.24
 1.01667
 1.58667
 1.40667
 1.19667
 1.12667
 1.38333
 1.37333
    1.35
 1.39667
    1.34
 1.59333
 1.00667
 1.46667
 2.14667
 1.89333
    0.84
 1.12333
    1.18
 1.22667
 1.47333
0.993333
 1.10333
    0.99
0.926667
 1.89667
 1.71667
 1.35667
    1.09
 1.20333
 1.88667
 1.56667
 1.70333
    1.61
0.956667
    1.52
 1.73333
 1.21333
 1.39667
 1.00667
    1.29
 1.29667
 1.37333
 1.74333
 1.28333
 1.30333
 1.22667
 1.28667
    1.56
0.466667
0.546667
0.416667
0.416667
    0.49
0.383333
0.543333
0.556667
0.656667
0.563333
    0.64
0.666667
0.503333
    0.46
0.796667
0.483333
    0.74
0.473333
0.593333
    0.41
0.676667
0.716667
    0.56
0.416667
0.643333
0.446667
0.703333
0.683333
0.513333
    0.48
    0.62
0.376667
    0.49
0.533333
0.616667
0.736667
0.333333
    0.43
0.466667
0.706667
    0.49
    0.66
0.513333
     0.5
    0.45
    0.41
    0.39
0.653333
    0.49
0.563333
0.546667
0.426667
     0.6
0.553333
0.433333
0.773333
0.506667
0.483333
    0.57
0.503333
     0.5
0.433333
    0.51
0.323333
    0.55
0.496667
    0.58
    0.53
0.513333
0.523333
    0.58
    0.64
0.593333
0.453333
0.533333
0.626667
0.693333
    1.35
 1.43333
    0.89
 1.57667
 1.49333
    1.48
 1.38333
 1.21333
 1.59333
 1.38667
 1.49333
 1.80667
0.806667
 1.96667
 1.30333
 1.17333
       1
     1.2
     1.1
 1.29667
 1.27667
 1.36333
 1.65333
    1.68
 1.67667
 1.64333
 1.30333
 1.12333
 1.47667
 1.38333
    1.13
    1.68
    1.61
    0.96
 1.10667
 2.39667
    1.42
     0.8
0.906667
    0.91
 1.22667
 1.02333
    1.45
    2.17
    1.63
 1.13333
    1.24
 1.33333
0.903333
 1.29667
 1.28333
0.976667
     1.1
 1.27333
 2.08333
 1.78333
 1.78333
 1.63333
 1.65667
 1.68667
 1.87667
    2.09
 2.15667
 1.23667
0.913333
 1.29667
0.923333
 1.18667
    1.37
0.773333
 1.38333
 1.27667
    1.11
 1.05667
 1.07333
0.883333
    1.05
0.906667
    1.27
0.823333
0.606667
    1.62
0.616667
     1.2
 1.47667
    1.66
    1.43
     1.2
 1.66333
 1.67333
 1.41667
    1.36
    1.76
    0.99
    1.09
    1.47
 1.25333
 1.87667
    1.48
0.966667
 2.12667
 1.59333
 2.14333
 2.10667
    1.62
    1.95
 1.12667
     1.2
    1.55
0.986667
 1.34333
    0.86
0.773333
 1.29333
    0.55
0.823333
0.413333
0.563333
0.563333
    0.44
    0.62
0.343333
    0.66
0.583333
0.446667
0.703333
0.463333
0.656667
0.606667
0.356667
0.443333
0.473333
    0.39
0.496667
0.686667
    0.59
0.816667
    0.76
0.536667
     0.6
0.486667
0.433333
0.603333
0.563333
0.576667
0.656667
0.533333
    0.64
0.733333
0.603333
0.543333
0.396667
0.516667
0.416667
0.616667
0.476667
     0.5
0.576667
    0.41
0.453333
 1.05333
 1.35667
0.993333
    1.04
    0.85
0.953333
    1.08
 1.26667
0.736667
0.886667
 1.19333
 1.05333
0.693333
0.643333
    1.43
 1.02333
 1.23333
0.726667
 1.49333
     1.1
    0.75
    1.29
 1.25333
 1.20667
    1.17
    0.65
 1.01667
0.733333
 1.13333
    0.95
0.776667
    1.02
 1.28667
    0.94
 1.08333
 1.05333
    0.88
 1.16667
     1.2
 1.09667
0.836667
    1.45
0.923333
     0.4
0.383333
0.503333
0.573333
    0.28
    0.68
0.316667
0.576667
    0.62
0.476667
0.446667
    0.53
0.503333
0.823333
    0.65
    0.51
0.556667
0.543333
0.426667
0.606667
0.446667
0.476667
0.636667
    0.51
0.596667
    0.65
0.653333
0.636667
    0.45
0.453333
0.663333
    0.52
    0.34
0.436667
0.503333
0.406667
0.626667
    0.48
0.743333
0.566667
0.523333
0.573333
0.653333
    0.27
0.703333
0.486667
0.936667
0.436667
0.603333
0.526667
    0.53
0.556667
0.823333
    0.38
0.433333
0.516667
0.636667
0.463333
0.516667
0.546667
    0.42
    0.54
    0.53
0.376667
0.463333
0.406667
0.513333
0.756667
0.493333
0.436667
    0.53
0.606667
0.423333
0.566667
    0.79
0.526667
0.613333
0.396667
0.646667
0.643333
0.503333
    0.77
    0.46
    0.59
0.563333
0.586667
    0.51
0.486667
0.453333
0.403333
     0.4
0.353333
0.583333
    0.23
0.623333
    0.63
0.596667
0.436667
0.516667
    0.47
0.566667
0.233333
0.543333
0.676667
    0.56
0.653333
0.576667
    0.78
0.523333
    0.89
    0.63
    0.52
0.826667
    0.64
0.506667
    0.34
0.446667
0.316667
0.476667
0.623333
0.413333
    0.48
0.523333
0.406667
    0.56
0.556667
    0.55
0.316667
0.573333
0.386667
    0.68
    0.52
    0.54
0.486667
0.543333
 1.58333
    1.23
    1.11
 1.49667
 1.40667
0.873333
    1.35
 1.61333
 1.35333
 1.57667
 1.90333
 1.47333
 1.55333
 1.27333
    1.17
    1.27
0.866667
 1.21667
0.506667
    0.72
0.583333
0.566667
0.493333
0.493333
0.716667
    0.59
    0.56
0.486667
     0.7
0.473333
0.553333
0.553333
0.536667
     0.4
0.533333
0.786667
0.516667
0.556667
0.936667
 1.35333
    1.58
 1.52667
     0.9
 1.72667
 1.02333
 1.38333
 1.51333
    1.11
    1.27
     1.2
 1.27333
 1.16667
 1.11667
    1.15
 1.38333
    1.41
    1.19
    1.54
0.823333
 1.23667
 1.56667
 1.45333
 2.25667
    2.03
 2.28667
     1.7
    0.97
0.853333
0.786667
0.936667
 1.13333
0.906667
 1.08333
 1.38667
     0.9
    1.42
    1.32
0.583333
    1.01
 1.03333
 1.23333
 1.12667
 1.16667
0.793333
0.656667
 1.39333
0.813333
    0.69
0.726667
0.536667
0.543333
0.586667
0.623333
    0.75
    0.36
0.496667
0.316667
    0.37
0.563333
0.656667
0.793333
0.576667
0.693333
0.506667
0.416667
0.393333
 1.85667
 1.10333
    1.11
 1.59333
 1.20667
 1.09333
    0.87
    1.85
 1.59333
 1.80667
 1.10333
 1.40333
    1.52
 1.72667
 1.20333
 1.59667
    1.53
 1.61333
 1.47333
 1.29667
 1.19333
    1.32
 1.73667
    1.57
 1.40667
    1.74
 1.02333
 1.56333
 2.01667
0.586667
0.686667
    0.63
0.443333
0.506667
     0.7
     0.5
     0.6
    0.62
0.436667
    0.59
0.626667
0.643333
0.623333
0.583333
    1.21
0.583333
 1.29333
 1.79333
 1.41333
    0.85
 1.21333
    1.06
     1.2
 1.32667
 1.27667
 1.34667
    1.12
    1.23
0.916667
 1.02333
    1.33
    1.72
 1.35333
0.983333
0.986667
     1.4
    1.22
 1.25667
 1.25333
 1.10333
    1.02
 1.37333
    1.82
    1.14
 1.30333
    0.86
 1.61333
0.876667
    1.61
 1.24667
    1.29
 1.60333
    1.27
 1.09333
0.966667
0.763333
 1.25667
 1.05333
    0.91
    1.01
 1.11667
    0.67
     0.5
0.503333
0.493333
0.473333
0.353333
0.576667
    0.39
    0.44
0.403333
    0.61
0.536667
0.436667
0.606667
0.666667
0.566667
0.456667
0.656667
0.763333
0.646667
    0.48
0.753333
0.626667
    0.43
0.526667
0.636667
0.576667
0.706667
0.373333
     0.7
    0.63
    0.65
0.403333
     0.5
    0.51
    0.44
0.493333
     0.7
    0.47
0.743333
0.533333
0.653333
    0.51
    0.49
0.663333
0.613333
0.503333
    0.41
     0.4
    0.61
    0.75
     0.8
0.546667
    0.61
    0.54
    0.55
0.736667
0.463333
0.613333
0.456667
0.603333
0.416667
0.506667
0.546667
    0.45
0.753333
0.403333
0.616667
0.503333
 1.22333
 1.02667
    0.89
    0.99
 1.15333
 1.48333
 1.03333
    1.02
 1.27333
 1.09667
0.876667
    1.19
0.916667
 1.57667
0.966667
    1.16
    1.19
    0.85
    0.94
 1.04667
    1.02
    0.81
 1.24333
 1.24667
 1.55333
 1.36333
    1.22
    0.85
0.363333
0.616667
    0.59
0.466667
0.456667
0.446667
0.606667
0.586667
0.576667
0.516667
    0.53
