 0.74499
0.354981
0.573181
0.899874
0.640392
0.390791
0.748465
0.652146
0.526527
0.426764
0.627564
0.453728
0.751951
0.667718
0.829902
0.652531
0.672435
0.690925
0.456181
0.695442
0.885573
0.466031
0.478959
0.742254
0.501317
0.553725
0.607648
 0.62777
0.654451
0.618572
0.783149
0.788901
0.653427
0.594292
0.512334
0.759368
0.602269
0.603982
0.583043
 0.52264
 0.62127
0.571086
0.702983
0.977619
0.650851
 0.50991
0.435909
0.546416
0.497464
0.562445
0.522711
 1.54192
 1.44147
 1.48923
 1.42808
 1.18016
0.949129
  1.0494
 1.09396
0.950507
 1.48635
0.851906
 1.16269
0.498564
 1.09306
0.565685
 1.48251
  1.1554
  1.3283
 1.73742
  1.2357
 1.37386
 1.09145
 1.17864
 1.16153
   1.319
0.964114
 1.53836
 1.77989
 1.49279
 1.04248
 1.09839
0.884328
  1.2994
 2.39677
0.970094
 1.72743
 1.50607
 1.14135
 1.40803
  1.0924
 1.23988
 1.32112
 1.47881
0.476474
0.723694
0.543989
0.436994
0.571283
0.310561
0.420813
0.614497
0.276662
0.567156
0.677269
0.488363
0.619519
0.583903
0.674213
0.581419
0.363673
0.658295
0.474321
0.783945
0.624072
0.722692
0.641642
0.857176
0.981033
0.473971
0.520388
0.749847
0.528052
0.309931
0.288237
0.516956
0.444018
0.573804
0.798517
0.623852
 0.68662
0.489385
0.534308
0.444704
0.715763
0.477431
0.576032
0.464549
0.454355
0.595644
0.685482
0.473391
0.544168
0.643487
0.798912
 1.15668
 1.22843
 1.69691
 1.44247
 2.37825
 1.95899
0.967282
 1.37741
 2.01592
 1.62462
  1.9552
 1.48652
0.749311
  1.8683
 1.84334
 1.08389
 1.60764
 1.40503
 1.11653
 1.73466
 1.29388
 1.21266
0.716858
0.473465
0.710625
0.698177
0.420238
 0.63859
0.486164
0.832966
0.583634
0.540736
0.884692
0.645298
0.551534
0.548104
0.610434
0.512102
0.347766
0.409566
0.607356
0.674101
0.945297
0.449475
0.455004
 1.96488
0.845442
 3.12004
  1.7959
 1.45168
 1.17386
 1.65396
 2.17302
0.895263
 1.94858
  1.0228
 1.69183
 1.32839
 2.30362
 1.98857
 1.60745
 2.71091
 1.60385
 1.58903
 2.22504
 2.36191
 2.08746
 2.82276
  1.3985
0.760132
0.697161
0.586887
0.643957
0.649651
0.570241
 1.43528
 1.29607
 2.69944
 3.59568
0.898749
 1.21466
 2.04957
 2.79681
0.738319
 3.00514
 2.34967
 1.65356
 2.08937
 2.93551
 5.63858
 1.87869
 5.03233
 2.39835
 4.70398
 5.55109
0.999407
0.732306
0.542323
0.383845
0.797796
0.518627
  1.5557
 1.09222
 1.25673
 1.54225
0.938231
 1.34736
 1.72082
 1.40142
 1.43271
 1.30416
0.856485
 1.05801
 1.45396
0.938829
 1.27411
0.914588
 1.49832
 2.35064
 1.63572
   1.202
0.622596
  1.3228
 1.44676
 1.86176
 1.82675
 1.26482
  1.2747
   1.323
 2.01435
 1.41592
 1.30237
 1.68111
0.879607
 1.62894
 1.65597
 1.88687
0.560859
0.732064
0.525075
0.425535
0.708484
 1.05434
 3.16554
 4.39427
 8.18449
 2.17777
 1.58767
 3.31575
 4.64986
  3.8056
 4.32089
 2.58104
  3.2793
0.560576
0.505255
0.790756
0.710175
0.506325
0.731347
0.445289
0.574948
 1.98325
 1.45251
0.952234
 1.25861
 1.29449
 1.26441
 1.00579
 1.03273
 2.05506
  1.1176
 1.44291
 1.55939
 1.37117
0.671932
 1.84277
 1.30335
0.946989
 1.66368
 1.61417
0.615839
0.605571
0.718688
0.678703
0.491668
0.608841
0.690373
0.546116
0.495568
0.661712
 0.76003
0.360857
0.503145
0.532796
0.359228
0.562491
0.811427
0.880896
0.687014
0.597434
0.422963
 0.81999
0.747104
 0.45364
0.583088
0.971454
0.806694
0.751446
 0.65184
0.447713
 0.49364
0.715089
 0.76146
0.426567
0.794307
0.518689
 0.51699
0.624028
 0.65513
  0.6238
0.649661
0.683926
0.695184
0.473647
0.661963
0.636502
0.568387
0.459731
0.568293
0.544983
0.409024
0.781952
0.719466
0.560477
0.710131
0.625469
0.607933
0.790697
0.727588
0.492255
 0.30757
0.645141
0.458589
0.377057
 0.86166
0.335845
 0.66516
0.533497
0.527713
0.424249
0.552225
0.446937
0.561424
0.475779
0.460438
0.515187
0.484146
0.563635
 0.74683
0.475325
0.438945
0.579379
0.659227
 0.65528
0.377575
0.474487
0.770514
0.689151
0.407634
0.500287
0.608818
 1.20612
 2.03042
 1.64522
 1.35002
 1.20826
   1.795
 1.36133
 1.71795
 1.30825
0.793739
 1.07717
 1.91948
 1.09981
 2.31421
 2.23515
 1.71557
 1.75815
 1.82272
 1.26029
 1.58911
  1.5839
  1.0888
 1.41049
 2.68615
 1.87448
 1.36598
 1.76957
 1.29263
 1.12312
 1.00091
0.990911
 1.10099
 1.11832
  1.2399
   1.912
 1.29844
0.698853
 0.71288
0.614093
0.710037
0.641901
0.520254
0.753505
0.717833
 0.47592
0.435339
0.740416
0.570066
0.761401
0.728072
 0.94746
0.465056
0.686207
 0.77264
0.692238
0.452936
0.807763
0.620511
0.834651
0.818499
0.531208
0.608955
0.456729
0.637851
0.750238
0.597709
0.559822
0.790436
0.647317
0.508488
0.465063
0.487908
 0.42857
0.547592
0.604652
0.646856
0.494671
0.768297
0.444696
0.522699
0.617918
0.309268
0.409587
 0.47364
0.619089
0.540595
0.451592
0.715029
 1.25944
 1.86004
 1.43753
0.970247
0.643182
 1.00473
 1.13851
 1.05271
 1.25555
 1.68911
 1.25585
   1.058
0.904775
0.996909
  1.3188
0.499891
 1.47292
 1.71378
0.938656
 1.02205
 1.80546
0.621674
 1.36239
 1.00782
0.770508
 1.00645
 1.13193
 1.04596
 1.05638
 1.36366
  1.2664
 1.19328
  1.1337
 1.75759
 0.89456
  0.7331
 1.16436
0.362681
0.372147
0.727275
0.546037
0.666638
0.525658
0.500234
0.755723
0.608417
0.678045
0.561197
0.427654
0.754276
0.669251
0.497329
0.641416
0.583477
0.331599
0.961509
0.643741
0.482777
0.618928
  0.3882
0.798218
 1.93788
0.855564
 1.16214
 1.48884
 1.58035
 1.49199
 1.22566
 1.61911
 1.61091
 1.60798
0.863909
 1.31832
 1.17289
 1.71959
 1.89031
 2.01338
 1.03646
 1.17627
0.998765
 1.94532
 1.46886
 1.57451
 1.46682
 1.06833
 1.27579
 0.52379
0.621166
0.376237
0.561923
0.416543
0.735876
0.523725
0.400302
0.731666
0.612119
0.727503
0.528085
0.744373
0.453568
0.779074
0.613791
0.493732
0.519166
0.563223
0.595919
0.831619
0.659745
0.695975
0.950233
0.621135
 0.61441
0.772851
0.666118
 0.67383
0.534878
0.737272
0.836761
 1.33036
 1.39552
0.967737
 2.70454
 2.23463
 2.72784
 1.55069
 0.86957
 2.08702
 1.46685
 1.36895
0.914003
 2.09907
 1.62871
 2.50075
 2.01443
  1.8698
0.794377
  2.9104
 1.20999
 2.54071
 1.08872
 1.05865
  1.2517
 1.47204
  2.1912
 1.31224
 1.24028
 2.85993
 1.72072
   1.476
  1.5657
0.978086
  1.8195
 1.17512
 1.04947
 1.39722
 1.30782
 0.95553
 1.47885
 0.50793
 1.36918
 1.41568
 1.16434
 1.99646
0.677383
 1.02168
 1.01796
 1.02304
0.883099
 1.40424
 1.62347
 1.65518
 1.07571
 1.23773
 1.61925
 1.38629
 1.48061
 1.46849
0.961396
 1.11197
 1.14051
0.839846
0.865648
0.385299
  0.5351
 0.77128
0.704817
0.451898
0.379499
0.562788
0.437974
 0.67067
0.514388
0.496638
0.618611
0.485035
0.495623
0.504259
0.470956
0.728613
0.982738
 1.48485
 1.06287
 1.43246
    2.23
 1.35852
  1.0831
 1.89098
  1.5068
 2.05814
 2.69363
 2.47735
0.952337
0.882309
 3.15686
 3.54684
 2.44844
 2.17365
 3.34094
 1.56381
 2.70483
 3.42106
 1.59739
 2.49963
 1.61083
0.920044
 1.22982
 3.62309
  1.0568
 1.63422
 2.05223
 1.75947
 1.77749
 1.34333
0.853303
 2.00599
 1.01217
 1.36236
 1.01487
 2.66541
  2.1688
 2.16312
 1.45252
 1.30803
 1.43081
 2.44387
 1.11985
0.539136
0.526973
0.718027
0.786601
 0.45664
0.381749
0.482919
0.360664
0.836121
0.677639
 0.79272
0.422273
0.568446
0.484635
0.737162
0.505453
0.484505
0.725418
0.603995
0.548754
0.494648
0.563937
0.391751
0.397942
0.488578
0.544689
0.469693
 0.73106
0.399801
0.390282
 0.75889
0.676038
0.474849
0.499991
0.580215
0.585144
0.810308
0.627953
0.582487
0.471273
0.507742
0.693344
0.556401
0.744984
0.574262
0.405802
0.720835
0.587465
0.733615
0.708708
0.688338
0.458697
 1.54048
0.628729
 3.16462
  2.0462
 1.73423
 2.01887
 1.26649
 1.71783
 1.86135
 1.14275
 2.09393
  1.5286
 2.06845
 1.55617
 1.93358
 1.81922
 2.05897
 1.69014
 1.89875
 1.12476
0.757085
0.420462
0.447046
0.597891
0.579336
0.395121
0.562728
0.533397
0.587953
0.423056
0.485745
0.495657
0.527879
0.929267
0.472807
0.645873
0.601817
0.489776
0.647329
0.491824
0.670906
0.843454
0.625832
0.358383
0.688435
0.738301
0.597758
  0.5729
0.600164
0.652229
0.694198
0.715745
 0.59473
0.466244
0.800325
 0.61809
0.663483
0.517844
0.804309
0.790928
0.429738
0.446845
0.621838
0.438236
0.611578
0.461266
0.618597
0.686494
0.486798
0.677539
0.692147
0.430357
 0.58955
0.402138
0.541139
0.489473
0.445722
0.375432
0.531997
0.637847
0.592538
0.393338
0.532107
0.663837
0.418419
0.683465
0.668998
0.548835
0.336319
0.817898
0.759611
0.730881
0.792222
0.577833
0.558784
0.600583
0.651879
  0.7005
0.961867
0.715076
0.584624
0.630407
0.445807
0.648762
0.867574
0.461948
0.455517
0.516464
0.714478
0.712165
0.789632
0.673035
0.389984
0.677227
0.484353
 0.67959
0.503417
0.608463
0.573833
0.723776
0.774759
0.595674
0.586117
0.575613
0.717246
0.653086
0.570927
 0.69163
 0.47403
0.551836
0.438794
0.471665
0.621117
0.577813
0.761126
0.479146
0.470041
0.406277
0.554868
0.652307
 0.48708
0.779388
0.680562
0.447846
0.337167
0.507078
0.750496
0.689906
0.591595
0.431695
0.659041
0.552547
0.481669
 0.88365
0.479656
0.535086
0.707757
0.760037
0.485063
0.520546
0.673198
0.649119
0.427802
 0.60484
0.716681
0.411064
0.520004
0.585593
0.618088
0.986978
0.643391
0.606901
0.543303
0.719679
 0.54781
0.945637
0.419105
0.759839
0.611525
0.669496
0.488117
0.699047
0.706462
0.696791
 0.58315
0.573644
0.520424
0.320527
0.736228
 0.68088
0.619292
0.673053
0.867362
0.970611
0.874416
0.647147
0.523405
