8.92315
15.3459
 6.8701
14.1093
14.1158
14.7774
11.4203
12.1068
12.1447
16.6538
13.3004
15.8289
22.5873
11.6205
12.9283
9.96972
6.55194
7.48161
10.5286
23.1697
8.61811
5.22918
15.8519
4.70091
18.0674
 13.439
12.0673
17.5044
6.79052
13.7403
 21.691
8.75489
 13.925
12.9465
4.48561
8.30931
7.46667
13.2999
14.2551
10.0294
7.93452
14.4808
4.90399
 13.312
13.5031
6.03666
13.2531
5.98035
6.26314
 5.8733
6.73146
7.15457
16.1476
 11.014
7.23891
4.54475
11.3117
6.60007
9.09329
7.98754
5.16947
 21.352
4.28866
9.58573
8.93173
 14.693
11.8319
7.16218
10.1397
15.8852
6.71499
12.0014
9.33248
5.85107
12.8885
18.1893
10.6616
7.74302
14.7598
7.02139
18.8526
11.2257
7.71316
11.0435
 6.9012
15.7236
10.8174
12.2481
6.03387
11.8818
12.0721
16.9953
9.89008
13.2002
16.9036
9.19828
12.5857
7.92421
23.2361
4.73898
8.53228
21.2464
12.7998
 10.122
9.85821
10.4917
18.1288
13.5987
19.5514
12.4979
9.05091
13.4996
12.7915
 11.896
10.5429
11.8988
 14.293
9.57202
 11.478
14.2786
11.2263
14.1205
12.6321
11.5896
 14.687
13.1972
13.0529
8.24908
8.51581
13.0366
 12.207
10.1939
4.79341
12.6256
9.41717
17.3641
4.39069
7.25814
18.5743
14.1464
7.69434
7.25979
10.5694
16.3879
10.9294
7.43902
8.03019
6.71506
7.76986
5.65398
7.56285
24.0828
9.29631
10.3424
7.74136
9.13773
8.76888
11.5812
7.33347
 6.9117
12.7493
12.0922
9.00086
8.78082
8.32143
8.56831
13.6578
15.1444
10.2226
 8.0217
11.0771
 15.115
5.14577
12.3182
 3.6252
4.86354
 12.626
7.88081
8.90969
6.48794
5.10981
10.8945
8.84882
10.3019
10.2111
19.1943
9.29608
5.34265
7.98858
4.79902
6.64284
 11.778
7.51348
8.05401
7.58495
 12.105
8.78925
8.07245
6.91506
16.5671
20.3582
4.20189
13.8598
10.6101
9.61226
15.8023
6.73081
19.6663
8.79511
12.8917
17.4719
11.4032
12.8765
13.5755
 15.166
8.82802
14.4248
17.4494
7.75944
11.6096
25.2393
 13.041
 9.0427
9.78799
8.00119
 12.071
11.5446
15.9895
10.8325
9.57933
6.85911
 11.642
12.7638
9.49215
14.4229
10.9388
11.1558
12.5537
8.58442
5.79394
12.7118
9.02795
5.41473
 4.4324
20.6348
12.6855
11.7764
8.73124
9.37139
 7.3757
10.1527
11.4072
9.01917
12.2268
10.0999
8.92795
5.14861
11.2854
7.85457
7.73189
6.39024
8.70972
8.58057
10.2198
9.15681
3.29023
6.48039
7.58584
6.64052
13.5429
11.3432
 10.721
12.5265
8.87806
10.4366
9.52265
7.27781
9.13494
6.62663
17.4529
8.78989
9.94935
10.1173
12.3269
10.2075
11.5948
14.5676
3.17284
12.3017
9.55757
11.4696
 5.3004
7.35857
 15.152
8.69196
8.68863
10.7335
13.8615
7.75642
15.0005
9.39592
8.94139
7.89045
 6.5485
 7.0866
13.5275
9.22839
9.95402
7.26408
8.35572
16.2031
5.44745
8.93538
10.0031
7.48264
12.7134
6.62182
12.2815
6.93511
5.27963
15.3916
7.53085
  7.539
15.2852
 12.024
12.5379
12.5661
10.1888
4.96775
8.70544
7.61726
15.6784
13.4875
13.1445
8.70655
7.55223
7.10707
13.3746
7.67502
7.02403
15.2274
9.10565
12.5138
8.88305
7.61626
17.1151
7.93664
15.6947
17.9502
13.8557
7.22312
7.48961
7.63035
14.5951
6.78559
17.7089
12.0478
7.37804
16.5134
7.25477
17.5803
 11.734
14.1101
10.2339
11.4233
13.0716
13.3201
5.30772
 6.5893
4.04909
11.4271
7.26028
8.74331
 7.9541
 7.2101
8.20361
8.18287
13.5074
2.99502
 6.4777
8.59816
10.4259
11.7435
 9.9355
14.4275
 6.7051
5.25544
8.14858
10.5959
5.69885
6.81906
9.61398
13.0303
6.22269
8.67269
10.7767
9.30206
15.3158
9.06746
20.9624
11.5022
4.31036
7.81223
14.8679
6.82607
11.8563
 9.6597
7.91347
6.36618
6.33676
11.0706
6.16347
4.80168
14.0589
18.9862
 10.219
9.31733
5.92094
8.30885
  11.61
9.14937
12.6263
9.42365
  10.07
10.0225
7.86277
8.88652
12.5428
4.65483
7.28027
11.1567
4.51532
 12.535
 10.323
7.23254
18.9911
6.14594
10.3378
12.0958
13.9577
  5.489
 14.031
7.84852
5.98686
11.1214
4.27828
10.2149
8.04575
4.59459
10.3571
14.0232
9.30865
12.6016
9.20741
16.2577
9.28882
7.18364
6.39019
11.7393
12.1782
6.06127
10.4591
17.1859
 13.702
 10.399
10.3794
11.0502
7.16278
11.7352
11.1806
9.51047
11.4634
17.0288
 4.8287
16.6277
6.11605
9.78039
9.90843
11.8608
19.8089
6.90201
16.9832
 8.5855
15.7115
8.06855
8.54999
3.36802
13.6281
11.5542
 9.3957
14.0705
7.37816
 8.2591
11.0365
 8.7844
15.7341
 22.641
9.39333
11.5747
12.2796
6.74181
16.0928
3.70409
7.88924
  5.426
4.49491
8.27891
5.48503
10.5535
12.4842
9.01581
8.39019
19.5525
12.5174
9.70696
5.88006
10.5597
7.95304
10.0134
9.70108
14.8688
4.52531
6.36711
14.2765
8.38504
15.3739
15.1962
6.49003
14.3347
4.78552
10.5747
 9.1558
18.9188
14.5894
9.13683
6.22615
16.9002
9.43303
8.30754
11.9139
 6.5268
 10.034
5.79148
11.3623
8.17036
9.96871
7.43377
9.01845
10.1253
5.82125
11.7712
8.44686
15.9139
11.3865
3.82455
11.4142
6.86179
6.08032
6.22112
10.6106
16.4031
 8.7216
3.28088
  1.913
12.5479
6.75766
6.47906
15.0769
18.3538
13.2121
12.9403
21.4791
4.71792
14.7996
 9.7078
 5.5962
8.92909
10.8934
4.01713
8.02563
13.2431
 8.2064
4.60972
14.3718
10.0801
15.2716
7.50917
10.9604
9.04839
8.05103
12.7603
13.5716
6.95901
4.37906
8.12889
 10.724
12.5561
5.93955
6.98635
8.24818
8.06992
 10.172
4.46727
8.97409
 10.275
 12.025
18.6221
 8.7406
13.8376
  11.96
12.3321
10.4202
 5.5417
6.76127
11.3015
7.06692
10.0058
 24.094
12.0702
11.5357
12.9176
7.75009
3.63282
11.0187
7.76417
7.47275
9.76249
6.15465
 10.306
14.9497
 9.5203
5.11325
 6.5354
15.1117
8.56679
7.64806
10.9069
3.39332
6.19319
9.52051
 11.073
6.69379
24.6185
7.58173
 7.9718
12.9952
5.13746
2.58875
10.3311
9.61364
7.07782
9.87448
6.35001
 7.6487
6.37179
4.10689
12.9323
9.82994
 12.256
10.2545
10.2053
7.23876
17.8865
12.1488
10.0033
16.7893
8.12639
12.1546
14.4096
11.1179
9.31456
7.23159
11.8612
9.36817
12.1983
7.19479
20.7515
8.39757
11.0841
7.63606
11.6611
12.9978
7.25538
9.59426
6.60826
7.53542
13.6437
 3.2537
9.63336
10.0571
9.49362
17.2628
8.84895
14.5809
17.3327
  4.055
14.3655
11.1649
10.4003
11.6434
11.7859
9.96162
13.9408
8.22541
7.08492
7.83119
  8.737
13.0264
12.3632
11.9485
4.30539
9.25029
22.1035
12.3646
13.9565
8.52834
13.9552
17.4599
17.3044
16.5079
10.9647
 10.007
14.2476
14.0489
9.17205
14.8201
 11.846
20.9573
14.6963
15.5953
3.85903
 8.5247
4.73966
5.96189
 6.0462
10.4096
3.81351
4.00457
12.9697
9.02204
11.5218
12.2669
14.6179
 5.9904
4.03343
7.11697
14.2098
10.6743
12.2987
7.47439
13.7895
4.72278
10.0532
 4.0941
18.8367
10.8639
18.5549
10.4876
9.34189
 10.596
20.8825
8.36879
10.9157
16.6939
10.0426
5.20712
13.1799
7.30435
8.72457
11.6731
4.49996
12.0903
6.20536
31.4715
12.0239
40.2561
36.3686
33.6598
24.5422
26.7745
34.5981
38.7287
27.5346
16.6395
27.1933
12.5292
11.9604
8.59586
 13.158
9.38946
7.30418
8.57483
8.22016
9.64784
5.82669
12.2615
 17.796
7.86164
17.8819
11.6464
  10.22
 11.668
8.72144
9.84617
12.5242
14.5356
15.4812
11.9768
4.96096
7.74067
8.01192
12.8447
11.1872
13.5305
5.87916
7.24897
13.8253
8.28389
16.1983
14.8774
18.0297
7.37301
 6.4511
8.92537
7.33709
8.61017
6.17708
5.15921
8.15753
4.21015
12.2323
5.95139
10.8306
 13.701
8.15821
12.8486
7.01303
9.34713
14.2505
4.72724
9.07936
17.2333
3.79695
11.6482
12.4819
9.19271
10.3013
7.19261
13.5354
9.90792
9.48789
10.8482
7.80941
10.7079
15.1986
 15.893
11.6638
17.9324
9.01135
7.47072
15.8645
8.28802
6.86432
10.5208
10.4095
17.8038
12.0163
12.9835
9.50061
5.24976
10.5186
9.37776
8.44403
11.1508
15.6462
14.9416
17.8735
7.86989
10.7029
16.0331
3.71632
4.39062
10.1148
16.2353
15.8898
12.8856
16.3164
11.4991
9.76218
15.3391
9.19104
6.89188
6.21523
12.3835
7.69219
15.1107
20.0553
14.2406
  11.25
6.96288
9.74068
 8.8416
 9.1301
12.0165
10.6114
7.32549
5.45061
15.9489
 5.2026
6.94809
6.27555
9.84031
12.6342
10.3548
10.5861
8.80209
  12.97
15.0908
11.0833
11.4721
4.84202
1.87471
7.07703
14.9527
7.61933
11.1864
18.0838
15.7896
16.6738
 6.8813
 14.292
21.6303
15.8828
13.0516
9.56844
16.5145
5.69747
9.52346
11.2171
9.84487
9.44581
 15.254
8.09429
19.3492
12.9049
7.87317
10.8371
15.2655
19.5736
14.2426
17.5388
16.4625
11.9078
19.1197
8.73726
20.5584
8.37347
11.1768
10.0354
8.66554
8.58211
6.75831
10.6772
5.53508
6.22804
14.0307
14.4507
15.2049
13.4018
5.55854
5.98531
10.3741
11.5705
10.5346
 8.3411
10.6559
4.85348
10.3734
8.16134
19.3706
12.8984
8.86075
9.85802
8.01908
9.73626
12.0506
16.5333
6.84323
8.63459
7.96198
18.8562
7.12234
  19.78
9.14356
7.85355
12.2634
10.5825
 7.1243
8.85126
12.6938
