8.92338
15.3538
6.87129
14.1093
14.1158
14.7776
11.4184
12.0995
12.1449
16.6535
13.2996
 15.824
22.5901
  11.62
12.9303
9.96991
6.55098
7.48262
10.5272
23.1717
8.62897
5.23071
15.8566
4.70364
18.0688
13.4402
12.0692
17.5097
6.79132
13.7396
21.6976
 8.7527
 13.924
12.9392
4.48465
8.31377
7.46776
   13.3
14.2532
10.0311
7.93486
14.4799
4.90615
13.3163
13.5204
6.03952
13.2645
5.98046
6.26869
5.87243
6.73163
7.15367
 16.152
11.0136
7.23886
4.54454
11.3172
6.60565
 9.0928
7.98819
5.17002
21.3552
4.28873
9.58561
8.93024
 14.693
11.8305
7.16209
10.1385
 15.906
6.71684
12.0003
9.33487
5.85108
12.8917
18.1774
10.6637
7.74323
14.7598
7.02185
18.8465
 11.226
7.71652
11.0419
6.90175
15.7226
10.8166
 12.249
6.03348
11.8757
12.0722
16.9954
9.88754
13.2009
16.8998
9.19645
12.5851
7.92499
 23.237
 4.7413
8.53238
21.2478
12.8055
10.1235
9.86616
10.4976
18.1208
13.5989
19.5534
12.5005
9.05094
 13.496
12.7918
11.8948
10.5572
11.9013
14.2949
9.57109
 11.478
14.2745
11.2265
14.1303
12.6318
11.5862
14.6925
13.1971
13.0504
8.24495
8.51503
13.0345
12.2064
10.1916
4.79465
12.6288
9.42116
17.3631
4.39058
7.25885
 18.571
14.1463
7.69519
7.25964
10.5746
16.3896
10.9302
 7.4391
8.02991
6.71606
7.77534
  5.659
  7.561
24.0856
9.29663
10.3481
7.74121
9.13701
8.76896
11.5903
7.33426
6.91501
 12.752
12.0886
9.00003
8.78203
8.32755
8.57857
13.6539
15.1515
10.2203
 8.0242
11.0781
15.1188
5.14782
12.3189
3.62698
4.86563
12.6243
7.88287
8.91029
6.48807
5.10965
10.8949
8.85013
 10.302
10.2092
19.1982
9.29565
5.34426
7.98769
4.79851
6.64807
11.7903
7.51396
8.05772
7.58482
12.1035
8.78907
8.07209
6.91542
16.5813
20.3587
4.20523
13.8592
10.6103
 9.6122
15.8035
6.73313
19.6957
8.80496
 12.887
17.4676
11.4177
12.8762
13.5759
15.1669
8.82691
14.4239
17.4497
7.76058
11.6111
25.2355
13.0392
 9.0477
9.78701
8.00115
12.0707
 11.553
15.9955
10.8302
9.57789
6.85755
11.6424
12.7647
9.49186
14.4371
10.9381
11.1504
12.5551
8.58408
5.79434
12.7129
9.02885
5.41465
4.43245
20.6445
12.6861
11.7735
8.73209
9.36911
7.37786
10.1511
 11.402
9.01852
 12.225
10.0997
8.93051
5.14898
11.2875
7.86236
7.73151
6.39508
8.71763
8.58318
10.2185
9.16351
3.29082
 6.4803
7.59082
6.64026
 13.544
11.3422
10.7251
12.5271
8.88094
10.4335
9.52563
7.27825
9.13759
6.62445
17.4557
8.79431
9.94911
10.1196
12.3278
10.2125
11.5961
14.5723
3.17443
12.2998
9.55775
  11.47
5.29942
7.35717
15.1492
8.69208
 8.6889
10.7327
13.8647
7.75714
15.0009
9.39525
8.94145
7.88936
6.54562
7.08619
13.5273
9.23589
9.95348
7.26436
8.35668
16.2057
5.44782
 8.9355
10.0029
7.48933
12.7163
6.62313
  12.28
6.94034
5.27971
15.3917
7.53068
7.54534
15.2829
12.0238
12.5381
 12.564
10.1885
4.97027
8.70474
7.61771
15.6767
13.4869
13.1378
8.71639
7.55033
7.10573
13.3761
7.68022
7.02455
15.2239
9.11157
12.5124
8.88281
7.61599
17.1213
7.94676
15.6953
17.9534
13.8562
7.22324
7.48943
7.63024
 14.594
6.78233
 17.711
12.0467
7.38366
16.5106
7.25401
17.5849
11.7325
14.1114
10.2475
11.4249
13.0687
13.3214
5.30688
6.58716
  4.049
 11.426
7.25823
 8.7435
7.95261
7.20979
8.20281
 8.1818
13.5091
2.99518
6.47755
 8.5939
10.4248
11.7577
9.93897
14.4335
6.70591
5.25519
8.15086
10.6025
5.70307
6.82415
9.61836
13.0293
6.22298
8.67364
10.7774
9.30048
15.3229
9.06754
20.9587
11.5014
4.31218
 7.8129
14.8853
6.82619
11.8739
9.65978
7.91325
6.36546
6.33537
11.0707
6.16364
4.80067
14.0614
18.9851
10.2177
9.31654
5.92079
8.30918
 11.622
9.15198
12.6256
9.42012
10.0804
10.0317
 7.8651
 8.8872
12.5602
4.65469
7.28044
11.1578
 4.5154
12.5378
10.3263
 7.2379
18.9959
6.14399
10.3382
12.0958
13.9579
5.48869
14.0311
7.84971
5.98632
11.1176
4.28106
10.2139
8.04624
4.59504
10.3558
14.0216
9.30805
12.6024
9.20853
16.2524
9.28956
7.19056
6.39154
11.7396
12.1819
6.06527
10.4616
17.1866
13.7001
10.3991
10.3818
11.0518
7.16202
11.7357
11.1808
9.50998
 11.465
17.0325
4.82829
16.6273
6.11822
9.78059
9.90829
11.8606
19.8073
6.89947
16.9781
8.58462
15.7073
8.06654
8.55308
3.36873
13.6284
11.5498
9.39429
 14.062
7.37923
 8.2582
11.0372
8.79102
 15.748
22.6546
 9.4018
11.5752
12.2883
6.74149
16.0929
3.70644
7.88865
5.42566
4.49419
8.27671
5.48449
10.5651
12.4868
9.01575
8.39155
19.5596
12.5197
9.71846
   5.88
 10.568
7.95272
10.0163
9.69939
14.8827
4.52849
 6.3669
14.2686
8.39135
 15.375
15.1956
6.49011
14.3332
4.78492
10.5749
9.15556
18.9205
14.5888
9.13871
6.22719
16.9043
9.43271
8.31207
11.9153
6.53094
10.0335
5.79155
11.3679
8.17252
9.96815
7.43229
 9.0205
10.1247
5.82464
11.7716
8.45745
 15.914
11.3979
3.82437
11.4152
6.86396
6.08247
6.21974
10.6105
16.4043
8.72198
3.28221
1.91306
12.5558
6.75914
6.47957
15.0774
18.3548
13.2086
12.9412
 21.481
4.72135
14.7933
9.70743
5.59662
8.94121
 10.903
4.01922
 8.0248
13.2425
8.20656
4.61355
14.3688
10.0774
15.2752
7.51028
10.9727
9.04831
8.04989
12.7621
13.5693
6.96286
4.37913
8.12867
10.7211
12.5565
5.93959
6.98665
8.24785
8.06858
10.1724
4.46711
 8.9752
10.2747
12.0268
18.6304
8.73983
13.8368
11.9775
12.3326
10.4187
5.54059
6.76157
11.3011
7.06654
 10.012
24.0939
12.0698
11.5362
12.9209
7.74756
3.63436
11.0182
7.76498
7.47192
9.76341
6.15261
10.3061
 14.953
9.52119
5.11602
6.53327
15.1101
8.56696
7.65222
10.9082
3.39419
6.19378
9.51794
11.0713
6.69276
24.6339
7.58276
 7.9727
12.9929
5.13762
2.58869
 10.333
9.61432
7.07652
9.87447
6.34893
7.65709
6.37873
4.10743
 12.934
9.83269
12.2562
10.2625
10.2062
7.23695
17.8843
12.1467
10.0086
16.7899
8.13557
12.1536
14.4116
11.1159
9.31458
7.23153
11.8764
9.37481
12.2009
7.19545
20.7474
8.39886
11.0848
7.63605
11.6657
12.9992
7.25639
9.59221
6.61015
7.54497
 13.638
3.25497
9.63549
10.0572
9.49407
17.2613
8.84818
14.5816
17.3309
4.05485
14.3655
11.1642
10.4011
11.6505
11.7882
9.96121
 13.944
8.22342
 7.0835
7.83178
8.73684
13.0254
12.3644
11.9488
4.30481
 9.2525
22.1106
12.3744
13.9602
8.53776
 13.957
 17.485
17.3079
16.5327
10.9637
10.0116
14.2478
14.0741
9.17191
14.8187
11.8443
20.9579
14.6992
 15.594
3.86094
8.52666
4.74208
5.96385
6.04739
10.4089
3.81345
4.00455
12.9718
9.02362
11.5254
12.2626
14.6183
5.98698
4.03366
7.11668
14.2083
10.6744
12.3102
7.47387
  13.79
4.72552
10.0514
4.09611
18.8339
10.8736
18.5574
10.4841
9.35047
10.5955
20.8833
8.36701
10.9137
16.6941
10.0447
5.20788
13.1957
7.30418
8.72696
11.6755
4.49891
  12.09
6.20495
31.4698
12.0234
40.2565
36.3673
33.6569
24.5422
26.7696
34.6009
38.7254
27.5352
16.6395
27.1954
12.5292
11.9595
8.59948
13.1588
9.39358
7.30526
8.57664
8.21996
9.65976
5.82469
12.2613
17.7965
7.86145
17.8795
11.6441
10.2226
11.6631
8.71855
9.84599
12.5244
 14.538
15.4799
11.9757
 4.9609
7.74245
8.01181
12.8473
11.1897
13.5292
5.87976
 7.2489
13.8279
8.28467
16.2079
14.8776
18.0337
7.37132
6.45065
 8.9248
7.33479
8.61322
6.17811
5.15932
8.15745
4.21057
12.2296
5.95105
10.8315
13.7033
8.15831
12.8474
7.01255
 9.3464
14.2496
4.72959
9.07748
17.2352
3.79702
11.6473
12.4821
9.19133
 10.302
7.19218
13.5334
9.90688
9.48866
10.8475
7.80956
10.7065
 15.198
15.8955
11.6643
17.9368
9.01066
7.47064
15.8626
8.29132
6.86436
10.5206
 10.409
17.8089
12.0155
 12.984
9.50061
5.25195
10.5191
9.38329
8.44338
11.1516
15.6449
14.9435
 17.877
7.86972
10.7019
16.0321
3.71761
4.39195
 10.116
16.2336
15.8888
 12.887
16.3201
11.4988
9.76276
15.3418
9.19256
6.89071
 6.2146
12.3872
7.68948
15.1157
20.0586
14.2488
11.2629
6.96334
9.74074
8.84993
9.13073
12.0116
 10.614
7.32566
5.45092
15.9494
5.20557
6.94819
6.27541
9.84339
12.6384
10.3555
10.5822
8.80176
12.9688
 15.095
11.0843
11.4697
4.84004
1.87461
7.07703
14.9527
7.61941
11.1865
18.0842
15.7887
16.6769
6.88097
14.2921
21.6243
15.8804
13.0515
9.57074
16.5113
5.70098
9.52101
11.2175
9.84695
9.44566
15.2543
 8.0937
19.3448
12.9051
7.87278
10.8457
15.2673
19.5686
14.2437
 17.539
16.4625
11.9266
19.1214
8.73679
20.5633
8.37101
11.1722
10.0342
8.66692
8.58252
6.75838
10.6771
5.53703
6.22789
14.0261
14.4523
15.2043
13.4023
 5.5601
5.98763
 10.379
11.5746
 10.535
8.33952
10.6565
4.85491
10.3743
8.16209
19.3749
12.9046
8.86146
9.85735
8.02005
 9.7366
12.0495
16.5367
6.84302
8.63789
7.96227
18.8557
7.12381
19.7857
9.14243
7.85265
12.2774
 10.583
7.12185
 8.8514
12.6912
