    16280.3           0           0           0     48.8031           0           0           0           0           0           0           0
          0     5527.55           0     7.44794    -24.8761           0           0           0    -6653.57           0           0           0
          0           0      304.47           0    -1.94138           0           0           0           0           0           0           0
          0     7.44794           0       147.8    -4.97963           0           0           0           0           0    -2.37875           0
    48.8031    -24.8761    -1.94138    -4.97963     8.93959    -3.00066     15.6876     34278.4     174.774    0.971105    -15.0663     3.08384
          0           0           0           0    -3.00066     119.888           0           0           0           0   -0.299941           0
          0           0           0           0     15.6876           0     1106.83           0           0           0    -171.243           0
          0           0           0           0     34278.4           0           0 1.46797e+10           0      658185           0           0
          0    -6653.57           0           0     174.774           0           0           0      189693           0           0           0
          0           0           0           0    0.971105           0           0      658185           0     43.6276     1.65032    0.166967
          0           0           0    -2.37875    -15.0663   -0.299941    -171.243           0           0     1.65032     335.876     3.80037
          0           0           0           0     3.08384           0           0           0           0    0.166967     3.80037     341.623
