0.665946
0.737173
0.449728
0.762522
0.623708
0.607581
0.529453
 0.54955
0.478822
0.893649
0.614505
0.370101
0.659335
0.562491
  2.0443
 1.63402
 1.69815
 2.08067
 2.79003
 1.91161
 2.23175
  2.2156
0.842376
 1.21391
 2.13926
 1.24141
 1.71994
 1.68351
  1.6208
 1.90096
 2.60782
 2.04069
 2.11487
0.967461
 1.47474
 1.20919
 1.62649
 1.82676
 1.90638
 1.90785
 1.43404
 1.13726
0.527421
0.542931
0.458382
0.709845
 0.36384
0.662705
0.497335
0.692027
0.405443
0.579087
0.644891
0.833687
0.539553
0.514416
0.256255
 0.83689
0.634266
0.532339
0.709751
 0.37036
0.435836
 2.20688
 3.33059
 3.97235
 3.51727
 1.90809
 3.28725
 2.86729
 3.06996
 7.01238
 3.47175
 1.38379
 1.41929
 1.35427
 1.82612
  3.9353
  6.9196
 6.40789
 1.95766
 4.49357
 4.52402
 5.40971
 3.83068
 3.74984
 1.91683
 2.46405
 1.09252
 2.45414
0.747756
 1.95643
 1.43162
 0.91385
 1.24533
 1.42443
0.897949
 0.89191
0.628997
0.676448
0.721167
0.600448
0.705971
0.810118
0.539921
0.511832
0.590677
0.695669
   0.682
0.420352
0.783373
0.434319
0.631849
0.663609
0.607174
0.604294
0.515415
 1.10706
0.764271
0.687964
0.641234
0.400622
0.526367
0.689686
0.462785
0.606166
0.509087
0.520737
0.477958
0.808103
0.558803
0.652697
0.571026
0.392913
0.539921
0.620676
0.680398
0.546499
0.483416
 0.76603
0.846734
0.530971
 0.43935
0.746544
0.495104
0.541748
0.688232
0.643569
0.584591
0.557259
0.501194
0.732423
0.405725
0.600055
 0.39231
0.476363
0.760042
0.503929
0.742504
 0.81514
0.476458
0.670311
0.359713
 1.47269
 1.88384
 2.59419
 3.21727
 1.75892
 2.48875
 2.68038
 1.72807
 1.62236
 1.46184
 2.39817
 1.48218
 2.01173
 2.98218
0.839384
0.603637
0.632436
0.790174
 0.75682
 0.33494
0.561531
 0.54832
0.489533
0.497405
0.573074
0.419131
0.539859
0.630165
0.653357
 1.00354
0.609249
0.418574
0.732985
 0.59098
0.591986
  0.7498
0.542095
0.464139
0.345088
0.566954
0.512953
0.545909
0.936469
0.656413
0.556538
 0.59418
0.383848
 0.52765
0.601229
0.694741
 0.30567
0.619745
0.562255
0.605679
 0.52739
0.568597
 0.59159
0.652963
0.757984
0.941735
  0.3948
0.588567
0.701147
0.611116
0.544497
0.418466
0.530683
0.450593
0.550008
0.552507
0.638015
 0.74223
0.778901
0.778504
 0.63361
 0.90361
0.816749
0.510566
0.347887
0.756419
0.721248
0.538359
0.783788
0.996881
 1.74827
 1.93931
  1.8541
 0.85575
 1.48474
 1.12404
 1.51666
 1.16025
 1.18769
 1.11096
 1.04111
 1.38732
 1.53606
 1.18576
 1.86802
 2.34054
0.481801
0.309095
0.819497
0.717664
0.657693
0.678775
0.683819
0.610923
0.843075
   0.674
0.620816
0.442732
0.530974
0.609924
0.609518
0.366903
0.520597
 1.22368
  1.2414
 1.36709
   1.065
 1.37812
 1.91509
 2.41973
 1.88636
0.905681
 1.26714
 1.59563
 1.77794
 1.72781
 1.89734
 1.98373
 2.11994
 1.50608
  1.9884
0.807126
 1.24667
 1.78087
0.798975
 2.15814
  1.1857
 1.35911
  2.8074
 1.40985
 1.15139
 1.30406
  1.5197
0.962363
 1.30678
 1.98012
 1.29245
 1.41247
 1.42955
0.785175
0.638729
0.577217
0.648773
0.627847
0.621355
0.640579
0.439576
0.606409
 0.79197
0.826345
0.583708
0.925892
 0.51606
0.842478
0.514861
0.450082
0.397754
0.411721
0.411497
0.423671
0.521007
 0.36606
0.355044
0.506584
0.661062
0.711841
0.668106
0.623412
0.316298
0.691158
0.613057
0.580789
0.615941
0.580397
0.324666
0.621707
0.739546
0.622344
0.400674
0.540454
0.621148
0.695345
0.526988
0.711255
0.422775
0.512929
0.544172
0.645303
0.560134
0.528591
0.657868
0.528567
 0.69586
0.442815
0.742685
 0.58705
0.679047
0.700736
0.761992
0.530113
0.524535
0.583491
0.563043
0.580427
0.689323
0.891375
0.654403
0.678908
0.692103
0.608058
0.526936
0.501707
0.741906
0.656942
0.715928
0.660695
0.572889
0.647063
0.603853
 0.49351
0.824352
0.720331
0.728309
0.725512
0.687108
0.677107
0.583394
0.744861
 0.77621
 0.54906
0.614545
0.413028
0.584898
0.416653
0.432205
0.746851
0.550809
0.583959
0.428338
 0.61409
 0.70335
0.523039
 0.63915
0.851771
0.755991
0.528448
0.495742
0.613458
0.751512
  0.6774
0.401902
0.294554
0.463599
0.572135
0.444773
0.683953
0.733216
0.578263
0.492997
0.562854
0.547565
0.797384
0.565222
0.980951
 1.47938
 1.30171
 1.53606
0.630517
  1.2729
 1.34091
 1.31356
  1.2021
  1.1787
 1.39937
 1.46346
 1.66223
 1.14328
 1.67052
  1.7481
 1.14031
 1.89136
 1.58507
0.699893
 1.49736
 1.75222
 1.00565
 1.44216
 1.33376
 1.16042
 1.46506
 1.01224
 1.43911
  1.4997
0.804076
0.782071
0.990689
 1.73313
 1.32364
0.937692
 1.74563
 0.84907
 1.58104
 1.15453
0.699443
 1.30659
 1.46368
 1.60064
 1.04953
0.455982
0.754111
0.651053
0.702759
0.535786
 0.58391
0.669998
 0.71753
0.405719
0.938554
0.870161
0.871306
0.497778
0.695097
0.392299
0.737802
0.701541
 0.72262
0.618194
0.522798
0.443558
0.773344
0.532114
0.704066
0.478545
0.427733
0.580325
 0.79587
0.624202
0.609242
0.353977
0.599796
0.545323
0.670356
 0.51913
0.434538
0.573596
 0.34674
0.381359
0.398673
0.822024
 0.42964
0.523924
0.548094
 0.53546
0.573185
 0.89503
0.711308
 0.55931
0.660945
0.625334
0.684654
0.550561
0.612685
0.737573
0.684708
0.615935
0.661778
0.419835
 0.51413
0.522447
0.567022
0.420532
0.804124
0.484795
0.720602
0.593203
0.638598
0.972143
0.470099
0.422012
0.762869
0.372299
 2.09496
  1.4101
  1.9958
0.843543
 1.79272
  1.4059
 1.15002
 1.00824
0.889143
 1.15813
 1.37039
 1.06903
 1.04708
 1.71011
 1.32066
 2.59257
 1.67256
 1.39936
 2.36743
 1.04628
 1.57389
 1.64604
 1.78626
 1.30965
 1.04738
 1.36361
 2.05806
 1.99113
0.847925
 1.72545
 1.57639
 1.66601
  2.2725
0.860637
 1.21855
0.876139
 1.32366
 1.58513
 2.62614
 1.33358
0.494484
0.976019
0.551244
0.536864
0.598069
  0.7933
0.348583
0.528917
0.724516
0.509278
0.702663
0.642598
0.669863
0.450218
0.760255
0.567217
0.630049
0.692249
0.422284
0.849756
0.476072
0.524827
0.914731
0.463874
0.873882
0.846196
0.538248
0.574132
0.642814
0.469598
0.663826
0.434106
0.770502
0.446956
0.622545
0.682284
 1.96477
 1.23834
0.935491
  2.8184
 2.07611
 1.61906
 2.35557
 2.81076
 2.03343
 2.25922
 1.88904
 1.49747
 2.08208
 2.30492
 1.91895
 2.14234
 1.28905
 2.60495
 3.29511
 2.19136
  1.4986
 1.76191
 1.53963
 1.51164
 2.18533
 2.52943
0.867185
 1.49506
 2.05399
 1.46616
 5.44707
 1.50688
  1.8392
 1.52922
0.624709
0.459002
0.431491
0.609401
0.634461
0.811905
0.418847
0.769782
0.602888
0.605818
0.624533
 4.20964
 2.00643
 3.76395
 2.37766
 4.84606
 3.82656
 1.48627
 4.41484
 2.58944
 3.25635
 2.79174
 2.14849
 2.23288
0.822008
 1.15991
 1.08963
0.832638
 1.00554
0.780578
0.975238
 1.01937
 1.55701
0.946337
0.998463
0.729927
 1.60879
 1.26313
 1.77261
 1.26566
 1.98153
 1.45862
0.980522
 2.65385
 1.22557
 1.99133
0.705341
 1.75927
 1.33433
 1.20806
 1.28125
 1.14778
0.615208
 1.25713
  1.9118
 1.46438
 2.04664
 1.93236
 2.13891
 1.54343
 1.46218
 2.66581
 0.95608
  1.8919
  1.7724
 2.36949
 1.48763
 2.04278
 1.37755
 1.31308
 2.03488
 1.28032
  1.9857
 1.88523
 2.20989
 1.63273
 1.36538
0.993733
 2.30242
  1.6054
0.899497
 1.78916
 1.06666
 1.79312
0.533524
0.520414
0.845007
0.640016
0.581449
0.724456
 0.50592
0.404578
0.733367
0.597452
0.663165
0.618039
 0.54482
0.433067
0.770328
0.599046
0.669536
0.850144
0.593442
 0.76606
0.537093
0.451295
0.693977
0.750398
0.576063
  1.0727
0.462345
0.517827
0.725105
0.868703
 0.42898
0.570598
0.551594
0.366542
0.715298
0.791004
0.632723
0.719002
0.499302
0.449943
0.475188
0.552171
 0.85027
0.572249
0.650275
0.634735
0.461509
0.642035
 0.39278
0.632542
0.482414
0.452472
0.561951
0.622817
0.510733
0.518403
 0.47548
 0.35225
0.415263
0.450619
0.669439
  0.3339
0.428145
0.509219
0.383411
0.542543
0.669274
0.604158
0.740277
0.428548
0.513135
0.519187
0.459013
0.820261
0.548912
0.774506
0.708729
0.455622
0.515206
 1.44153
 2.01476
 1.51612
 1.33116
 1.65588
 1.39342
0.830733
 1.56219
  1.6534
0.912634
 1.80506
  1.0809
 1.56527
 2.46695
 1.07277
  1.7083
 1.41165
 1.59308
 1.46476
 1.65208
  1.3884
 1.12602
 1.48067
 1.30075
 1.74832
 1.25909
 1.70119
0.514085
0.430646
0.654488
0.682998
0.576702
0.823428
0.655053
0.641832
0.297256
0.579012
0.425589
0.980348
0.747089
0.511662
 0.69771
0.541148
0.595273
0.716527
0.405278
0.689518
0.530976
0.355773
0.742629
0.531841
0.821013
 1.26439
  2.6907
 3.70945
 3.09265
 6.11649
 2.49486
 2.40157
 4.55455
 4.70653
 2.48143
 4.24257
 2.40365
 2.46794
 3.04274
 1.81359
0.772193
 1.34773
 2.12888
 1.55184
 1.69014
 1.33787
0.832092
 1.27934
 1.99193
 2.05673
 1.89924
0.951099
 2.73072
 1.01247
 1.51197
 1.40701
 1.74668
  1.2267
 1.31159
 1.30418
 1.21965
 1.82167
  1.2825
  1.8536
  1.4385
 1.23662
 1.68719
 1.04637
 1.42562
 2.33397
 1.07809
 2.04935
 1.09169
 1.11265
0.529861
0.448881
0.564566
0.524295
 0.63471
0.735377
0.324879
0.653829
0.715301
0.615579
0.498893
0.768323
0.565458
0.564808
0.429792
0.580071
0.677819
0.416064
0.338209
0.465457
 0.47086
0.378475
0.617432
0.453306
0.674983
0.431889
0.476231
0.592041
0.591334
0.679429
0.466529
0.602461
0.527569
0.426619
 0.51729
0.540189
0.539279
 0.72544
 0.46531
0.684249
0.591956
0.544829
0.437822
0.688235
0.438395
0.544215
0.586576
0.609611
0.884538
0.516975
 0.48236
0.505329
0.588931
0.604639
0.400769
0.695541
0.266336
0.597902
0.648156
0.400433
0.427114
0.606386
0.662817
 0.47951
0.569023
0.785219
0.493403
0.526634
