 1.06017
 1.26148
 1.11079
 1.14283
 1.05679
 1.20608
 1.01037
 1.05549
0.981021
 1.03072
  0.9885
 1.02085
  1.0198
  1.0944
 0.99578
 0.97744
 1.00184
0.978066
 1.00965
 1.04524
0.995774
  1.0692
 1.01584
  1.0155
0.984094
 1.08381
 1.07291
 1.00955
 1.14164
 1.16741
0.981558
 1.06762
 1.10668
 0.95725
 1.00095
 1.06033
 1.09711
 1.05068
0.939454
 1.17408
0.936595
 1.08018
0.986119
 0.97093
 1.14124
 1.19762
0.828944
 1.00691
  1.0561
 1.08838
0.899019
 1.05476
 1.03569
0.929828
0.997648
0.975025
 1.08035
 1.06549
 1.09255
 1.02352
  1.0151
 1.13217
 1.10197
 1.06981
0.939905
 1.05711
 1.07669
0.976253
 1.01843
0.969448
 1.10619
 1.13074
 1.01991
 1.01786
 1.12135
 1.04711
 1.11434
 1.17679
 1.03557
 1.43154
 1.08903
 1.22158
  1.1391
 1.03486
 1.07248
 1.45488
 1.46006
0.999416
 1.49591
 1.21419
 1.11298
 1.30907
 1.31767
 1.07546
    1.26
 1.39599
 1.23028
 1.63428
0.947526
 1.16102
 1.00968
 1.29183
 1.12647
 1.04281
 1.15482
 1.08057
  1.1256
 1.03907
 1.04632
 1.11702
  1.2661
 1.42143
 0.98851
 1.05153
 1.00885
 0.97401
  1.0168
 1.25801
 1.00117
 1.06977
  1.3653
0.939888
 1.01658
 1.09662
 1.45642
 1.02231
 1.22836
0.937401
 1.09475
 1.00143
 1.16156
 1.01708
0.919336
 1.02098
0.985802
 1.18557
 1.03817
 1.31338
 1.28965
 1.23737
 1.46081
 1.01753
 1.06338
0.849561
 1.24792
 1.34885
 1.28479
 1.28168
 1.44574
  1.1458
 1.40884
 1.49918
 1.42166
 1.21463
 1.00432
 1.23418
 1.07937
 1.20744
 1.57906
  1.0659
0.984892
 1.15559
 1.05191
0.951445
 1.06815
 1.08619
 1.03916
 1.08817
 1.05002
 1.04276
 1.15167
 1.13193
 1.05747
 1.06592
 1.05161
 1.06924
  1.0809
0.964608
0.881543
 1.12475
0.861614
0.917975
0.872783
 1.18644
0.944809
0.889571
0.840675
 1.00765
 1.19297
0.974052
0.970857
0.954849
0.944048
 0.99488
0.908967
0.957948
0.933327
0.912253
 1.17145
 1.07805
0.973565
 1.06134
 1.08295
 1.05337
 1.12788
0.965242
 1.13782
 1.06842
 1.08703
  1.1178
 1.16503
 1.00042
 1.08778
0.999447
  1.1456
0.854844
0.995774
 1.00699
 1.10496
0.990119
0.963564
 0.98921
 1.01452
 1.13344
  1.2221
 1.15109
 1.08391
0.833739
 0.95096
 1.02078
 1.07768
 1.23404
 1.08125
 1.07528
 0.95124
 1.08649
0.968126
 1.02637
 1.01536
 1.01057
 1.07218
 1.10886
   1.102
 1.06037
0.933776
 1.16722
0.943193
 1.06038
0.910232
 1.06478
 1.28449
0.989528
 1.28875
 1.01325
 1.10709
 0.99875
0.984975
 1.10111
 1.13321
0.992105
 1.02866
0.884329
0.971326
 1.05159
 1.07899
 1.08554
 1.34337
 1.53837
 1.43055
 1.15005
 1.38159
0.869979
 1.33424
 1.58563
 1.29515
 1.08622
 1.39766
0.995138
 1.18631
 1.21096
 1.42186
 1.30438
 1.13932
 1.35768
 1.40079
  1.5889
 1.34531
 1.51685
 1.38875
 1.32174
 1.27351
  1.0515
 1.01972
 1.06268
 1.42485
 1.00792
 1.17192
 1.13711
0.853219
 1.01793
0.906754
   1.079
 1.15152
 1.11343
 1.13474
 1.04676
 1.10257
 1.15276
 1.22367
0.969707
 1.03472
 1.10438
0.864704
0.983921
 1.05007
0.810223
0.993882
 1.04363
0.872636
0.968177
  1.0601
 1.01591
 1.08627
0.980245
 0.91504
0.979652
0.967682
 1.16155
 1.04826
 1.01416
0.990942
0.933193
 0.86582
 0.94692
 1.18462
0.840408
0.871637
 1.02233
 0.94955
0.983627
 1.02944
 1.09964
 0.97494
 1.00662
0.993237
 1.03861
0.958044
 1.07322
0.904352
0.951958
 1.17495
 1.05549
 1.01358
 1.03713
  0.9883
 1.14106
0.967242
0.797656
 1.13799
 1.06118
 1.16816
0.954944
 1.09241
 1.02566
0.921696
 1.07983
 1.10887
 1.07291
 1.14192
 1.04979
 1.12764
 1.06964
 1.05118
 1.06067
 1.17628
 0.92109
 1.02019
 1.10284
 0.95034
0.948602
0.903806
0.977884
0.890281
 1.17522
0.968181
 1.01518
0.976815
0.876873
 1.08738
0.939305
 1.06105
 1.14327
 1.03463
 1.03614
 1.03509
 1.07748
 1.07213
 1.09141
 1.16957
 1.00461
 1.11372
0.948554
 1.01699
0.879409
0.968824
 1.15315
0.950665
 1.05545
 1.02903
  1.0105
 1.00169
 1.04258
0.959806
 1.18182
 1.09702
 1.10816
0.990632
0.956271
 1.04704
 1.11315
 1.03297
0.889351
 0.86743
0.927386
 1.62753
   1.603
 1.17269
  1.3419
 1.45097
 1.55513
 1.40809
0.965805
 1.14277
 1.38815
 1.18181
 1.32639
 1.23386
 1.16091
 1.16416
 1.32486
 1.05811
0.947203
0.989957
0.961617
 1.11416
 1.09206
0.964023
 1.04702
0.951858
 1.05397
  1.2905
0.962955
0.916513
0.990281
 1.01768
  1.0208
  1.1449
0.957885
0.973705
0.990305
0.903742
 1.06521
0.955263
 1.02121
 1.07945
 1.04805
0.992268
 1.03485
 1.10742
  1.0488
 1.00507
 1.18703
 1.10093
0.955562
  1.2307
 1.08061
 1.23154
 1.01164
 1.28008
 1.13016
 1.20595
  1.3251
 1.19813
 1.03958
 1.26936
0.886204
 1.02791
 1.05896
 1.12284
 1.09474
 1.19993
0.955698
 1.10989
0.942434
 1.29638
  1.3492
 1.10778
 1.20112
 1.00169
 1.14213
0.995523
 1.19144
 0.96372
 1.05891
 1.30778
  1.0347
 1.18707
 1.28758
 1.12856
 0.98792
 1.25943
 1.22525
 1.24533
 1.28123
 1.15453
 1.04421
 1.13424
  1.1013
 1.00638
0.987982
0.835817
0.918678
0.948257
  1.0101
 1.05895
 1.21932
 1.01637
 1.00584
0.935359
  0.8549
0.983041
 1.02714
 1.02331
 1.01389
 1.00072
0.941262
  1.0735
 1.30932
 1.18686
0.953503
0.854746
  1.5384
 1.36141
 1.28688
 1.26763
 1.04876
 1.27268
 1.11216
 1.04028
 1.16591
 1.18561
 1.28258
 1.11568
 1.13435
 1.23053
 1.00456
 1.46792
 1.05738
 1.08538
 1.17775
 1.11852
 1.18454
 1.54874
 1.05466
 1.10135
 1.21512
0.967116
 1.19021
 1.17254
 1.16593
0.969001
 1.10827
0.991028
 1.24394
0.893533
0.917913
0.932123
 1.19004
 1.04363
 1.09415
 1.11157
 1.07247
 1.11173
0.943712
0.902206
 1.02613
 1.03849
0.991945
0.951005
 0.88312
0.987296
0.986973
0.816607
 0.93922
 1.03683
 1.01879
 1.12556
 0.92668
 1.06333
0.929518
 1.08286
 0.93328
  1.0524
 1.14778
 1.26694
 1.07882
 1.07319
 1.07252
 1.07691
 1.07012
  1.1718
0.899599
 1.00867
 1.00064
 1.00179
0.923099
 1.15322
0.962943
  1.1066
0.975129
 1.04009
0.890821
 1.19861
 1.06086
0.985427
 1.01434
0.866398
0.855909
 1.04006
0.851243
 1.06531
 1.32167
 1.03164
  1.0728
0.970727
 1.00973
 1.10906
 1.06926
 1.15374
 1.07262
0.950047
 1.07559
  1.0782
0.886732
0.965716
0.987049
 1.05564
0.870542
0.859843
 1.11215
0.937821
0.881513
0.884582
 1.12988
 1.02312
  1.1144
 1.06069
 1.07839
 1.08223
 1.00034
 1.05141
 0.99402
 1.00745
 0.98041
 0.93607
 1.03532
 1.03628
 1.11705
0.894061
 1.20939
 1.21784
 1.04337
 1.08909
0.979578
 1.00054
 0.96553
 0.96248
0.926178
0.911187
 1.10582
 1.15161
 1.16056
0.895037
0.987534
0.958832
0.903948
0.999382
0.930436
0.930648
 1.01836
0.979373
 1.03856
 1.06629
0.927864
0.954908
0.940866
 1.02567
0.863508
0.925112
 1.12267
 1.03932
0.968247
0.985954
0.979082
 1.00914
0.897547
 1.04041
 1.19053
 1.06729
 1.15726
0.948243
0.953961
 1.08677
0.994915
 1.06781
 1.05912
0.885135
0.855337
0.894664
0.952997
 1.23535
 1.06467
0.992167
0.963006
 1.18289
 1.02237
 1.09525
0.957511
0.890442
 1.19495
 1.09703
 1.07869
 1.17747
 1.05516
 1.02893
0.951811
 1.11029
0.996274
 1.12351
 1.01461
 1.04155
 1.22384
 1.02039
 1.07231
 1.07431
   1.155
 1.04221
 1.12111
 1.07178
0.921933
0.916823
0.965477
0.863432
0.986301
0.954279
0.862777
 1.05611
 1.05951
0.993099
 1.06142
 1.00508
0.917325
 1.14078
0.947102
 1.11005
 1.10195
0.983303
 1.15163
0.939945
 1.06015
0.913853
0.978927
 1.07887
 1.12668
0.895548
 1.00902
0.883736
0.856515
 1.06206
 1.11935
0.939832
 0.89342
 1.12589
 1.05231
 1.02709
 1.13083
 1.06409
0.988485
 1.05764
 1.16418
 1.08775
 1.03287
 1.11575
0.894527
0.999207
 1.09633
0.947972
 1.06897
  1.0214
0.981993
   1.167
0.953373
0.944556
 1.20976
 1.00432
0.931936
 1.07651
 1.06917
 1.11053
0.905223
0.982172
 1.08063
 1.19882
 0.93553
0.965546
 1.02759
  0.9444
 1.02996
 1.04457
 0.96737
0.893516
 1.11467
 1.04723
0.981137
 0.90678
0.923599
0.884393
0.910699
  1.1538
0.984618
0.993862
0.902762
0.857142
 1.33411
  1.0806
 1.09005
 1.05335
0.855071
  1.0014
0.931682
 1.21403
 1.08843
 0.99345
0.957472
 1.07438
 0.95211
0.909707
 1.13895
0.987164
0.981674
 1.05906
0.950733
 1.08428
 1.15373
0.922923
 1.00503
 1.12289
0.920386
0.901201
 1.01321
 1.03408
 1.04221
 1.25951
 1.12098
 1.04396
0.940447
 1.04763
0.968118
 1.04017
 1.21486
 1.08492
 1.08086
 1.11239
 1.10855
  1.0894
  1.1001
 1.13407
0.978579
0.867653
 1.02855
0.936924
 1.05211
 1.03278
0.962841
 1.10207
 1.07693
 1.02736
  1.0647
 1.14469
 1.07787
 1.02167
 1.03136
0.978373
 1.12887
0.972834
 1.05743
0.972503
 1.00345
 1.09224
 1.01609
 0.98046
0.854988
  1.0419
 1.15752
 1.07797
 1.11585
 1.15288
0.894837
0.924054
 1.03345
 1.12975
 1.07119
  1.1003
  1.2327
 1.20066
 1.30848
  1.1373
 1.44318
 1.10466
 1.31612
 1.04595
0.952295
 1.21679
  1.2088
 1.08155
 1.27785
 1.15689
 1.07402
 1.11005
 1.20997
 1.18894
 1.13241
 1.03895
0.850055
 1.40369
 1.14935
 1.09116
 1.22961
 1.06414
 1.14965
 1.20235
 1.06579
0.900903
 1.03937
 1.03169
0.983905
0.968995
0.953368
 1.13903
 1.01843
0.927289
 1.05114
0.881294
0.800718
 1.17841
 1.02173
 1.03561
0.864279
0.994673
0.908786
0.943821
 1.11561
0.863617
 1.07661
 1.15791
 1.00752
  1.0752
 1.04614
0.991134
 1.11916
0.997835
0.867338
  1.1564
 1.11282
 1.01989
 1.00343
  1.1328
 1.10646
 1.01552
 1.15948
 1.05564
0.849025
 1.00404
 1.21655
 0.90137
 1.05079
0.970929
  1.0707
0.969203
 1.00571
 1.03876
 1.04922
0.992006
 1.00377
 1.11665
0.928499
  1.1672
 1.14022
 1.14365
 1.08653
