-3.06446084790935,-0.524097956782815,0.673852116138298,0.00144632279587864,0.0244437146934799,0.000474569533727845,0.00172012011806053,0.00201626605147614,-0.00208572496119315,0.000191246911389111,-0.000203743158122222,-0.00137665811494521,0.000362335737825513,0.00603967038098111,0.00658276677652771
-5.12403452544311,0.310706349765739,1.32858274617573,-0.00160941119425904,0.0205164174620841,0.000822867429968554,-0.00477020445299264,-0.00318640566183343,-0.0026096914418114,-0.000644194898438774,-0.00205687929225453,0.000326257309146311,-0.00196371851087997,0.011352219064225,0.0120087862675083
-5.90975586068937,5.29941425376148,-3.37735863154379,-0.00117707395533549,-0.0778418700456674,0.000306793181084798,-0.00220364019388364,0.000425427570030219,-0.00190665390715589,-0.00368619794733784,0.00311550591824581,-0.00214185719982342,0.00127277351234087,-0.00793902087541892,-0.0134631951320395
-6.84980572531388,-0.993232251676314,3.36219453319321,0.00963528590390271,0.190509375223026,0.0014743646978862,-0.00253962465171742,-0.000717209239534082,0.00406210583102416,0.00229404359612445,0.000385629631848275,-0.00174392618767742,-0.00191450520052521,-0.00258590780782595,-6.87373235397091e-05
-5.99843737470518,0.727694113525431,-0.477512316774989,0.00822963289771068,0.122859551970296,0.000795322592828213,-0.0034233205767142,-0.0037794336157333,-0.00121175584101133,-0.00104500209328601,0.000917718463243239,-0.00392058629556618,0.00159922892534183,-0.0041952405975358,-0.00259203911794958
-4.14955405293878,-0.888206638322015,-2.78772879817026,0.00766237496403025,0.134887670717612,0.0006254273358136,0.000715814815100807,0.00108097733633183,-0.00188064910082944,0.00106313499068847,-0.0021032518093137,-0.00265058930150017,0.00053817154538181,0.00703348551249035,0.00349737889458773
-4.17798179907725,0.419616354903918,0.997367504294961,0.00249440662738268,0.113913728680705,0.000615455372831391,0.0023392219914246,-0.000418971637224553,-0.000198350137950032,-0.000337085766768226,0.000662012752911785,0.000764047644747262,-0.00186779907105272,0.00369990589245685,0.00305675374566451
-1.86502475970885,1.14601232867162,-1.6252981292216,-0.000221766227750527,0.00297025662013653,0.000262449089807558,-0.00245904661731769,0.000693867771360659,-0.00123697093124564,7.02037826067831e-06,-8.48637290830406e-05,-0.000375601057448632,-0.000516359551991865,0.00120402417012478,-0.000505489591725027
-4.19750653807985,-0.76953212923022,-1.82452879303418,0.00642303938695419,0.116501767591775,0.000880699776282084,0.00163239674738184,0.000344629251298247,-0.00150594267353762,0.00106087033727747,-0.002341008916704,-0.00105613573101993,-0.000568809287064742,0.00535186747711465,0.00460851770730933
-2.80067201097337,0.19952988213675,2.78511936607953,0.000139910714732372,0.0588354812530843,0.000672503549985926,0.000180016364099756,-0.000887274555034017,0.000526664331041928,-0.000978193569084629,-0.00201066598284101,0.000429307884580381,-0.00143925122631789,0.00108219832160272,0.00260907895028063
-5.77642321479639,-1.05412582684025,-0.327363204578795,0.0117854981972159,0.150546962711297,0.0010923775153026,-0.00117837896198197,-0.00116071793301057,0.000986996789948951,-0.00415628603485286,-0.00189607853787965,-0.000421548776209751,0.000349966846555048,-0.00198922631719007,-0.00298393098024104
-5.12223421349826,2.51197219621437,1.94367171770947,0.000250130363100365,0.0236647060474742,0.000805779361518652,-0.00353952635972248,-0.00271485598022194,0.00141107092332096,-0.00158931199961097,-0.000795780635070834,0.00131443146862985,-0.000547936574688689,-0.00667769131769408,-0.00342501829653865
-4.09241285754536,-0.883620822498242,4.35266572618592,0.000570993612602019,0.018582794810757,0.000449982703306413,-0.00386896702630712,-0.00163499262029447,0.000553178095711113,0.000189307555024625,-0.000401124782792141,0.00155563661954461,-0.00257976972084582,0.00622589179931925,0.00867245640808232
-3.15319690761427,3.17995955154369,-2.8629861584438,-0.00167681823324816,-0.0790667956245307,0.000442750250560936,-0.00200935277312584,-0.000644443843706786,-0.00250879823313397,-0.000948795371963334,0.00308400703332601,-0.0012836812687089,0.000607764333956074,-0.000926974608491342,-0.00566525987971859
-4.23453081129721,-0.742296792083208,2.90097579902945,-0.000265363224274943,0.0346758439997397,0.000730240563853543,0.00104792964675677,-0.000159124530729914,-0.00138691360604029,-0.00296235917735955,0.000415116870421137,0.000872323764024567,-0.000680279396892754,0.00820825126437822,0.0116779303796926
-5.09831644168585,0.779071145595246,1.21119950730203,-0.000187367878182642,-0.0126744227085615,0.000825112562925532,-0.00537231808493744,-1.50911859155211e-05,-0.00156669396278016,0.00137239111330196,-0.000185863749599171,-0.000941774224943337,0.000115374759453149,0.00635713330604535,0.00893660522656979
-3.82425060570068,-0.131648727777262,0.725082410186103,0.00671752754771725,0.102873799107992,0.000711538410949648,-0.000778912170569592,8.30992442286892e-05,-0.000679473655956169,0.00235517030229015,-0.000638061420872168,-0.00167515561153014,-4.81667366173318e-05,-0.00184928328992603,-0.002230096792722
-5.50121918010181,-1.80708247851305,1.67928194064996,0.007866346325721,0.119607059527917,0.000607761490798764,-0.00419959550392423,-0.00256553455115926,-0.00167361507789481,0.000907266196070086,-0.000654927715601312,0.00121896979424857,0.00117968851306812,0.00655117341550513,0.00859961133590714
-6.14622753542056,1.20249051710636,3.27902361970327,-0.00166103673341604,-0.0497710996121139,0.000932780382183017,-0.00254430826066589,-0.00395058968250226,-0.00238922243616541,-0.000950858036682547,0.00139630847766066,0.00164984251303713,-0.00125087026081648,0.00738284376429514,0.00632751556730925
-3.44763660268329,2.78093581667452,-1.95557151307891,0.00118078426225379,-0.0169808921050678,8.01928141002203e-05,-0.00182360272175171,0.000406343847968857,-0.00124747865667558,-0.00158616205211457,0.00259606089297354,-0.000582238762196524,0.000341286066255308,-0.0069600946638685,-0.00818897094990902
-4.38147970245327,3.62861815425893,-0.859999274814093,-0.0022558846010119,-0.107700939401262,0.000358248116399337,-2.00065165795798e-05,0.00150973267152801,-0.000447348823322955,0.000573130157099881,0.00150063289196144,-0.00189386464663281,0.00205928670237151,-0.00402672843279134,-0.00586434342919185
-9.74477015678812,4.32668499470527,-0.413932739282002,0.00323426249245869,-0.0618550467815416,0.00140454130887483,-0.00164622954344487,-0.00625357245996438,-0.00378376286995287,-0.000715671937019744,0.00569488294406781,0.000411721913276027,-0.0042661574403697,-0.0134482065676196,-0.00235466502417216
-5.33015261257071,-2.88574134330318,1.64532502356582,0.00577688176413042,0.172627712263554,0.000618335335694714,-0.000569476158853182,-0.00270611774532258,-0.000512551752173783,0.00161169475404426,-0.00142514648406289,0.0013653704206363,0.00310504439286964,0.0148916921745764,0.0143333837744145
-4.6856369721269,-0.584420753402941,5.21468976218727,-0.00144322636424668,0.0326472581818572,0.000921570835274893,-0.00252819612404215,0.00140560279695858,-0.000180857523079151,-0.000742824007832128,-0.00100006667597156,-0.00093411044255116,-0.000843630400743492,0.00597909803253261,0.0119132773285773
-7.6553672768538,1.76879817817642,-1.78894461715141,0.00168549755943104,0.0752255583254168,0.00185635521022247,-0.0013045600615113,-0.00027437570879462,-0.000435730401157791,-0.00362655923075986,0.00230879882180771,-0.00648948828711682,0.0040167776932163,0.00432896808151498,-0.0023230987151494
-5.6413924550681,1.35128475166821,0.181261540793991,0.00383164958688667,0.0238770228528353,0.000743020213491024,-0.00132178236701584,0.00098157347347632,0.0013953333335033,0.00162053387234816,-0.000912859021241646,0.0011082310282946,-0.00152508043519117,-0.00329344710901134,0.000540250787401937
-5.61760198620727,0.104059067457214,2.85620237665307,0.00116472277276385,0.0675458304720885,0.00114070248641457,9.16030421108374e-05,-0.00229918763896687,-0.0015335476721456,-0.000237725995003375,0.00229215064059219,-0.000417846527814543,-0.00217545293247616,0.00157569475650328,0.00719077594035248
-4.56192333352401,-2.3715168987225,-2.28394723533366,0.01294233964899,0.191705601325617,0.00073434187729237,-0.00165187175033747,-0.000731230308696557,-0.00125747888672552,-0.00162754303074277,-0.00258603047007101,0.000753153987238683,0.000499416702385221,0.00617152592396965,0.0056915218454018
-2.35647403091745,0.322568917319007,0.024227016562648,0.00422324865159948,0.0434155914218022,0.00034392090360007,0.00146688331689788,-0.000404184078558308,0.000848131268817799,-0.000964215608153327,-0.000177421593650083,0.000871732064192559,-0.000290990192161319,-0.00400324338759227,-0.00273804974704389
-6.25160771922632,-1.66348130941512,2.46421779669379,0.0049389054094836,0.0912557931440424,0.000756355406668246,0.00231978745804617,-0.000336593519842511,-0.000109740761577369,-0.00192219664097905,-0.00122708045960319,0.00154994276388531,0.000603301686673248,0.00829082946714234,0.0118092373742711
-4.79876249672931,1.05741759839622,-4.47253999170238,0.0061664371886764,0.092174160596138,0.00090833093629507,-0.0010640773884219,0.000167871435468831,-0.00621003209217379,-0.00177582867390669,0.00207583359506717,-0.00133372159100742,-0.00118066975737811,0.00385109946956667,-0.000382790799138103
-2.60101260909838,-0.650136743815469,-1.62662926559452,0.00658192517848736,0.118176342206986,0.000744812082469471,0.000214546844076627,0.000154623513849924,-0.00103968921837206,0.000852682836100614,0.000283790830310348,-0.00179382308250385,3.46017529108634e-05,0.000640679232832098,-0.00197959253245071
-3.72514630775545,-1.72384387763831,-0.53376874753214,0.00998933291346896,0.285482984767874,0.00127877371472466,0.00387312985402993,0.000126499874195714,-0.00130736069348034,-0.00111915477642646,-0.000387711082316112,0.00151980439188794,-0.00342284081430069,0.00101872263748059,0.00120661703289784
-2.46031211220439,0.391746527323822,1.30624002617381,0.00239505336900064,0.0122878044144316,0.000415550245777802,0.00264211468868562,-0.000611782668372443,0.00102428592047276,-0.000735783223966791,0.000135256460424108,-0.000483169063828111,-5.43200153389045e-05,-0.00266202247143673,-0.00121326329786799
-3.11718418014337,1.64082502862949,1.5873456186681,-0.00328169421310809,-0.0540440795080378,0.000478244750200513,-0.00319238008217779,-0.000766392941170099,0.000183435813875033,-0.000903162571477037,-0.00186128450292899,0.00231684271368205,-0.000394523749935614,0.00137736666863426,0.00203118103965443
-5.17849955202027,0.554411901915105,4.05744474254835,0.00512642847598309,0.0929589571518753,0.00123081689139723,0.00234544584210224,0.00074825352913401,0.00128637255844192,-0.00107359340927968,0.000968331752762288,-0.00490843241929019,0.0015581393048691,-0.00964612169752113,-0.00557262334335306
-4.66838282049569,-0.0583098033241855,3.44502532038719,-0.00144950482947923,0.037762812080756,0.00158911150189025,-0.00411129194761416,0.00229951663594805,0.00979717971873063,-0.00370218773834112,0.00321217084712754,0.00166811463014565,0.00021186453163733,0.0104555944225886,0.0150108718265866
-6.96446854756332,1.81962679598575,4.82189633695101,0.00147110732209991,0.00833115140694237,0.00229653578460733,-0.00630681353919492,0.000718480928204967,0.0201876984008781,-0.00649627916509841,0.00915237432449984,0.00303327295243724,0.00584025969684832,0.00677822319571984,0.0069812462372481
-4.65029214997123,0.400763717109216,-0.977715415513596,0.00642529767042587,0.103126305917867,0.00205163895603442,-0.00104144983873243,0.00257242693782194,0.0160685347671718,-0.00208872124007874,0.0088194255288282,0.0035512514669555,0.00181287092399265,0.00597685092342976,0.00749517791504521
-8.52647626449465,5.86915911066426,-2.15818539818507,-0.00115494821144833,-0.0575861965299425,0.00088289819694138,-0.0073040703665133,0.00550502495363718,0.00954953113747854,-0.00470454959795985,0.0114697596959738,0.000351946350656728,0.0115562397547591,0.00306763234026008,-0.00275071222546789
-3.42271421831329,-0.0982728429170521,-0.230842248494151,0.0063727074084846,0.103061404119578,0.00113824609283687,0.00102641898233754,0.00138900559307754,0.00801645959579412,-0.00125880308627166,0.00370340272791301,0.00161886755705757,0.00141801130457495,0.000341840952042157,0.00148602128093259
-4.8624760191199,-0.387282992617464,0.813905279178737,0.00744326127402833,0.0831597781396369,0.00253384309635073,-0.00168392601836211,0.000343601914037691,0.0259003330610297,-0.00646164466059807,0.0108655875078504,0.00371033618863561,0.00703829778616161,0.00746333241084971,0.0133527499838303
-3.41274128476065,-0.697077611465216,-1.52696848570338,0.00593084594310018,0.0805494792025681,0.00129149510439927,-0.00441055619548448,0.000991989358052394,0.00496496189478849,-0.00202659581319368,0.00422363626336904,0.000892928141548287,0.00265168190745767,0.0079538342341934,0.00564111937251451
-8.07927869616688,-1.71698350891001,5.42127599332796,0.0080254907399569,0.275625678344082,0.00357224306595372,-0.010894308828087,0.00120282073908651,0.0212769226523193,-0.00613059499164004,0.0102826974510137,-0.00540697588862552,0.00756812536149553,0.0107163222205904,0.0150851408648131
-2.60472957779012,0.814778708010385,-0.319122078143223,0.00238403288438327,0.0422708114179177,0.00122688495925352,-4.90091577336194e-05,0.00113269361372563,0.00724746129652883,-0.00213865168431018,0.0064762710241798,0.0015116816865847,0.00353742936528855,0.00378417393227312,0.00236763728552429
-7.89192329059034,-2.96447409959873,-0.492638801205693,0.0159521182706543,0.23460652813979,0.00236404786761927,0.000342521688525941,-0.000644254711816513,0.00604430454827712,0.00103344421823484,0.00325275490862823,-0.00205697159447322,0.00350731697171681,0.0110312439460691,0.00951474662413488
-6.03070101795898,0.375281629539278,-3.42810732499401,0.00880766822071888,0.0925290649775777,0.00253188117550641,-0.00534029365888195,0.00419620345681032,0.0175406826416152,-0.00161876782688245,0.012068603409654,0.0031517743307752,0.00419669829727409,0.0114558016111087,0.00887836032508359
-7.47707782362818,-2.09226573656048,-3.65843817246908,0.0207638392927719,0.291087829575345,0.00221932225396945,0.00142007635063843,0.000244960660928743,0.00680700703211218,-0.00298758781670412,0.0145215011847836,0.00095417759114589,0.00129821228713908,0.00392179532360403,-0.00141028323463245
-5.63581007075938,1.28009094519379,-0.580134981615844,0.0116882013647984,0.110799619442421,0.00181835359407889,-0.00152403656324349,-0.000647494271860149,0.0178687391952399,-0.000142572724492166,0.00919647599641586,0.00314024128838053,0.00438911231615156,-0.00539465086396851,-0.00596972034476383
-5.30265186409523,3.56610924694788,1.19686580497224,-0.00269683679983329,-0.104869799563114,0.00123840203695524,-0.00893358259840772,0.000665945284746129,0.0121507135595039,0.000451386302207804,0.00920937127920332,0.00358039693210046,0.00357389283587848,0.00402074342479708,0.0080001310200884
-6.60932951725068,-1.25965630873554,7.04720584832724,0.00321620845934483,0.0771446825458175,0.00141793777454424,-0.000435671243105272,2.9478265395394e-05,0.00317496791119071,0.00186215058307953,-0.007753206522997,0.00105881800858967,-0.00481221302867313,0.000808699172159162,0.014894756069552
-5.85439274342821,-1.57087329261021,-1.85450595519821,0.0140919079229464,0.204814486629965,0.00135655782995971,0.000821147617904958,-0.00192735502972731,0.00428202014184655,0.00493054509017966,-0.00513306926600528,-0.000674888205604647,-0.00251367863973452,0.0059207236957518,-0.0017699336212462
-7.1519302856317,0.559743280232345,2.22951884245434,0.00976936439332429,0.109377423035839,0.00155320929947989,-0.00540849100242838,-0.00841618054807621,0.005212035711753,0.00889993643066777,-0.00304856781160147,-0.00178784656221666,-0.00229778812133626,-0.00689969796174115,-0.00446376491253041
-9.51762357007325,3.6702941159194,-2.25535434697761,0.00366948850912882,-0.00102295835243053,0.00260170747917412,-0.00142995514330275,-0.0110663515379183,0.00321658366582579,0.00561588269210595,-0.000812340585040748,-0.00601675063802537,-0.00843535732398678,-0.00479995879712454,-0.00090813160502591
-2.93910708002666,0.672951209774048,3.41378486194359,-0.00486708609319976,-0.0243354481945346,0.000513174914409012,-0.00733379960386908,-0.00473573998469047,0.00505673191141557,0.0064604173618762,-0.00510480514800261,-0.00203638666662497,-0.00187868339135605,0.00926473589525745,0.00761001205738351
-10.1336352285874,5.36891685751082,1.40418116959993,-0.00510681970153288,-0.107161480169547,0.000290639440092496,-0.013638271033969,-0.00345193206636174,0.011423189844949,0.00321202599924395,-0.0191832967964002,-0.00683238804122729,0.00183763937655672,0.00669986971822828,-0.00156694592621367
-3.19541776464616,1.03763575813458,2.15730589561065,0.000286105088106241,0.0718971493405178,0.00061062142831208,-0.00566911287589755,-0.00271422264202038,0.00306095150509594,0.00142742292595925,-0.00276338607751793,-0.000918395480726354,0.00165786863373016,-0.00223681868969803,-0.00224222193435137
-6.00486588285172,-3.61122529974735,4.64017482898327,0.00360765262555143,0.134678432105335,0.0011911521556275,-0.000209127126323377,-0.00169498229455452,-0.00138834135504604,0.0060350624850034,0.000304452227409407,-7.41996559903096e-05,-0.00269617851507364,0.0189785772719609,0.0231653761538034
-3.78733547732636,-1.19076422806689,3.4409674479871,0.00221398837912705,0.0795362885387418,0.00117640652859211,-0.00219977658388265,-0.000287883805669472,0.00122271130685424,-0.000475416419228233,-0.00277218939570651,-0.00035274990267531,-0.00129857092032727,0.00634877533321833,0.00909870706322779
-3.3538134889395,1.78997537085804,-2.20041167486703,0.00142374781524302,0.124993903557988,0.000115599208932019,-0.00422701777943933,-0.00267334985183014,0.00380251998007399,0.00355236166538844,-0.0015002510789455,-0.000736994069830969,-0.002350144682409,0.00195060869182122,-0.00103993486958012
-3.1994193270572,-0.941437526099034,-1.0519459999213,0.00605870206356687,0.139081448550351,0.000764793837761819,-0.00275030385309909,-0.0019882725040029,0.00138555903396094,0.00326254156733178,-0.00219566753150338,-0.000949480660978793,0.000959165098958853,0.00599118779369764,0.0032429890459161
-5.06399423405803,-0.365194327255235,-0.902887539357514,0.00979987647624701,0.11870502757837,0.000698726739679748,-0.00216387996392349,-0.00157897742237464,0.00271231433537084,-2.82951847005532e-05,-8.71675901799976e-05,-0.00234780957444431,-0.00234397051086434,-0.0021786596734245,-0.00193126143336732
-5.35968145206387,1.928369429075,0.240022365295301,0.00437445267749028,0.0702755874608519,0.000304140601250885,-0.00881402828764666,-0.00738346233727875,0.00952523735910908,0.00856334372995689,-0.0055601001425534,-0.00280129405997098,0.000835030824395882,-0.00380110084027906,-0.00779947648384705
-5.0640907663636,-0.198951009709097,0.837264526756961,0.00764557290777254,0.0996376074010683,0.000748760885696499,-0.00265292861134909,-0.00160446036053959,0.00244882141439521,-0.000502677592598011,-1.59073953700767e-05,-0.00220956862882856,0.00344834043955721,-0.00236172353324061,-0.00208173643059933
-2.00443974311839,0.893366538871383,0.279839232748309,-0.00120411971308428,-0.0239112792895804,0.000376934603870334,0.000630939129152807,-0.000644097331260629,-0.000986868158421189,0.000447946704112184,0.000600342339291089,-0.000760814152239818,-0.000187553531473848,0.00236643230147058,0.000543170294409243
-3.83872370219115,0.769557828324467,0.724958300753897,0.00653076877481974,0.0625680635501587,0.000553882167368214,0.0019229300389311,0.000348051056469813,0.00242324185660516,-0.0014213177395701,-0.000923727004259113,-0.00107940440272909,-0.000788446717695607,-0.00862608634440802,-0.00777874411417515
-3.07392550159421,0.979360948917758,1.28650307139184,-0.00233028008236697,-0.0175070943711105,9.58361409539284e-05,-0.000850596642722349,0.000115288466351911,-0.00145744073690142,0.000831643851004094,2.21042916291279e-05,-3.70322443237192e-05,-0.000741246386672497,0.00285763358940472,0.00523052237962136
-5.99740269327129,2.01002466536875,-2.2565919156767,0.00383813775568275,0.0968319839666338,0.00126981628744646,0.0011593451716058,-0.00221275619638431,-0.000727094112485391,-0.000981989522812787,0.00477283749264941,0.000422968086845347,-0.0024322232895173,-0.00574488250781686,-0.00295642929695259
-5.44191936577506,-0.327747606138035,-0.863647183866236,0.0152369847871473,0.189233947056798,0.00110680294310071,0.00573744553124987,-0.000984399033468227,0.00160902047619915,0.00110812516466031,0.00351164401551273,0.00152617525724963,-0.00103191884335744,-0.0122856162768557,-0.01114669206789
-2.17088906283667,-0.00573595974902843,2.2650195956418,0.000649663111195375,0.0213289644387354,0.0002174353076372,-0.00273007315968256,-0.00139400036517764,0.000758423931555874,-0.000533231928253632,-0.000769290314086258,0.0001173042471276,0.000489046998973814,-0.00127479726534919,0.00153520878099978
-2.85960105936151,-0.192691791890569,-0.690580798741392,0.00913637356930624,0.129185464587155,0.000521346410692443,0.002875789450114,-0.00202016164890624,0.00200714957162156,-0.00104723999926924,-0.000490749327464956,0.000946581087505427,-0.00130484233437512,-0.00662745884610839,-0.00737539411865656
-5.52156018021483,1.35868193009805,2.26188056385569,0.00784523388052207,0.0718289238529112,0.00127689274742901,0.00250689181580367,-0.00513433847037141,-0.00139377123685065,0.00152431225595181,-0.0011276982959047,-0.00024199724719944,-0.00337504398683245,-0.0100116749127645,-0.00853210946663638
-3.49753376396854,-0.247845582413637,-2.03146087607929,0.00673729914311777,0.100495396092223,0.000573525775000021,0.000366666073440799,0.00067511283209103,0.000133654956385753,0.00019872192123327,-0.00205855660034397,0.000841867851282952,0.000623130505124958,0.00128745020170831,0.000566391525088881
-5.89326679381044,0.458163616028744,0.0522585914645299,0.0014303736221262,0.0197344568070247,0.00100927272354224,-0.00116149884298432,0.000867823021001859,-0.00131993870805089,0.000518512515149836,-0.000787879474651234,-0.00120050328620854,-0.000265898937980736,0.00798349432556825,0.00671312512070572
-1.27321498157832,0.796609378491822,-0.817995946422143,-4.11937340931125e-05,-0.00368821958944568,0.000238821786956174,-0.00105207365335415,0.000443649682676008,-0.00117255267357251,0.000157395257028323,-7.12698323694631e-05,0.000146949493330563,-0.000734938582692942,0.000132428982769677,-0.000129593620081987
-4.31925988949281,1.56805044769359,-2.016208775454,0.00689126329156549,0.0399771846982688,0.000822282297758984,0.00416125333942641,-0.000757874689117487,0.000477661177386333,0.000180962891967686,0.000382772588592964,0.00094995564277628,-0.000816729963149407,-0.00404930089324833,-0.00795121931334791
-1.40067126408706,-0.0511504254651313,-0.596658983313992,0.00214169012014834,0.0440011847972091,0.000241343796353951,0.00144207500661805,4.37464409753047e-06,-0.000647178091238745,-0.000345766202728461,-0.000582236746131538,0.000156852721572184,0.000144508352350199,0.00105126908764753,0.00111227126472335
-5.92360760385459,-2.26984518055415,-3.10416660316699,0.0135888044549185,0.232527190902016,0.000637207001447767,-0.00358383023561311,0.00265159556316663,-0.00254680293413535,-0.000918689327896593,0.000499518451427055,-0.00108877695628159,0.00177797327771703,0.0100074367065822,0.00406835232962657
-3.60115932421463,-0.839912368658475,-1.29008154791049,0.00662547303773929,0.163088925590471,0.000869846488318857,0.0009694856441624,-0.00181417427982261,-0.00107209938710407,-0.000345427257960812,-0.000485373503381272,-1.47863565426134e-05,-0.00147327958666882,0.00193033178255564,0.00294732314642224
-5.10738183489137,-3.1808252802422,-1.36439979278556,0.0147854059151837,0.239157582309047,0.00137678527823935,-0.000575935425745434,-0.00159412515049044,-0.000784992164882235,-0.00079706537460219,-0.00335438876850823,0.000784940663400771,-0.0012418808129344,0.00570432933176534,0.0033521682953196
-5.09226646922833,2.34997484820974,2.82943119770602,-0.00724428829979058,-0.0608890241329079,0.000684054114749457,-0.000983362033792048,0.00287919712083581,-0.00349352330583876,-0.00316864756439599,-0.00179587941345842,0.0010301664543205,-0.000691025574388624,0.00900123574333575,0.00836672516189108
-2.95806735962696,0.415022144571089,0.657794938573678,-3.53809714659583e-05,0.033590069562568,0.000654239739249184,-0.00162054914335789,0.000107298905086899,-0.00134829864071221,-0.00192431884153464,-0.00107220335515196,-0.000520942770655953,-0.000265309293839481,0.00329587119352117,0.00448818827118094
-4.00742642877071,1.4877515509943,3.42577935242236,-0.00282220789041264,-0.0193837279335316,0.000806433317169161,-0.00380871217070877,-0.00113449967118927,0.00169995267462473,-0.00107528270556517,-0.00105104446061046,-0.00138820113584123,-0.000858621817521735,-0.000463043310907188,0.00252363592776704
-4.21869217415183,-0.0411775441652163,-0.677887777745893,0.00877204195942496,0.137952064364606,0.000929118966662651,0.00686214091068166,0.000702206280952728,0.000578636722879657,-0.00103653918591136,-0.00383401450850285,-7.58673989419805e-05,0.00169296791568406,-0.0033376454698088,-0.00341598064250521
-2.63720477830781,1.90566334445721,-0.946335606211979,0.000772846948493328,0.0233826403702388,0.000257976877477699,0.00259013417258659,-0.000159189915971602,-0.000847857049085726,-0.00028823772959523,-0.00042767492580105,-0.000481177596828215,-0.000655209409778981,-0.00295482103050535,-0.00444626280667161
-4.75512762198839,-0.425075238217933,4.06817227772712,-0.00159440259617245,0.0310786116841762,0.000755655104706216,-0.00464346260467579,-0.00017590998969244,-0.00302147161570797,0.000544562990482892,0.00146308816502557,-0.000839848215979787,0.00102958744074766,0.00830160198676115,0.0132959549684159
-6.43603862341638,2.63522429616432,0.187309178708466,-0.000614639669014378,-0.0671820831468962,0.00125540730484491,-0.0029650115122076,0.00150735368556254,-0.000968177145579344,-0.00194413126705374,-0.000641692129758504,-0.00153098704981796,-0.00122022220509492,-2.87718056150394e-05,0.000824167097817602
-4.79005793515013,-0.529582373125214,2.19066472462226,0.00637292990929721,0.0967791092309132,0.00100176846241866,-0.00203267135596436,0.00106610897564419,-0.000535700549528511,0.000258058310798079,-0.00156191098547925,-0.0018246708848978,0.000230397762496746,-5.33092052986579e-05,-0.00178181040306954
-2.08061645104084,1.33569970153901,-0.693830232600773,-0.00159133310034221,0.0299732221044093,0.000333384611808051,-0.00032783614941704,-0.000185118315093323,-0.000646084668213937,-0.00159377435354658,0.000146708848559957,6.01784175826274e-05,-0.00142693472369737,0.00194207975980043,0.000170507106582723
-8.14024767882137,1.80285138363798,-7.12692422502726,0.0112360008108033,0.167134099320281,0.00203592696027033,0.00588707725271256,0.000557235818064336,-0.00305768071469572,0.000925952454407514,0.00257866705770868,-0.00423825852960883,-0.00227990470860135,0.000899865895092724,-0.00365587884828368
-2.81585833569275,2.41778061149192,-0.0247674652944086,-0.00525656145193239,-0.0161746712402825,0.000303279199299777,-0.000866814409358779,0.000215171954800773,-0.00159570747279558,0.000732639913892993,0.00224687527524593,-0.00133768865588759,0.000406538882018783,0.00336442896877784,0.000962776512502837
-4.80661151466833,-0.852858287013383,6.07771350482098,-0.00235415119442767,0.0189072736509826,0.000405615315940462,-0.0039081821226608,0.00380077550402955,0.00101219222379097,0.000396853979583945,-0.00420798299579032,0.00124310692080174,0.000700191330130537,0.0070612162676089,0.0166693209531672
-3.22246393527319,0.568305948220062,-1.81495097856707,0.00323295842850565,0.019992232121985,0.000319146028584634,0.000905052989556564,0.000202957722062251,-0.00107428471439579,-0.00176255660457082,-0.00108426639181505,-0.000130375238067987,-0.000549180672924539,0.00239162955342357,0.00160320885436545
-9.79570661177314,2.03080119201564,-0.374678993712282,-0.000365965132168675,0.044505481881666,8.46283256830179e-05,-0.00708558086948668,-0.00453048243995025,-0.0143083323624273,0.00711239743561621,0.00729895295434231,0.00699713188512351,0.00410089184614124,0.0239726500365464,0.0206276776898485
-3.93812938670926,1.06811671689497,1.3653501883862,0.0050701574475665,0.0955587389185864,0.000878995004388003,-0.00365729385411218,-0.000943974376538834,0.000774709473330963,-0.0016699072799192,-0.000949633362993541,0.00138226621974981,-0.000724325272258548,-0.00797671553795855,-0.00604842748027904
-3.88592470259095,-1.27660716156253,-0.399871666797571,0.00878329065645438,0.162696151746808,0.000980284457610547,-0.00428276431056999,0.000949090037087758,-0.000553480115528767,0.000225563483670575,-0.000256112063037405,-0.00143686206204327,-0.000306081203306646,-0.000441988873224204,0.000805448403615982
-6.44049275152583,2.72737940435919,-2.33298444117248,0.00103314411194608,-0.0673514879806886,0.00199400194631217,-0.0119644308706227,-0.00271489105809148,-0.00460929261229071,-0.00273779233218456,-0.00500830084355447,-0.000602881915499197,0.00792848991304436,0.00345363484264355,0.00386898152578661
-5.33215984633707,1.06121137924547,3.65746258126685,0.000680677369248632,-0.0186473564230967,0.00187600815996048,-0.00976540670992679,-0.00264408648268395,-0.00270300816075197,-0.00209542357793592,-0.00440199035280771,0.00606856265895961,0.00520823660205684,0.00264509975224224,0.000384904432274076
-3.80960347436299,-1.64871945033359,2.36554979568187,0.005562366805007,0.104332306812608,0.00132389179744485,-0.00354607421067706,-4.57218120547467e-05,-0.00105610933023581,0.00068350307017218,-0.00344291449730658,0.00216388586193492,-0.000586568360409015,0.00438887423955499,0.00706216982243912
-3.67494560143888,2.72586681922211,-0.0819081434482014,-0.00417916715057999,-0.0636603543474824,0.0015779592938653,-0.0107286264028031,-0.00153105833577651,-0.00499505078211676,-0.00251846518841648,-0.0026796968414999,0.00143173227853894,0.00543226540649441,0.00252631508528937,0.00124884476136727
-3.27933885022331,1.8818425413924,-0.250278742460243,0.00455410555435172,0.0248255745279003,0.00182254206628167,-0.00274667636528703,-0.000667336745629051,-0.00181206665410983,-0.000466026005177463,-0.00291339315612077,0.00332059839435882,0.00365622307703661,-0.0106982245622075,-0.0103861075527494
-4.59604112965285,0.227300009363054,3.37350517319095,0.00675386201929899,0.0889937866947858,0.00213219629391181,-0.00714749395387059,-0.00162560027106951,-0.00178646214016546,-0.00145720117144221,-0.00581169726675681,0.00461354899162201,0.00694589093757716,-0.0105031128689672,-0.0059828554333289
-6.26452561141582,2.55201559277658,-1.14538661284712,0.00289322004572463,-0.00787055349458395,0.0029599272516787,-0.00805772812188684,0.00435409421923325,-0.00471290622119892,0.00529913643012334,-0.00383987302732346,0.00570349363598064,0.000123234360649814,-0.000203422836030599,-0.00352000789618979
-6.72565706481552,-0.0359851419498977,1.59326837035744,0.00750686107965625,0.0705505317579107,0.0034700378010077,-0.0174443418875892,0.00161944424581971,-0.00660791309547779,0.00204947241214973,-0.00685089230543547,0.00533328028346414,0.00912686076782324,-0.00216003407916789,-0.000164582209931343
-3.33922914565004,0.77273472755912,2.37837268992051,-0.00151289277377487,-0.033962364956077,0.00123862260311059,-0.00278878292672959,0.00209681561098053,-0.000749577535360542,0.00281302183048899,0.000610598323852208,0.00287926438288448,0.000693321844358942,-0.000572168284010317,0.000101487837643154
-6.15988732245043,0.227563645574517,-0.871833656092986,0.00446326363265064,0.0522366399131815,0.001434017222059,0.000819244953292681,0.00505298211963357,-0.00557730808372126,0.00568365743169598,0.000863414181417982,0.0015480512896984,0.00309977800607899,0.00982887843365069,0.00318776162838117
-6.71197418166485,-2.30195803088619,4.6564253209864,0.00421110297305287,0.138614064939913,0.00102809175856067,-0.0132788108730126,-0.00188658238636744,-0.00159207831558208,0.00525382329227253,6.04190597002909e-05,0.000452223768639603,0.00632146888727841,0.0102853869520933,0.0133682971627787
-3.85232115639009,1.34791645054857,1.90993350261809,0.00343005995642327,0.0365787559023346,0.0011711892177747,-0.000496580021648304,0.00367039958793273,-0.000201987982896098,0.00380097343637073,0.00229898844522779,0.00270845748174502,0.00101658436302059,-0.0102801492451448,-0.00615168336074946
-1.80494494188972,0.570196868115228,1.27415656727641,-0.00251197185190751,-0.0367613910866871,0.000759375612580483,-0.00211326129911783,0.0028970648158572,-0.00106136682692858,0.00368691664455347,-0.00052017886775404,0.00389326585465587,0.000900715122133713,0.00190734852488274,0.00140199960196355
-4.12258378992827,0.942215813048502,-2.455750906503,0.00598732547073078,0.0850541960276734,0.000563578433130798,0.00292255610283592,0.0011418638628022,-0.00181617242303948,4.66262991875449e-05,-8.04345988162161e-05,0.000742258562440953,0.00431067900705932,-0.00198955313390898,-0.00623602890179316
-4.57494570743164,0.0518717839513813,-1.35646611115897,0.00751783986673281,0.123210717489926,0.000909997226485313,0.00052200937170961,0.000631707459231415,-0.00231236286500509,0.000184560439029207,0.000375267281700812,-0.0017572193190672,-0.000459657017466165,-0.000370490275188057,0.00018576688712515
-5.35220700518689,1.57505613928858,2.16562397119506,-0.000164709162081885,-0.0308037596202851,0.00102817368123921,0.00110039802243817,-8.59673787993555e-06,0.000240454295977631,-0.00385454803367437,-0.000842814287574324,-0.00097799027025345,-0.00129287518179222,-0.000636709713988318,0.000933122475982751
-2.77640324053458,0.392241375288187,-1.88479743029604,0.00656457960214986,0.180977194921324,0.00040829550239067,0.00222435512386819,0.000472467074509349,0.000901653313547814,0.00128629232442708,-0.000954939503849362,-1.68757187784799e-05,0.000110399988160011,-0.00392374138164455,-0.00306774651558468
-2.91025938713022,0.394986280020867,-1.43947246478755,0.0057583611580138,0.0829143209099595,0.000483266617697325,0.00035207934670361,-0.00078728249017449,0.000240616834502611,0.000890469305345858,-0.000111125830947763,0.000903795340218989,4.85190346115316e-05,-0.00156835396852228,-0.00285050851175524
-4.88971729576859,1.95008854215865,0.303266491277189,0.00233539299135014,0.00924088941636473,0.000933654268846137,0.00352132229369788,-0.000548648241473795,-0.00128614509372201,-0.000519791079653947,0.000109838897619802,-0.00056718827461353,-0.00239366728517849,-0.00367528293495559,-0.0026000260010091
-4.02605160713221,0.751227897815674,0.797672743560879,0.0109257624451753,0.117500200750146,0.000583184592207513,0.00103554589266504,-0.00493717153750152,0.00577295546434498,-0.00180916384685196,-0.00215708394319556,0.00111180325481037,0.000858294387525952,-0.016039537391164,-0.0157564779269749
-4.63915048642196,3.60673894807792,-3.25693938139774,-0.00118123819095508,-0.0657648153530934,0.000477628561652407,0.00224881704301379,-0.000306034154664973,-0.0014326002406082,0.000146664286307295,0.00348907278526919,-0.00422566769378101,0.000587993235353232,-0.00301776108251986,-0.00443871532466019
-3.3070754280358,1.7354317821501,-1.24823326879264,0.00510586755443394,0.0502180238419747,0.000549695046334185,0.00160153821600382,-0.00186456596170462,0.000922265652615832,-0.000504533311377875,-3.86932884151735e-05,0.000364179295711264,0.000160625675763886,-0.0069925059847107,-0.00990563256625913
-4.33475831994237,0.582696862547722,-1.74918589178455,0.0065860846786882,0.079170826844128,0.000406952266782801,0.000695362306574637,-0.00125652460896457,-0.00124024089405561,0.000771361488622401,0.000280235930761081,0.0012444751455433,-0.000207415059555158,-0.00459765663565975,-0.00371800093702158
-5.3865396238462,1.76109948258007,-2.2359377246699,0.00186825970201919,-0.0100998415097334,0.000409023144280367,-0.00833248106568813,0.00119943314456582,-0.00280334066564214,-0.00237819065766249,-0.000347974231084871,-0.0019937788457924,0.00185238790741314,0.00399163124317177,0.000645864145109936
-3.04417758211751,1.34294289410342,-0.91099654724079,0.0010325281694174,-0.00812044428272782,0.000534246377231896,-1.38606357912214e-05,0.000865837300774182,-0.00165461181013157,-0.00132237086315387,-0.00046150059457818,-0.000662662506618661,0.00116882145013776,0.000335251911117596,-0.00208651192595128
-6.15637085392228,-1.77302423459076,-0.580721001605074,0.00916477584668555,0.185522946501947,0.00117615996694172,0.00100613158423454,0.00313761514048144,-0.00146548420796606,0.000470576974266524,-0.000376619591302787,-0.00135733373322168,-0.00271688333601274,0.00745932570778366,0.00726108317843593
-2.44468483803593,0.348659566540545,-0.765544466643452,0.00793617205407747,0.0812939247653093,0.000585766515423438,0.00381285926086216,0.000795400780895854,0.00156871147545525,4.07216984376276e-05,0.000467193540209179,-3.44047745911387e-05,0.00099740358813817,-0.00979927297252749,-0.0102243809206427
-4.39585789264247,-0.964289213781518,-2.97980653696089,0.00923129432416969,0.164011548531931,0.00102344438000007,0.000843344334243294,0.00220914859823787,-0.00376274292595813,0.0011604661577517,-0.000202644453491225,0.000687088737185299,0.000382863105769829,0.00699527838077376,0.00320750050048475
-3.16898487715623,-0.658362387748468,-0.660082188022359,0.00512228382372194,0.139125577136723,0.000462408841011741,-0.0022203419751147,0.00060930278382369,-0.00272533863584785,0.000873300182477694,-5.74983282744433e-05,-0.000584797902950828,6.123461893916e-05,0.00222297182229798,0.0063981501755572
-3.84367944206445,-1.35856624162183,1.3510223219845,0.00399014472596263,0.0891831002640073,0.000667497221745078,-0.000958857937330945,0.000890459780779789,-0.00162398762893807,0.000944670468238784,-0.00148238109393669,0.000130053393113811,-0.000915922776668792,0.0069918829321784,0.0100734555710015
-6.65736321461213,3.48509953894031,-2.60512714893494,0.0025747888672422,-0.050636358256846,0.000415176776701474,-0.000114261236194834,0.00462083633654482,-0.00583238727530673,-0.00178657598987155,-2.4910449895984e-05,-0.00139879075411897,-0.00215743614154434,-0.00271158633392364,0.00123566151693387
-2.01458600037929,-0.0420772614409221,1.4623589810105,0.00234892552235038,0.0310065789283677,8.01929103336692e-05,0.000997367833620367,-0.000108233963803442,0.000325384926107817,0.00181245194600693,-0.00067742530089832,-0.000608231500581118,7.51262688694559e-05,-0.0017021832190666,0.0010698456700475
-4.18121273487314,1.53142775675819,0.242286418824068,-0.000816372615722319,-0.0407129401163705,0.000651348958565846,-0.00179254815847818,0.00322311748432554,-0.00276754245774521,-0.000630356337750075,0.0023299665686657,-0.00261248536689193,-0.00118907413107131,0.00448869786311023,0.00211950691707959
-4.0322866570051,-0.924818683050811,0.584662279042226,0.00917872549794265,0.12417332560414,0.001317691588168,0.00307791176670928,-8.64034277375756e-05,-2.66504158855654e-05,0.00205931688519327,0.000598949692713498,-0.00204073344604984,-0.00222741256252537,-0.00281246457187193,-0.000841800583219427
-4.6309711418927,-0.482685838686654,0.741103299617643,0.0110770213475074,0.178361693017511,0.000962760176464559,-0.0039451214220206,0.000318019908298159,0.00147156823424858,0.00160256617110035,-0.000520247010475463,-0.00116974648502938,0.002425249721214,-0.00769873398264781,-0.00540118065325468
-5.46203302078948,-1.45802438551584,1.63143368636606,0.0110604815446683,0.181210799832258,0.00104224705045817,0.00116896489687714,-0.000225559116636114,-0.000942232578329502,-0.00378111075917953,-0.00298648275142223,0.00084733576119988,0.00249784709479691,-0.00158245118873223,0.000711300899132389
-4.5869688940398,0.623162544812107,1.85916581299827,0.0036972110105368,0.0696841786208791,0.000347332618721312,-0.000738470340727687,-0.00122947728816342,-0.00140433114470392,-0.00102314007476147,-0.000198585816037466,0.000986691264607003,0.00043677883388983,-0.0056231660551322,0.000730807996554671
-4.69763880379718,0.719230396538839,-1.46814845677918,0.0104613023145388,0.144241470680314,0.000835231720769255,-0.000291744300673323,0.000620682567034234,-0.00301156762281187,0.000441272549132125,0.00245163513393167,0.00173292481475993,-0.000189423675778469,-0.0073314290599301,-0.00602430306748237
-3.05947744559296,-0.527184615049289,0.650577636170134,0.00688743503809186,0.120716123028351,0.0008089030802424,0.000571415258353227,-0.00103867445117553,-0.000384329199458262,-0.000277017100801747,-0.00141393634823496,0.00227847768725448,-0.00104933733373307,-0.00440145221022179,-0.00200275703389357
-9.4579184067449,-1.0392521321254,-4.14999771387426,0.0210835665181468,0.255146113647773,0.00235753540813524,-0.00143059388546056,0.0033490808563901,-0.00371032640107549,0.00313725850530242,-0.00442029521086073,0.000338006722674491,-0.00397373049703756,-0.000989993905666339,0.0016005216412153
-1.90020453771122,0.647260119001002,0.561322277178984,0.00033918300120239,0.0345111024275554,0.000535053858484978,-0.00170691802433907,-0.000289746726067006,-0.00205854328621278,-0.000593484837697886,0.000841292990435522,-0.00119902120441682,-0.00027711211510757,-0.000911601760921238,-0.00027262017102659
-4.4991945355681,4.0278359676665,-0.758477011306691,-0.00746518104537015,-0.152636201794852,0.000269032671363187,0.000522641775876065,0.00215455297819358,-0.00251278866709873,-0.00103716299385796,-0.000142161406096506,-0.00225362154433956,0.000105749090267251,0.00206878484122033,0.00196546859673181
-5.01655824374778,5.14557380923823,-2.98067289837652,-0.00336329681649584,-0.148913272623325,0.00063642840911437,-0.00312248726715449,0.00208335284861433,-0.000688004383058779,-0.000219624512853847,0.00391580031337941,-0.00529069279398225,0.00210211231664516,-0.00575178757490301,-0.0101270781127665
-3.92441524629036,-0.0992864789347191,2.99549480652677,-0.00130155934305715,0.00613762479570227,0.000464044599562758,-0.000561516726647439,0.000430168911569833,0.000293391308388289,-0.00118090498630067,-0.00162828292077545,0.00126296451683175,-3.28022833194331e-05,0.00675065468203411,0.00974828260053276
-4.3097800020487,1.56840642951791,0.152859064834633,0.00292863183765802,0.0340903551705369,0.000903768285715285,0.00200823855705329,-0.000145798319574997,0.000154144122853808,-0.00162790708733547,0.000637923618230874,-0.000905762843124695,-0.00219822797447278,-0.00199068280283108,-0.00627268246909168
-3.68434683806439,-0.141978654890712,6.1909590608249,-0.00585340627485562,-0.0246037444650267,0.000532928942333,-0.00334121294858288,-0.000969035265519209,0.000371206638195724,0.000389724284302599,-0.00259830305335337,0.00081393535622834,4.75436678019345e-05,0.00756360109641733,0.0131002767788892
-4.1897140100449,3.88298278399146,-2.42499202905357,0.000408665050272377,-0.0235102329960545,0.000211127501019953,0.000615158189910889,0.000485010841902965,-0.00196360960831738,-0.0017525226497018,0.00104921773071794,0.000174294737151384,-0.00145417607040642,-0.00709023356406637,-0.00934570415147811
-0.902014762839674,0.147897357402966,-0.711309717851561,0.000712544144888756,0.037606821354918,0.000125792966377866,-0.000936155961794276,0.00078088150361133,-0.000670486703373045,-9.9894129246187e-05,0.000106938924915196,-0.000138058215146553,-0.000370720747602974,0.00129273802748578,0.000988774940318389
-3.36416329411612,0.0878821822751306,2.03797315918037,0.00405257155525842,0.0401741951914281,0.00102436157510716,0.00235848186612149,-0.000699507931902334,0.00242385535500439,0.00108140878672367,-0.00044258073097561,-0.000796219581535231,-0.00106749498289679,-0.00332028713194521,-0.00378955523282715
-6.29291330868599,0.368152052961657,-4.61850310897382,0.00976492659883552,0.17668506202986,0.000589231547568169,0.000760600524843155,0.00224468266401694,-0.00207308945097098,0.000394979680349061,-0.0011842182352185,0.0030522847072054,6.90422593400094e-05,0.00676283986059409,-0.0022504564823162
-4.66009233034729,0.0998602758856353,-2.95350901614133,0.00938677941298235,0.10744319951515,0.000712075599343902,0.0041574855089865,-0.0011578276781892,-0.00171418257111256,-0.00241086830962334,0.00054207394396468,-0.00154989312170273,-0.00107292849313257,-0.00182914994358806,-0.00360522007047456
-5.40148040394921,3.911093874811,0.551179380368843,-0.00377414320669586,-0.124009050108282,0.000635088999450377,-0.00738917481774477,-0.001989020306274,-0.00331669036628983,-0.00070662988516024,0.00379280397387393,-0.0031926338450726,0.00116974346193887,-0.000683955076088566,-0.00539319729016518
-2.03688831224577,0.657223980379634,1.20565878740366,-0.00099031884767197,0.038059600601148,0.00039398061735308,-0.000388768320003151,0.0003244293910961,0.000157749853114553,-6.06687792150495e-05,-0.000759068566659165,-0.000489021081251506,5.03386789941971e-05,0.00139803519729694,0.0011518042535588
-3.37339433635071,-0.355440703957165,1.09430469046677,0.00242784524701868,0.0383590384930096,0.000649465124134827,0.000301351268632236,-0.00149600384865036,-0.00119668504090354,-0.00065251001899622,-0.000854002475476799,0.000853420515673704,-0.00117516889087281,0.00349556861771441,0.0027719401963547
-5.60435472637319,-0.131859741450777,1.14283214218347,0.00920954133448192,0.100029621645947,0.00152775754266433,0.00183892735350813,-0.000244457241392197,0.000770032965599794,0.00214562249191861,-0.00326305112120961,0.00166692987917095,-0.00107781884931548,0.000296355135901349,-0.00491424118978915
-4.96638623093283,2.35278954347095,-4.51324344182945,0.00217961812709043,-0.0308965241015371,0.000637872762708934,-0.00135578710599541,-0.000751363932510163,-0.00440372079717863,-0.0013973621276963,0.0020857459613633,-7.94598773524051e-06,0.00304489240860369,0.00308756936177579,-0.00171030306126847
-4.59269707969603,0.459281278571664,-1.46822896720621,0.00637261147581853,0.0622374699028066,0.00067963511366096,0.000287806201156653,0.000977107299514421,-0.00311120470925136,0.000908579321535129,0.00202945316299727,0.000136501213672493,0.00122966653473852,0.00126684370863949,-0.00259986039938368
-4.57789491132628,1.92225410445194,-4.2196056809298,0.00284040996162904,0.0322018269500052,0.000781865302294604,-0.00283058643919982,0.000281328080243962,-0.00181995970827872,0.000147517986664358,0.000710743419833625,-0.00206740510081909,-0.000527833716532582,0.00503519055740558,-0.00073312199979588
-5.89818845940914,3.06046891744304,-0.972844259466762,0.00256363635149685,0.013821061712945,0.000403427324586027,-0.00269959570221533,0.000867234267415784,0.00186816453409323,-0.00365363462944712,-0.00261609988960368,0.00187840053749716,8.31935084383475e-05,-0.00676900850390493,-0.00630920193425517
-4.82363750479827,2.91005055091985,-0.464030527952005,7.77890742780625e-05,-0.0629671304557206,0.000913376165869658,-0.00204647761295139,-0.000993087643001377,0.000436497003237014,-0.00199970381574337,0.000139628041089973,0.000947496383228309,-0.000281974720437022,-0.00394603967905972,-0.00487006264723824
-4.71564507790259,-0.0913037881983738,0.867301239725156,0.0111052943911663,0.12923125921997,0.000903635107288745,0.00222216918652258,-0.00306523062436358,0.00280868391980243,-0.000340226228439006,0.000246787694451172,0.00188641243234313,-0.00181410619429121,-0.0134808753915914,-0.00568933121805617
-3.04754620673951,-0.521760884662423,1.15304731331918,0.00213835602946132,0.0635543012652945,0.000525005119825989,0.00213082478806912,3.88855654759967e-05,-0.00132395565453424,9.55320084150083e-05,-0.000954207130183896,-0.000170067655285731,-0.000676863354895954,0.00359835129616612,0.00638198422980333
-3.88678705350624,1.49800240194932,-1.2892123443853,0.00292581920005035,0.0568036186422608,0.00082848928489246,0.00295783051387357,-0.000982672317960444,-0.00105470861298458,-0.0014893468983643,0.00234744156103742,-0.00261337346025845,0.000367049740194585,-0.0022242045439621,-0.00500765961746687
-6.22932152942086,1.19104925606063,-1.36170478817019,0.00286719471734824,0.0799954323641223,0.00130687833712428,-0.00540355614494004,0.000139174465174085,-0.00314440855882284,-0.000446535505631223,-0.000395491470151162,-8.81713758968959e-05,-0.0035749318793169,0.00970082773127914,0.00316877168363919
-2.22288684839858,0.778939614445918,1.18812221564841,-0.000116684773114064,0.0266279864977165,0.000316888280448899,0.000125515660441352,0.000437297342101042,7.08810256382619e-06,0.000234760431030382,-0.000174528174422284,0.000714897082188381,-0.00111880811441736,-0.000410878021238081,-0.000819668803694728
-3.97680660916793,1.05786156720973,2.1657235759071,-0.00320094482150759,-0.03994129575028,0.000724652087751677,-0.00368732588072307,-0.000679044563879824,-0.00140544163312849,-0.000753398853145571,-5.71283692704033e-05,-0.00101194275260631,-0.00228889699644403,0.00531934513645046,0.00711038159638568
-5.2342763442172,-2.54761345956595,-4.25396570252154,0.013286611747728,0.218473759058044,0.000743910480842806,-0.0020423246100719,-0.00135199307380001,-0.00591415588352503,0.0017582522816543,0.000259504764890868,0.000677787923185539,0.00122453942407662,0.0126433063990202,0.00579134028420082
-3.50002397928751,-1.19245804130559,-1.07986123423419,0.00865853429424917,0.134914199194463,0.000815367547900844,0.0024768969526296,0.00111205587754492,-0.00139388771039698,-0.00174042372157271,-0.00202212022223608,-0.00030525928167773,-0.00222849991680803,0.00166568397663826,0.00296112141298464
-6.13491259991854,-0.750509582112209,-0.847838073550056,0.0155491459537164,0.270072933625641,0.00162205407583247,0.00632283309324296,0.000747336583366747,-0.00159679184937355,0.00308377624608383,0.000875511840046341,-0.0028162842410712,0.00364767811471165,-0.00736552451059216,-0.00747328089550749
-4.17566079239934,2.22435704789198,-1.09441813403272,-0.00131192059933263,-0.0418937357563649,0.000480548859098015,0.00229192288260129,0.00306834984064984,-0.00193160136274461,-0.00134202261972507,2.75122587036744e-05,5.0417897356086e-05,-0.000598648474216261,0.00308382799538795,0.00199907336389858
-5.55838554308264,0.357654605206416,-3.29919382516601,0.0137033626743651,0.200877368852691,0.000956660590968583,-0.0025491804472608,-0.00205026945277787,1.17897996862154e-05,-0.000650154378272099,-0.00305134463652141,0.000630397638698008,-0.00426155762044953,-0.0060509745925902,-0.00738820723816344
-3.20717769236628,-0.468978386531589,1.23318317541052,0.00287869626700317,0.141915631072092,0.000600531883597307,-0.000469438659842239,-0.000429831936484381,-0.000914829199252551,0.000210471239905779,0.000764398377685452,-0.00109502401725314,0.000521330064949117,0.00201816324197299,0.002554252030551
-6.42430450163572,-3.4595398797414,4.31329348799822,0.00492759387181772,0.147653217139426,0.000904137864573552,-0.00407972164954796,-0.00165066412912165,-0.00428356162630702,-0.00143149218716318,-0.00114017950886722,0.00429473779725661,0.00213617198318566,0.0177614535271262,0.0190711594313066
-5.75140830476178,2.98548076756391,-1.19643917271401,0.00254605077120376,0.0687165499268736,0.000961021364383948,-0.00371546486270875,0.00172006621759722,-0.000715764714048278,-0.00157811195662281,0.00193202045867679,0.00105669002605789,-0.00188882598662711,-0.00573667093563349,-0.00718438098253202
-8.66547337076032,0.44952345699335,-0.0103854685453878,-0.00078441978081662,0.00119448639005838,0.00185478971165151,-0.0025680055357349,0.00214602751193309,-0.00182710898102087,-0.00490463419702428,-0.00345357970920964,0.00239640843889725,-0.00875877629125889,0.0173480967265205,0.0157670735105608
-2.1378643922756,-0.553549032635498,1.19197526624736,0.000874942776123989,0.0403322148554815,0.000534000072431319,-0.000176401545728347,0.00111147661592101,-0.00147648895740936,0.00145505628271405,-0.000215310151859506,-0.0021323159376223,-0.00032737495300271,0.00540887042954376,0.0050142364714357
-4.09229272507128,-1.66243724452256,2.57718597308958,0.00289880646896795,0.102211518799371,0.000815254477916698,-0.00461346032069796,3.61672085093468e-05,0.00091163536355554,-0.000123796061282975,-0.000684712280135623,-0.000926929080385941,0.000767678868395804,0.0080319187486662,0.0100380303204973
-7.22381911649602,-1.89139905166458,-1.76077355119483,0.0130909428617042,0.183610791394504,0.00119544711514601,-0.000431071086764995,0.00419628822849948,-0.00106280198501633,-0.00441575175804227,0.00203711146141873,-0.00350618401019487,-0.00262486180074341,0.00569528738850514,0.00442692392665479
-4.65560412185402,1.20171907133768,4.57933116028403,-0.00690165623473418,-0.050591371352516,0.00103538870451836,-0.00191641189520666,0.00477710236106488,0.001159715396204,0.00397788895626781,-0.00143193528990078,0.00456345974508687,-0.00227920086878311,0.00481466783154449,0.00819043106441429
-2.94505478013738,-2.2734323710566,-1.03720942253497,0.00625367882028185,0.147320658269614,0.000995262498264469,0.000287515474728944,0.003825417640397,-0.000368192590353764,0.00379704145319785,-0.000458909327815869,0.00207645507944013,0.00199219171942049,0.00565979349255092,0.00668099225695667
-3.39262613492655,2.30373075775212,-1.24580623965637,-0.00366122478369056,-0.0653889745215799,0.000211120414433664,-0.00167215360958911,0.00396614391338833,-0.00260992269087414,0.00123187322818379,-0.00138400651697591,0.00243122995205807,0.000568808983186978,0.00275658947518216,0.000783271369534804
-4.08758704406142,3.60329886975933,-2.31177018868952,-0.00276442802391982,-0.0346404466560157,0.00045568459938464,-0.00186166819731591,0.0019166250024323,-0.00169785178256781,-0.00200387132918095,-0.000234429438592266,-0.0019010900824928,7.28667594370616e-05,-0.00235617165410799,-0.00407508431502714
-3.52754393622048,-0.269555232413906,3.28288759641665,-0.00202458419201107,-0.00330925965249023,0.000687197850236362,-0.00555923614356729,0.00437651288186386,0.00354673189385671,0.00368174970555282,-0.00199639635302005,0.00287655589134086,0.000369300504078033,-0.000320272839653704,0.0061890658667615
-5.03942722468787,0.348622970470433,2.08020771958841,0.00251109312004582,0.0389029045879329,0.000725267993261458,-0.00290354313481249,0.00228404649270788,0.00340962973099988,0.00788396200109666,9.88341454880007e-05,0.00221765500448864,-0.000197105443620397,-0.00270706625969133,0.00246088305934495
-4.84485575728847,0.160120006029953,3.35626297880463,0.00415614542824772,0.0581654591884485,0.00125462580586364,-0.000917367581340816,0.00317807036132763,0.00169661772136077,0.00274049635935273,-0.000535607643175573,0.00264046690074607,-0.00196692657145442,-0.00441585925031839,-0.00127782838596659
-3.33114002638669,1.10746723162108,0.845781330284606,0.00319777739517362,0.0417549971165668,0.000850726739296025,-0.00205371570123372,0.0013690411901951,0.00437047762876381,0.00378301252109783,-0.000909896381477291,0.00511581479791061,0.000249932046121889,-0.0110457901186701,-0.00784661439545385
-4.67329212172937,-0.709236077862933,7.4214508027042,-0.00400946841185317,-0.0224403601544514,0.00073372283183428,-0.0024302660529674,0.00163430343979891,0.00204702108166862,0.00150212275623177,-7.31366035474036e-05,0.000118173170792402,0.00112907800290716,0.00403673286036822,0.0132682692482209
-7.61559617990418,2.33890364598312,-3.60999778508019,0.00859686883019276,0.0633519873680442,0.000766486344719744,0.00592892685258458,0.00399047000271934,0.00487261487275559,-0.00130554299667675,0.0029131699771294,0.00890835878354728,0.00203199553448133,-0.0150680188881493,-0.0143385185192266
-5.93319968823837,-0.540620532953923,-2.9882701106738,0.0125603820925755,0.164749570959569,0.0016687553259881,0.00165171023050196,-0.000392284652309632,0.00329928120054365,0.00398467859538942,-0.0011744632829619,-0.00213388747776096,0.00286938737204839,-0.00713396946786744,-0.00497369208726778
-4.61591924617877,-0.298517759761588,0.361803836642814,0.00682369494271412,0.100599825038736,0.000964085512462502,-0.00282404973368892,0.00258834966663558,0.00262610285655247,0.00613481304823335,0.00165310937985382,0.00406632600474587,0.00178776021852321,-0.00761498934752447,-0.00480862876778015
-5.5053692479825,1.21541805806553,3.1709020325267,-0.00342270729394955,-0.059286746430513,0.000926641445001614,-0.00344345519004785,0.00251192611249,0.00413454695127146,0.00777921919214667,0.000181005877840945,0.00374310146485794,-0.000801545968708024,0.00226886149234506,0.00351718926421689
-4.50595848059729,3.00430619015209,-3.14029618190459,-0.00166782880675079,-0.06690290875554,0.000473659534609461,-0.00386100178064697,0.00485094457463,-0.000681357550049299,0.00361052516481794,0.000117641183318196,-0.00128229585341681,0.00173313949981904,0.00124600977125047,-0.00592346397961064
-4.7520365846678,-0.00301762532346392,7.13481698253226,-0.00216946565579508,0.0372414919159952,0.00108152289305827,-0.00529640703009242,-0.0020201840075125,-0.000162838317680207,0.000799152908451269,0.0015212119695252,0.00123375635780599,-0.000928861703306432,0.00208775957770721,0.00732338596423255
-4.68034451050984,1.47492978777759,-3.29614550023598,0.00559728767924766,0.0695355969317248,0.000885382351198444,0.0041343852319635,0.00277303934985985,-0.000267188893128105,0.00231115584115891,0.00153125632528339,0.00223074724432885,0.0013507123551842,-0.0061945757925344,-0.00650300075008104
-5.3920554974858,4.67274364850371,-0.343022208780621,-0.00870840898753794,-0.173742463345878,0.000577153819128905,-0.00261517120318693,0.0057875462776911,-0.000976926894263982,0.00254153830510767,0.00236665441730444,0.00321993342000485,0.00216702166518821,-0.000356409423842989,-0.0017091512962813
-4.31443241010033,0.39329413570111,-2.1482453727971,0.00366960782060385,0.132136352372064,0.000480305939353388,0.000412921893709579,0.00423911433697655,-0.00176358270305834,0.00208946312950472,-0.000218171691581124,0.00264482135216896,0.000228504168438265,0.00253638894937018,0.00152928167213961
-4.21245338814786,-1.00948814811278,-2.27704654486124,0.00909583453752968,0.212704872543951,0.00106938694822946,0.00246680574500435,0.0017030129784565,-0.00281750567717311,0.000242605160068638,-0.000642132472649779,-0.00180759314531619,-0.000557456739042898,0.0024533972728093,0.00297102310675077
-5.46375827610514,0.678295741371105,-1.25184644434371,0.00671666110214094,0.186020615477891,0.00102970379320163,-0.00125569993158024,-0.000155906142419825,-0.000277669496308924,-0.00274333791934546,-0.00301506692836446,0.00121390751668171,0.00184332922093722,0.000720380168517193,-0.00205469721648732
-4.40788651621838,1.88087349924175,-2.37130030167199,0.00631932218306254,0.0329713360534888,0.000769318575376603,0.00354147053896751,-0.000430464325900741,0.00110650420105813,-0.00179741008651891,-0.000454741510343443,0.000429330892998553,0.000379350250320098,-0.00748609497873187,-0.0108748670040124
-5.37259572142844,-3.07378054773027,0.117978474442409,0.0116531912987734,0.216339429622819,0.0012593705278198,0.00205407848272033,-0.000881329901392255,0.000702018397203025,0.000830195185141386,-0.00380957968230837,0.00258239642528658,-0.00346261025663229,0.00791162730910613,0.010793945628109
-5.13308738238334,-0.994044459458728,-0.285823267367047,0.00902580993471616,0.165826671510155,0.000704647544523786,-0.00153662073261241,-0.00033583728845171,-0.00188304178503033,0.000603132980011168,-0.000352129911807884,0.00129865211007781,-0.000126335094357173,0.00195986174184745,0.00284248414969271
-3.87657863098065,-0.268643330946753,0.855454201807684,0.00321197103335421,0.11203758108149,0.000749595036081858,-0.00106126078071208,0.00150635359067156,-0.00163061226065458,-0.0010619015787863,0.000367897489176119,-0.000575310611212537,0.00167236694824093,0.00197194179004511,0.0027963753429332
-3.09743097237339,1.06423150093538,-0.991000170186574,0.0015301321661015,0.0253851848759457,0.000637926378154818,-0.00198950705546124,-0.000889475416073794,-0.000407722064463036,-9.80115961446522e-05,-0.000538305967795357,0.000237265223850953,-0.00196779564014745,0.00135140423579881,-0.000716926496183387
-4.77366358963639,1.93140392796742,1.91978851310383,9.90627686881994e-05,0.0131247512432716,0.00035641543284281,0.000442047988560811,-0.0016351451249766,0.000902071316157373,-0.00195157292076239,-0.000229475765192385,0.000334104231674409,-9.11543209810823e-05,-0.00654129097687732,-0.000248479973651361
-4.77344160357709,1.2294712481551,4.41929849482326,-0.00166820423877745,-0.0501305288973118,0.00116152044029097,-0.00191753393650527,-0.00360776858665075,0.00185274289530692,0.000903192837051567,-0.000269354108208076,0.000414813445666314,0.000202606487874449,-0.00287211742189379,0.00230330564255727
-7.60277540123722,2.19058041149866,3.48933597907437,0.00313843458498261,0.0159611807923945,0.001872706012134,-0.00879923905696312,-0.00483599939098507,0.00217271200046385,-0.00530326211266434,-0.000364320017132733,0.00208943251305904,-0.00778917369094417,-0.0076938328024585,-0.0100383343574267
-8.44599292353422,1.76347169846726,-0.615815127002918,0.0114600408714464,0.142718045212582,0.00121973192705011,0.000699542015804352,0.00616218406985638,-0.00272439174563764,0.00183715558053458,-0.000847221439901723,-0.0145691605394638,0.00387117766212218,-0.0115953294966713,-0.00529839249496781
-3.89661664948839,0.148377237570902,4.59128742380176,-0.00104284272607366,0.0296949394199295,0.000322538710302528,-0.000892113690003815,-0.000428778333977066,-0.000143412315073404,-0.000944691318152106,-0.00158697638756062,0.00341839723348031,-0.000800048145534398,0.00157347505199503,0.00595103330726861
-2.00884822475813,-0.224410147215608,-1.43590892469433,0.00409329248635956,0.0978375929804649,0.000383537345242414,0.00232527877278052,0.000886502452973616,-0.000437714643741988,-0.000210449249366329,-0.000395144487454719,0.000735468439604195,0.000332641578783126,0.00110429015895098,-1.15419992531046e-05
-1.08467860251762,0.899680386249339,-0.651301556856693,-0.000349480666864075,0.00856798729993002,3.45006600080284e-05,0.000676423998879724,0.000154267514824722,-0.00018775372605442,-0.000389262262706634,0.000907170646824656,-0.000430309785456885,0.000456545728649562,-0.00219021448906348,-0.0017310352219518
-4.12593737590867,0.797758893185452,-2.27096904970693,0.00543838371257146,0.0865954463150494,0.000665081756598676,0.000578453598592716,0.00376238405448045,-0.00151982515550483,-0.000470667825267861,0.000175657643942747,-0.00155707622227021,0.000772186396074577,-0.0016991099406507,-0.000519938006840366
-3.46090905074924,1.18166707494528,1.13052307618045,0.00240960345129865,0.00525787276829749,0.000305730096185797,0.000549811674502792,-0.000390720345736357,0.0022953169504076,-2.02294851015352e-05,0.00062616578789442,0.00202708999776178,-0.00134436110931944,-0.0052538373020328,-0.00457243915866085
-3.05531574468695,-0.142052315248729,1.56128591830476,0.00531887701336331,0.114674422458427,0.000551823679942455,-0.00155409765528947,-0.00137936499667246,0.00139856502060828,0.000228671313818195,-0.00115008669782499,0.000797018088799468,-0.000256606730636844,-0.00493064780097665,-0.00293748642112097
-4.31295600609033,0.459237530195819,-1.39113092074147,0.00544321197136116,0.0801417908338782,0.0010151965349841,-0.00203419345293213,0.00147558782378016,-0.0022276816287406,-0.00182681999146708,-0.00183056190948076,0.000773941246378766,-0.00021039817251267,0.000674717646683795,-0.000483895618913231
-4.88063944151952,-0.910449319472339,1.87294872023936,0.009186760154718,0.122605935708366,0.00112516120253573,0.00157736187100115,-0.00247419714654585,0.000724047861610625,-0.00368855278632112,-0.00153295143135953,0.00143145717393862,-0.00367141890590791,-0.00285958733966715,-0.00254760702783198
-3.54427658974207,-2.83788283641624,-2.9612117754995,0.0130149948950101,0.220294551071445,0.000833395411330175,-0.00227431266240083,-0.00114904648769761,-0.000738092877913974,0.000990923025668382,4.74232016978272e-05,-0.000967129306731621,-0.00211957600753067,0.00570586478142164,0.0037528002175493
-5.82031019360156,-1.45661319926394,1.06912678072779,0.00851024720067796,0.170874302105153,0.00105531005377012,-0.00209255703114307,-0.00356569504906443,-0.0013364413041345,0.000207778752825769,0.00151121638585917,-0.000568954259363808,-0.00162611579414961,0.00546478225866755,0.00316279011775574
-6.8601440765513,-2.10836422059789,0.2688647608984,0.00787920677295156,0.151324939876014,0.00182737479106447,0.00751698239426487,0.00210497044315751,-0.00684703095084472,0.00108842488864555,0.00416817607804931,-0.00363603007075415,-0.00473075363052233,0.0147980848084871,0.0142217968877366
-3.62864019757189,-1.58302285793538,0.0313282602370261,0.0088375414605957,0.134399187185881,0.000895987039874118,0.000243434874257971,-0.00160874488233402,-0.000576915508614583,0.00148234648788954,-0.00219110797144617,-0.000401643468205423,-0.000164733230405077,0.00183132717145953,0.00169417374238503
-6.75310449995345,-2.01786831448314,-2.99618430544329,0.0208354922412503,0.269779235515331,0.000891901308654983,-0.00547960980130132,0.00332428059191026,0.000329299476552475,-0.00419981651562334,-0.00235498578913451,-0.000759640052094039,0.00111596362470978,-0.0015234229209092,-0.00780584173780628
-2.71526927503005,1.21065571636673,1.76967560698595,-0.00178749213755635,-0.019155883783634,0.000665645349696897,-0.00594747214873208,-0.000948957231549532,-0.000227323503878372,0.00118439913435689,0.000139302985677884,0.000751487072942773,-0.00105473200992321,0.000488837178788908,0.000838005808160461
-5.95465334003674,1.22499361765759,-0.870711336582597,0.00172811374461125,0.0772257120440986,0.00115211800530707,-0.00397148695143513,0.00347898230344142,-0.00316354654225271,0.00257631641853479,-0.00213941083163507,0.00181927038595499,-0.00173364912062372,0.00696604468649256,0.00724363441262318
-8.91039881109245,1.55186427315821,6.63870436886933,-0.00782331220627713,-0.12257174112805,0.00166664809615298,-0.000954374467974635,0.000426501649835153,-0.00513805551069385,0.00259300441860682,0.00477415493076947,-0.00123730059125568,-0.00300466020960772,0.0235278292844615,0.0110098016656328
-3.62155623581241,-1.39008816165099,1.29064583990996,0.00389146727735909,0.0869282902577891,0.000593652729399888,-0.00494813050529991,0.00102110830495721,-0.00226186465600714,0.00249046634245022,0.000609739977717241,-0.000163751971330183,-0.00168396039232519,0.00507999872937459,0.00901546598503832
-6.39796619672086,-0.78601449635499,4.90293390740133,0.000892919428145065,0.0443830823417998,0.00128147579535857,-0.00312935525859398,-0.00236929645877851,-0.0029448042871147,-0.0026202117578277,-0.00195815262708857,-0.000506575129987969,-0.000528877543831206,0.00674436588617415,0.0123580441314381
-1.37580850857564,0.883627296889108,-0.310622927647408,0.0014784807742862,0.0191687902438249,0.000169551194605079,-0.000692641053847828,2.12860397614968e-05,0.000911804158539526,0.00018027024336995,-0.000266051614793244,-4.31771909069618e-05,-1.96123353700085e-06,-0.00371739759057334,-0.00419860946888381
-3.35790304579879,-1.43748932028896,0.445802893791079,0.00387272889924665,0.153108322306372,0.000527187670156743,0.00168043797644727,0.000311968962198303,-0.00213131348819569,0.000918061692326037,-0.000213049878096749,0.000779179290594073,-0.000623549741867025,0.00822103535652208,0.00819716736589225
-6.93354392014471,-1.08134827063112,0.462551093118599,0.00960637400810387,0.161953943233896,0.000573326894867234,-0.000344715666714069,0.00264293236409158,-0.00141901613445442,-0.0022182336286339,-0.00185277446172912,-0.00139328915658484,0.00176769782399517,-0.00535967510503455,0.00710593282404268
-3.28576423255029,0.734783657262674,1.35733028072103,0.000443070582677933,0.00736278019542322,0.000459412480678399,-0.000454239282717445,-0.00121225915813942,-5.4435925601273e-05,0.00122050218271493,0.000446192752404,0.00138939378358304,-0.0015834759172104,0.000685017448856853,0.000691626981450151
-4.73211897857564,-2.09055602519354,0.540944638120054,0.00590312766810292,0.106296364469725,0.000535463396641199,0.000211399560651551,0.000772348893554493,-0.00206940155131451,-0.00231895803170143,0.00040741373976498,-0.000875316245288784,0.000483731285352572,0.0108519438947504,0.0102593884309327
-8.32220197497339,0.174489130307583,-1.39719496824973,0.00912940982334161,0.0916379112610593,0.000677331065697888,-0.00307420271378473,-0.00162396669499224,0.000240596306662094,-0.0059409272476685,0.00164903835187523,0.000955021532807513,0.000932468544605504,-0.00204984761588891,0.000170086100243987
-4.231727364711,2.75297435818828,0.154866807876242,0.00127279990663709,-0.0415266441902756,0.000947339781653667,0.000512077948587561,-0.00237156693251142,0.000663108571445607,0.00121575573369594,0.00147482130430471,-0.00324561906993305,-0.00122622343335755,-0.00874746334348394,-0.00908498901424394
-6.69273151103086,-2.86669976811627,5.43409258438875,0.00691452117603897,0.19128426120627,0.00132065635898307,-0.00292308826170134,-0.00201687383053765,0.000717154908937158,0.00230950970826876,-0.000150136049360525,-0.000660492798536857,-0.00286384725809303,0.0094868744761267,0.0126486729679408
-2.06796898945871,0.256411731550395,-0.393237999227963,0.00391200334770884,0.042654571759192,0.000544597540771537,0.000549311611795833,-0.000208258091928689,-0.000555776336226618,-0.00176824363001294,-0.000360340976785742,-0.000933122131779133,0.000219476547153549,-0.00298946442071352,-0.00298596879816346
-4.48604592137888,-0.43622223998535,1.64047768193271,0.00425035520679627,0.0872025168882406,0.000930183885380236,-0.00206732809569575,2.49151257586922e-05,0.000758185849346057,0.00126974298021613,0.00184082347235807,-0.00120199679403967,-0.00267454699961482,0.00148340202343508,0.00299597841820606
-4.76977708614198,-0.534992612871185,0.768211262094273,0.00294397336929267,0.132152452003784,0.000722194719134521,-0.0022075974894946,0.00329878233850291,-0.00371960750538059,0.000692475642499586,0.001317077924324,3.14614112128012e-05,0.000405353923541553,0.0055261756897336,0.0083144143602983
-5.76908744693049,-1.50116771811142,0.723835508471041,0.013704009428594,0.211882220166268,0.000963285696160756,-0.0017796741915011,0.00278746629118911,0.00100137825484051,-0.00150851716790103,-0.00192753816469713,-0.00223725808470468,0.000732710928958586,-0.004565267414237,-0.00135236849249202
-6.25856278454856,0.102781702533265,2.88675954630115,0.00409950614612534,0.0818498376184424,0.00126968492089092,-0.00220721102885606,0.00378580516961689,-0.00494422277923068,0.000671475598599766,0.00120220759611171,-0.00154518312241206,-0.0021549493910808,0.0019559431258672,0.00713236901567757
-5.99590103108437,2.70129649550814,-3.02955387661034,0.00741888139111346,0.0481903953256769,0.00121488959081549,0.000358980310147166,0.00035159185889972,-0.0019615490206583,-0.00201164168530345,0.00290782410281219,-0.00671454403437839,0.00095865087640598,-0.00871421500953139,-0.0133304871829985
-5.80207664467791,1.39676583754372,-1.73493044387475,0.00457785082605074,0.0205926569733675,0.00133996915577071,-0.00243349787325621,-0.000915859267987664,-0.0025522132751341,-0.00122537682284861,0.00151224297746751,-0.00394109373556357,-0.00150340457532222,0.00218017346714442,0.000513943730711398
-7.29254845321698,1.78655237520872,0.846557594529589,-0.00171095367270094,-0.0374228275294374,0.00146123132702621,-0.00348006736731513,-0.00286876674681176,-0.0048316458181521,-0.00265392932752564,0.000848177915225296,-0.00229276635693583,-0.00231579610295806,0.00873783118385665,0.0075819715814163
-3.98727605691992,-0.156382291150368,-1.3412198857336,0.0103173771383087,0.145561406371856,0.000679904392361151,0.00128214325365628,-0.00220732349192836,0.00208211754901428,-0.00189160738884399,-0.00214951683861542,0.00248144909986015,-0.000187237735455586,-0.005991314455383,-0.00643338993370781
-4.56839536130921,-0.637834249678117,2.80090247520985,0.0073491281428181,0.0988313597597279,0.000853421105907278,-0.00184906533876609,0.00147319001482967,0.00171605017151516,0.00134455364137367,-0.000611361221369449,0.000459488310382161,-0.000524866937098829,-0.00178798076387417,-0.00166932565855274
-5.42271040369308,1.88408364340424,-1.68771945859014,0.0107149265822474,0.11191365317701,0.000863922774575766,0.00372995878631292,-0.00333673873996563,0.00265431682347214,0.000694248072268505,-0.00281196566487713,0.0007713833200446,0.000660376325013055,-0.00958631270672557,-0.0149300858114414
-2.78568452899247,1.75865480295063,-1.96149799558132,0.000772274628962836,0.0142009784109666,0.00015623984066622,-0.00188927634410093,0.000749878139788587,-0.00204606456476804,0.000206739797837589,0.000196769329679553,-0.000226978230665456,0.000571742579756076,-0.00108209707929683,-0.00147682352371238
-1.42202745567827,-0.452429841604542,1.72915631591503,-7.31976446614736e-05,0.0140718923612006,0.000240094317602728,-0.000867375876230519,-0.000202772715362094,0.00138419216570946,0.000949116378339944,-0.000328993265638991,0.000262362903490104,-0.000406814291672916,0.00299041251934087,0.003573625361538
-5.07864882174226,0.409067446780303,3.50994972902013,0.00467163940721246,0.103873256704583,0.000690380729913784,-0.000187564624434509,-0.0019674772031124,0.00177039868970196,-0.000432720667978537,-0.00150226598596646,-0.000573646511225614,-8.2510524214061e-05,-0.00429425706430759,-0.00276735168788428
-2.5508156534898,0.0271948992351804,0.953520215175623,0.00579458321703736,0.108581164893521,0.000477323606845002,0.00381332053000091,-0.000471868535167774,0.00251576681240325,-0.000187084584694568,-0.00189951028848956,0.000679446613583995,-0.000369634876181852,-0.00653272128094085,-0.00488763841338332
-6.43590717556824,1.19090929415991,-0.704540717846531,0.00463533023894665,0.0699489698427547,0.000945638562854407,0.00420855616513299,-0.0014203393995935,-0.000640759171904933,-0.00407189814717546,-0.000759714079526689,0.00344100200271862,-0.00296862885789947,0.00257000739364909,-0.00149513653636224
-1.76248448443985,-0.0577059027047257,0.324208545152285,-7.86645724914758e-05,0.0595206520975528,0.000322281707673773,-5.65938833197821e-05,0.000457047694560918,-0.0011897231442688,0.000870793058071507,-7.26647475995786e-05,0.00034725867498188,-0.000499699277129829,0.00416423800765745,0.00400400470701397
-4.54312019490097,0.27030064006617,0.708423641411561,0.00442181959420301,0.0597214659109953,0.00101054600215189,0.00242028866893963,-0.000428034869732074,-0.00104944175433312,0.00106822208915218,0.00087110618643801,-0.00051975839785729,-0.000759706183664037,0.000829141066660332,4.36192037836576e-05
-5.1757606460495,-0.580060947877781,0.463910807394886,0.0101978367414622,0.249890162741774,0.00133941146405995,0.0038103145829402,0.00148657108009234,0.00091545724656486,-0.00269742548548999,-0.00298134256677696,0.00235603264368967,-0.0027839772898221,-0.00395278722034764,-0.0021793768237235
-5.04595417738491,0.304735674762799,4.62806598845651,0.00655665730625212,0.0975701690595852,0.00108283322432514,-0.00054974883106256,-0.00189123289704745,0.00161966193966564,-0.000422224012397534,0.00042195494151009,0.00291565080713332,-0.00264480977914653,-0.00988562653918113,-0.00634332571516134
-4.67669355439271,1.7966673144876,-1.02761505304701,0.00657865694194987,0.0282023943126953,0.000816153424053206,0.00652220398440735,-0.00273541611984359,-0.00109491182956487,-0.00231104295120445,0.000561140015588295,0.00107441175083225,-3.57026299601873e-05,-0.00806482134710897,-0.00899846673502517
-7.14804450373938,0.521569986433788,0.226319833324367,-0.000934747392653171,-0.0160201694527632,0.00204548854971293,0.0149247448197083,-0.000492206298040442,-0.00150037284909962,-0.00257828151421788,-0.00334892705420866,-0.00339966888169234,-0.00183376495234742,0.0138639067251184,0.0151184845820087
-7.29570769140128,1.84307318763903,1.16818971239379,0.00246629988141551,0.0494253291131856,0.00168266964632428,0.025869590411998,-0.00574576630207237,-0.00310136895958688,0.00594781040786522,0.00358179013645402,-0.00132504138290938,0.00489819978657725,-0.00203546928039744,0.00183972070165618
-5.41099526146325,-3.59844634854053,-2.40756524641914,0.0171468592541872,0.273702820922035,0.00101129385132585,0.031351159353061,-0.00318861669228352,-0.000893791306406162,-0.00173111923466639,-0.00141366368218164,0.000619650543640814,0.00751379610058664,0.00495811932506043,0.00342450851389592
-4.23324636413402,1.5965563547721,-0.276342127370519,0.00205568634963794,0.0219356563616241,0.000423299197170426,0.0158034007724065,-0.0019561671216217,3.91721608738348e-06,-0.001841641149942,0.000476253826046987,-9.72608354740389e-05,0.00182410183759406,-0.0019210081023723,-0.00218262107328613
-5.18728323811588,0.818887640589885,5.80718240273904,-0.00500416048849045,0.00503298341457774,0.00128363544512072,0.00433701824342959,-0.000860376239302984,0.0014244158205288,-0.00187735725932286,-0.000254845082875615,-0.00178715516309136,-0.00222103325756253,0.00336812986286965,0.00945855317687644
-3.46254753125802,0.275861829139214,1.11669098310441,0.000186592041314836,0.00303413858359468,0.000603601561401879,0.000494669823294929,0.000854602381048838,-0.00021287509281056,0.000258484291583553,-0.0027122157535307,-0.00145617643906084,-0.000401829238732744,0.00356213876849794,0.00547417379086804
-6.65107127095733,-1.08084593689928,1.79366858300906,0.0015213964002725,0.0852685334542701,0.00126184544680658,0.0280170575207348,-0.000526488671153332,-0.0021533606883957,-0.00197524397067323,-0.00481079003858401,0.00210622223102466,0.00160189322803146,0.013354038051508,0.0179624160056622
-4.97597154689673,-0.379802173011382,4.98296410205881,-0.00041026978441316,0.000688818141276797,0.000649572424085597,0.0188397807534309,-0.00388648616583649,0.00109177917690163,0.00255975163584218,-0.000866890231951479,0.000840465845686946,0.000568908008445611,0.00598787902073288,0.0100965186038153
-9.72612089626783,2.1305786353606,2.9365785879152,0.00666653286526914,0.044655377159342,0.00212054549397621,0.0402557605690035,0.0143456463837755,0.00394403839678346,0.00290326204012723,-0.00571595620857101,-0.00272598534128769,-0.00801507810514037,2.94331026055414e-05,-0.00479726459843126
-1.16259965802014,0.984621808896905,0.247085596491375,-0.00228065369591441,-0.00492949530627554,0.000175968126275231,0.01554306262439,-0.000723496059824829,-0.000373620050618682,-0.00089019708527273,-0.000129693305502429,0.000283937258039644,0.00119309158179647,0.000862284757013101,0.000616026884408942
-5.74993319893414,5.37414876090073,-1.77765179458099,-0.00827833313363946,-0.181156747529822,0.000349071388310904,0.0131298039361812,-0.000424297657231358,-0.00260936481895254,-0.00163525069923007,0.0028885812627231,-0.00150307125708253,0.00166638078663998,0.00395754463553925,-0.00264855498752206
-3.75490903436745,1.75237302409025,-1.54626669063013,0.00384140743454088,0.0168630003390237,0.000731628562428287,0.0249466224388495,-0.00179408887712843,-0.00108890165491648,-0.000262258365812135,-0.000608472273616684,0.00102138931346469,0.000893465305451185,-0.00438071042237083,-0.00514933925597705
-7.02514849730643,2.95181125598583,2.27054854018963,-0.00514327046464606,-0.133382879256656,0.000227698780691509,0.0163180297032261,0.000560887927929312,-0.00268102525140757,0.00186862574386959,-0.00142593681489776,-0.00133527095346909,0.00332027652052508,0.00781280398218351,0.00931817735022736
-2.46104089966838,-0.155998082097507,1.58988634770677,0.00248542221060042,0.0887329274662035,0.000431470791265287,0.018208152643177,-0.0021879511739086,0.00155889327075941,-0.000520012103692967,-0.00113089739193474,0.00275583400215266,-0.000405806419946886,-0.000614954133290906,0.000298654271545626
-2.22400455399282,0.651538476863976,1.19650887925704,0.00305265620579203,0.0722219600504601,0.000430331289929728,0.0160911021175616,-0.0024516591749706,0.00125281299164758,0.000776244161540716,-0.000460447727949044,0.000225721586006515,0.00162017163992057,-0.00599813430315755,-0.00524672021641651
-2.6817959209081,-0.0426483135294866,4.34314390386758,-0.00119630049966495,0.0217498104351407,0.000424000266012216,0.0154955546955876,-0.0022074008969492,0.000942384407368626,0.000933682234561514,-0.000800518458590642,0.00198035712680609,0.000458199107606739,0.000990402812064779,0.00329719817689004
-3.02202581989317,1.6174618756636,-1.5194299112045,0.00348708521467081,0.052971842141496,0.000683975548528862,0.0251578828312821,-0.00332879323478477,-0.000707707741525421,0.000667032229932514,0.000169843967246268,0.000511681682365815,0.00245744159465553,-0.00482603233269911,-0.00621066535059707
-5.28519474058342,-1.24751640736285,4.39875179687411,0.00444963579930128,0.0720324688653484,0.00108204621552263,0.0126242861109706,-0.000254268525240322,-0.00276859118597772,-0.000997792038065054,-0.00174200275255475,-0.000536838301099043,0.000303297028274472,0.00432152132845748,0.00929664329336116
-4.6981332717911,3.32695642989159,-1.84512412280661,-0.000867321018874335,-0.0389920710783889,0.000783699026070412,0.00654542738225931,-0.0024694201144906,-0.00139103678655373,-0.000732345056302314,0.000711048255348642,-0.00123328999813369,-0.00181498461067861,-0.00290059179711913,-0.00473393859122205
-4.05875257096027,0.0724445180265168,-0.74558585897648,0.00255979800303853,0.0495866761126525,0.000549103395175451,0.00129199032588952,0.000543504734543554,-0.00175469990482127,-0.00175882007998889,0.000923010182027209,0.00172258485385443,-0.000522460383726631,0.00522160118025323,0.00459298809123955
-5.3368335208426,-0.642577172532328,1.33291922974838,0.00655628502047714,0.0923424430786633,0.000901052037964325,-0.00548412720079376,-0.00231824837715945,9.60290328813875e-05,-0.000198419248427355,-0.000644813682477378,0.00277142003804872,-0.00321012690175161,0.000501579951393924,0.00389395517951713
-6.90919721676209,0.124641127267396,-2.50178375803114,0.009231216505146,0.150193490198886,0.000669244751267931,-0.000288576998070274,-0.000873871305753249,-0.000125339922820721,-0.00151342099587865,-0.000678418136737081,0.00145184780870202,0.0010774861981418,0.00525622183254155,0.00137721351497207
-3.22547517631113,0.622640323843425,0.498060158913831,0.00506345582746808,0.0403416588704202,0.000595240360964583,0.000717413643696733,-0.00200418075566545,-0.000422142219192696,-0.000477203956323967,-0.000485867948542639,0.00089549477912001,-0.00179507839015072,-0.00500282763571944,-0.00455691065637368
-1.82153990792355,-0.686329264302075,0.317449291286518,0.00248401220638038,0.112186943565843,0.000361636997788256,-0.000198947554789668,-0.000230249362272825,-0.00148842481407243,0.000193184023176918,4.74394773104179e-05,0.000184780479124236,-0.00071441438753382,0.00353571072180432,0.0035354691799205
-4.08444888621594,1.01155960015728,-2.21570494315336,0.00988422629532362,0.119641114078355,0.00108252018674163,-0.000546425921410855,-0.00204568812861505,0.000834076722849275,-0.0014460939176802,0.00057684573201176,0.000874286360014705,-0.00171452719900152,-0.00945848111921735,-0.0131110369377052
-1.87245027679974,-0.0870057558158071,2.44463143060068,-0.00197626779654092,-0.0136821789203246,0.000300894669766895,-0.000733742435860849,0.000199195882107559,0.000457238665542682,-0.000395191577764859,-0.000992383466045619,7.6919468286811e-05,0.000148982226756525,0.00277615750681328,0.00583630099800991
-2.30546260081267,1.84179568308453,-0.587958310557738,-0.00103849327030561,-0.0364012839720377,0.000168558883883046,-0.00171373097313631,-5.73838270179538e-06,-0.000365248617983821,-0.000103321168826061,0.00116480030282528,2.28912566140378e-06,-0.000982072695684057,-0.00194231389856782,-0.00294219016544713
-5.47060119317712,-0.395223552322501,-1.98795378846513,0.0143751823547711,0.265834369548394,0.000796696654738423,0.000912457932976592,-0.00462691788374994,0.000115809974995594,0.00148285218785695,-0.000360739771849495,0.0010460412679181,0.00187786712152661,-0.00711253388867063,-0.00982178998912902
-4.25692492491603,0.722998131170159,0.939994269567859,-0.00193602442117805,0.0107456612237196,0.000260345652830264,-0.00237876768528638,0.00144127359741927,-0.00316714831380236,-0.00020063979707077,-0.000443249827258148,0.00102883691280844,-0.00115516319824985,0.00958850908037884,0.00861835092746145
-2.07803309670692,-1.3893290667134,-0.921304372749733,0.00500917811796294,0.177118616382363,0.000452915239882695,0.00187946449170547,-4.90497215883416e-05,-0.00193121691340816,-0.000154980377478048,-0.00160238542143984,0.000421772349462989,0.000847031677504031,0.00584799117479311,0.00541689049338419
-7.25654679989856,1.08410432881639,-0.538063440813663,-0.0006504035774246,-0.0113578537962176,0.000834036024897224,-0.00589272595356032,-0.000381029072935492,-0.00147329192994052,0.00336841042772372,-0.0033909317280284,-0.000998656575911505,0.00619259799648385,0.00784904370932123,0.0136291011299512
-5.82313911837806,0.407503341396561,4.41644749194321,-0.00177470674007927,-0.0118908307335341,0.000388268895324852,-0.00380038332422455,0.00144839665413818,-0.00306171225829508,0.0032327940482422,0.0015422825629931,0.00096273548336994,-0.00503795092024492,0.0101285137199454,0.00943730418202946
-4.41404237012059,2.59918639324542,1.11566847401382,-0.00256123450572996,-0.0588104778648567,0.000417368526856101,-0.00740186772321798,0.00298719587151197,-0.000997736673258829,-0.000255854313096398,-0.000418842980970606,-0.000368182999235672,-0.000431385863685254,-0.000233985246647901,0.000500986235196935
-3.72378995583825,-0.608840985330071,-2.19132628347922,0.00548025783160476,0.100692169201523,0.000431005271525078,-0.0011353417248523,0.000876198025162878,-0.00201835972860193,0.00127607773499155,0.000133898634909656,0.00150844630116827,0.000874873918254383,0.00793754095754704,0.00450831135591119
-4.0878509098223,-0.873083374363508,2.31834484633381,0.004913792847216,0.0920824280470184,0.000729396570274889,-0.00204941927432383,0.000185286047817204,0.00182199651552831,-0.00033985066735213,-0.00363681707141488,0.0015411227706837,-0.00109364369993695,0.00204779881429212,0.00164148531877474
-5.23118229568001,2.51958622801045,0.100189822134031,-0.000881855749274142,-0.0560113745450406,0.00081569013814233,-0.000129366728321253,-0.00138496177499115,0.000558310232013665,-0.000847146731673751,0.000779890024721322,0.00044370460463299,-0.000598250581452049,0.00100219579427801,-0.00202770837362677
-3.73984281662249,0.132323120213542,2.08416225932029,0.00393826236346147,0.0754103762756548,0.00111065330858718,-0.000969990237042016,-0.00269495376622284,0.00186467090234063,0.000275187203524907,-0.00151803944910051,0.000295047468826212,0.000871514342976639,-0.00366401125348405,-0.00047552834321677
-4.44580822999859,0.59533285196195,-1.4844651763679,0.00652027030389947,0.0574943660271251,0.000812189071807433,-0.00222306595187394,-0.000223471219343453,-0.000955562899415521,-0.00110310276732087,0.00244605952351874,0.000765715668771092,-0.000804621713055294,-0.00218240843369958,-0.00402296562376664
-5.7558364994602,3.36850261756297,1.78498727854879,-0.00300406874434498,-0.075343519003181,0.000810386011044673,-0.0049839857232135,0.00249316082039168,0.000346028413562877,-0.00325945081053841,0.000687912877199712,-0.00253802280537804,0.000620344436795843,-0.00259012349891025,-0.00557524966617949
-2.68490553631574,-1.25525011246179,0.684982509037722,0.00320885672845451,0.128694516787172,0.000553826615026409,-0.000548384962470271,-0.00134910022266189,-0.00166187581401537,-0.00113740510731895,-0.00178284823063725,0.000746684380514454,-0.00041076777787512,0.00519125228765563,0.00632658341444544
-2.25779106393922,0.185427284323956,2.27321598828711,-0.000345083225016556,0.0214858243116234,0.000438833993691999,0.000511947330517138,-0.000533723967017619,0.00105730365671066,0.000555613099662107,-0.000702991793379327,0.000692354384371092,-0.000605961426812657,0.00101001927672464,0.00307102458857052
-1.59631535781627,1.4632054263114,-0.618482145333745,-0.00202219832404397,-0.0364862141862683,0.000138610383093702,-0.00290118481347404,-0.000120451425476548,-0.000924859719879531,-0.00045516033730197,0.00100349945732042,-0.000578545794031506,8.46263196647936e-05,0.000986226156378335,-0.00053945649477947
-2.10162504252383,-0.0671574181711221,0.264895992226852,0.00502784938615726,0.12113210138506,0.00037454229132881,0.0015754785955961,0.000373359824373197,0.000585160208545725,-0.000232755608885304,-0.000276505024315107,0.00073754069408488,-0.00079347190997774,-0.00518594876373047,-0.00399119513182594
-3.3529128260336,1.84478381190682,-2.18920367718983,0.0035976910582982,0.0300912326327717,0.000135778220762782,-0.00153815116801026,0.000208130639985869,-0.000649797330017853,-0.000375319776678636,0.00108502980820027,-0.000228518847741566,-0.00142833129929099,-0.00296100350382999,-0.00541138716628691
-5.93596421511828,2.65111296032778,1.29972728253988,0.00027088763908916,-0.0450604321071175,0.000710447214929163,-0.00495384871403523,0.00181626167618437,-0.00133956113569312,-0.00204079048669292,-0.00279883789866601,-0.0010745199009624,0.000305765523880613,-0.00405729356200651,0.00299459264133857
-3.64638315559481,1.03343007005315,-1.69660366954729,0.00280925497931886,0.106550695284218,0.000705894527697889,0.000559328049551738,-0.000180956182492155,-0.00117945227953279,0.000129961490814244,-0.000145785591112389,-0.00105837248920395,-0.000660335662831497,0.00353779260872189,-0.000928549274261371
-7.74336594013275,-0.834951426995295,-1.76237082390927,0.0161140216216194,0.215377185074014,0.00139854515599559,-0.00435372499625963,-0.00214507501533755,-0.00435309214904766,-0.00204014591768936,-0.00460868388023743,0.0064876399420911,-0.00662064648973135,0.00498691561420944,0.00224915701161163
-2.22113293795498,0.923409874022046,1.55475344377886,-0.0032400769027515,0.000739657456845414,0.000333579415131714,-0.0044920796754655,0.000732237826722754,-0.00152238868304509,-0.00048466042375585,0.000320225454635526,-8.81771700058338e-06,-0.00145794353851076,0.00437172536998144,0.00436162060694376
-4.43836081212547,1.05339713760909,-1.28903463680532,0.00140532654168618,0.0177446152451299,0.000568714827840076,-0.00161336570196391,0.000986366881587625,-0.00270858955028185,-0.00132489265197627,7.40446794512446e-05,-0.000842766432397191,-0.00195422621327109,0.00307275371789261,0.0024218534738799
-5.6051670985443,1.50674448332705,1.53018364028574,-0.00070318073618469,0.000760811907006152,0.00102210575739157,-0.000783843907382794,-0.00202986609856636,-6.58552818066106e-05,-0.000347802394507107,0.000845007379501063,-0.00130049368845229,-0.00113435331081029,0.00182517617990399,0.00276812307605634
