 1.16095
 1.14514
 1.09661
 1.13927
 1.07595
0.931542
 1.26073
 1.13103
 1.18893
 1.31653
 1.11342
0.987174
  1.1542
 1.26304
 1.20088
 1.15508
  1.0705
 1.14751
 1.02913
0.969685
 1.20279
 1.34496
 1.14493
 1.11929
 1.15333
 1.06746
 1.44762
 1.15236
 1.10006
 1.23755
 1.34942
 1.00299
 1.16299
 1.26909
 1.07502
 1.16197
 1.03728
 1.09431
 1.16465
 1.14067
 1.08549
 1.09418
 1.12788
 1.13798
 1.08927
  1.2389
 1.14975
 1.10939
0.951622
 1.08748
 1.26447
 1.09263
 1.13653
 1.28988
0.939765
  1.1062
0.964078
 1.04788
0.941711
 1.18183
0.993069
 1.23929
 1.11905
0.985125
 1.18303
 1.16507
 1.11321
 1.24397
 1.10057
 1.17915
  1.1907
 1.14595
 1.26934
  1.1321
 1.07114
 1.22804
 1.16897
  1.2014
 1.12655
 1.25438
 1.13234
  1.2783
0.937204
 1.08152
 1.11853
 1.22223
0.967885
 1.13238
 1.02672
  1.0524
 1.13703
 1.06399
 1.09843
0.975241
 1.13527
 0.97032
  1.1362
 1.02431
 1.08676
 1.12358
 1.07719
 1.01104
 1.19782
 1.15804
 1.19457
 1.02973
 1.67647
 1.26342
 1.24487
 1.28774
 1.60987
 1.13749
 1.42499
 1.44107
 1.08885
 1.66294
 1.35676
 1.23917
 1.33236
 1.15927
 1.25867
 1.29567
 1.22253
 1.37665
 0.93441
 1.19821
 1.48862
 1.25583
 1.16394
 1.04225
 1.34951
 1.10662
 1.30736
 1.17563
 1.39618
 1.42726
 1.38921
 1.36377
 1.28893
 1.22986
 1.08585
 1.32253
  1.1697
 1.54334
 1.51623
 1.50385
  1.3576
 1.05735
 1.50575
 1.51705
 1.40537
 1.11072
  1.1893
 1.29137
0.978469
0.997818
 1.01263
 1.10291
 0.98044
 1.19594
 1.12179
 1.05837
 1.11145
 1.05527
 1.18413
 1.14365
0.978081
 1.09248
 1.03783
 1.12144
 1.08484
 1.18715
 1.05866
  1.1859
 1.04176
 1.25278
 1.17524
 1.16411
 0.99526
0.961026
 1.03134
  0.9677
 1.07746
 1.22144
 1.09218
 1.08507
 1.10223
0.982658
 1.14766
  1.0438
 1.18555
0.894992
 1.12038
 1.17813
 1.32931
 1.11621
 1.16508
 1.15468
0.938361
 1.58307
 1.48898
 1.78381
 1.18977
 1.67217
 1.46665
 1.49707
 1.65927
 1.45204
 1.93823
 1.37287
 1.42805
 1.67311
 1.80472
 1.33822
 1.16768
 1.33795
 2.35819
  1.7598
  3.0648
 1.63494
 2.21668
 1.85145
 1.75511
 1.30687
  2.3751
 1.88634
 1.46133
 2.86118
 3.08915
  1.7598
 1.42768
 1.81349
 1.28714
 1.58768
 1.50336
 1.08546
 1.61338
  1.1009
 1.11814
 1.09541
 1.17077
 1.10756
 1.05232
 1.23665
 1.17938
 1.12966
 1.09586
 1.11497
 1.06653
0.931358
0.913642
 1.08778
 1.23419
 1.11232
  1.2065
0.897312
 1.14706
0.990516
 1.22789
 1.24048
 1.11078
 1.20101
 0.92033
 1.16638
 1.11467
 1.15345
 1.06151
0.999793
   1.055
 1.06021
 1.17014
 1.05169
 1.26079
 1.02604
  1.1674
0.986801
 1.07999
 1.15607
 1.03416
 1.09782
 1.13526
 1.10462
   1.085
 1.17139
 1.16923
 1.43898
  1.2444
  1.2032
  1.0495
  1.4083
  1.3952
 1.19971
 1.14627
 1.09225
 1.19871
 1.02967
 1.28907
 1.29652
 1.16996
 1.72888
 1.02113
 1.08963
 1.25742
 1.13747
0.983334
 1.22547
 1.10311
 1.15977
 1.38779
  1.0275
 1.13674
 1.11238
 1.10768
 1.22896
 1.29152
 1.11573
 1.03121
 1.08243
 1.20371
0.993302
 1.18567
  1.1843
 1.08136
 1.15207
 1.37237
 1.16988
 1.10282
 1.09152
 1.32563
 1.45377
 1.13548
 1.17877
0.991931
 1.25932
 1.05837
 1.14861
 1.11979
0.981892
 1.14914
 0.86975
 1.16283
 1.01628
 1.11007
0.989861
 1.01178
 1.09561
 1.00119
 1.15819
 1.21869
 1.14144
  1.0728
 1.00276
 1.09437
 1.13448
 1.17414
  1.0722
 1.07128
 1.20998
  1.1229
 1.01474
 1.12487
 1.17789
 1.25562
 1.13843
0.954175
0.965533
 1.04743
 1.01437
 1.09094
 1.01855
 1.25746
0.954025
 1.01136
 1.23784
 1.20911
 1.15368
 1.15722
 1.25948
 1.15386
 1.37883
 1.22458
  1.2368
 1.17694
 1.31379
 0.97175
 1.02905
  1.0619
 1.12882
    1.23
 1.22719
 1.02823
  1.1206
 1.19386
 1.00057
 1.08659
 1.48957
 1.02969
 1.40876
 1.16114
 1.11066
  1.1482
 1.22885
 1.29545
 1.84964
 1.17489
 1.55726
 1.46497
 1.21252
  1.3516
 1.38293
  1.1188
  1.2957
 1.30048
 1.18926
 1.22498
 1.09795
 1.52653
  1.2827
 1.49118
 1.27698
 1.26181
 1.53182
 1.54316
 1.15733
 1.29696
 1.32914
 1.14842
 1.03727
 1.05315
 1.45905
 1.60936
 1.45282
  1.5246
 1.35033
 1.75742
 1.16282
 1.31486
 1.48694
 1.26395
 1.47035
 1.34174
 1.30157
 1.44476
 1.09229
  1.1895
  1.2256
 1.84991
 1.06407
   1.523
 1.25666
 1.31013
 1.13048
 1.43485
 1.30458
 1.25069
 1.52776
 2.31295
 2.25274
  2.2446
 1.65473
  2.1908
 1.62189
 1.67692
 1.48182
   1.746
 1.56588
 1.83278
 1.41107
  1.2749
 1.40492
 1.08741
  1.8424
 1.79188
 1.60661
 1.43928
 1.53062
 2.13301
 1.53138
  1.6798
 1.24429
 1.73272
 1.18384
 1.20092
 1.16216
 1.44986
 1.41053
 1.26721
 1.13739
 1.66102
 1.45473
 1.45534
 1.52042
 1.53267
 1.24763
 1.20247
 1.08692
 1.16829
0.972544
 1.08266
 1.10847
 1.19427
 1.06947
  1.0774
  1.2456
 1.05817
  1.2246
  1.1247
 1.21355
 1.11916
 1.21848
 1.06002
 1.07862
 1.37217
0.898738
 1.33586
 1.13098
 1.11198
 1.19133
 1.03052
 1.07741
 1.26879
0.956853
 1.00311
 1.02378
0.896136
 1.09828
 1.10546
 1.16454
 1.60447
 1.60283
 1.37199
 1.06705
 1.14262
  1.0733
 1.46043
 1.21817
  1.5986
 1.87266
 1.42632
 1.28589
  1.2734
  1.2025
 1.47647
 1.26852
 1.39682
 1.33208
 1.54852
 1.23498
 1.73153
 1.22126
 1.50294
 1.14367
 1.38774
 1.80812
 1.09561
 1.13364
 1.17592
 1.16648
 1.09113
 1.17623
 1.01818
 1.20397
 1.12415
 1.09985
 1.11905
 1.06401
 1.16325
 1.10396
 1.19612
 1.13204
 1.14445
 1.00412
 1.04797
 1.21368
 1.28071
 1.08516
 1.03367
  1.0041
 1.24102
 1.07964
 1.27098
 1.37293
 1.38597
 1.28743
 1.31033
 1.47424
 1.14999
 1.30297
  1.2896
 1.36823
 1.41425
 1.28987
 1.18756
  1.0665
 1.49058
 1.12448
 1.18008
 1.18043
 1.49935
 1.44527
 1.23507
 1.66991
 1.27289
 1.13739
  1.2236
 1.05857
 1.30522
 1.33132
 1.15426
 1.13365
 1.25609
  1.0165
 1.16194
  1.1132
 1.08695
 1.27596
 1.17102
 0.98627
 1.08426
 1.31458
 1.23181
 1.26861
 1.15705
  1.0855
0.933271
 1.04666
 1.09092
 1.07671
 1.07637
 1.00334
  1.0348
 1.09885
 1.14202
 1.55724
 1.21004
 0.96232
 1.12904
0.988838
 1.11786
 1.07544
 1.11719
 1.05529
 1.19817
 1.22835
0.996912
 1.07972
 1.27666
 1.18028
 1.09909
 1.17697
 1.12414
 1.12287
 1.04042
 1.13861
  1.1776
 1.10719
 1.33565
 1.35927
 1.19164
 1.23843
 1.15772
 1.24654
 1.31301
 1.08271
 1.29407
 1.10316
 1.55433
 1.10469
 1.44627
  1.2839
 1.12664
0.976721
 1.11501
  1.0138
  1.2696
 1.12982
  1.5829
 1.15869
 1.25898
0.989412
 1.40058
 1.44252
 1.31596
 1.40012
 1.12076
 1.12349
 1.04569
 1.06293
 1.18306
 1.07968
 1.10143
 1.07819
 1.14005
 1.24049
 1.17283
 1.24737
 1.14271
 1.07545
 1.08046
 1.15795
 1.03447
 1.15085
   1.203
 1.19024
 1.04322
 1.05694
 1.10777
 1.05298
 1.28165
 1.07793
0.992268
 1.01111
 1.28114
 1.19443
 1.17255
 1.07264
 1.31267
 1.21162
0.956151
 1.17283
 1.21201
 1.27149
0.998037
 1.06061
 1.17422
 1.06653
 1.17018
 1.10117
 1.07612
 0.98447
 1.01248
 1.00827
 1.06958
 1.19694
 1.20307
 1.02727
 1.13692
 1.04921
  1.2909
   1.134
 1.21421
 1.05742
0.938824
 1.27456
 1.14696
 1.18304
 1.28667
 1.04416
 1.00838
  1.0949
 1.13261
 1.18975
 1.27288
 1.11135
 1.13985
 1.08448
 1.19769
 1.06629
 1.01331
  1.1895
 1.04658
 1.10507
 1.02638
 1.29831
0.927566
 1.15177
 1.00882
 1.28519
 1.08951
  1.0395
 1.01026
 1.22109
 1.09397
 1.13897
 1.07889
 1.07766
 1.28031
 1.04248
 1.26492
 1.12495
 1.02842
 1.19392
  1.1992
 1.25691
0.999634
 1.25542
 1.14003
  1.0435
 1.17496
0.996713
 1.18103
 1.05751
0.997819
 1.24036
 1.15803
 1.16239
0.956941
 1.12177
 1.04281
  1.0734
 1.11908
 1.10452
 1.10481
 1.22766
0.915038
 1.03495
  1.1545
  1.0839
  1.2611
 1.13408
 1.10663
 1.18576
  0.9271
 1.25076
 1.05138
 1.04048
0.997909
  1.0481
 1.05627
 1.21166
 1.32476
 1.26626
 1.16576
 1.10012
 1.09748
 1.03175
 1.03518
 1.28699
 1.31755
 0.89475
 1.28935
0.930879
 1.05981
 1.26844
   1.175
 1.20175
 1.17495
 1.58111
  1.2762
 1.34802
 1.42193
  1.1576
 1.60446
 1.54561
 1.37728
 1.55328
 1.14188
 1.28916
 1.53471
 1.63985
 1.22114
 1.77251
 1.15464
 1.06709
 1.34227
 1.02133
 1.33944
  1.1933
 1.36256
 1.96017
 1.73873
 1.50454
 1.40406
 1.58855
 1.82155
 1.43051
 1.35007
 1.30638
 1.59288
 1.33354
 1.30365
 1.26158
 1.23389
 1.29991
 1.46806
 1.11144
 1.23239
 1.41462
 1.27165
 1.37084
 1.27482
  1.0769
 1.16203
  1.2554
 1.21168
 1.31997
 1.04803
 1.31429
 1.17505
 1.12552
 1.02461
 1.13574
 1.06405
 1.28609
 1.21804
 1.22727
 1.22636
 1.17618
 1.21746
 1.13444
  1.2532
 1.25992
 1.11348
 1.28229
 1.13308
 1.32094
 1.18071
 1.12139
 1.22688
 1.36445
 1.19826
  1.0907
  1.1206
 1.26362
 1.29613
 1.10882
 1.22546
 1.44288
 1.20346
 1.22963
 1.33974
  1.2191
 1.14391
 1.19165
 1.17858
 1.17841
 1.06822
 1.16621
  1.1786
 1.06249
 1.07983
0.988431
 1.12321
 1.23814
 1.14308
0.885475
 1.00185
 1.13971
  1.1146
 1.20329
0.990856
 1.02562
 1.16436
  1.2235
 1.08877
 1.15245
 1.11393
 1.07477
 1.03149
0.967869
0.926521
  1.0494
 1.01202
 1.26219
 1.31763
 1.02663
 1.36051
 1.24797
 1.42325
 1.42668
 1.40133
 1.23828
 1.01617
 1.32485
 1.36921
  1.3647
 1.05591
 1.38702
 1.06773
 1.18315
 1.45941
 1.17364
 1.27532
 1.32787
 1.28359
 1.22681
 1.26181
 1.29392
 1.47173
 1.74853
 1.25288
 1.21003
 1.16617
  1.5831
 1.53517
 1.54702
 1.15945
 1.06956
 1.12561
 1.15605
0.947033
 1.21242
 1.16265
  1.0825
 1.18788
 1.10556
 1.10567
 1.22563
 1.09019
  1.2189
