 1.15006
  1.1268
 1.07296
 1.11465
  1.0777
0.972994
 1.20422
 1.12116
  1.1237
 1.26261
 1.08879
0.978079
 1.08261
 1.23907
  1.1844
 1.13759
 1.13901
 1.11636
0.993653
0.964237
 1.09927
 1.32006
 1.11574
 1.10489
 1.13293
 1.05992
 1.23483
  1.1249
0.998902
 1.14508
 1.26816
0.997991
  1.0945
  1.2542
 1.07997
 1.11834
0.911389
 1.09931
 1.26942
 1.12397
 1.04347
 1.08782
 1.11815
 1.11442
 1.08574
 1.17213
 1.14647
   1.066
 0.93313
 1.04829
 1.14626
 1.08246
  1.1028
 1.25523
 1.02306
 1.10325
 0.95261
 1.01775
0.964159
 1.25679
0.978545
 1.23119
 1.06624
0.943463
 1.09948
 1.15243
 1.10017
 1.23767
 0.99754
 1.18503
 1.17296
 1.10683
  1.0889
   1.123
   1.064
 1.21962
 1.16227
 1.13586
 1.10226
 1.17808
 1.19897
  1.2665
0.933512
 1.07885
 1.07702
 1.17347
0.940997
 1.12813
0.999961
 1.04617
 1.09745
0.998459
 1.06927
0.923671
 1.08236
0.960288
 1.11914
0.974011
 1.05292
 1.10985
 1.12159
0.972629
 1.17195
 1.15196
 1.11608
 1.01077
  1.7297
 1.23582
 1.20808
 1.27174
 1.52592
 1.13703
 1.45132
 1.36224
 1.07675
 1.71487
 1.32309
  1.2325
 1.45828
  1.1656
 1.24511
 1.41119
 1.14176
 1.33905
0.934681
 1.20135
 1.50744
 1.28938
 1.12249
 1.01979
 1.30459
  1.0603
  1.2532
 1.20738
 1.40237
 1.41053
 1.41345
 1.33625
 1.21499
 1.28007
 1.07244
 1.31679
 1.10785
 1.56414
 1.50503
  1.4502
 1.30559
  1.0575
 1.49917
 1.45972
 1.49107
 1.08794
 1.20001
 1.28403
0.970645
0.986396
0.984617
 1.03613
 0.97404
 1.15785
 1.07781
 1.05742
 1.10368
0.996586
 1.17833
 1.07088
0.972013
 1.09071
 1.02027
 1.08564
 1.03913
 1.16763
 1.04741
  1.1562
 1.02873
 1.20429
 1.12949
 1.14011
0.974019
0.960885
0.989748
0.960967
 1.06853
 1.18763
 1.05349
 1.06981
 1.08709
 1.03626
  1.1589
0.996715
 1.17609
0.890756
  1.1037
 1.16742
  1.2912
 1.10865
 1.14331
 1.14266
0.927088
 1.36983
 1.27978
 1.58829
0.868262
 1.32022
 1.18096
 1.36465
 1.45422
 1.28019
 1.56354
 1.26802
 1.24328
 1.40726
 1.49956
 1.30302
 1.01423
 1.19514
 1.89264
 1.54458
 2.17985
 1.35386
 1.80787
 1.46806
 1.37402
 1.30005
 1.95401
 1.99164
 1.32038
 1.98133
 2.63573
 1.45226
 1.46932
 1.75363
 1.27299
 1.42618
 1.38174
 1.04186
 1.56792
 1.07656
 1.10694
 1.00325
 1.11683
 1.17862
 1.09471
  1.2254
 1.13809
 1.10761
 1.15472
  1.1996
 1.05801
0.903449
0.909577
 1.02037
 1.17033
 1.07381
  1.1648
0.880912
 1.06517
0.981682
 1.21266
 1.20204
   1.096
 1.13803
0.914205
 1.21424
 1.03572
 1.04954
 1.05366
0.989892
 1.04603
 1.05124
 1.14204
 1.01733
 1.14115
0.999989
 1.14687
0.959689
  1.1389
 1.17349
 1.03129
 1.14682
 1.10526
 1.08266
 1.13023
 1.22059
 1.16381
 1.51809
 1.29101
 1.20587
 1.11789
 1.62903
 1.51775
 1.38672
 1.09261
 1.26045
 1.26175
 1.02957
 1.56517
 1.48134
 1.18829
 1.89826
 1.14055
 1.13257
 1.23407
 1.14049
  1.0285
 1.24558
 1.07095
 1.36792
 1.40325
 1.06928
 1.23295
 1.05204
 1.18706
 1.23962
 1.31599
 1.01925
 1.07892
 1.22944
 1.22085
 1.05754
  1.3891
 1.19104
 1.14938
 1.11606
 1.71192
 1.20906
 1.13683
 1.07607
 1.20542
  1.4428
0.989053
 1.25085
0.933081
 1.24141
0.991893
  1.0892
 1.09775
 1.09644
 1.06792
0.919395
 1.11106
 1.06846
 1.04801
0.970341
0.995392
 1.11644
0.994708
 1.03381
 1.27229
 1.10539
0.972809
0.996937
 1.02179
 1.12442
 1.16609
   1.143
 1.02117
 1.16149
 1.07018
0.989879
 1.14399
 1.16561
  1.2423
 1.03867
0.943744
0.960716
 1.04043
 1.04347
 1.04417
  1.0396
 1.19911
 0.94799
 1.10173
 1.22914
 1.17742
   1.124
 1.02511
 1.24972
 1.14216
 1.37686
 1.28475
 1.20928
  1.0989
 1.31297
0.949758
 1.02595
 1.05159
 1.21315
 1.22238
 1.21817
 1.02542
 1.06301
 1.18288
0.982262
 1.20818
 1.35121
 1.02535
 1.38241
 1.13148
 1.10333
 1.12447
 1.18189
  1.2753
 1.70312
 1.00631
 1.44416
 1.28348
 1.15655
   1.271
 1.29072
 1.04453
 1.20902
  1.2508
 1.03292
  1.1309
  1.0353
 1.46078
 1.11763
 1.39155
 1.14494
 1.15325
 1.36227
 1.41442
 1.12145
 1.19862
 1.28609
 1.14891
 1.02397
 1.06985
 1.48191
 1.54305
 1.46945
 1.44167
 1.33913
 1.95664
 1.27248
 1.33492
 1.55654
 1.29651
 1.57065
 1.37715
 1.34118
 1.61583
 1.15585
 1.29956
 1.25784
 1.92437
 1.06691
 1.53436
 1.23809
 1.37855
 1.22969
 1.46534
 1.32185
 1.32874
 1.44927
 2.20536
 2.19816
 2.06222
 1.62076
 2.30633
  1.5935
  1.6973
 1.39994
 1.73324
 1.57651
 1.83174
 1.39948
 1.31231
 1.36387
 1.06568
 1.68412
 1.66971
  1.4657
 2.05374
 1.61478
 2.04967
 1.43797
 1.64409
 1.26583
 1.73007
 1.15998
 1.19704
 1.16774
 1.53336
   1.469
 1.27446
 1.10404
 1.55819
 1.53491
 1.47394
 1.60032
 1.57602
 1.24011
 1.15701
 1.01172
 1.14558
0.958231
 1.05561
 1.08856
 1.16994
 1.06144
 1.12506
 1.19504
 1.04568
  1.2156
   1.092
 1.08232
   1.097
 1.26327
 1.05106
 1.07226
 1.26251
0.887605
 1.27476
 1.13415
 1.10941
 1.17375
 1.01954
 1.05179
 1.21409
0.952456
 0.97569
 1.10647
0.881878
 1.00821
 1.08855
 1.13583
 1.50832
 1.50066
 1.33471
 1.05321
 1.10712
 1.05668
 1.37837
  1.1279
 1.52758
 1.67785
 1.35624
 1.20559
 1.23919
 1.26007
 1.44553
 1.15298
 1.37283
 1.20359
 1.40646
 1.11599
 1.44556
 1.13521
 1.39593
 1.11229
   1.303
 1.65342
 1.08046
 1.02341
 1.16334
 1.10674
 1.08285
 1.14337
0.993665
 1.14735
 1.11346
 1.03588
  1.2041
 1.05065
 1.15417
 1.08423
 1.15916
 1.23005
 1.10862
 1.00212
 0.99389
 1.20574
 1.34401
  1.0848
 1.02574
0.987834
 1.29202
 1.21256
 1.44959
 1.56781
 1.38921
 1.56432
 1.48585
 2.25728
 1.28033
 1.75461
 1.43636
 1.78376
 2.33192
 1.96825
  1.5931
 1.12755
 2.07778
 1.26185
 1.54353
 1.41905
 1.76357
 1.79318
 1.85994
 2.59934
 1.39256
 1.23864
 1.83207
  1.0623
 1.27881
 1.26571
 1.13521
 1.12453
 1.20996
0.989013
 1.15843
  1.1013
 1.06802
 1.09323
 1.13824
0.972309
 1.01375
 1.29447
 1.18819
 1.26718
 1.13929
 1.07312
0.930417
 1.02182
 1.07413
0.972681
 1.05452
0.993533
 1.00151
 1.07026
 1.21632
 1.45934
 1.18448
0.960998
 1.11963
0.973587
 1.10041
 1.13165
 1.10315
 1.05237
 1.25681
  1.2196
0.962127
 1.05757
  1.2701
 1.15254
 1.08715
 1.09982
 1.11021
 1.12234
 1.03871
 1.12285
 1.16925
  1.0576
 1.26671
 1.28986
 1.13129
 1.20088
 1.12449
 1.16914
 1.21199
 1.03421
 1.17523
 1.04277
 1.41406
 1.06575
 1.32346
 1.19419
 1.11395
 0.92087
 1.10101
0.982954
 1.19675
 1.08719
 1.49917
 1.10172
  1.1807
 0.94521
 1.33781
 1.38398
 1.23345
 1.28335
 1.11021
 1.25735
 1.04638
 1.12336
 1.14145
 1.08397
 1.08759
 1.07528
 1.13937
 1.12175
 1.13819
 1.22071
  1.1413
 1.06596
 1.01893
 1.13633
 1.02306
  1.0593
 1.18926
 1.13399
0.946554
 1.13168
 1.07316
 1.04884
 1.28049
 1.07685
 1.03777
 1.00169
 1.27086
 1.17433
 1.10973
 1.05163
 1.22788
 1.16458
0.935509
 1.12177
 1.18708
 1.32289
0.980068
 1.01818
 1.15166
 1.01919
  1.1397
 1.09835
 1.07093
0.966795
0.969462
0.955555
 1.09787
 1.16943
 1.08215
 1.01513
 1.17809
 1.04775
  1.2878
  1.1214
 1.19999
 1.04362
0.982735
 1.19876
 1.18741
 1.15249
 1.27997
 1.04458
0.990344
 1.08879
 1.10351
 1.22299
 1.24664
 1.06418
 1.07589
 1.03119
 1.23549
 1.06432
0.981442
 1.16635
 1.05505
 1.07932
 1.02599
 1.26442
0.926701
 1.03871
 1.00669
 1.26863
 1.07369
 1.08023
 1.13358
 1.10992
 1.02708
 1.02927
 1.07188
 1.04368
 1.23792
 1.02684
 1.25174
 1.10919
 0.99129
  1.1663
  1.0954
 1.24762
0.999545
  1.2296
 1.10543
 1.02401
 1.12659
0.982661
 1.13041
 1.02988
0.984086
 1.16463
 1.10537
 1.15041
 1.05705
 1.11564
0.975075
 1.12462
 1.11708
 1.08498
 1.02283
 1.16728
 0.91274
 1.01705
 1.09886
 1.06218
 1.21204
 1.11287
 1.03245
 1.18318
0.923709
 1.22467
 1.05014
 1.04011
0.994764
0.974711
 1.05068
  1.1899
 1.32062
 1.29434
  1.0777
 1.06534
 1.07308
 1.01186
0.989826
 1.28133
 1.19114
0.976484
 1.24145
0.902742
  1.0515
 1.26615
 1.16622
 1.11432
 1.13858
 1.49266
 1.22738
 1.29185
 1.40789
 1.11362
 1.49427
 1.49742
 1.34869
 1.54437
 1.08755
 1.24629
 1.54451
 1.56209
 1.22421
 1.69847
 1.12703
 1.04651
 1.30538
 1.01871
 1.28369
 1.33932
 1.46659
 2.15398
 2.05205
 1.68266
 1.53536
 1.82246
  2.2068
 1.42497
 1.42401
 1.33943
  1.7869
 1.52697
 1.61287
 1.24505
 1.37231
 1.37982
 1.67038
 1.35462
 1.32801
 1.60656
 1.37537
 1.70703
  1.3222
 1.07304
 1.11122
 1.19907
 1.16352
 1.22844
  1.0279
 1.27748
  1.0806
 1.11193
 1.01096
 1.12154
 1.03229
 1.29928
 1.19051
 1.18335
 1.17814
 1.10429
 1.13245
 1.09147
 1.20212
 1.14249
 1.06586
 1.24058
 1.09264
 1.28951
 1.08034
 1.12379
 1.21083
 1.28033
 1.16603
 1.11878
 1.04349
 1.25434
 1.33105
0.991411
 1.17914
 1.30181
  1.1933
 1.17801
 1.33354
 1.09354
 1.09838
  1.0876
 1.15218
  1.1913
 1.05566
  1.1613
 1.16499
 1.05151
 1.08279
0.977957
 1.11324
 1.14284
 1.01352
0.882324
0.950566
 1.13896
 1.07323
 1.12692
0.992542
 1.00772
 1.08129
 1.11341
 1.08674
 1.06745
 1.08897
 1.02348
 1.02997
0.929587
0.990938
0.990199
  1.0071
 1.30034
 1.31709
  1.0219
 1.35174
 1.19463
  1.5565
 1.34228
 1.45169
 1.14324
 1.05694
 1.26678
 1.42373
 1.36983
 1.03646
 1.51831
 1.06686
  1.2185
 1.49733
  1.2236
 1.26624
 1.48157
 1.28803
 1.25218
 1.34082
  1.2988
 1.44217
 1.57657
 1.20236
 1.19776
 1.18723
 1.55868
 1.55317
 1.58037
 1.08117
 1.06047
 1.11773
 1.15498
 1.01809
 1.19027
 1.21588
 1.07359
 1.14696
 1.06012
 1.04417
 1.19328
 1.05484
 1.18157
